tests/test_03/output4/CloudLoad_010.00hrs.dat
NCOLS    50
NROWS    50
XLLCORNER    -2289770.000
YLLCORNER     2591270.000
CELLSIZE        2000.000       2000.000
NODATA_VALUE  0.000
[rows 0 to 45 of 50, columns 0 to 49 of 50]
0.000 0.000 0.000 0.000 0.000 0.000 0.000 0.000 0.000 0.000 0.000 0.000 0.000 0.445 1.016 2.296 5.240 11.746 23.357 42.410 73.602 121.860 187.654 270.359 366.887 473.663 591.077 712.142 829.810 930.646 1009.181 1059.726 1078.995 1065.904 1011.231 929.528 834.780 729.201 613.118 505.790 407.189 319.234 239.870 172.988 121.954 82.243 53.926 34.693 8.342 1.480
0.000 0.000 0.000 0.000 0.000 0.000 0.000 0.000 0.000 0.000 0.000 0.000 0.446 1.041 2.389 5.531 13.609 29.398 53.941 92.492 152.570 234.138 336.076 457.260 601.269 763.789 936.367 1113.285 1273.462 1404.107 1503.831 1578.560 1599.309 1577.114 1494.032 1367.610 1242.285 1092.999 919.759 760.323 612.188 482.426 368.003 270.490 189.893 130.999 84.760 49.462 17.178 2.651
0.000 0.000 0.000 0.000 0.000 0.000 0.000 0.000 0.000 0.000 0.248 0.605 1.412 3.231 7.568 18.827 38.156 67.768 114.628 187.358 288.468 417.037 572.752 762.574 987.001 1243.196 1512.001 1772.798 2007.743 2203.954 2351.131 2444.414 2474.076 2439.868 2311.191 2143.076 1931.393 1690.773 1449.204 1192.711 963.496 757.444 579.447 430.615 302.891 206.704 132.313 72.451 33.052 4.490
0.000 0.000 0.000 0.000 0.000 0.000 0.000 0.000 0.000 0.276 0.689 1.639 3.828 9.384 23.226 46.054 80.787 135.781 220.697 342.568 499.900 694.183 931.763 1220.156 1559.744 1939.552 2337.551 2715.398 3044.049 3348.304 3573.494 3690.491 3710.409 3653.988 3483.959 3257.312 2911.990 2561.354 2209.763 1828.117 1478.287 1162.489 891.799 660.633 471.282 316.157 199.230 106.445 55.218 7.148
0.000 0.000 0.000 0.000 0.000 0.000 0.000 0.000 0.319 0.811 1.961 4.651 11.555 27.825 53.799 94.424 157.700 255.173 397.051 584.254 816.392 1105.150 1460.232 1884.742 2371.148 2903.779 3462.518 3998.809 4500.950 4931.160 5258.086 5404.566 5397.823 5324.475 5122.833 4758.197 4308.338 3787.403 3249.791 2714.738 2202.317 1735.952 1329.453 983.225 702.781 464.469 288.627 153.948 84.034 10.846
0.000 0.000 0.000 0.000 0.000 0.000 0.000 0.361 0.928 2.272 5.488 13.965 32.310 61.843 108.217 179.360 289.027 449.738 666.202 938.943 1274.553 1696.466 2207.949 2801.764 3467.464 4185.650 4936.904 5711.523 6425.820 7028.332 7445.787 7663.768 7687.332 7551.614 7266.396 6762.872 6184.569 5414.853 4640.474 3914.804 3185.893 2510.116 1914.207 1412.653 1001.774 661.575 404.681 216.047 119.540 15.712
0.000 0.000 0.000 0.000 0.000 0.000 0.408 1.058 2.619 6.492 16.684 36.957 69.976 121.621 200.541 319.692 496.667 740.412 1050.225 1434.848 1915.860 2512.515 3214.045 4008.269 4888.475 5838.757 6851.082 7884.656 8838.842 9654.751 10211.235 10544.585 10611.544 10379.066 9997.183 9346.673 8522.849 7542.260 6471.522 5462.551 4447.363 3513.145 2671.096 1965.866 1383.714 915.863 549.754 293.081 163.313 22.190
0.000 0.000 0.000 0.000 0.000 0.460 1.198 2.998 7.717 19.727 41.260 76.928 133.309 218.087 345.242 533.815 799.080 1142.070 1569.062 2105.047 2773.915 3578.053 4497.170 5527.634 6664.319 7897.099 9202.006 10539.256 11759.200 12827.584 13585.433 14008.999 14165.853 13874.089 13347.259 12469.617 11389.060 10180.229 8771.527 7368.400 6022.558 4766.504 3623.626 2656.847 1857.483 1229.190 726.195 387.292 216.178 30.558
0.000 0.000 0.000 0.000 0.511 1.332 3.400 8.964 22.084 44.806 81.798 140.700 229.749 361.213 556.506 835.712 1204.556 1665.274 2243.340 2972.061 3856.340 4885.172 6054.295 7368.449 8802.951 10331.830 11964.070 13646.370 15157.182 16468.428 17483.968 18082.045 18287.844 17971.629 17241.916 16101.210 14797.468 13278.136 11514.947 9632.511 7911.946 6270.776 4766.967 3485.719 2426.070 1604.284 935.906 500.624 279.215 41.479
0.000 0.000 0.206 0.590 1.618 4.134 10.136 23.430 46.425 83.914 142.978 232.561 365.283 560.932 843.894 1226.702 1711.607 2316.671 3081.546 4025.953 5136.413 6413.046 7872.147 9497.464 11241.384 13122.095 15126.095 17113.193 18920.031 20489.175 21834.887 22663.117 22801.636 22523.660 21528.837 20217.240 18629.169 16757.287 14591.258 12234.675 10060.316 7979.645 6085.873 4437.020 3085.499 2036.323 1179.285 634.289 352.391 55.121
0.000 0.282 0.778 1.960 4.572 10.252 22.892 45.577 82.084 139.298 226.300 355.255 544.508 820.599 1202.533 1694.577 2310.984 3086.655 4056.927 5224.851 6584.078 8142.482 9903.650 11833.181 13926.644 16193.412 18557.953 20821.971 22927.638 24800.672 26528.212 27468.445 27622.377 27321.562 26124.886 24668.760 22733.229 20467.168 17885.476 15075.847 12399.437 9851.660 7545.389 5492.203 3826.406 2517.079 1452.748 785.737 435.252 71.822
0.324 0.792 1.895 4.297 9.297 20.160 41.308 75.592 128.669 209.559 330.672 508.285 764.727 1128.081 1610.403 2217.412 2978.087 3935.121 5114.271 6522.296 8152.529 9997.346 12048.135 14313.895 16788.648 19424.181 22088.609 24631.385 27019.357 29325.178 31279.926 32303.642 32592.510 32124.688 30946.158 29256.417 26942.902 24273.163 21288.900 18068.539 14844.274 11823.635 9091.127 6622.950 4629.706 3034.402 1752.893 951.748 525.839 91.728
0.657 1.518 3.469 7.594 16.089 33.629 63.992 111.343 182.742 290.692 451.526 683.680 1011.200 1459.633 2040.048 2764.963 3672.752 4810.256 6206.797 7861.246 9750.626 11865.034 14221.907 16843.826 19687.868 22664.364 25622.823 28451.783 31230.241 33808.983 35917.560 37058.838 37507.316 36902.866 35752.751 33790.543 31096.854 28049.067 24677.654 21084.668 17311.022 13832.816 10673.340 7788.461 5468.137 3570.565 2071.822 1128.760 620.743 114.820
1.084 2.441 5.454 11.846 24.873 48.936 88.687 149.757 240.829 378.132 580.979 868.258 1265.719 1795.975 2471.890 3312.105 4362.330 5683.686 7300.909 9172.491 11282.696 13659.346 16332.937 19270.603 22420.679 25698.728 28920.494 32023.478 35230.878 38027.185 40295.115 41610.994 42126.200 41513.228 40343.535 38078.996 35009.787 31690.733 27979.761 23992.807 19716.633 15829.001 12246.301 8956.731 6314.919 4109.665 2402.470 1309.693 716.650 140.671
1.573 3.493 7.749 16.949 34.517 64.832 113.812 189.025 301.358 468.513 712.118 1053.189 1516.566 2123.193 2882.523 3817.984 5007.145 6514.429 8315.283 10343.469 12630.902 15255.866 18197.665 21387.681 24768.573 28257.370 31680.453 35113.625 38562.751 41471.822 43865.274 45375.367 46169.943 45707.234 44523.906 41876.860 38630.894 34962.741 30994.816 26637.952 21963.068 17718.872 13748.760 10089.105 7138.487 4631.360 2732.489 1489.539 809.816 168.643
2.075 4.586 10.184 22.375 44.281 80.503 138.702 228.276 362.719 559.273 837.840 1224.670 1749.169 2420.237 3239.735 4263.391 5586.472 7245.750 9168.090 11311.696 13768.761 16607.223 19744.244 23095.399 26624.820 30264.692 33877.405 37517.838 41082.957 44051.383 46385.875 48193.812 48997.904 48781.325 47437.940 44753.803 41676.326 37720.791 33537.819 28890.598 23961.099 19376.723 15099.006 11129.871 7900.110 5110.383 3044.894 1662.383 895.501 198.386
2.316 5.165 11.568 25.252 49.261 89.038 152.120 249.628 395.642 604.880 897.583 1305.504 1855.721 2554.712 3409.719 4482.347 5867.352 7577.231 9540.322 11742.869 14288.803 17202.416 20411.524 23832.480 27445.696 31173.852 34910.029 38628.404 42235.130 45249.976 47649.878 49500.875 50348.682 50269.202 48690.811 46129.915 43110.857 39109.246 34979.343 30327.604 25360.168 20634.922 16191.468 12021.064 8568.958 5528.445 3321.272 1823.052 969.168 229.729
2.360 5.277 11.843 25.763 50.298 91.026 155.053 254.037 402.512 614.312 909.879 1322.235 1876.756 2581.190 3443.247 4526.670 5920.877 7636.294 9602.579 11816.719 14369.989 17285.651 20498.864 23926.279 27527.799 31256.811 35030.782 38795.690 42419.880 45380.234 47822.989 49761.733 50667.924 50659.605 48994.028 46516.152 43498.188 39504.784 35426.242 30832.540 25948.772 21209.510 16732.240 12533.006 9026.169 5879.492 3554.187 1966.704 1033.521 261.150
2.291 5.166 11.653 25.275 49.866 90.690 154.445 252.845 400.255 611.065 905.092 1314.020 1862.740 2563.410 3425.936 4511.493 5898.523 7579.806 9504.131 11690.300 14207.732 17071.691 20214.199 23576.674 27102.804 30757.232 34500.610 38231.472 41732.589 44660.676 47133.259 49126.607 50044.594 50226.196 48522.482 46406.741 43469.907 39521.213 35470.042 30916.628 26095.342 21382.916 16920.049 12729.528 9225.446 6090.384 3730.913 2086.662 1090.919 291.465
1.776 4.066 9.248 20.240 41.537 77.568 134.033 221.348 352.667 543.323 810.303 1179.173 1678.109 2326.987 3143.382 4171.053 5460.727 7017.269 8818.582 10885.839 13264.476 15968.338 18945.367 22153.755 25547.471 29066.788 32653.153 36184.070 39489.903 42371.858 44789.735 46754.407 47687.745 47889.226 46352.338 44491.222 41790.087 38147.086 34450.900 30244.337 25718.397 21194.647 16895.023 12779.930 9297.699 6189.270 3812.917 2171.874 1138.484 319.433
1.210 2.804 6.442 14.523 30.897 59.591 106.124 179.460 291.314 455.157 686.195 1006.858 1446.242 2025.883 2761.493 3688.117 4852.353 6268.354 7921.019 9824.135 12009.971 14491.536 17236.107 20209.132 23371.902 26658.279 29999.264 33305.476 36441.085 39167.887 41444.495 43316.889 44239.745 44523.177 43163.793 41454.435 39045.863 35697.950 32318.582 28476.100 24323.403 20174.455 16196.692 12416.654 9155.824 6210.453 3849.491 2220.579 1172.226 345.332
0.701 1.692 4.004 9.248 20.897 42.661 79.127 137.797 228.904 364.307 557.708 827.968 1201.573 1700.878 2342.291 3153.771 4175.081 5426.661 6902.230 8611.077 10575.973 12806.048 15283.675 17978.079 20864.266 23881.945 26954.091 30003.815 32922.637 35476.600 37606.856 39376.914 40264.828 40598.416 39492.880 37919.352 35826.017 32841.497 29833.995 26354.332 22602.989 18831.491 15210.563 11762.178 8746.006 6069.774 3835.111 2241.394 1191.546 367.643
0.292 0.773 2.006 4.958 11.848 26.641 52.881 96.575 166.446 272.939 428.397 647.980 954.055 1369.281 1910.256 2599.358 3470.068 4545.671 5828.375 7323.422 9048.050 11009.865 13197.361 15585.045 18159.036 20872.306 23646.931 26403.821 29062.454 31435.407 33400.652 35034.853 35864.532 36212.299 35402.058 33951.235 32173.154 29588.013 26969.047 23878.997 20592.597 17221.104 14000.477 10927.513 8187.772 5785.296 3714.164 2219.866 1192.211 383.819
0.000 0.296 0.808 2.130 5.441 13.419 30.398 59.736 108.660 186.608 304.322 473.888 712.612 1042.430 1480.672 2045.056 2762.266 3657.191 4740.545 6014.008 7489.321 9175.402 11063.310 13130.907 15369.993 17753.882 20216.250 22662.196 25023.178 27180.137 28953.767 30439.496 31204.687 31531.574 31023.713 29724.538 28262.039 26088.876 23845.531 21167.083 18354.885 15404.878 12632.095 9948.358 7522.404 5411.323 3541.136 2147.703 1169.970 394.222
0.000 0.000 0.308 0.840 2.201 5.572 13.786 31.631 62.514 114.663 197.044 319.852 495.716 743.266 1080.363 1520.912 2084.547 2797.543 3677.824 4726.459 5948.597 7356.439 8944.702 10692.478 12588.324 14632.205 16774.187 18903.969 20955.004 22858.509 24431.584 25766.819 26461.670 26761.779 26496.082 25421.824 24233.611 22476.775 20582.296 18343.085 15998.415 13480.419 11154.194 8851.664 6767.588 4946.876 3305.181 2040.484 1121.974 396.204
0.000 0.000 0.000 0.310 0.844 2.215 5.622 13.949 32.127 63.898 116.569 199.297 322.088 497.965 744.342 1073.077 1497.312 2039.876 2720.960 3549.110 4525.992 5663.555 6964.965 8409.919 9976.142 11664.381 13463.948 15283.686 17026.408 18645.576 20027.815 21201.303 21815.223 22070.922 21976.929 21201.617 20204.434 18888.230 17314.585 15489.589 13594.717 11522.184 9618.718 7700.381 5963.184 4430.623 3018.138 1902.612 1059.407 391.750
0.000 0.000 0.000 0.000 0.300 0.821 2.169 5.570 14.130 32.253 63.219 114.572 195.758 314.583 484.334 721.126 1032.684 1429.453 1932.163 2561.618 3322.764 4211.636 5240.044 6405.287 7682.015 9043.691 10493.889 11998.886 13459.700 14794.155 15973.757 16970.481 17559.854 17755.052 17752.147 17230.145 16423.024 15451.229 14198.377 12757.607 11250.745 9607.956 8077.568 6529.742 5141.300 3875.400 2699.926 1743.232 986.376 380.622
0.000 0.000 0.000 0.000 0.000 0.286 0.792 2.110 5.460 13.942 31.785 61.361 109.508 185.475 296.512 454.531 673.074 959.118 1322.361 1780.873 2349.575 3026.733 3812.097 4717.005 5727.986 6814.688 7959.605 9150.786 10356.214 11451.242 12420.707 13205.900 13775.056 13952.106 13977.526 13675.101 13070.749 12333.765 11377.034 10271.427 9059.936 7813.315 6620.332 5412.886 4325.623 3313.711 2369.348 1569.507 904.334 364.464
0.000 0.000 0.000 0.000 0.000 0.000 0.272 0.758 2.010 5.099 12.626 29.674 58.143 102.325 170.529 270.119 411.867 609.503 867.457 1192.036 1596.893 2096.656 2686.095 3361.696 4129.698 4973.938 5868.761 6789.260 7728.693 8631.855 9410.797 10024.154 10486.203 10709.477 10712.242 10545.679 10156.945 9595.600 8875.445 8072.524 7123.954 6212.810 5292.908 4388.505 3552.542 2778.899 2032.244 1387.384 818.932 345.470
0.000 0.000 0.000 0.000 0.000 0.000 0.000 0.255 0.709 1.864 4.669 11.374 26.514 52.192 92.468 153.165 241.699 366.627 540.669 767.864 1050.085 1398.271 1821.659 2318.459 2880.224 3511.980 4193.080 4892.817 5596.266 6283.085 6905.841 7393.996 7726.200 7963.140 7995.288 7909.297 7659.729 7291.004 6744.899 6155.642 5474.382 4816.460 4136.401 3483.042 2863.438 2280.742 1708.597 1206.101 729.240 323.387
0.000 0.000 0.000 0.000 0.000 0.000 0.000 0.000 0.233 0.646 1.705 4.285 10.395 23.248 45.338 81.399 136.116 213.763 320.620 467.914 662.775 903.752 1196.370 1547.781 1952.675 2399.049 2892.201 3414.247 3930.592 4419.845 4882.039 5273.206 5520.384 5712.491 5777.125 5759.384 5595.907 5363.029 4998.870 4567.977 4109.053 3635.958 3155.019 2701.564 2261.237 1837.873 1406.029 1024.545 639.066 298.612
0.000 0.000 0.000 0.000 0.000 0.000 0.000 0.000 0.000 0.207 0.578 1.538 3.892 9.450 20.609 39.489 69.951 117.155 184.244 275.503 398.554 561.395 760.052 993.021 1268.294 1578.773 1915.496 2274.090 2643.078 2984.376 3308.092 3602.352 3796.942 3935.514 4002.783 4019.849 3936.719 3788.370 3554.869 3282.462 2987.112 2664.230 2348.649 2039.610 1744.571 1446.753 1138.695 851.117 550.819 271.868
0.000 0.000 0.000 0.000 0.000 0.000 0.000 0.000 0.000 0.000 0.000 0.511 1.362 3.448 8.293 17.931 34.017 59.237 98.169 154.935 231.419 330.659 457.010 608.755 782.056 981.675 1201.813 1434.927 1670.528 1905.230 2112.228 2304.397 2452.088 2556.340 2617.296 2644.994 2611.336 2532.792 2398.082 2251.199 2069.052 1878.247 1687.151 1487.956 1303.540 1110.268 898.199 690.565 464.718 243.438
0.000 0.000 0.000 0.000 0.000 0.000 0.000 0.000 0.000 0.000 0.000 0.000 0.445 1.185 2.998 7.164 14.964 28.602 50.063 81.722 126.886 184.757 256.420 344.321 446.924 562.202 689.473 826.240 964.379 1103.245 1231.112 1344.750 1441.996 1519.255 1565.613 1597.800 1595.038 1563.031 1502.366 1435.760 1345.318 1250.809 1149.550 1041.952 932.042 819.904 687.002 542.819 382.649 214.882
0.000 0.000 0.000 0.000 0.000 0.000 0.000 0.000 0.000 0.000 0.000 0.000 0.000 0.381 1.006 2.555 6.094 12.560 23.572 40.052 62.365 91.277 126.534 168.557 217.056 272.080 332.581 397.117 463.531 531.209 595.002 654.726 702.171 752.729 784.990 814.440 837.194 842.686 835.400 814.953 789.193 760.103 723.065 681.682 629.248 573.768 502.967 410.119 302.393 183.370
0.000 0.000 0.000 0.000 0.000 0.000 0.000 0.000 0.000 0.000 0.000 0.000 0.000 0.000 0.321 0.845 2.204 5.207 9.819 16.249 24.665 35.188 48.204 63.798 81.646 101.733 123.439 145.789 168.514 191.312 212.506 234.064 253.881 273.655 292.198 311.289 329.476 345.901 362.637 376.612 385.227 396.501 400.379 398.000 388.459 371.893 342.833 294.988 228.120 150.149
0.000 0.000 0.000 0.000 0.000 0.000 0.000 0.000 0.000 0.000 0.000 0.000 0.000 0.000 0.000 0.267 0.736 1.838 3.313 5.239 7.837 11.170 15.308 20.265 25.863 31.941 38.270 44.561 50.652 56.855 63.117 69.468 76.246 83.136 91.732 101.168 111.964 122.573 134.154 145.260 156.659 170.302 185.757 199.304 209.369 214.776 211.800 196.164 162.821 116.113
0.000 0.000 0.000 0.000 0.000 0.000 0.000 0.000 0.000 0.000 0.000 0.000 0.000 0.000 0.000 0.000 0.221 0.489 0.857 1.352 2.013 2.863 3.917 5.181 6.627 8.219 9.854 11.421 12.954 14.579 16.371 18.242 20.578 23.347 26.873 31.177 36.637 42.943 50.207 58.115 65.886 73.891 83.030 93.266 103.377 112.220 118.685 118.531 108.827 84.480
0.000 0.000 0.000 0.000 0.000 0.000 0.000 0.000 0.000 0.000 0.000 0.000 0.000 0.000 0.000 0.000 0.000 0.000 0.000 0.295 0.439 0.620 0.841 1.107 1.427 1.804 2.220 2.665 3.150 3.728 4.375 5.174 6.137 7.325 8.814 10.664 13.009 16.098 19.993 24.677 29.688 34.643 39.805 45.410 51.534 58.342 64.566 67.887 66.778 57.436
0.000 0.000 0.000 0.000 0.000 0.000 0.000 0.000 0.000 0.000 0.000 0.000 0.000 0.000 0.000 0.000 0.000 0.000 0.000 0.000 0.000 0.000 0.000 0.249 0.331 0.439 0.572 0.727 0.913 1.142 1.445 1.837 2.320 2.919 3.689 4.598 5.663 7.142 9.084 11.531 14.440 17.398 20.205 23.023 26.521 30.812 35.261 38.666 39.199 36.397
0.000 0.000 0.000 0.000 0.000 0.000 0.000 0.000 0.000 0.000 0.000 0.000 0.000 0.000 0.000 0.000 0.000 0.000 0.000 0.000 0.000 0.000 0.000 0.000 0.000 0.000 0.205 0.279 0.365 0.465 0.619 0.824 1.072 1.383 1.765 2.193 2.718 3.442 4.390 5.579 7.051 8.626 10.170 11.912 14.090 16.496 19.054 21.643 23.021 22.524
0.000 0.000 0.000 0.000 0.000 0.000 0.000 0.000 0.000 0.000 0.000 0.000 0.000 0.000 0.000 0.000 0.000 0.000 0.000 0.000 0.000 0.000 0.000 0.000 0.000 0.000 0.000 0.000 0.000 0.225 0.303 0.406 0.534 0.696 0.897 1.135 1.407 1.750 2.204 2.774 3.440 4.193 4.981 6.109 7.434 8.819 10.198 11.501 12.608 12.899
0.000 0.000 0.000 0.000 0.000 0.000 0.000 0.000 0.000 0.000 0.000 0.000 0.000 0.000 0.000 0.000 0.000 0.000 0.000 0.000 0.000 0.000 0.000 0.000 0.000 0.000 0.000 0.000 0.000 0.000 0.000 0.217 0.277 0.347 0.446 0.562 0.690 0.854 1.078 1.356 1.681 2.093 2.584 3.237 3.949 4.651 5.335 6.010 6.694 7.216
0.000 0.000 0.000 0.000 0.000 0.000 0.000 0.000 0.000 0.000 0.000 0.000 0.000 0.000 0.000 0.000 0.000 0.000 0.000 0.000 0.000 0.000 0.000 0.000 0.000 0.000 0.000 0.000 0.000 0.000 0.000 0.000 0.000 0.000 0.220 0.279 0.349 0.436 0.551 0.691 0.874 1.119 1.399 1.687 2.008 2.363 2.732 3.093 3.458 3.845
0.000 0.000 0.000 0.000 0.000 0.000 0.000 0.000 0.000 0.000 0.000 0.000 0.000 0.000 0.000 0.000 0.000 0.000 0.000 0.000 0.000 0.000 0.000 0.000 0.000 0.000 0.000 0.000 0.000 0.000 0.000 0.000 0.000 0.000 0.000 0.000 0.000 0.211 0.270 0.346 0.444 0.564 0.701 0.844 1.003 1.183 1.366 1.543 1.719 1.964
0.000 0.000 0.000 0.000 0.000 0.000 0.000 0.000 0.000 0.000 0.000 0.000 0.000 0.000 0.000 0.000 0.000 0.000 0.000 0.000 0.000 0.000 0.000 0.000 0.000 0.000 0.000 0.000 0.000 0.000 0.000 0.000 0.000 0.000 0.000 0.000 0.000 0.000 0.000 0.000 0.000 0.236 0.286 0.348 0.427 0.523 0.624 0.726 0.818 0.943
