tests/test_03/output4/CloudConcentration_010.00hrs.dat
NCOLS    50
NROWS    50
XLLCORNER    -2289770.000
YLLCORNER     2591270.000
CELLSIZE        2000.000       2000.000
NODATA_VALUE  0.000
[rows 0 to 31 of 50, columns 0 to 49 of 50]
0.000000 0.000000 0.000000 0.000000 0.000000 0.000000 0.000000 0.000000 0.000000 0.000000 0.000000 0.000000 0.000000 0.442143 1.006799 2.262177 5.119672 11.316998 22.064560 39.011604 65.449036 103.856689 153.214691 207.883362 265.900208 325.142548 380.394897 424.736328 463.315369 488.009155 500.647125 493.712189 510.583221 501.370087 472.319489 429.101868 370.653168 315.306580 263.388458 216.989288 188.102966 149.871597 114.914932 80.112808 55.597488 38.700321 29.173126 15.742071 3.780360 0.756960
0.000000 0.000000 0.000000 0.000000 0.000000 0.000000 0.000000 0.000000 0.000000 0.000000 0.000000 0.000000 0.444476 1.033413 2.357061 5.411424 13.219500 28.312445 51.234890 86.197006 139.079712 208.017319 289.895294 379.751617 473.105835 563.865417 651.620361 729.191895 765.145935 782.471069 782.949951 774.542419 742.291016 743.460510 692.049133 631.393372 554.760315 471.385986 392.751648 320.964752 266.867035 221.981781 170.698776 122.977905 86.213066 59.339054 42.574043 25.629890 7.737148 1.333396
0.000000 0.000000 0.000000 0.000000 0.000000 0.000000 0.000000 0.000000 0.000000 0.000000 0.247641 0.602138 1.401996 3.198007 7.464160 18.528778 37.371490 65.860512 110.275063 177.812744 269.254333 382.102539 512.423523 661.792236 822.424927 980.947693 1115.261719 1226.978516 1294.356689 1301.191772 1292.648071 1255.049194 1187.883057 1139.829224 1075.764648 987.582092 885.893311 744.638367 619.341492 507.178833 399.408539 337.122803 263.260529 199.652451 136.934845 93.516205 61.223537 39.772346 15.114099 2.234074
0.000000 0.000000 0.000000 0.000000 0.000000 0.000000 0.000000 0.000000 0.000000 0.275224 0.686407 1.631219 3.803424 9.314975 23.036638 45.564953 79.595787 133.044815 214.561768 329.608459 475.325806 650.260437 856.534973 1093.149292 1353.167725 1612.125977 1829.404297 1979.901733 2076.929688 2120.360840 2068.738770 1979.308228 1862.661865 1702.338989 1626.348389 1503.292236 1337.587158 1157.058228 953.477722 771.505554 622.259644 491.724762 401.454468 301.268494 211.769745 142.109512 89.110107 59.698292 24.897827 3.517942
0.000000 0.000000 0.000000 0.000000 0.000000 0.000000 0.000000 0.000000 0.318686 0.809840 1.956541 4.636870 11.515107 27.717337 53.521690 93.744797 156.120041 251.623093 388.996887 567.893127 786.482422 1051.770630 1367.878052 1729.375366 2116.497314 2503.854736 2844.276123 3077.339111 3230.270020 3299.070557 3214.012207 3040.151855 2818.549561 2601.809082 2361.852051 2207.537598 1976.334229 1726.759766 1426.985596 1157.568970 925.821106 715.051575 581.134705 441.008881 323.204102 210.115448 130.868195 84.896294 37.999542 5.288646
0.000000 0.000000 0.000000 0.000000 0.000000 0.000000 0.000000 0.360422 0.926997 2.269761 5.480608 13.944816 32.253883 61.697430 107.856461 178.508224 287.087250 445.251740 656.170959 919.377441 1239.060791 1632.422607 2096.605713 2614.549072 3161.999023 3706.518311 4206.369141 4629.489258 4840.372559 4898.569824 4848.248047 4527.659180 4200.296387 3838.006592 3439.153564 3125.911133 2834.460205 2461.166260 2089.468750 1682.332520 1330.104492 1046.046265 805.703247 631.850037 464.213776 298.922546 184.112686 117.036377 53.952396 7.602777
0.000000 0.000000 0.000000 0.000000 0.000000 0.000000 0.407933 1.057723 2.617576 6.488854 16.674795 36.931286 69.905930 121.441887 200.104614 318.673187 494.326172 734.840637 1038.409058 1412.354858 1874.231567 2436.573242 3082.071533 3787.301025 4529.496094 5282.115723 6002.797852 6612.707520 6968.005859 7039.506348 6934.283691 6584.394531 6057.535645 5494.259277 4921.631836 4265.135254 3914.617676 3420.833008 2924.543457 2369.485107 1873.259155 1465.090088 1087.623901 877.390747 636.999878 413.871765 249.843063 156.665771 73.568176 10.693135
0.000000 0.000000 0.000000 0.000000 0.000000 0.459943 1.197566 2.997359 7.716082 19.723307 41.248642 76.896492 133.224136 217.873154 344.723907 532.602417 796.233032 1135.461426 1555.788940 2079.357666 2725.362793 3489.760986 4344.157715 5272.170898 6254.855957 7258.972168 8226.662109 9085.736328 9619.416016 9782.008789 9573.769531 9203.564453 8484.655273 7651.666016 6778.768066 5907.406250 5215.567383 4620.228027 3939.937988 3250.833008 2560.965332 1973.672241 1486.863037 1168.180786 847.774658 559.387146 329.160309 204.778595 97.200623 14.679268
0.000000 0.000000 0.000000 0.000000 0.511307 1.332331 3.400198 8.963220 22.082766 44.800961 81.784767 140.661911 229.648285 360.959930 555.895691 834.276184 1201.129517 1657.916870 2228.533447 2942.532471 3800.538574 4785.237793 5881.876953 7079.807617 8341.151367 9617.962891 10869.390625 11988.173828 12750.876953 13117.493164 12846.621094 12317.619141 11503.432617 10270.300781 9048.579102 7887.145996 6709.050781 6023.119141 5140.997070 4308.841309 3381.993652 2593.606445 1972.838867 1500.758057 1102.212036 737.879395 422.884827 262.022308 125.304230 19.893349
0.000000 0.000000 0.205865 0.589501 1.618310 4.134167 10.135770 23.429842 46.423691 83.908249 142.962250 232.516968 365.166016 560.637756 843.187378 1225.029541 1707.647217 2308.441406 3064.782715 3992.340332 5074.065430 6302.542969 7679.996582 9176.240234 10733.922852 12327.307617 13894.427734 15275.728516 16301.787109 16761.939453 16634.138672 15920.037109 14911.039062 13357.062500 11726.433594 10157.280273 8680.291992 7588.506836 6525.849121 5461.994629 4324.947266 3319.545654 2527.638428 1874.790527 1398.914917 948.301208 531.120178 328.483185 157.808578 26.384243
0.000000 0.281996 0.777750 1.960267 4.572478 10.252158 22.891481 45.576923 82.082298 139.292419 226.283813 355.207733 544.381592 820.276855 1201.745361 1692.691895 2306.559326 3077.447021 4038.324463 5188.188965 6514.931641 8018.768066 9691.272461 11485.422852 13369.586914 15308.977539 17200.234375 18837.939453 20057.013672 20707.798828 20879.824219 19901.953125 18548.603516 16828.164062 14693.487305 12665.489258 10842.968750 9232.307617 7999.582031 6691.892090 5370.479004 4128.275879 3129.050049 2284.236084 1730.980835 1185.122803 651.964355 402.265503 194.504929 34.336205
0.323851 0.791686 1.895057 4.297414 9.296816 20.159658 41.307407 75.591904 128.667282 209.553284 330.654785 508.237579 764.599548 1127.752319 1609.587891 2215.416504 2973.498779 3925.606934 5094.990234 6483.301270 8076.913086 9862.553711 11821.453125 13937.183594 16173.270508 18454.822266 20627.757812 22484.429688 23909.675781 24927.783203 25183.990234 24001.769531 22397.597656 20516.222656 17833.357422 15363.938477 13095.044922 10874.938477 9507.337891 7962.167969 6475.654297 4979.548340 3754.823975 2715.270508 2087.024658 1440.795410 783.475037 481.427155 234.466583 43.820904
0.656583 1.518263 3.469319 7.594088 16.088600 33.629353 63.991741 111.342148 182.740738 290.686615 451.509491 683.632751 1011.072327 1459.304199 2039.227173 2762.920410 3668.147217 4800.787109 6187.091309 7820.082031 9673.465820 11728.279297 13985.442383 16442.230469 19029.421875 21630.033203 24055.136719 26133.095703 27904.458984 29116.015625 29338.626953 28146.667969 26327.652344 24048.802734 21078.783203 18121.371094 15348.898438 12798.236328 10993.184570 9237.022461 7599.503418 5841.425293 4386.594238 3152.515869 2455.117920 1701.990479 921.919189 564.455505 276.123779 54.866730
1.084175 2.441448 5.454255 11.845689 24.872761 48.936230 88.686661 149.756256 240.827316 378.127777 580.964172 868.215393 1265.598267 1795.656494 2471.077148 3310.067871 4357.808594 5674.357910 7280.795410 9130.819336 11206.250977 13522.937500 16092.006836 18863.382812 21754.550781 24638.228516 27295.220703 29631.201172 31771.494141 33047.804688 33319.964844 32228.388672 30171.279297 27496.443359 24314.810547 20815.447266 17509.343750 14680.509766 12434.271484 10472.572266 8665.917969 6691.509277 5010.713867 3630.739014 2824.004395 1956.216309 1064.105469 648.413025 318.012299 67.300888
1.572506 3.493387 7.749372 16.948795 34.517071 64.832008 113.811935 189.024384 301.356628 468.509247 712.105591 1053.151245 1516.459717 2122.907715 2881.785156 3816.154541 5002.967773 6505.392578 8294.918945 10302.666992 12556.985352 15120.218750 17956.140625 20980.953125 24101.859375 27189.201172 30048.062500 32716.765625 35053.511719 36398.457031 36808.492188 36022.136719 33665.757812 30687.968750 27351.312500 23316.718750 19614.396484 16414.410156 13739.756836 11634.336914 9636.670898 7487.824707 5619.058594 4095.128662 3178.655273 2201.820557 1205.673584 730.559387 358.562073 80.906830
2.074939 4.586341 10.183722 22.374973 44.281078 80.503357 138.701736 228.275253 362.718170 559.269836 837.830017 1224.638672 1749.077759 2419.989014 3239.093018 4261.808594 5582.752930 7237.251465 9148.255859 11273.564453 13697.530273 16472.689453 19505.566406 22695.443359 25961.281250 29194.851562 32266.582031 35139.832031 37558.082031 38981.785156 39508.519531 38855.511719 36475.410156 33367.460938 29986.576172 25451.439453 21440.595703 17909.771484 14820.127930 12634.486328 10486.663086 8194.672852 6161.790527 4518.290527 3498.018799 2423.654297 1339.120728 807.217102 395.592285 95.628998
2.316211 5.164711 11.567845 25.251724 49.261097 89.037888 152.119675 249.627380 395.641602 604.877441 897.574646 1305.478394 1855.645142 2554.501953 3409.168945 4480.977051 5864.085449 7569.586914 9522.422852 11707.650391 14221.032227 17074.896484 20183.185547 23444.240234 26791.302734 30127.591797 33325.136719 36264.617188 38716.933594 40248.796875 40825.960938 40198.574219 37916.937500 34759.609375 31146.982422 26620.019531 22454.058594 18694.751953 15316.640625 13157.932617 10992.857422 8684.576172 6596.412598 4872.336426 3759.652344 2609.995117 1455.691650 876.278870 427.232025 111.591759
2.360380 5.277085 11.842881 25.763395 50.297699 91.025650 155.052490 254.036865 402.511749 614.310242 909.873047 1322.214722 1876.694702 2581.016846 3442.783447 4525.494141 5918.030762 7629.573730 9586.777344 11784.065430 14306.920898 17166.929688 20284.582031 23556.021484 26906.076172 30259.644531 33497.925781 36472.296875 38939.902344 40473.089844 41080.542969 40500.589844 38279.804688 35157.378906 31444.000000 26954.912109 22739.498047 18906.330078 15456.568359 13283.443359 11136.148438 8831.936523 6759.141602 5041.794922 3898.912598 2750.825684 1552.477295 937.549011 458.395264 127.865128
2.291393 5.166449 11.652905 25.274839 49.866268 90.689529 154.444931 252.844727 400.255157 611.063477 905.087952 1314.005493 1862.692871 2563.272217 3425.556396 4510.504395 5896.079590 7573.973633 9490.375000 11660.592773 14149.488281 16961.960938 20015.699219 23227.898438 26517.427734 29822.957031 33052.433594 36023.875000 38440.589844 40000.015625 40666.035156 40213.078125 38122.386719 35106.242188 31315.660156 26976.277344 22756.953125 18902.626953 15473.126953 13275.117188 11139.839844 8849.308594 6785.219727 5075.063477 3937.350586 2819.307617 1623.179565 989.492615 491.715088 143.807083
1.776246 4.066327 9.247592 20.239965 41.537277 77.568161 134.033279 221.347702 352.666321 543.321777 810.299988 1179.162720 1678.074341 2326.880615 3143.078613 4170.239258 5458.664551 7012.264160 8806.749023 10859.447266 13211.426758 15867.834961 18763.041016 21830.083984 25000.738281 28193.931641 31291.482422 34101.238281 36403.832031 37982.703125 38667.671875 38345.347656 36513.781250 33604.402344 30010.123047 26064.642578 21988.861328 18239.484375 15026.740234 12853.150391 10870.503906 8702.109375 6728.067383 5058.428223 3935.009033 2839.993164 1650.331421 1027.222168 518.174072 158.727768
1.209648 2.804223 6.441792 14.522645 30.897041 59.591156 106.123688 179.459686 291.314026 455.156433 686.193359 1006.851013 1446.217285 2025.803955 2761.258057 3687.464600 4850.651855 6264.134766 7910.937012 9801.201172 11962.645508 14400.709961 17070.417969 19914.154297 22867.876953 25846.468750 28731.326172 31358.503906 33539.218750 35038.574219 35679.972656 35389.476562 33687.101562 31048.927734 27748.468750 24080.144531 20345.804688 16913.720703 13972.865234 11930.511719 10142.720703 8135.722168 6350.228516 4843.375000 3809.299561 2816.961914 1658.286743 1047.354736 536.500305 172.794205
0.700752 1.691667 4.003953 9.248279 20.897360 42.660652 79.127197 137.797241 228.903793 364.306976 557.706543 827.962891 1201.555786 1700.821777 2342.116455 3153.267090 4173.724609 5423.208008 6893.823242 8591.560547 10534.698242 12725.386719 15134.965820 17713.177734 20406.957031 23136.927734 25789.796875 28213.976562 30239.812500 31653.597656 32263.697266 32014.205078 30451.205078 28111.808594 25164.402344 21809.134766 18452.351562 15359.060547 12732.651367 10930.596680 9324.270508 7484.599609 5872.338867 4507.570312 3590.834717 2692.316162 1642.438232 1052.076416 547.847168 185.063705
0.292185 0.773303 2.005672 4.957647 11.847611 26.641014 52.881042 96.574661 166.445770 272.938873 428.396545 647.976257 954.043518 1369.240967 1910.128540 2598.978027 3469.009521 4542.906738 5821.509277 7307.164551 9012.862305 10939.521484 13065.671875 15350.075195 17750.880859 20199.470703 22591.199219 24782.052734 26622.523438 27936.578125 28510.054688 28293.523438 26872.464844 24827.138672 22286.330078 19277.070312 16339.583984 13621.708984 11328.525391 9814.293945 8368.834961 6741.745605 5323.806641 4118.014160 3326.658447 2519.695801 1575.752686 1033.478516 548.350525 194.534271
0.000000 0.295991 0.807897 2.129642 5.441095 13.419158 30.397654 59.735981 108.660164 186.607559 304.321381 473.885864 712.603821 1042.400513 1480.577881 2044.768677 2761.445801 3655.000732 4735.016602 6000.687988 7459.938477 9115.221680 10948.435547 12924.871094 15011.579102 17156.152344 19270.623047 21211.132812 22839.429688 24016.388672 24541.222656 24368.419922 23092.005859 21329.689453 19228.607422 16596.523438 14105.407227 11791.837891 9855.962891 8614.683594 7305.565918 5929.909180 4714.450684 3687.769043 3022.674072 2307.409180 1486.338379 992.546631 535.628662 200.979187
0.000000 0.000000 0.308366 0.839676 2.201401 5.571786 13.786045 31.630987 62.514248 114.662979 197.043732 319.849823 495.709534 743.244446 1080.292480 1520.694702 2083.917969 2795.830078 3673.424805 4715.642090 5924.293945 7305.747070 8845.995117 10513.645508 12278.125000 14110.016602 15938.186523 17621.521484 19028.478516 20044.849609 20513.863281 20394.326172 19260.453125 17800.566406 16114.631836 13877.695312 11835.360352 9936.769531 8398.536133 7378.638184 6223.951660 5087.877441 4074.054932 3250.661133 2692.659912 2063.013428 1367.940552 928.881775 509.490784 203.203339
0.000000 0.000000 0.000000 0.309789 0.844207 2.215494 5.622371 13.949436 32.126957 63.897945 116.568771 199.296143 322.082977 497.949066 744.289551 1072.913818 1496.833008 2038.549683 2717.493652 3540.458008 4505.834473 5621.355957 6881.515137 8256.007812 9708.951172 11214.850586 12735.627930 14161.722656 15347.864258 16188.601562 16583.357422 16519.039062 15540.461914 14370.507812 13026.929688 11220.499023 9599.436523 8120.435059 6953.406738 6137.289551 5156.588867 4245.146973 3439.187256 2796.838135 2340.989502 1800.401611 1226.374268 853.995911 476.332336 202.153336
0.000000 0.000000 0.000000 0.000000 0.299534 0.821142 2.169272 5.569585 14.130026 32.252750 63.218372 114.571045 195.754272 314.571014 484.294312 721.001953 1032.320190 1428.435913 1929.471802 2554.838379 3306.285156 4176.712891 5170.627441 6274.707031 7451.632324 8659.808594 9870.502930 11028.100586 12011.286133 12681.944336 12977.944336 12917.304688 12178.597656 11246.821289 10168.760742 8795.275391 7534.189453 6419.762695 5621.958496 4943.297852 4156.340820 3441.778564 2820.142578 2347.702148 1983.764404 1532.141357 1071.697754 772.308838 438.390594 196.615265
0.000000 0.000000 0.000000 0.000000 0.000000 0.285894 0.792220 2.109927 5.459655 13.941899 31.784544 61.360336 109.505669 185.465302 296.481628 454.436737 672.794495 958.335938 1320.277344 1775.596924 2336.649902 2997.972900 3755.065674 4608.606445 5533.645508 6488.164551 7434.920898 8327.683594 9123.385742 9661.700195 9876.585938 9725.550781 9256.140625 8553.612305 7685.533691 6703.402344 5753.436523 4919.002441 4439.288086 3853.413330 3263.652832 2720.209961 2244.972900 1935.779541 1621.090698 1270.265015 912.449890 687.288391 397.219910 187.583252
0.000000 0.000000 0.000000 0.000000 0.000000 0.000000 0.272088 0.758312 2.009863 5.098790 12.625772 29.673807 58.140926 102.318062 170.505615 270.046478 411.652374 608.899902 865.843994 1187.917236 1586.956543 2073.750977 2639.283447 3272.957275 3969.229492 4701.036133 5430.538574 6109.446289 6698.125000 7140.267578 7303.899414 7127.908203 6797.212402 6324.663086 5633.723145 4945.632812 4275.730957 3757.612305 3400.745605 2939.432373 2502.878906 2105.871338 1779.879517 1556.713501 1295.605103 1029.674927 779.474243 603.373657 355.631836 175.030548
0.000000 0.000000 0.000000 0.000000 0.000000 0.000000 0.000000 0.255095 0.708664 1.863508 4.668416 11.373563 26.511963 52.186665 92.449165 153.109467 241.535095 366.165436 539.432068 764.697754 1042.258545 1380.419800 1784.129639 2245.967285 2751.251709 3290.471436 3834.874512 4340.009766 4764.500488 5066.262207 5202.188965 5067.159180 4822.353516 4498.619629 4005.687012 3526.510498 3076.434570 2816.075684 2515.249268 2188.666748 1873.563599 1591.500000 1405.656372 1208.754028 1018.106323 819.045593 649.242798 518.778625 313.365875 160.276077
0.000000 0.000000 0.000000 0.000000 0.000000 0.000000 0.000000 0.000000 0.232652 0.645995 1.704448 4.284862 10.393551 23.243671 45.322868 81.354240 135.986191 213.404297 319.664154 465.485718 656.788269 889.622314 1167.104004 1490.910034 1850.070435 2226.916748 2611.153564 2977.117676 3280.324219 3471.676025 3545.263428 3480.961182 3313.954102 3072.184814 2765.839355 2440.221680 2178.637207 2043.352173 1817.375732 1592.910156 1373.739624 1205.875000 1077.030151 922.968201 784.013123 642.619385 529.343445 431.844269 270.203033 144.931549
0.000000 0.000000 0.000000 0.000000 0.000000 0.000000 0.000000 0.000000 0.000000 0.207406 0.578130 1.537431 3.890936 9.446157 20.596380 39.451862 69.847198 116.873741 183.508041 273.629822 393.968842 550.446716 737.189636 950.616455 1191.804077 1448.780518 1706.989624 1948.748779 2158.522705 2287.493408 2328.149170 2301.064453 2199.841309 2025.522339 1836.318848 1632.635010 1520.672363 1419.399902 1272.611816 1122.235840 978.675415 898.432007 797.096558 688.430542 588.816711 492.664276 426.634125 345.988647 227.660965 129.174438
