tests/test_03/output4/CloudLoad_010.00hrs.dat
NCOLS    50
NROWS    50
XLLCORNER    -2289770.000
YLLCORNER     2591270.000
CELLSIZE        2000.000       2000.000
NODATA_VALUE  0.000
[rows 0 to 45 of 50, columns 0 to 49 of 50]
0.000 0.000 0.000 0.000 0.000 0.000 0.000 0.000 0.000 0.000 0.000 0.000 0.000 0.445 1.016 2.296 5.240 11.746 23.357 42.410 73.602 121.860 187.654 270.359 366.887 473.663 591.077 712.142 829.810 930.645 1009.181 1059.726 1078.995 1065.903 1011.231 929.528 834.780 729.201 613.117 505.789 407.189 319.234 239.870 172.988 121.954 82.243 53.926 34.693 8.342 1.480
0.000 0.000 0.000 0.000 0.000 0.000 0.000 0.000 0.000 0.000 0.000 0.000 0.446 1.041 2.389 5.531 13.609 29.398 53.941 92.492 152.570 234.138 336.076 457.260 601.269 763.789 936.367 1113.285 1273.462 1404.107 1503.831 1578.560 1599.308 1577.114 1494.032 1367.610 1242.285 1092.999 919.759 760.322 612.188 482.426 368.003 270.490 189.893 130.999 84.760 49.462 17.178 2.651
0.000 0.000 0.000 0.000 0.000 0.000 0.000 0.000 0.000 0.000 0.248 0.605 1.412 3.231 7.568 18.827 38.156 67.768 114.628 187.358 288.468 417.037 572.752 762.575 987.002 1243.196 1512.001 1772.798 2007.743 2203.954 2351.131 2444.414 2474.076 2439.868 2311.191 2143.076 1931.392 1690.772 1449.204 1192.710 963.495 757.444 579.447 430.615 302.891 206.704 132.313 72.451 33.052 4.490
0.000 0.000 0.000 0.000 0.000 0.000 0.000 0.000 0.000 0.276 0.689 1.639 3.828 9.384 23.226 46.054 80.787 135.781 220.697 342.568 499.900 694.183 931.763 1220.156 1559.744 1939.553 2337.552 2715.398 3044.050 3348.304 3573.495 3690.491 3710.409 3653.989 3483.959 3257.311 2911.989 2561.354 2209.763 1828.117 1478.287 1162.489 891.799 660.633 471.282 316.157 199.230 106.445 55.218 7.148
0.000 0.000 0.000 0.000 0.000 0.000 0.000 0.000 0.319 0.811 1.961 4.651 11.555 27.825 53.799 94.424 157.700 255.173 397.051 584.254 816.392 1105.151 1460.233 1884.743 2371.149 2903.780 3462.519 3998.811 4500.951 4931.161 5258.086 5404.566 5397.824 5324.476 5122.833 4758.197 4308.337 3787.403 3249.791 2714.738 2202.317 1735.951 1329.453 983.225 702.781 464.469 288.627 153.948 84.034 10.846
0.000 0.000 0.000 0.000 0.000 0.000 0.000 0.361 0.928 2.272 5.488 13.965 32.310 61.843 108.217 179.360 289.027 449.739 666.202 938.943 1274.554 1696.467 2207.950 2801.765 3467.466 4185.651 4936.906 5711.525 6425.822 7028.334 7445.789 7663.770 7687.333 7551.615 7266.396 6762.873 6184.569 5414.853 4640.474 3914.804 3185.893 2510.116 1914.207 1412.653 1001.774 661.575 404.681 216.047 119.540 15.712
0.000 0.000 0.000 0.000 0.000 0.000 0.408 1.058 2.619 6.492 16.684 36.957 69.976 121.621 200.541 319.693 496.668 740.413 1050.225 1434.849 1915.861 2512.516 3214.046 4008.271 4888.478 5838.760 6851.085 7884.659 8838.846 9654.755 10211.238 10544.589 10611.547 10379.068 9997.185 9346.674 8522.851 7542.260 6471.522 5462.551 4447.362 3513.145 2671.096 1965.865 1383.714 915.863 549.754 293.080 163.313 22.190
0.000 0.000 0.000 0.000 0.000 0.460 1.198 2.998 7.717 19.727 41.260 76.928 133.309 218.087 345.242 533.815 799.081 1142.070 1569.063 2105.048 2773.916 3578.055 4497.173 5527.637 6664.322 7897.103 9202.011 10539.261 11759.205 12827.589 13585.438 14009.004 14165.856 13874.092 13347.262 12469.619 11389.062 10180.230 8771.527 7368.400 6022.558 4766.503 3623.626 2656.846 1857.483 1229.190 726.195 387.292 216.178 30.558
0.000 0.000 0.000 0.000 0.511 1.332 3.400 8.964 22.084 44.806 81.798 140.700 229.749 361.213 556.506 835.712 1204.557 1665.276 2243.341 2972.063 3856.342 4885.175 6054.299 7368.454 8802.956 10331.837 11964.076 13646.377 15157.189 16468.436 17483.975 18082.051 18287.850 17971.635 17241.920 16101.214 14797.471 13278.139 11514.948 9632.512 7911.946 6270.777 4766.967 3485.719 2426.070 1604.284 935.906 500.624 279.215 41.479
0.000 0.000 0.206 0.590 1.618 4.134 10.136 23.430 46.425 83.914 142.978 232.561 365.283 560.932 843.895 1226.702 1711.609 2316.672 3081.549 4025.956 5136.417 6413.050 7872.152 9497.470 11241.392 13122.103 15126.104 17113.203 18920.041 20489.186 21834.896 22663.127 22801.646 22523.668 21528.846 20217.246 18629.174 16757.291 14591.261 12234.677 10060.317 7979.646 6085.874 4437.020 3085.499 2036.324 1179.285 634.289 352.391 55.121
0.000 0.282 0.778 1.960 4.572 10.252 22.892 45.577 82.084 139.298 226.301 355.255 544.508 820.599 1202.534 1694.578 2310.986 3086.657 4056.929 5224.854 6584.083 8142.487 9903.656 11833.189 13926.653 16193.423 18557.965 20821.984 22927.652 24800.686 26528.225 27468.459 27622.389 27321.574 26124.896 24668.768 22733.236 20467.174 17885.480 15075.851 12399.440 9851.662 7545.391 5492.204 3826.407 2517.079 1452.748 785.737 435.252 71.822
0.324 0.792 1.895 4.297 9.297 20.160 41.308 75.592 128.669 209.559 330.672 508.285 764.728 1128.081 1610.404 2217.414 2978.090 3935.124 5114.275 6522.301 8152.535 9997.354 12048.145 14313.905 16788.660 19424.193 22088.625 24631.400 27019.373 29325.195 31279.945 32303.660 32592.525 32124.703 30946.172 29256.430 26942.912 24273.172 21288.906 18068.545 14844.278 11823.638 9091.130 6622.951 4629.707 3034.403 1752.893 951.748 525.839 91.729
0.657 1.518 3.469 7.594 16.089 33.629 63.992 111.343 182.743 290.692 451.526 683.680 1011.201 1459.634 2040.049 2764.965 3672.755 4810.260 6206.802 7861.252 9750.634 11865.043 14221.918 16843.840 19687.883 22664.381 25622.842 28451.803 31230.260 33809.004 35917.582 37058.859 37507.336 36902.887 35752.766 33790.559 31096.869 28049.078 24677.664 21084.676 17311.027 13832.820 10673.344 7788.463 5468.139 3570.566 2071.823 1128.760 620.743 114.821
1.084 2.441 5.454 11.846 24.873 48.936 88.687 149.757 240.829 378.133 580.979 868.259 1265.720 1795.977 2471.893 3312.108 4362.334 5683.691 7300.915 9172.498 11282.706 13659.356 16332.950 19270.619 22420.695 25698.748 28920.518 32023.502 35230.902 38027.211 40295.145 41611.020 42126.227 41513.250 40343.555 38079.016 35009.805 31690.748 27979.773 23992.816 19716.641 15829.007 12246.306 8956.733 6314.921 4109.667 2402.470 1309.694 716.650 140.671
1.573 3.493 7.749 16.949 34.517 64.832 113.812 189.025 301.358 468.514 712.119 1053.190 1516.567 2123.194 2882.525 3817.988 5007.150 6514.435 8315.290 10343.479 12630.913 15255.879 18197.680 21387.697 24768.594 28257.393 31680.479 35113.652 38562.781 41471.852 43865.309 45375.398 46169.973 45707.262 44523.934 41876.887 38630.914 34962.758 30994.832 26637.965 21963.076 17718.879 13748.765 10089.109 7138.490 4631.362 2732.490 1489.540 809.817 168.643
2.075 4.586 10.184 22.375 44.281 80.503 138.702 228.276 362.719 559.273 837.841 1224.671 1749.170 2420.239 3239.738 4263.395 5586.477 7245.756 9168.099 11311.706 13768.773 16607.238 19744.262 23095.420 26624.844 30264.719 33877.434 37517.867 41082.988 44051.418 46385.914 48193.848 48997.938 48781.355 47437.973 44753.832 41676.348 37720.812 33537.840 28890.611 23961.109 19376.732 15099.013 11129.876 7900.113 5110.385 3044.896 1662.384 895.501 198.386
2.316 5.165 11.568 25.252 49.261 89.038 152.120 249.628 395.643 604.880 897.584 1305.505 1855.723 2554.715 3409.723 4482.352 5867.357 7577.238 9540.331 11742.881 14288.816 17202.432 20411.543 23832.502 27445.723 31173.881 34910.059 38628.438 42235.164 45250.016 47649.918 49500.914 50348.719 50269.238 48690.848 46129.945 43110.887 39109.273 34979.367 30327.621 25360.182 20634.934 16191.477 12021.069 8568.963 5528.448 3321.274 1823.053 969.169 229.729
2.360 5.277 11.843 25.763 50.298 91.026 155.053 254.037 402.513 614.313 909.880 1322.236 1876.757 2581.193 3443.251 4526.675 5920.883 7636.302 9602.588 11816.730 14370.003 17285.666 20498.883 23926.301 27527.824 31256.840 35030.812 38795.723 42419.918 45380.273 47823.031 49761.773 50667.965 50659.645 48994.066 46516.184 43498.219 39504.812 35426.266 30832.561 25948.787 21209.521 16732.250 12533.013 9026.174 5879.495 3554.189 1966.705 1033.522 261.150
2.291 5.166 11.653 25.275 49.866 90.690 154.445 252.845 400.256 611.065 905.093 1314.022 1862.742 2563.413 3425.940 4511.497 5898.529 7579.813 9504.141 11690.312 14207.746 17071.709 20214.219 23576.697 27102.830 30757.262 34500.641 38231.508 41732.629 44660.719 47133.301 49126.648 50044.637 50226.238 48522.523 46406.777 43469.938 39521.242 35470.066 30916.648 26095.357 21382.930 16920.059 12729.535 9225.452 6090.388 3730.916 2086.664 1090.920 291.465
1.776 4.066 9.248 20.240 41.537 77.568 134.033 221.348 352.667 543.323 810.304 1179.175 1678.111 2326.989 3143.386 4171.058 5460.733 7017.276 8818.591 10885.851 13264.490 15968.355 18945.387 22153.777 25547.498 29066.816 32653.186 36184.105 39489.945 42371.898 44789.777 46754.449 47687.789 47889.270 46352.379 44491.258 41790.121 38147.117 34450.926 30244.359 25718.416 21194.662 16895.035 12779.938 9297.705 6189.275 3812.919 2171.875 1138.484 319.433
1.210 2.804 6.442 14.523 30.897 59.591 106.124 179.460 291.314 455.157 686.196 1006.859 1446.244 2025.885 2761.496 3688.121 4852.358 6268.361 7921.028 9824.146 12009.984 14491.552 17236.125 20209.154 23371.928 26658.307 29999.297 33305.512 36441.125 39167.926 41444.535 43316.930 44239.789 44523.219 43163.832 41454.473 39045.898 35697.980 32318.609 28476.123 24323.422 20174.471 16196.704 12416.663 9155.830 6210.458 3849.493 2220.580 1172.227 345.332
0.701 1.692 4.004 9.248 20.897 42.661 79.127 137.797 228.904 364.308 557.708 827.969 1201.574 1700.880 2342.294 3153.774 4175.086 5426.667 6902.238 8611.086 10575.985 12806.062 15283.691 17978.100 20864.289 23881.973 26954.121 30003.848 32922.672 35476.637 37606.895 39376.953 40264.867 40598.457 39492.918 37919.387 35826.051 32841.527 29834.021 26354.355 22603.008 18831.506 15210.575 11762.188 8746.013 6069.779 3835.114 2241.396 1191.547 367.644
0.292 0.773 2.006 4.958 11.848 26.641 52.881 96.575 166.446 272.939 428.398 647.980 954.056 1369.282 1910.258 2599.361 3470.072 4545.676 5828.382 7323.431 9048.061 11009.878 13197.376 15585.063 18159.057 20872.330 23646.957 26403.852 29062.486 31435.441 33400.688 35034.891 35864.570 36212.336 35402.094 33951.266 32173.184 29588.041 26969.072 23879.020 20592.615 17221.119 14000.489 10927.522 8187.779 5785.301 3714.167 2219.868 1192.212 383.820
0.000 0.296 0.808 2.130 5.441 13.419 30.398 59.736 108.660 186.608 304.322 473.889 712.613 1042.431 1480.674 2045.059 2762.270 3657.195 4740.550 6014.016 7489.331 9175.413 11063.323 13130.923 15370.012 17753.902 20216.273 22662.223 25023.207 27180.168 28953.799 30439.529 31204.721 31531.607 31023.746 29724.568 28262.066 26088.902 23845.555 21167.104 18354.902 15404.892 12632.106 9948.367 7522.411 5411.328 3541.139 2147.705 1169.971 394.223
0.000 0.000 0.308 0.840 2.201 5.572 13.786 31.631 62.514 114.663 197.044 319.852 495.717 743.267 1080.364 1520.914 2084.550 2797.547 3677.829 4726.464 5948.604 7356.449 8944.714 10692.491 12588.340 14632.223 16774.207 18903.992 20955.029 22858.537 24431.613 25766.850 26461.701 26761.809 26496.111 25421.852 24233.637 22476.799 20582.318 18343.104 15998.431 13480.433 11154.205 8851.673 6767.595 4946.880 3305.184 2040.486 1121.975 396.204
0.000 0.000 0.000 0.310 0.844 2.215 5.622 13.949 32.127 63.898 116.569 199.298 322.088 497.966 744.343 1073.078 1497.314 2039.878 2720.963 3549.115 4525.998 5663.562 6964.974 8409.930 9976.154 11664.396 13463.965 15283.705 17026.430 18645.600 20027.840 21201.328 21815.248 22070.947 21976.955 21201.641 20204.457 18888.252 17314.605 15489.606 13594.731 11522.196 9618.729 7700.389 5963.190 4430.628 3018.141 1902.614 1059.408 391.750
0.000 0.000 0.000 0.000 0.300 0.821 2.169 5.570 14.130 32.253 63.219 114.572 195.758 314.584 484.335 721.127 1032.686 1429.455 1932.166 2561.621 3322.768 4211.642 5240.051 6405.295 7682.025 9043.702 10493.902 11998.901 13459.718 14794.174 15973.777 16970.502 17559.875 17755.072 17752.168 17230.166 16423.043 15451.248 14198.395 12757.621 11250.758 9607.967 8077.578 6529.749 5141.306 3875.404 2699.929 1743.234 986.377 380.623
0.000 0.000 0.000 0.000 0.000 0.286 0.792 2.110 5.460 13.942 31.785 61.361 109.509 185.475 296.513 454.532 673.075 959.119 1322.363 1780.875 2349.578 3026.737 3812.102 4717.011 5727.994 6814.698 7959.616 9150.799 10356.228 11451.257 12420.723 13205.917 13775.074 13952.124 13977.544 13675.118 13070.766 12333.780 11377.048 10271.439 9059.946 7813.324 6620.340 5412.892 4325.628 3313.715 2369.351 1569.509 904.335 364.465
0.000 0.000 0.000 0.000 0.000 0.000 0.272 0.758 2.010 5.099 12.626 29.674 58.143 102.325 170.529 270.119 411.867 609.504 867.458 1192.038 1596.895 2096.658 2686.099 3361.701 4129.704 4973.945 5868.769 6789.269 7728.704 8631.866 9410.810 10024.167 10486.217 10709.491 10712.256 10545.692 10156.958 9595.612 8875.456 8072.534 7123.962 6212.817 5292.915 4388.510 3552.547 2778.902 2032.247 1387.385 818.933 345.470
0.000 0.000 0.000 0.000 0.000 0.000 0.000 0.255 0.709 1.864 4.669 11.374 26.514 52.192 92.468 153.166 241.700 366.628 540.670 767.865 1050.087 1398.273 1821.662 2318.462 2880.228 3511.985 4193.086 4892.824 5596.274 6283.094 6905.850 7394.006 7726.211 7963.151 7995.299 7909.308 7659.740 7291.014 6744.909 6155.650 5474.389 4816.466 4136.406 3483.047 2863.442 2280.745 1708.599 1206.103 729.241 323.388
0.000 0.000 0.000 0.000 0.000 0.000 0.000 0.000 0.233 0.646 1.705 4.285 10.395 23.248 45.338 81.400 136.116 213.763 320.620 467.915 662.776 903.753 1196.372 1547.784 1952.677 2399.053 2892.206 3414.252 3930.597 4419.852 4882.046 5273.214 5520.392 5712.499 5777.133 5759.392 5595.915 5363.037 4998.877 4567.984 4109.059 3635.963 3155.023 2701.568 2261.240 1837.875 1406.031 1024.546 639.067 298.612
0.000 0.000 0.000 0.000 0.000 0.000 0.000 0.000 0.000 0.207 0.578 1.538 3.892 9.450 20.609 39.489 69.951 117.155 184.244 275.504 398.555 561.396 760.053 993.023 1268.296 1578.775 1915.499 2274.093 2643.082 2984.380 3308.097 3602.357 3796.948 3935.520 4002.789 4019.855 3936.725 3788.375 3554.874 3282.467 2987.117 2664.233 2348.652 2039.613 1744.573 1446.755 1138.697 851.118 550.820 271.868
0.000 0.000 0.000 0.000 0.000 0.000 0.000 0.000 0.000 0.000 0.000 0.511 1.362 3.448 8.293 17.931 34.017 59.237 98.169 154.935 231.419 330.660 457.010 608.756 782.057 981.676 1201.815 1434.930 1670.531 1905.233 2112.231 2304.400 2452.092 2556.344 2617.300 2644.999 2611.340 2532.796 2398.086 2251.202 2069.055 1878.250 1687.153 1487.958 1303.542 1110.270 898.201 690.566 464.718 243.438
0.000 0.000 0.000 0.000 0.000 0.000 0.000 0.000 0.000 0.000 0.000 0.000 0.445 1.185 2.998 7.164 14.964 28.602 50.063 81.722 126.886 184.757 256.421 344.322 446.925 562.203 689.474 826.242 964.380 1103.247 1231.114 1344.752 1441.998 1519.258 1565.616 1597.802 1595.041 1563.033 1502.368 1435.762 1345.321 1250.811 1149.552 1041.954 932.043 819.905 687.003 542.820 382.650 214.883
0.000 0.000 0.000 0.000 0.000 0.000 0.000 0.000 0.000 0.000 0.000 0.000 0.000 0.381 1.006 2.555 6.094 12.560 23.572 40.052 62.365 91.277 126.534 168.557 217.056 272.080 332.581 397.117 463.532 531.210 595.003 654.727 702.172 752.730 784.991 814.442 837.195 842.688 835.402 814.955 789.194 760.104 723.066 681.683 629.249 573.769 502.968 410.120 302.393 183.370
0.000 0.000 0.000 0.000 0.000 0.000 0.000 0.000 0.000 0.000 0.000 0.000 0.000 0.000 0.321 0.845 2.204 5.207 9.819 16.249 24.665 35.188 48.204 63.798 81.646 101.733 123.439 145.789 168.514 191.312 212.506 234.065 253.882 273.655 292.199 311.290 329.477 345.901 362.638 376.613 385.227 396.501 400.380 398.001 388.460 371.894 342.833 294.989 228.120 150.149
0.000 0.000 0.000 0.000 0.000 0.000 0.000 0.000 0.000 0.000 0.000 0.000 0.000 0.000 0.000 0.267 0.736 1.838 3.313 5.239 7.837 11.170 15.308 20.265 25.863 31.941 38.271 44.561 50.652 56.856 63.117 69.468 76.246 83.136 91.732 101.168 111.965 122.574 134.154 145.260 156.659 170.302 185.758 199.305 209.369 214.776 211.801 196.165 162.822 116.113
0.000 0.000 0.000 0.000 0.000 0.000 0.000 0.000 0.000 0.000 0.000 0.000 0.000 0.000 0.000 0.000 0.221 0.489 0.857 1.352 2.013 2.863 3.917 5.181 6.627 8.219 9.854 11.421 12.954 14.579 16.371 18.242 20.578 23.347 26.873 31.177 36.638 42.943 50.208 58.115 65.886 73.891 83.031 93.266 103.378 112.220 118.685 118.531 108.827 84.480
0.000 0.000 0.000 0.000 0.000 0.000 0.000 0.000 0.000 0.000 0.000 0.000 0.000 0.000 0.000 0.000 0.000 0.000 0.000 0.295 0.439 0.620 0.841 1.107 1.427 1.804 2.220 2.665 3.150 3.728 4.375 5.174 6.137 7.325 8.814 10.664 13.009 16.098 19.993 24.677 29.688 34.643 39.805 45.411 51.534 58.342 64.566 67.887 66.779 57.436
0.000 0.000 0.000 0.000 0.000 0.000 0.000 0.000 0.000 0.000 0.000 0.000 0.000 0.000 0.000 0.000 0.000 0.000 0.000 0.000 0.000 0.000 0.000 0.249 0.331 0.439 0.572 0.727 0.913 1.142 1.445 1.837 2.320 2.919 3.689 4.598 5.663 7.142 9.084 11.531 14.440 17.398 20.206 23.023 26.521 30.812 35.261 38.666 39.199 36.397
0.000 0.000 0.000 0.000 0.000 0.000 0.000 0.000 0.000 0.000 0.000 0.000 0.000 0.000 0.000 0.000 0.000 0.000 0.000 0.000 0.000 0.000 0.000 0.000 0.000 0.000 0.205 0.279 0.365 0.465 0.619 0.824 1.072 1.383 1.765 2.193 2.718 3.442 4.390 5.579 7.051 8.626 10.170 11.912 14.090 16.496 19.054 21.643 23.022 22.524
0.000 0.000 0.000 0.000 0.000 0.000 0.000 0.000 0.000 0.000 0.000 0.000 0.000 0.000 0.000 0.000 0.000 0.000 0.000 0.000 0.000 0.000 0.000 0.000 0.000 0.000 0.000 0.000 0.000 0.225 0.303 0.406 0.534 0.696 0.897 1.135 1.407 1.750 2.204 2.774 3.440 4.193 4.981 6.109 7.434 8.819 10.198 11.501 12.608 12.899
0.000 0.000 0.000 0.000 0.000 0.000 0.000 0.000 0.000 0.000 0.000 0.000 0.000 0.000 0.000 0.000 0.000 0.000 0.000 0.000 0.000 0.000 0.000 0.000 0.000 0.000 0.000 0.000 0.000 0.000 0.000 0.217 0.277 0.347 0.446 0.562 0.690 0.854 1.078 1.356 1.681 2.093 2.584 3.237 3.949 4.651 5.335 6.010 6.694 7.216
0.000 0.000 0.000 0.000 0.000 0.000 0.000 0.000 0.000 0.000 0.000 0.000 0.000 0.000 0.000 0.000 0.000 0.000 0.000 0.000 0.000 0.000 0.000 0.000 0.000 0.000 0.000 0.000 0.000 0.000 0.000 0.000 0.000 0.000 0.220 0.279 0.349 0.436 0.551 0.691 0.874 1.119 1.399 1.687 2.008 2.363 2.732 3.093 3.458 3.845
0.000 0.000 0.000 0.000 0.000 0.000 0.000 0.000 0.000 0.000 0.000 0.000 0.000 0.000 0.000 0.000 0.000 0.000 0.000 0.000 0.000 0.000 0.000 0.000 0.000 0.000 0.000 0.000 0.000 0.000 0.000 0.000 0.000 0.000 0.000 0.000 0.000 0.211 0.270 0.346 0.444 0.564 0.701 0.844 1.003 1.183 1.366 1.543 1.719 1.964
0.000 0.000 0.000 0.000 0.000 0.000 0.000 0.000 0.000 0.000 0.000 0.000 0.000 0.000 0.000 0.000 0.000 0.000 0.000 0.000 0.000 0.000 0.000 0.000 0.000 0.000 0.000 0.000 0.000 0.000 0.000 0.000 0.000 0.000 0.000 0.000 0.000 0.000 0.000 0.000 0.000 0.236 0.286 0.348 0.427 0.523 0.624 0.726 0.818 0.943
