tests/test_03/output4/CloudLoad_010.00hrs.dat
NCOLS    50
NROWS    50
XLLCORNER    -2289770.000
YLLCORNER     2591270.000
CELLSIZE        2000.000       2000.000
NODATA_VALUE  0.000
[rows 0 to 31 of 50, columns 0 to 49 of 50]
0.000000 0.000000 0.000000 0.000000 0.000000 0.000000 0.000000 0.000000 0.000000 0.000000 0.000000 0.000000 0.000000 0.444711 1.016215 2.295887 5.239962 11.746096 23.357172 42.409882 73.601883 121.859512 187.653656 270.359467 366.887299 473.663422 591.076721 712.141968 829.809631 930.645508 1009.180664 1059.726196 1078.994751 1065.903687 1011.231506 929.528320 834.780457 729.200806 613.117676 505.789612 407.188660 319.233917 239.870117 172.988373 121.953728 82.242538 53.925758 34.693443 8.341590 1.479857
0.000000 0.000000 0.000000 0.000000 0.000000 0.000000 0.000000 0.000000 0.000000 0.000000 0.000000 0.000000 0.446431 1.041130 2.389072 5.530763 13.608568 29.398434 53.940575 92.492348 152.570389 234.137985 336.075531 457.259674 601.268555 763.788940 936.367188 1113.285156 1273.462524 1404.107056 1503.830566 1578.559937 1599.308594 1577.114258 1494.032227 1367.610352 1242.285034 1092.999146 919.759155 760.322510 612.188110 482.426300 368.003052 270.489960 189.892807 130.999084 84.760399 49.461784 17.177788 2.650643
0.000000 0.000000 0.000000 0.000000 0.000000 0.000000 0.000000 0.000000 0.000000 0.000000 0.248293 0.604685 1.411514 3.231111 7.567950 18.826969 38.156353 67.767914 114.627861 187.358139 288.468292 417.036865 572.751709 762.574402 987.001343 1243.195557 1512.000488 1772.797729 2007.743164 2203.954102 2351.130859 2444.414062 2474.076172 2439.867920 2311.190918 2143.076416 1931.392700 1690.772827 1449.204224 1192.710571 963.495544 757.444397 579.446838 430.615387 302.891052 206.704117 132.313187 72.451042 33.052059 4.489853
0.000000 0.000000 0.000000 0.000000 0.000000 0.000000 0.000000 0.000000 0.000000 0.275983 0.688932 1.639217 3.827579 9.384471 23.226360 46.054462 80.787292 135.780579 220.696671 342.567657 499.899628 694.182739 931.762878 1220.155884 1559.743896 1939.552368 2337.551270 2715.397705 3044.049072 3348.303955 3573.494141 3690.490967 3710.409180 3653.988525 3483.958984 3257.311523 2911.989746 2561.353760 2209.763184 1828.116943 1478.287109 1162.488770 891.798950 660.632812 471.281769 316.157043 199.229691 106.445145 55.218056 7.147903
0.000000 0.000000 0.000000 0.000000 0.000000 0.000000 0.000000 0.000000 0.319162 0.811381 1.961312 4.650990 11.555058 27.825232 53.799335 94.424255 157.699570 255.172943 397.050751 584.254211 816.391602 1105.150024 1460.232422 1884.742310 2371.147949 2903.778564 3462.518066 3998.809326 4500.950195 4931.159668 5258.085938 5404.565918 5397.823242 5324.475098 5122.833008 4758.196777 4308.337891 3787.403076 3249.791260 2714.738281 2202.317383 1735.951660 1329.453003 983.225037 702.780884 464.469025 288.626953 153.948334 84.034409 10.845860
0.000000 0.000000 0.000000 0.000000 0.000000 0.000000 0.000000 0.360645 0.927737 2.272096 5.487651 13.965094 32.309551 61.842888 108.217430 179.359970 289.027283 449.738373 666.201843 938.942993 1274.552979 1696.465942 2207.949219 2801.763916 3467.464111 4185.649414 4936.903809 5711.522461 6425.820312 7028.332031 7445.786621 7663.768555 7687.332031 7551.614258 7266.395508 6762.872070 6184.568359 5414.853027 4640.474609 3914.804199 3185.892822 2510.115967 1914.206909 1412.653320 1001.773926 661.575134 404.681122 216.046555 119.540314 15.711700
0.000000 0.000000 0.000000 0.000000 0.000000 0.000000 0.408022 1.058029 2.618574 6.491961 16.684017 36.957348 69.976021 121.621033 200.540741 319.692383 496.667450 740.412476 1050.224731 1434.848267 1915.860107 2512.515137 3214.044922 4008.268555 4888.475098 5838.757324 6851.082520 7884.655762 8838.841797 9654.750977 10211.235352 10544.584961 10611.543945 10379.066406 9997.183594 9346.672852 8522.849609 7542.260254 6471.522461 5462.551270 4447.362793 3513.145264 2671.095703 1965.865601 1383.713989 915.863342 549.754028 293.080505 163.312515 22.189726
0.000000 0.000000 0.000000 0.000000 0.000000 0.459975 1.197679 2.997742 7.717326 19.727154 41.259972 76.928223 133.308624 218.087204 345.241882 533.814514 799.080383 1142.069824 1569.061768 2105.046631 2773.914795 3578.052979 4497.170410 5527.634277 6664.318848 7897.099121 9202.005859 10539.255859 11759.200195 12827.583984 13585.432617 14008.999023 14165.852539 13874.088867 13347.258789 12469.617188 11389.059570 10180.229492 8771.526367 7368.399902 6022.558105 4766.503418 3623.625977 2656.846680 1857.482910 1229.190063 726.194763 387.291595 216.178391 30.558104
0.000000 0.000000 0.000000 0.000000 0.511318 1.332369 3.400334 8.963681 22.084259 44.805580 81.798340 140.699814 229.748718 361.212860 556.505493 835.711670 1204.555908 1665.274414 2243.340088 2972.061523 3856.339600 4885.171875 6054.295410 7368.449219 8802.951172 10331.830078 11964.070312 13646.370117 15157.181641 16468.427734 17483.968750 18082.044922 18287.843750 17971.628906 17241.916016 16101.209961 14797.467773 13278.135742 11514.947266 9632.510742 7911.945801 6270.776367 4766.966797 3485.718994 2426.070312 1604.284058 935.906433 500.623840 279.214600 41.478607
0.000000 0.000000 0.205866 0.589503 1.618321 4.134209 10.135921 23.430363 46.425400 83.913582 142.978027 232.561127 365.282959 560.931641 843.894043 1226.701538 1711.607300 2316.670410 3081.546387 4025.952881 5136.413086 6413.045898 7872.146973 9497.463867 11241.383789 13122.094727 15126.095703 17113.193359 18920.031250 20489.175781 21834.886719 22663.117188 22801.636719 22523.660156 21528.837891 20217.240234 18629.167969 16757.287109 14591.257812 12234.674805 10060.315430 7979.645020 6085.873047 4437.019531 3085.499023 2036.323242 1179.284546 634.288574 352.390991 55.120724
0.000000 0.281996 0.777751 1.960270 4.572489 10.252201 22.891634 45.577461 82.084068 139.297989 226.300430 355.254761 544.507690 820.598572 1202.533081 1694.576782 2310.983887 3086.655029 4056.926514 5224.850586 6584.078613 8142.481445 9903.649414 11833.180664 13926.643555 16193.412109 18557.953125 20821.970703 22927.638672 24800.671875 26528.210938 27468.445312 27622.376953 27321.562500 26124.886719 24668.759766 22733.228516 20467.167969 17885.476562 15075.846680 12399.437500 9851.660156 7545.389648 5492.203125 3826.406250 2517.078613 1452.747559 785.737366 435.252167 71.821861
0.323851 0.791686 1.895058 4.297417 9.296827 20.159700 41.307564 75.592438 128.669052 209.558884 330.671509 508.285004 764.727295 1128.080566 1610.402954 2217.411865 2978.087158 3935.121094 5114.270996 6522.295898 8152.529297 9997.345703 12048.135742 14313.895508 16788.648438 19424.179688 22088.609375 24631.384766 27019.357422 29325.177734 31279.925781 32303.642578 32592.509766 32124.687500 30946.158203 29256.417969 26942.902344 24273.164062 21288.900391 18068.539062 14844.273438 11823.634766 9091.126953 6622.949707 4629.705566 3034.401855 1752.892700 951.748169 525.839172 91.728493
0.656583 1.518263 3.469320 7.594090 16.088610 33.629391 63.991882 111.342651 182.742432 290.692047 451.525940 683.679932 1011.199890 1459.632935 2040.047729 2764.962646 3672.751709 4810.255859 6206.797363 7861.246094 9750.625977 11865.034180 14221.906250 16843.826172 19687.867188 22664.365234 25622.824219 28451.783203 31230.240234 33808.984375 35917.558594 37058.835938 37507.316406 36902.867188 35752.750000 33790.542969 31096.853516 28049.066406 24677.654297 21084.667969 17311.021484 13832.815430 10673.339844 7788.460449 5468.136719 3570.565186 2071.822021 1128.759644 620.742554 114.820480
1.084175 2.441448 5.454255 11.845691 24.872768 48.936256 88.686775 149.756683 240.828751 378.132477 580.978821 868.258484 1265.718628 1795.975464 2471.890381 3312.105469 4362.330566 5683.686035 7300.908691 9172.491211 11282.696289 13659.345703 16332.937500 19270.603516 22420.677734 25698.728516 28920.494141 32023.478516 35230.878906 38027.183594 40295.117188 41610.992188 42126.199219 41513.226562 40343.535156 38078.996094 35009.785156 31690.732422 27979.761719 23992.806641 19716.632812 15829.000977 12246.301758 8956.730469 6314.918945 4109.665527 2402.469727 1309.693359 716.649597 140.671326
1.572506 3.493387 7.749372 16.948795 34.517075 64.832031 113.812019 189.024719 301.357819 468.513184 712.118103 1053.188721 1516.565674 2123.192627 2882.522705 3817.984375 5007.145508 6514.429199 8315.283203 10343.468750 12630.902344 15255.866211 18197.666016 21387.679688 24768.572266 28257.369141 31680.453125 35113.625000 38562.750000 41471.820312 43865.273438 45375.367188 46169.941406 45707.234375 44523.906250 41876.859375 38630.894531 34962.742188 30994.816406 26637.953125 21963.068359 17718.871094 13748.759766 10089.105469 7138.486816 4631.360352 2732.488770 1489.539307 809.816406 168.643158
2.074939 4.586341 10.183722 22.374975 44.281082 80.503372 138.701797 228.275513 362.719086 559.273010 837.840393 1224.670288 1749.168823 2420.237061 3239.734619 4263.391113 5586.472168 7245.750000 9168.089844 11311.696289 13768.760742 16607.222656 19744.244141 23095.398438 26624.820312 30264.691406 33877.406250 37517.839844 41082.957031 44051.382812 46385.875000 48193.812500 48997.902344 48781.324219 47437.941406 44753.804688 41676.328125 37720.789062 33537.820312 28890.597656 23961.099609 19376.722656 15099.005859 11129.871094 7900.109863 5110.382812 3044.894043 1662.382935 895.501099 198.386047
2.316211 5.164711 11.567845 25.251724 49.261101 89.037903 152.119720 249.627563 395.642303 604.879883 897.582947 1305.504150 1855.721191 2554.712158 3409.719238 4482.347168 5867.351562 7577.231445 9540.321289 11742.869141 14288.802734 17202.416016 20411.525391 23832.480469 27445.697266 31173.851562 34910.031250 38628.402344 42235.128906 45249.976562 47649.878906 49500.875000 50348.679688 50269.203125 48690.812500 46129.914062 43110.859375 39109.246094 34979.343750 30327.603516 25360.167969 20634.921875 16191.467773 12021.063477 8568.958008 5528.444824 3321.272461 1823.052002 969.168457 229.728745
2.360380 5.277085 11.842881 25.763395 50.297703 91.025658 155.052521 254.036987 402.512207 614.312012 909.879272 1322.234863 1876.755615 2581.189941 3443.247070 4526.670410 5920.877441 7636.294434 9602.579102 11816.718750 14369.989258 17285.650391 20498.863281 23926.279297 27527.798828 31256.810547 35030.781250 38795.691406 42419.878906 45380.234375 47822.988281 49761.734375 50667.925781 50659.605469 48994.027344 46516.152344 43498.187500 39504.785156 35426.242188 30832.541016 25948.771484 21209.509766 16732.240234 12533.005859 9026.168945 5879.491699 3554.187012 1966.704346 1033.521118 261.149628
2.291393 5.166449 11.652905 25.274839 49.866268 90.689537 154.444962 252.844803 400.255463 611.064697 905.092346 1314.020386 1862.739624 2563.410156 3425.936279 4511.492676 5898.522949 7579.806152 9504.130859 11690.299805 14207.731445 17071.691406 20214.199219 23576.673828 27102.804688 30757.232422 34500.609375 38231.472656 41732.589844 44660.675781 47133.257812 49126.605469 50044.593750 50226.195312 48522.480469 46406.742188 43469.906250 39521.214844 35470.042969 30916.628906 26095.341797 21382.916016 16920.048828 12729.527344 9225.446289 6090.383301 3730.913330 2086.662354 1090.918823 291.464996
1.776246 4.066327 9.247592 20.239965 41.537281 77.568161 134.033295 221.347748 352.666534 543.322571 810.302979 1179.173218 1678.109009 2326.986816 3143.382324 4171.053223 5460.727539 7017.268555 8818.581055 10885.838867 13264.476562 15968.337891 18945.367188 22153.755859 25547.470703 29066.787109 32653.152344 36184.070312 39489.902344 42371.859375 44789.734375 46754.406250 47687.746094 47889.226562 46352.339844 44491.222656 41790.085938 38147.085938 34450.898438 30244.335938 25718.396484 21194.646484 16895.023438 12779.930664 9297.699219 6189.270508 3812.916504 2171.873779 1138.483765 319.432770
1.209648 2.804223 6.441792 14.522645 30.897041 59.591160 106.123695 179.459717 291.314178 455.156952 686.195374 1006.858337 1446.242188 2025.883179 2761.493164 3688.117432 4852.353027 6268.354004 7921.019043 9824.134766 12009.970703 14491.536133 17236.107422 20209.132812 23371.902344 26658.279297 29999.263672 33305.476562 36441.085938 39167.886719 41444.496094 43316.886719 44239.746094 44523.175781 43163.792969 41454.433594 39045.863281 35697.949219 32318.582031 28476.099609 24323.402344 20174.455078 16196.691406 12416.653320 9155.823242 6210.453125 3849.490479 2220.578613 1172.225830 345.332031
0.700752 1.691667 4.003953 9.248279 20.897360 42.660656 79.127205 137.797272 228.903885 364.307312 557.707825 827.967712 1201.572998 1700.878418 2342.291504 3153.770752 4175.081543 5426.660645 6902.229980 8611.076172 10575.972656 12806.047852 15283.674805 17978.078125 20864.265625 23881.945312 26954.091797 30003.814453 32922.636719 35476.597656 37606.855469 39376.914062 40264.828125 40598.417969 39492.878906 37919.351562 35826.015625 32841.496094 29833.994141 26354.332031 22602.990234 18831.490234 15210.562500 11762.177734 8746.005859 6069.773926 3835.110596 2241.394043 1191.546509 367.643341
0.292185 0.773303 2.005672 4.957647 11.847611 26.641014 52.881046 96.574677 166.445831 272.939117 428.397400 647.979553 954.055237 1369.280884 1910.255981 2599.358154 3470.068115 4545.670898 5828.375488 7323.421875 9048.049805 11009.865234 13197.360352 15585.044922 18159.035156 20872.306641 23646.929688 26403.822266 29062.455078 31435.406250 33400.652344 35034.851562 35864.531250 36212.300781 35402.058594 33951.234375 32173.154297 29588.013672 26969.046875 23878.998047 20592.597656 17221.103516 14000.477539 10927.513672 8187.771973 5785.295898 3714.164307 2219.865967 1192.211304 383.819244
0.000000 0.295991 0.807897 2.129642 5.441095 13.419159 30.397657 59.735989 108.660210 186.607727 304.321991 473.888245 712.612305 1042.429688 1480.672363 2045.056519 2762.266357 3657.190918 4740.544922 6014.008301 7489.321289 9175.402344 11063.310547 13130.907227 15369.993164 17753.880859 20216.250000 22662.195312 25023.177734 27180.136719 28953.767578 30439.496094 31204.687500 31531.574219 31023.712891 29724.537109 28262.039062 26088.876953 23845.531250 21167.082031 18354.884766 15404.877930 12632.094727 9948.357422 7522.404297 5411.322754 3541.135986 2147.703369 1169.970337 394.222137
0.000000 0.000000 0.308366 0.839676 2.201401 5.571787 13.786047 31.630995 62.514282 114.663109 197.044235 319.851624 495.715912 743.266174 1080.363037 1520.911743 2084.547119 2797.543457 3677.824463 4726.458496 5948.597168 7356.439453 8944.702148 10692.478516 12588.324219 14632.205078 16774.187500 18903.968750 20955.003906 22858.509766 24431.583984 25766.818359 26461.669922 26761.779297 26496.082031 25421.824219 24233.611328 22476.775391 20582.296875 18343.085938 15998.415039 13480.418945 11154.194336 8851.664062 6767.588379 4946.875488 3305.181152 2040.484497 1121.973999 396.203644
0.000000 0.000000 0.000000 0.309789 0.844207 2.215494 5.622372 13.949442 32.126980 63.898041 116.569138 199.297485 322.087738 497.965302 744.342285 1073.077026 1497.311646 2039.875610 2720.959717 3549.110107 4525.992188 5663.554688 6964.965332 8409.918945 9976.141602 11664.380859 13463.948242 15283.686523 17026.408203 18645.576172 20027.814453 21201.302734 21815.222656 22070.921875 21976.929688 21201.617188 20204.433594 18888.230469 17314.585938 15489.588867 13594.717773 11522.184570 9618.717773 7700.381348 5963.184082 4430.623047 3018.138184 1902.612305 1059.406738 391.749939
0.000000 0.000000 0.000000 0.000000 0.299534 0.821143 2.169273 5.569589 14.130044 32.252823 63.218651 114.572067 195.757904 314.583374 484.334320 721.125793 1032.684326 1429.453125 1932.162964 2561.617920 3322.763916 4211.636230 5240.043945 6405.287109 7682.014648 9043.690430 10493.888672 11998.885742 13459.700195 14794.155273 15973.757812 16970.480469 17559.853516 17755.050781 17752.146484 17230.144531 16423.023438 15451.229492 14198.377930 12757.606445 11250.745117 9607.956055 8077.568359 6529.741699 5141.300293 3875.399658 2699.926025 1743.231689 986.376343 380.622162
0.000000 0.000000 0.000000 0.000000 0.000000 0.285894 0.792221 2.109930 5.459669 13.941955 31.784758 61.361126 109.508453 185.474731 296.512238 454.531494 673.073853 959.118042 1322.361084 1780.873047 2349.574463 3026.733154 3812.097168 4717.004883 5727.985840 6814.688477 7959.604980 9150.786133 10356.213867 11451.242188 12420.707031 13205.899414 13775.056641 13952.105469 13977.526367 13675.100586 13070.749023 12333.764648 11377.034180 10271.426758 9059.935547 7813.314941 6620.332031 5412.885742 4325.623047 3313.711426 2369.348389 1569.506958 904.333618 364.464325
0.000000 0.000000 0.000000 0.000000 0.000000 0.000000 0.272088 0.758315 2.009874 5.098833 12.625937 29.674417 58.143074 102.325310 170.529037 270.118988 411.866791 609.502747 867.456726 1192.035889 1596.892700 2096.655518 2686.095215 3361.696045 4129.698242 4973.938477 5868.760742 6789.259277 7728.692871 8631.854492 9410.796875 10024.153320 10486.203125 10709.476562 10712.241211 10545.678711 10156.944336 9595.599609 8875.445312 8072.523926 7123.953613 6212.809570 5292.908203 4388.504883 3552.542236 2778.898438 2032.244385 1387.383667 818.932434 345.469666
0.000000 0.000000 0.000000 0.000000 0.000000 0.000000 0.000000 0.255098 0.708673 1.863543 4.668551 11.374058 26.513693 52.192425 92.467506 153.165482 241.699463 366.627472 540.669250 767.864441 1050.084961 1398.271118 1821.659302 2318.458740 2880.223877 3511.979736 4193.080078 4892.816895 5596.266113 6283.084961 6905.840332 7393.996094 7726.200195 7963.140137 7995.288086 7909.297363 7659.729004 7291.003906 6744.899414 6155.642578 5474.381836 4816.459961 4136.400879 3483.042236 2863.437744 2280.741455 1708.597168 1206.101440 729.240295 323.387329
0.000000 0.000000 0.000000 0.000000 0.000000 0.000000 0.000000 0.000000 0.232659 0.646023 1.704557 4.285270 10.394991 23.248465 45.337955 81.399406 136.115814 213.763077 320.619781 467.914490 662.774597 903.752136 1196.369995 1547.781372 1952.674561 2399.049316 2892.201416 3414.246826 3930.591553 4419.845215 4882.039062 5273.206543 5520.383789 5712.491211 5777.124512 5759.383789 5595.907227 5363.029297 4998.870117 4567.977539 4109.053223 3635.958252 3155.018555 2701.563721 2261.236816 1837.872925 1406.028687 1024.544678 639.065857 298.611633
0.000000 0.000000 0.000000 0.000000 0.000000 0.000000 0.000000 0.000000 0.000000 0.207428 0.578218 1.537761 3.892109 9.450085 20.608751 39.488590 69.950836 117.154518 184.244141 275.503204 398.554108 561.395264 760.051758 993.021240 1268.294434 1578.772705 1915.496216 2274.089600 2643.078369 2984.375977 3308.092285 3602.351562 3796.942139 3935.513672 4002.783203 4019.848877 3936.718994 3788.369873 3554.868896 3282.462158 2987.112305 2664.229492 2348.648926 2039.609619 1744.571045 1446.753052 1138.694946 851.116821 550.818787 271.867554
