tests/test_03/output4/CloudConcentration_010.00hrs.dat
NCOLS    50
NROWS    50
XLLCORNER    -2289770.000
YLLCORNER     2591270.000
CELLSIZE        2000.000       2000.000
NODATA_VALUE  0.000
[rows 0 to 45 of 50, columns 0 to 49 of 50]
0.000 0.000 0.000 0.000 0.000 0.000 0.000 0.000 0.000 0.000 0.000 0.000 0.000 0.442 1.007 2.262 5.120 11.317 22.065 39.012 65.449 103.857 153.215 207.883 265.900 325.142 380.395 424.736 463.315 488.009 500.647 493.712 510.583 501.370 472.319 429.102 370.653 315.306 263.388 216.989 188.103 149.872 114.915 80.113 55.597 38.700 29.173 15.742 3.780 0.757
0.000 0.000 0.000 0.000 0.000 0.000 0.000 0.000 0.000 0.000 0.000 0.000 0.444 1.033 2.357 5.411 13.219 28.312 51.235 86.197 139.080 208.017 289.895 379.752 473.106 563.865 651.620 729.192 765.146 782.471 782.950 774.542 742.291 743.460 692.049 631.393 554.760 471.386 392.752 320.965 266.867 221.982 170.699 122.978 86.213 59.339 42.574 25.630 7.737 1.333
0.000 0.000 0.000 0.000 0.000 0.000 0.000 0.000 0.000 0.000 0.248 0.602 1.402 3.198 7.464 18.529 37.371 65.861 110.275 177.813 269.254 382.103 512.424 661.792 822.425 980.948 1115.262 1226.978 1294.356 1301.191 1292.648 1255.049 1187.883 1139.829 1075.765 987.582 885.893 744.638 619.341 507.179 399.408 337.123 263.260 199.652 136.935 93.516 61.224 39.772 15.114 2.234
0.000 0.000 0.000 0.000 0.000 0.000 0.000 0.000 0.000 0.275 0.686 1.631 3.803 9.315 23.037 45.565 79.596 133.045 214.562 329.609 475.326 650.261 856.535 1093.150 1353.168 1612.126 1829.404 1979.902 2076.929 2120.360 2068.739 1979.308 1862.662 1702.339 1626.349 1503.292 1337.587 1157.058 953.478 771.505 622.260 491.725 401.454 301.268 211.770 142.109 89.110 59.698 24.898 3.518
0.000 0.000 0.000 0.000 0.000 0.000 0.000 0.000 0.319 0.810 1.957 4.637 11.515 27.717 53.522 93.745 156.120 251.623 388.997 567.893 786.483 1051.771 1367.878 1729.376 2116.498 2503.855 2844.277 3077.339 3230.270 3299.071 3214.012 3040.152 2818.549 2601.809 2361.852 2207.538 1976.334 1726.760 1426.985 1157.569 925.821 715.051 581.135 441.009 323.204 210.115 130.868 84.896 38.000 5.289
0.000 0.000 0.000 0.000 0.000 0.000 0.000 0.360 0.927 2.270 5.481 13.945 32.254 61.697 107.857 178.508 287.087 445.252 656.171 919.378 1239.061 1632.423 2096.606 2614.550 3162.000 3706.520 4206.370 4629.490 4840.373 4898.570 4848.248 4527.659 4200.296 3838.006 3439.153 3125.911 2834.460 2461.166 2089.469 1682.332 1330.104 1046.046 805.703 631.850 464.214 298.923 184.113 117.036 53.952 7.603
0.000 0.000 0.000 0.000 0.000 0.000 0.408 1.058 2.618 6.489 16.675 36.931 69.906 121.442 200.105 318.673 494.326 734.841 1038.410 1412.356 1874.233 2436.574 3082.073 3787.303 4529.498 5282.118 6002.800 6612.709 6968.007 7039.507 6934.284 6584.394 6057.536 5494.259 4921.632 4265.136 3914.618 3420.833 2924.543 2369.485 1873.259 1465.090 1087.624 877.391 637.000 413.872 249.843 156.666 73.568 10.693
0.000 0.000 0.000 0.000 0.000 0.460 1.198 2.997 7.716 19.723 41.249 76.897 133.224 217.873 344.724 532.603 796.233 1135.462 1555.790 2079.359 2725.364 3489.763 4344.160 5272.174 6254.859 7258.976 8226.666 9085.739 9619.418 9782.011 9573.771 9203.566 8484.655 7651.666 6778.769 5907.406 5215.568 4620.229 3939.938 3250.833 2560.965 1973.672 1486.863 1168.181 847.775 559.387 329.160 204.779 97.201 14.679
0.000 0.000 0.000 0.000 0.511 1.332 3.400 8.963 22.083 44.801 81.785 140.662 229.648 360.960 555.896 834.277 1201.130 1657.918 2228.535 2942.534 3800.541 4785.241 5881.880 7079.812 8341.156 9617.968 10869.396 11988.179 12750.881 13117.496 12846.623 12317.621 11503.434 10270.302 9048.580 7887.146 6709.053 6023.121 5140.998 4308.842 3381.994 2593.607 1972.839 1500.758 1102.212 737.879 422.885 262.022 125.304 19.893
0.000 0.000 0.206 0.590 1.618 4.134 10.136 23.430 46.424 83.908 142.962 232.517 365.166 560.638 843.188 1225.030 1707.648 2308.443 3064.785 3992.343 5074.069 6302.547 7680.001 9176.246 10733.930 12327.314 13894.435 15275.735 16301.794 16761.945 16634.143 15920.040 14911.043 13357.064 11726.435 10157.281 8680.293 7588.509 6525.851 5461.996 4324.948 3319.546 2527.639 1874.791 1398.915 948.301 531.120 328.483 157.809 26.384
0.000 0.282 0.778 1.960 4.572 10.252 22.891 45.577 82.082 139.293 226.284 355.208 544.382 820.277 1201.746 1692.693 2306.561 3077.449 4038.327 5188.192 6514.936 8018.773 9691.279 11485.431 13369.595 15308.986 17200.244 18837.949 20057.023 20707.809 20879.830 19901.959 18548.607 16828.166 14693.489 12665.491 10842.971 9232.312 7999.584 6691.894 5370.480 4128.277 3129.051 2284.237 1730.981 1185.123 651.965 402.266 194.505 34.336
0.324 0.792 1.895 4.297 9.297 20.160 41.307 75.592 128.667 209.553 330.655 508.238 764.600 1127.753 1609.589 2215.418 2973.501 3925.610 5094.994 6483.306 8076.919 9862.562 11821.461 13937.193 16173.281 18454.834 20627.770 22484.443 23909.689 24927.795 25184.002 24001.777 22397.605 20516.227 17833.361 15363.941 13095.048 10874.943 9507.341 7962.171 6475.656 4979.550 3754.825 2715.271 2087.025 1440.796 783.475 481.427 234.467 43.821
0.657 1.518 3.469 7.594 16.089 33.629 63.992 111.342 182.741 290.687 451.510 683.633 1011.073 1459.305 2039.229 2762.923 3668.150 4800.791 6187.096 7820.088 9673.473 11728.288 13985.453 16442.242 19029.436 21630.047 24055.152 26133.111 27904.473 29116.031 29338.641 28146.678 26327.660 24048.811 21078.789 18121.375 15348.903 12798.239 10993.188 9237.026 7599.506 5841.427 4386.596 3152.517 2455.119 1701.991 921.919 564.456 276.124 54.867
1.084 2.441 5.454 11.846 24.873 48.936 88.687 149.756 240.828 378.128 580.965 868.216 1265.599 1795.658 2471.079 3310.071 4357.812 5674.363 7280.801 9130.826 11206.261 13522.948 16092.020 18863.396 21754.568 24638.246 27295.240 29631.221 31771.514 33047.824 33319.984 32228.402 30171.291 27496.453 24314.818 20815.453 17509.348 14680.514 12434.277 10472.577 8665.921 6691.512 5010.716 3630.740 2824.005 1956.217 1064.106 648.413 318.012 67.301
1.573 3.493 7.749 16.949 34.517 64.832 113.812 189.025 301.357 468.510 712.106 1053.152 1516.461 2122.909 2881.788 3816.158 5002.972 6505.398 8294.926 10302.676 12556.996 15120.231 17956.154 20980.971 24101.879 27189.223 30048.086 32716.789 35053.535 36398.480 36808.516 36022.156 33665.773 30687.980 27351.320 23316.727 19614.404 16414.416 13739.764 11634.342 9636.675 7487.828 5619.061 4095.130 3178.657 2201.822 1205.674 730.560 358.562 80.907
2.075 4.586 10.184 22.375 44.281 80.503 138.702 228.275 362.718 559.270 837.831 1224.640 1749.079 2419.991 3239.096 4261.812 5582.758 7237.258 9148.265 11273.574 13697.542 16472.705 19505.584 22695.463 25961.303 29194.877 32266.607 35139.855 37558.109 38981.809 39508.547 38855.535 36475.426 33367.477 29986.588 25451.449 21440.605 17909.779 14820.136 12634.492 10486.669 8194.677 6161.793 4518.292 3498.021 2423.656 1339.121 807.218 395.592 95.629
2.316 5.165 11.568 25.252 49.261 89.038 152.120 249.628 395.642 604.878 897.576 1305.480 1855.647 2554.504 3409.172 4480.981 5864.091 7569.594 9522.432 11707.662 14221.045 17074.912 20183.203 23444.262 26791.326 30127.619 33325.164 36264.645 38716.965 40248.828 40825.992 40198.602 37916.961 34759.625 31147.000 26620.033 22454.068 18694.762 15316.650 13157.941 10992.864 8684.581 6596.416 4872.339 3759.655 2609.997 1455.692 876.279 427.232 111.592
2.360 5.277 11.843 25.763 50.298 91.026 155.053 254.037 402.512 614.311 909.874 1322.216 1876.697 2581.020 3442.787 4525.499 5918.036 7629.581 9586.787 11784.077 14306.935 17166.947 20284.602 23556.043 26906.102 30259.672 33497.957 36472.324 38939.934 40473.121 41080.574 40500.617 38279.828 35157.398 31444.018 26954.926 22739.510 18906.340 15456.576 13283.452 11136.155 8831.941 6759.146 5041.798 3898.915 2750.828 1552.478 937.550 458.396 127.865
2.291 5.166 11.653 25.275 49.866 90.690 154.445 252.845 400.256 611.064 905.089 1314.007 1862.695 2563.275 3425.560 4510.509 5896.085 7573.981 9490.385 11660.604 14149.502 16961.979 20015.719 23227.922 26517.453 29822.984 33052.461 36023.906 38440.625 40000.051 40666.066 40213.109 38122.414 35106.266 31315.680 26976.291 22756.965 18902.637 15473.135 13275.126 11139.847 8849.313 6785.224 5075.067 3937.353 2819.310 1623.181 989.493 491.715 143.807
1.776 4.066 9.248 20.240 41.537 77.568 134.033 221.348 352.667 543.322 810.301 1179.164 1678.076 2326.883 3143.082 4170.244 5458.670 7012.272 8806.759 10859.458 13211.440 15867.853 18763.061 21830.105 25000.764 28193.959 31291.512 34101.273 36403.867 37982.738 38667.707 38345.379 36513.809 33604.430 30010.145 26064.658 21988.875 18239.496 15026.749 12853.160 10870.512 8702.115 6728.072 5058.431 3935.012 2839.995 1650.333 1027.223 518.174 158.728
1.210 2.804 6.442 14.523 30.897 59.591 106.124 179.460 291.314 455.157 686.194 1006.852 1446.219 2025.806 2761.261 3687.469 4850.657 6264.142 7910.945 9801.212 11962.658 14400.726 17070.436 19914.174 22867.902 25846.496 28731.355 31358.535 33539.250 35038.605 35680.008 35389.504 33687.129 31048.951 27748.488 24080.160 20345.818 16913.730 13972.875 11930.521 10142.729 8135.729 6350.233 4843.378 3809.303 2816.964 1658.288 1047.356 536.501 172.794
0.701 1.692 4.004 9.248 20.897 42.661 79.127 137.797 228.904 364.307 557.707 827.964 1201.557 1700.824 2342.119 3153.271 4173.729 5423.214 6893.831 8591.569 10534.710 12725.401 15134.983 17713.197 20406.979 23136.953 25789.824 28214.006 30239.844 31653.629 32263.729 32014.232 30451.230 28111.830 25164.422 21809.150 18452.365 15359.071 12732.660 10930.606 9324.278 7484.605 5872.344 4507.574 3590.838 2692.319 1642.440 1052.077 547.848 185.064
0.292 0.773 2.006 4.958 11.848 26.641 52.881 96.575 166.446 272.939 428.397 647.977 954.045 1369.243 1910.131 2598.981 3469.013 4542.912 5821.516 7307.173 9012.872 10939.534 13065.687 15350.093 17750.900 20199.492 22591.225 24782.078 26622.553 27936.605 28510.084 28293.551 26872.488 24827.158 22286.348 19277.086 16339.597 13621.720 11328.534 9814.303 8368.842 6741.751 5323.811 4118.018 3326.662 2519.698 1575.754 1033.479 548.351 194.534
0.000 0.296 0.808 2.130 5.441 13.419 30.398 59.736 108.660 186.608 304.322 473.886 712.605 1042.402 1480.580 2044.771 2761.449 3655.005 4735.022 6000.695 7459.947 9115.232 10948.448 12924.887 15011.597 17156.174 19270.646 21211.156 22839.455 24016.414 24541.248 24368.445 23092.025 21329.707 19228.625 16596.537 14105.419 11791.849 9855.973 8614.692 7305.573 5929.915 4714.455 3687.773 3022.677 2307.411 1486.340 992.548 535.629 200.979
0.000 0.000 0.308 0.840 2.201 5.572 13.786 31.631 62.514 114.663 197.044 319.850 495.710 743.245 1080.294 1520.697 2083.920 2795.834 3673.429 4715.648 5924.301 7305.756 8846.007 10513.658 12278.140 14110.033 15938.205 17621.541 19028.500 20044.873 20513.887 20394.348 19260.473 17800.584 16114.647 13877.707 11835.371 9936.778 8398.545 7378.646 6223.958 5087.883 4074.059 3250.665 2692.663 2063.015 1367.942 928.883 509.491 203.204
0.000 0.000 0.000 0.310 0.844 2.215 5.622 13.949 32.127 63.898 116.569 199.296 322.083 497.950 744.290 1072.915 1496.835 2038.552 2717.497 3540.462 4505.840 5621.363 6881.524 8256.019 9708.963 11214.864 12735.644 14161.739 15347.882 16188.620 16583.375 16519.057 15540.478 14370.521 13026.942 11220.510 9599.445 8120.443 6953.415 6137.296 5156.595 4245.151 3439.191 2796.842 2340.992 1800.404 1226.376 853.997 476.333 202.154
0.000 0.000 0.000 0.000 0.300 0.821 2.169 5.570 14.130 32.253 63.218 114.571 195.755 314.571 484.295 721.003 1032.322 1428.438 1929.474 2554.842 3306.290 4176.718 5170.634 6274.715 7451.642 8659.820 9870.516 11028.114 12011.301 12681.959 12977.959 12917.318 12178.611 11246.833 10168.771 8795.284 7534.197 6419.769 5621.965 4943.303 4156.345 3441.782 2820.146 2347.705 1983.767 1532.143 1071.699 772.310 438.391 196.615
0.000 0.000 0.000 0.000 0.000 0.286 0.792 2.110 5.460 13.942 31.785 61.360 109.506 185.466 296.482 454.437 672.795 958.337 1320.279 1775.599 2336.653 2997.977 3755.071 4608.613 5533.653 6488.173 7434.931 8327.694 9123.397 9661.712 9876.598 9725.562 9256.150 8553.621 7685.542 6703.410 5753.443 4919.008 4439.294 3853.418 3263.657 2720.213 2244.976 1935.782 1621.093 1270.267 912.451 687.289 397.220 187.583
0.000 0.000 0.000 0.000 0.000 0.000 0.272 0.758 2.010 5.099 12.626 29.674 58.141 102.318 170.506 270.047 411.653 608.901 865.845 1187.919 1586.959 2073.754 2639.287 3272.962 3969.235 4701.042 5430.546 6109.455 6698.134 7140.276 7303.909 7127.917 6797.220 6324.671 5633.730 4945.638 4275.736 3757.617 3400.750 2939.436 2502.882 2105.874 1779.882 1556.716 1295.607 1029.676 779.475 603.374 355.632 175.031
0.000 0.000 0.000 0.000 0.000 0.000 0.000 0.255 0.709 1.864 4.668 11.374 26.512 52.187 92.449 153.110 241.535 366.166 539.433 764.699 1042.260 1380.422 1784.132 2245.970 2751.256 3290.476 3834.880 4340.016 4764.507 5066.269 5202.196 5067.166 4822.359 4498.625 4005.692 3526.515 3076.438 2816.080 2515.253 2188.670 1873.566 1591.502 1405.658 1208.756 1018.108 819.047 649.244 518.779 313.366 160.276
0.000 0.000 0.000 0.000 0.000 0.000 0.000 0.000 0.233 0.646 1.704 4.285 10.394 23.244 45.323 81.354 135.986 213.405 319.665 465.486 656.789 889.624 1167.106 1490.912 1850.073 2226.920 2611.157 2977.122 3280.329 3471.681 3545.268 3480.966 3313.958 3072.188 2765.843 2440.225 2178.640 2043.355 1817.378 1592.912 1373.742 1205.877 1077.032 922.970 784.014 642.620 529.344 431.845 270.203 144.932
0.000 0.000 0.000 0.000 0.000 0.000 0.000 0.000 0.000 0.207 0.578 1.537 3.891 9.446 20.596 39.452 69.847 116.874 183.508 273.630 393.969 550.448 737.191 950.618 1191.806 1448.783 1706.992 1948.751 2158.526 2287.497 2328.152 2301.068 2199.844 2025.525 1836.321 1632.637 1520.675 1419.402 1272.614 1122.238 978.677 898.433 797.098 688.432 588.818 492.665 426.635 345.989 227.661 129.175
0.000 0.000 0.000 0.000 0.000 0.000 0.000 0.000 0.000 0.000 0.000 0.510 1.361 3.445 8.283 17.901 33.935 59.017 97.603 153.504 227.813 322.594 440.498 577.959 728.949 891.430 1056.849 1211.570 1336.616 1429.999 1449.011 1435.183 1384.731 1270.790 1157.503 1036.346 1003.545 936.036 851.121 753.922 682.403 638.037 568.347 496.291 429.458 374.549 332.013 270.100 185.856 112.140
0.000 0.000 0.000 0.000 0.000 0.000 0.000 0.000 0.000 0.000 0.000 0.000 0.444 1.182 2.990 7.140 14.899 28.430 49.627 80.633 124.177 179.018 245.646 324.677 413.193 506.940 602.000 692.091 765.319 820.495 838.982 828.628 805.282 748.120 677.416 617.006 605.892 571.391 524.678 472.422 445.583 421.027 382.662 339.670 298.885 277.360 245.101 203.619 152.576 94.693
0.000 0.000 0.000 0.000 0.000 0.000 0.000 0.000 0.000 0.000 0.000 0.000 0.000 0.379 1.000 2.537 6.044 12.429 23.236 39.227 60.572 87.779 120.286 158.003 199.836 244.797 290.735 334.191 372.508 401.560 417.534 415.839 399.022 380.592 343.768 307.903 309.037 301.759 283.225 258.865 256.382 249.529 234.086 214.013 202.073 189.343 171.973 146.245 120.329 78.346
0.000 0.000 0.000 0.000 0.000 0.000 0.000 0.000 0.000 0.000 0.000 0.000 0.000 0.000 0.317 0.832 2.167 5.109 9.571 15.717 23.696 33.480 45.214 58.801 73.730 89.663 105.795 120.801 133.734 144.044 148.777 150.432 144.703 136.998 126.260 112.304 109.208 111.618 111.756 108.699 117.137 123.543 121.100 121.800 122.602 118.970 111.704 99.286 90.477 62.673
0.000 0.000 0.000 0.000 0.000 0.000 0.000 0.000 0.000 0.000 0.000 0.000 0.000 0.000 0.000 0.257 0.710 1.768 3.172 4.985 7.385 10.392 13.991 18.113 22.528 27.045 31.404 35.123 37.860 39.693 40.336 39.795 38.219 35.218 32.692 28.808 29.578 30.610 31.240 35.015 40.399 47.116 54.467 60.538 64.449 66.781 68.067 66.454 62.136 47.925
0.000 0.000 0.000 0.000 0.000 0.000 0.000 0.000 0.000 0.000 0.000 0.000 0.000 0.000 0.000 0.000 0.205 0.456 0.794 1.239 1.819 2.545 3.409 4.385 5.416 6.435 7.353 8.042 8.427 8.532 8.396 7.880 7.277 6.552 5.907 6.173 7.858 9.921 12.630 15.893 18.997 22.438 26.393 30.206 34.093 37.938 40.501 41.165 39.961 33.670
0.000 0.000 0.000 0.000 0.000 0.000 0.000 0.000 0.000 0.000 0.000 0.000 0.000 0.000 0.000 0.000 0.000 0.000 0.000 0.248 0.359 0.494 0.648 0.818 0.998 1.173 1.320 1.426 1.472 1.474 1.400 1.292 1.402 1.859 2.398 3.006 3.768 4.818 6.210 7.918 9.827 11.763 13.747 15.886 18.292 20.956 23.330 24.798 24.872 24.428
0.000 0.000 0.000 0.000 0.000 0.000 0.000 0.000 0.000 0.000 0.000 0.000 0.000 0.000 0.000 0.000 0.000 0.000 0.000 0.000 0.000 0.000 0.000 0.133 0.159 0.184 0.205 0.221 0.230 0.288 0.391 0.533 0.719 0.947 1.227 1.539 1.971 2.543 3.299 4.276 5.462 6.683 7.860 9.001 10.449 12.292 14.274 15.942 16.292 16.160
0.000 0.000 0.000 0.000 0.000 0.000 0.000 0.000 0.000 0.000 0.000 0.000 0.000 0.000 0.000 0.000 0.000 0.000 0.000 0.000 0.000 0.000 0.000 0.000 0.000 0.000 0.062 0.089 0.118 0.159 0.223 0.309 0.416 0.549 0.717 0.909 1.124 1.427 1.840 2.371 3.020 3.707 4.374 5.118 6.038 7.086 8.162 9.171 9.611 9.593
0.000 0.000 0.000 0.000 0.000 0.000 0.000 0.000 0.000 0.000 0.000 0.000 0.000 0.000 0.000 0.000 0.000 0.000 0.000 0.000 0.000 0.000 0.000 0.000 0.000 0.000 0.000 0.000 0.000 0.096 0.133 0.179 0.235 0.303 0.386 0.477 0.588 0.734 0.932 1.186 1.476 1.802 2.146 2.630 3.178 3.751 4.327 4.888 5.380 5.547
0.000 0.000 0.000 0.000 0.000 0.000 0.000 0.000 0.000 0.000 0.000 0.000 0.000 0.000 0.000 0.000 0.000 0.000 0.000 0.000 0.000 0.000 0.000 0.000 0.000 0.000 0.000 0.000 0.000 0.000 0.000 0.093 0.118 0.148 0.191 0.241 0.296 0.366 0.464 0.582 0.731 0.918 1.150 1.475 1.821 2.160 2.490 2.818 3.157 3.458
0.000 0.000 0.000 0.000 0.000 0.000 0.000 0.000 0.000 0.000 0.000 0.000 0.000 0.000 0.000 0.000 0.000 0.000 0.000 0.000 0.000 0.000 0.000 0.000 0.000 0.000 0.000 0.000 0.000 0.000 0.000 0.000 0.000 0.000 0.111 0.142 0.178 0.224 0.284 0.354 0.436 0.553 0.692 0.832 0.981 1.139 1.301 1.459 1.630 1.850
0.000 0.000 0.000 0.000 0.000 0.000 0.000 0.000 0.000 0.000 0.000 0.000 0.000 0.000 0.000 0.000 0.000 0.000 0.000 0.000 0.000 0.000 0.000 0.000 0.000 0.000 0.000 0.000 0.000 0.000 0.000 0.000 0.000 0.000 0.000 0.000 0.000 0.099 0.128 0.159 0.199 0.252 0.311 0.371 0.441 0.522 0.605 0.683 0.767 0.876
0.000 0.000 0.000 0.000 0.000 0.000 0.000 0.000 0.000 0.000 0.000 0.000 0.000 0.000 0.000 0.000 0.000 0.000 0.000 0.000 0.000 0.000 0.000 0.000 0.000 0.000 0.000 0.000 0.000 0.000 0.000 0.000 0.000 0.000 0.000 0.000 0.000 0.000 0.000 0.000 0.000 0.103 0.124 0.151 0.186 0.230 0.276 0.324 0.368 0.425
