tests/test_03/output4/CloudLoad_010.00hrs.dat
NCOLS    50
NROWS    50
XLLCORNER    -2289770.000
YLLCORNER     2591270.000
CELLSIZE        2000.000       2000.000
NODATA_VALUE -9999.
[rows 0 to 31 of 50, columns 0 to 49 of 50]
0.000000 0.000000 0.000000 0.000000 0.000000 0.000000 0.000000 0.000000 0.000000 0.000000 0.000000 0.000000 0.000000 0.444712 1.016216 2.295889 5.239968 11.746111 23.357201 42.409931 73.601952 121.859612 187.653809 270.359680 366.887573 473.663696 591.077026 712.142334 829.810059 930.645935 1009.181091 1059.726562 1078.994995 1065.903809 1011.231689 929.528503 834.780518 729.200867 613.117737 505.789612 407.188660 319.233917 239.870087 172.988342 121.953705 82.242531 53.925751 34.693432 8.341589 1.479857
0.000000 0.000000 0.000000 0.000000 0.000000 0.000000 0.000000 0.000000 0.000000 0.000000 0.000000 0.000000 0.446432 1.041131 2.389075 5.530769 13.608587 29.398472 53.940636 92.492439 152.570511 234.138184 336.075806 457.260040 601.268982 763.789429 936.367676 1113.285767 1273.463013 1404.107544 1503.831177 1578.560425 1599.308960 1577.114624 1494.032471 1367.610596 1242.285156 1092.999146 919.759216 760.322510 612.188110 482.426270 368.002991 270.489899 189.892776 130.999054 84.760384 49.461769 17.177786 2.650643
0.000000 0.000000 0.000000 0.000000 0.000000 0.000000 0.000000 0.000000 0.000000 0.000000 0.248293 0.604686 1.411516 3.231116 7.567959 18.826996 38.156399 67.767990 114.627975 187.358307 288.468536 417.037201 572.752136 762.574951 987.002014 1243.196289 1512.001343 1772.798706 2007.744141 2203.954834 2351.131592 2444.414795 2474.076904 2439.868408 2311.191162 2143.076660 1931.392944 1690.772827 1449.204224 1192.710571 963.495422 757.444275 579.446716 430.615326 302.890991 206.704071 132.313156 72.451019 33.052055 4.489853
0.000000 0.000000 0.000000 0.000000 0.000000 0.000000 0.000000 0.000000 0.000000 0.275984 0.688933 1.639220 3.827584 9.384484 23.226391 46.054520 80.787384 135.780716 220.696884 342.567963 499.900055 694.183289 931.763611 1220.156860 1559.744995 1939.553589 2337.552490 2715.399170 3044.050293 3348.305176 3573.495117 3690.492188 3710.410156 3653.989258 3483.959473 3257.311768 2911.989746 2561.353760 2209.762939 1828.116821 1478.286987 1162.488647 891.798767 660.632690 471.281677 316.156982 199.229630 106.445114 55.218040 7.147902
0.000000 0.000000 0.000000 0.000000 0.000000 0.000000 0.000000 0.000000 0.319163 0.811383 1.961315 4.650997 11.555074 27.825268 53.799404 94.424370 157.699738 255.173203 397.051147 584.254700 816.392273 1105.151001 1460.233521 1884.743652 2371.149658 2903.780518 3462.520020 3998.811279 4500.952148 4931.161133 5258.087402 5404.567383 5397.824219 5324.476074 5122.833496 4758.197266 4308.337891 3787.403076 3249.791016 2714.738037 2202.317139 1735.951294 1329.452637 983.224854 702.780701 464.468872 288.626892 153.948288 84.034378 10.845859
0.000000 0.000000 0.000000 0.000000 0.000000 0.000000 0.000000 0.360646 0.927738 2.272099 5.487659 13.965115 32.309593 61.842960 108.217560 179.360168 289.027588 449.738800 666.202454 938.943848 1274.554077 1696.467285 2207.950684 2801.765625 3467.466309 4185.651855 4936.906250 5711.525391 6425.822754 7028.334473 7445.789062 7663.770508 7687.333496 7551.615234 7266.395996 6762.872070 6184.568359 5414.852539 4640.474121 3914.803711 3185.892334 2510.115479 1914.206421 1412.652954 1001.773621 661.574951 404.681000 216.046478 119.540268 15.711696
0.000000 0.000000 0.000000 0.000000 0.000000 0.000000 0.408023 1.058030 2.618578 6.491971 16.684040 36.957397 69.976105 121.621170 200.540970 319.692719 496.667938 740.413147 1050.225708 1434.849487 1915.861694 2512.516846 3214.047119 4008.270996 4888.478027 5838.760742 6851.085938 7884.659180 8838.845703 9654.754883 10211.238281 10544.587891 10611.545898 10379.067383 9997.183594 9346.672852 8522.848633 7542.259277 6471.521484 5462.550781 4447.361816 3513.144287 2671.094971 1965.864990 1383.713501 915.863037 549.753845 293.080383 163.312439 22.189718
0.000000 0.000000 0.000000 0.000000 0.000000 0.459976 1.197680 2.997747 7.717337 19.727180 41.260021 76.928322 133.308792 218.087448 345.242249 533.815063 799.081116 1142.070801 1569.063110 2105.048340 2773.916748 3578.055420 4497.173340 5527.637207 6664.322266 7897.103027 9202.010742 10539.259766 11759.205078 12827.587891 13585.436523 14009.001953 14165.854492 13874.089844 13347.258789 12469.617188 11389.058594 10180.228516 8771.525391 7368.398438 6022.556641 4766.502441 3623.625000 2656.845703 1857.482178 1229.189575 726.194458 387.291412 216.178284 30.558094
0.000000 0.000000 0.000000 0.000000 0.511318 1.332371 3.400339 8.963695 22.084290 44.805634 81.798439 140.699982 229.748978 361.213226 556.506042 835.712463 1204.557007 1665.275879 2243.341797 2972.063721 3856.342285 4885.174805 6054.298828 7368.453613 8802.955078 10331.835938 11964.075195 13646.375977 15157.187500 16468.433594 17483.972656 18082.046875 18287.845703 17971.630859 17241.916016 16101.209961 14797.466797 13278.133789 11514.945312 9632.508789 7911.943848 6270.774414 4766.965332 3485.717773 2426.069336 1604.283447 935.906006 500.623596 279.214447 41.478588
0.000000 0.000000 0.205866 0.589504 1.618323 4.134216 10.135936 23.430393 46.425457 83.913681 142.978195 232.561386 365.283356 560.932190 843.894836 1226.702759 1711.608765 2316.672363 3081.548828 4025.955566 5136.416504 6413.049805 7872.151367 9497.468750 11241.389648 13122.100586 15126.101562 17113.199219 18920.037109 20489.181641 21834.890625 22663.119141 22801.638672 22523.660156 21528.837891 20217.238281 18629.166016 16757.283203 14591.254883 12234.671875 10060.312500 7979.642578 6085.870605 4437.017578 3085.497559 2036.322266 1179.283936 634.288208 352.390778 55.120697
0.000000 0.281996 0.777752 1.960273 4.572496 10.252215 22.891663 45.577511 82.084167 139.298157 226.300690 355.255127 544.508179 820.599365 1202.534058 1694.578247 2310.985840 3086.657471 4056.929443 5224.854004 6584.082520 8142.486328 9903.655273 11833.187500 13926.650391 16193.418945 18557.960938 20821.978516 22927.644531 24800.677734 26528.216797 27468.449219 27622.378906 27321.562500 26124.886719 24668.757812 22733.226562 20467.164062 17885.472656 15075.842773 12399.433594 9851.656250 7545.386230 5492.200684 3826.404297 2517.077148 1452.746826 785.736816 435.251862 71.821823
0.323851 0.791687 1.895061 4.297424 9.296840 20.159723 41.307610 75.592529 128.669205 209.559128 330.671844 508.285522 764.728027 1128.081665 1610.404419 2217.413818 2978.089600 3935.124023 5114.274414 6522.300293 8152.534180 9997.351562 12048.142578 14313.902344 16788.656250 19424.187500 22088.617188 24631.392578 27019.363281 29325.183594 31279.931641 32303.646484 32592.511719 32124.689453 30946.156250 29256.414062 26942.898438 24273.158203 21288.894531 18068.533203 14844.268555 11823.629883 9091.123047 6622.946289 4629.703125 3034.400146 1752.891602 951.747559 525.838806 91.728439
0.656584 1.518265 3.469325 7.594101 16.088631 33.629429 63.991959 111.342781 182.742645 290.692383 451.526398 683.680542 1011.200806 1459.634155 2040.049438 2764.964844 3672.754639 4810.259277 6206.801270 7861.250977 9750.631836 11865.041016 14221.914062 16843.833984 19687.876953 22664.373047 25622.832031 28451.792969 31230.248047 33808.988281 35917.566406 37058.839844 37507.316406 36902.867188 35752.746094 33790.539062 31096.849609 28049.060547 24677.646484 21084.660156 17311.015625 13832.809570 10673.334961 7788.456543 5468.133789 3570.563232 2071.820557 1128.758911 620.742126 114.820412
1.084177 2.441451 5.454263 11.845707 24.872799 48.936314 88.686874 149.756851 240.829025 378.132874 580.979370 868.259277 1265.719727 1795.976929 2471.892578 3312.107910 4362.333496 5683.689941 7300.913086 9172.496094 11282.703125 13659.353516 16332.945312 19270.611328 22420.687500 25698.738281 28920.503906 32023.486328 35230.886719 38027.191406 40295.121094 41610.996094 42126.199219 41513.226562 40343.531250 38078.992188 35009.777344 31690.724609 27979.751953 23992.798828 19716.625000 15828.993164 12246.294922 8956.725586 6314.915039 4109.663086 2402.468262 1309.692505 716.649109 140.671249
1.572508 3.493392 7.749383 16.948818 34.517117 64.832108 113.812157 189.024933 301.358124 468.513672 712.118774 1053.189697 1516.566895 2123.194336 2882.525146 3817.987305 5007.148926 6514.433105 8315.288086 10343.475586 12630.909180 15255.874023 18197.673828 21387.689453 24768.582031 28257.378906 31680.462891 35113.632812 38562.757812 41471.828125 43865.281250 45375.371094 46169.941406 45707.230469 44523.902344 41876.855469 38630.882812 34962.730469 30994.804688 26637.941406 21963.056641 17718.863281 13748.751953 10089.098633 7138.482422 4631.357422 2732.487061 1489.538330 809.815857 168.643051
2.074942 4.586348 10.183736 22.375002 44.281136 80.503464 138.701965 228.275742 362.719452 559.273560 837.841187 1224.671387 1749.170166 2420.239014 3239.737061 4263.394043 5586.475586 7245.754395 9168.095703 11311.703125 13768.768555 16607.230469 19744.251953 23095.408203 26624.830078 30264.703125 33877.414062 37517.847656 41082.964844 44051.390625 46385.878906 48193.812500 48997.902344 48781.320312 47437.933594 44753.792969 41676.312500 37720.781250 33537.808594 28890.585938 23961.087891 19376.712891 15098.997070 11129.864258 7900.104980 5110.379883 3044.892090 1662.381836 895.500427 198.385925
2.316214 5.164719 11.567861 25.251753 49.261154 89.038002 152.119888 249.627823 395.642670 604.880493 897.583740 1305.505249 1855.722534 2554.714111 3409.721924 4482.350098 5867.354980 7577.235352 9540.327148 11742.875000 14288.809570 17202.423828 20411.533203 23832.488281 27445.705078 31173.861328 34910.039062 38628.410156 42235.136719 45249.980469 47649.882812 49500.875000 50348.679688 50269.195312 48690.804688 46129.902344 43110.843750 39109.234375 34979.328125 30327.589844 25360.154297 20634.910156 16191.458008 12021.056641 8568.953125 5528.441406 3321.270264 1823.050781 969.167786 229.728592
2.360383 5.277092 11.842896 25.763426 50.297756 91.025749 155.052689 254.037247 402.512604 614.312622 909.880066 1322.235840 1876.757080 2581.191895 3443.249756 4526.673340 5920.880859 7636.298828 9602.583984 11816.725586 14369.996094 17285.658203 20498.873047 23926.287109 27527.808594 31256.820312 35030.789062 38795.695312 42419.886719 45380.238281 47822.992188 49761.730469 50667.921875 50659.597656 48994.019531 46516.140625 43498.175781 39504.769531 35426.226562 30832.525391 25948.757812 21209.496094 16732.230469 12532.998047 9026.162109 5879.487793 3554.184570 1966.702881 1033.520386 261.149475
2.291396 5.166455 11.652920 25.274866 49.866322 90.689629 154.445114 252.845062 400.255859 611.065308 905.093140 1314.021362 1862.741089 2563.411865 3425.938721 4511.495605 5898.526367 7579.810059 9504.135742 11690.305664 14207.738281 17071.697266 20214.207031 23576.681641 27102.812500 30757.238281 34500.617188 38231.476562 41732.593750 44660.679688 47133.257812 49126.601562 50044.589844 50226.187500 48522.472656 46406.726562 43469.894531 39521.199219 35470.027344 30916.613281 26095.326172 21382.902344 16920.037109 12729.519531 9225.440430 6090.379395 3730.910645 2086.660645 1090.918091 291.464813
1.776248 4.066332 9.247605 20.239990 41.537319 77.568245 134.033432 221.347961 352.666840 543.323059 810.303650 1179.174194 1678.110229 2326.988281 3143.384521 4171.055664 5460.730469 7017.272461 8818.585938 10885.843750 13264.481445 15968.344727 18945.373047 22153.761719 25547.478516 29066.792969 32653.158203 36184.074219 39489.906250 42371.859375 44789.734375 46754.402344 47687.738281 47889.214844 46352.328125 44491.207031 41790.070312 38147.070312 34450.882812 30244.320312 25718.382812 21194.634766 16895.011719 12779.921875 9297.692383 6189.266113 3812.913818 2171.872070 1138.482910 319.432526
1.209649 2.804227 6.441801 14.522666 30.897078 59.591221 106.123802 179.459885 291.314423 455.157318 686.195923 1006.859070 1446.243164 2025.884521 2761.495117 3688.119629 4852.355469 6268.356934 7921.022949 9824.139648 12009.975586 14491.541016 17236.113281 20209.138672 23371.908203 26658.283203 29999.269531 33305.480469 36441.085938 39167.886719 41444.492188 43316.882812 44239.738281 44523.167969 43163.781250 41454.421875 39045.847656 35697.933594 32318.566406 28476.085938 24323.388672 20174.441406 16196.680664 12416.644531 9155.817383 6210.448730 3849.487549 2220.576660 1172.224976 345.331757
0.700753 1.691670 4.003959 9.248293 20.897387 42.660698 79.127281 137.797394 228.904083 364.307617 557.708252 827.968323 1201.573853 1700.879517 2342.292969 3153.772461 4175.083496 5426.663086 6902.232910 8611.080078 10575.977539 12806.052734 15283.679688 17978.083984 20864.269531 23881.949219 26954.093750 30003.818359 32922.640625 35476.597656 37606.855469 39376.910156 40264.820312 40598.406250 39492.871094 37919.335938 35826.003906 32841.484375 29833.980469 26354.318359 22602.974609 18831.478516 15210.551758 11762.169922 8746.000000 6069.769043 3835.107666 2241.392334 1191.545532 367.643066
0.292185 0.773304 2.005674 4.957654 11.847630 26.641045 52.881096 96.574760 166.445969 272.939331 428.397736 647.980042 954.055908 1369.281860 1910.257202 2599.359619 3470.069824 4545.672852 5828.377930 7323.425293 9048.052734 11009.869141 13197.364258 15585.048828 18159.039062 20872.308594 23646.933594 26403.822266 29062.455078 31435.406250 33400.648438 35034.847656 35864.523438 36212.289062 35402.046875 33951.222656 32173.140625 29588.000000 26969.033203 23878.982422 20592.583984 17221.091797 14000.466797 10927.504883 8187.765625 5785.291504 3714.161133 2219.864014 1192.210327 383.818939
0.000000 0.295992 0.807898 2.129645 5.441103 13.419177 30.397688 59.736046 108.660301 186.607880 304.322235 473.888611 712.612854 1042.430420 1480.673340 2045.057739 2762.267822 3657.192627 4740.546875 6014.010742 7489.324219 9175.405273 11063.313477 13130.910156 15369.996094 17753.884766 20216.251953 22662.197266 25023.177734 27180.134766 28953.763672 30439.490234 31204.679688 31531.564453 31023.705078 29724.525391 28262.025391 26088.863281 23845.517578 21167.070312 18354.873047 15404.867188 12632.085938 9948.349609 7522.397949 5411.318359 3541.132812 2147.701660 1169.969360 394.221802
0.000000 0.000000 0.308367 0.839678 2.201404 5.571794 13.786066 31.631027 62.514336 114.663200 197.044388 319.851868 495.716278 743.266663 1080.363647 1520.912598 2084.548096 2797.544678 3677.825928 4726.460449 5948.599121 7356.441406 8944.704102 10692.480469 12588.326172 14632.206055 16774.187500 18903.968750 20955.003906 22858.507812 24431.582031 25766.814453 26461.664062 26761.771484 26496.074219 25421.814453 24233.599609 22476.763672 20582.285156 18343.074219 15998.404297 13480.409180 11154.185547 8851.657227 6767.582520 4946.871582 3305.178223 2040.482544 1121.973022 396.203308
0.000000 0.000000 0.000000 0.309790 0.844208 2.215497 5.622379 13.949459 32.127018 63.898102 116.569237 199.297653 322.087982 497.965637 744.342712 1073.077515 1497.312500 2039.876587 2720.960693 3549.111328 4525.993652 5663.556152 6964.966797 8409.920898 9976.142578 11664.381836 13463.949219 15283.686523 17026.406250 18645.574219 20027.812500 21201.298828 21815.216797 22070.914062 21976.921875 21201.609375 20204.423828 18888.220703 17314.576172 15489.579102 13594.708008 11522.175781 9618.709961 7700.374512 5963.179199 4430.619141 3018.135498 1902.610596 1059.405762 391.749573
0.000000 0.000000 0.000000 0.000000 0.299535 0.821144 2.169276 5.569596 14.130063 32.252861 63.218716 114.572174 195.758057 314.583588 484.334595 721.126160 1032.684937 1429.453857 1932.163696 2561.618652 3322.764893 4211.637207 5240.044922 6405.288086 7682.015625 9043.691406 10493.888672 11998.885742 13459.699219 14794.153320 15973.754883 16970.476562 17559.849609 17755.044922 17752.140625 17230.138672 16423.015625 15451.220703 14198.369141 12757.597656 11250.736328 9607.948242 8077.561523 6529.736328 5141.295410 3875.396240 2699.923584 1743.229980 986.375366 380.621796
0.000000 0.000000 0.000000 0.000000 0.000000 0.285895 0.792222 2.109933 5.459675 13.941972 31.784794 61.361187 109.508545 185.474854 296.512421 454.531738 673.074158 959.118469 1322.361572 1780.873657 2349.575195 3026.733887 3812.098145 4717.005371 5727.986328 6814.688965 7959.604980 9150.786133 10356.212891 11451.240234 12420.704102 13205.896484 13775.052734 13952.100586 13977.520508 13675.094727 13070.742188 12333.757812 11377.026367 10271.419922 9059.928711 7813.308594 6620.326172 5412.880859 4325.619141 3313.708252 2369.346191 1569.505371 904.332703 364.463959
0.000000 0.000000 0.000000 0.000000 0.000000 0.000000 0.272089 0.758316 2.009876 5.098839 12.625951 29.674446 58.143120 102.325386 170.529160 270.119171 411.866974 609.502991 867.457092 1192.036377 1596.893311 2096.656006 2686.095947 3361.696777 4129.698730 4973.938477 5868.760742 6789.259277 7728.692383 8631.853516 9410.794922 10024.151367 10486.200195 10709.472656 10712.237305 10545.673828 10156.939453 9595.593750 8875.439453 8072.518066 7123.947754 6212.804688 5292.903320 4388.500977 3552.538818 2778.895752 2032.242310 1387.382202 818.931580 345.469330
0.000000 0.000000 0.000000 0.000000 0.000000 0.000000 0.000000 0.255098 0.708674 1.863545 4.668556 11.374070 26.513718 52.192463 92.467567 153.165573 241.699600 366.627655 540.669434 767.864685 1050.085327 1398.271484 1821.659546 2318.458984 2880.224121 3511.979736 4193.080078 4892.816406 5596.265625 6283.083984 6905.838867 7393.993652 7726.197754 7963.137207 7995.284180 7909.293457 7659.724609 7290.999512 6744.894531 6155.637695 5474.377441 4816.455566 4136.397461 3483.039062 2863.435059 2280.739258 1708.595459 1206.100220 729.239563 323.386993
0.000000 0.000000 0.000000 0.000000 0.000000 0.000000 0.000000 0.000000 0.232660 0.646024 1.704559 4.285275 10.395002 23.248484 45.337982 81.399452 136.115891 213.763184 320.619904 467.914642 662.774780 903.752380 1196.370239 1547.781494 1952.674683 2399.049316 2892.201416 3414.246338 3930.591064 4419.844727 4882.038086 5273.204590 5520.381836 5712.488770 5777.122070 5759.380859 5595.903809 5363.025879 4998.866699 4567.974121 4109.050293 3635.955078 3155.015869 2701.561279 2261.234619 1837.871094 1406.027222 1024.543579 639.065186 298.611328
0.000000 0.000000 0.000000 0.000000 0.000000 0.000000 0.000000 0.000000 0.000000 0.207429 0.578219 1.537763 3.892113 9.450094 20.608767 39.488617 69.950874 117.154579 184.244232 275.503326 398.554230 561.395386 760.051880 993.021423 1268.294556 1578.772705 1915.496094 2274.089355 2643.077881 2984.375244 3308.091309 3602.350342 3796.940674 3935.512207 4002.781250 4019.846680 3936.716553 3788.367432 3554.866455 3282.459717 2987.110107 2664.227295 2348.646973 2039.607666 1744.569336 1446.751587 1138.693726 851.115906 550.818176 271.867279
