tests/test_03/output4/CloudConcentration_010.00hrs.dat
NCOLS    50
NROWS    50
XLLCORNER    -2289770.000
YLLCORNER     2591270.000
CELLSIZE        2000.000       2000.000
NODATA_VALUE  0.000
[rows 0 to 45 of 50, columns 0 to 49 of 50]
0.000 0.000 0.000 0.000 0.000 0.000 0.000 0.000 0.000 0.000 0.000 0.000 0.000 0.442 1.007 2.262 5.120 11.317 22.065 39.012 65.449 103.857 153.215 207.883 265.900 325.143 380.395 424.736 463.315 488.009 500.647 493.712 510.583 501.370 472.319 429.102 370.653 315.307 263.388 216.989 188.103 149.872 114.915 80.113 55.597 38.700 29.173 15.742 3.780 0.757
0.000 0.000 0.000 0.000 0.000 0.000 0.000 0.000 0.000 0.000 0.000 0.000 0.444 1.033 2.357 5.411 13.219 28.312 51.235 86.197 139.080 208.017 289.895 379.752 473.106 563.865 651.620 729.192 765.146 782.471 782.950 774.542 742.291 743.461 692.049 631.393 554.760 471.386 392.752 320.965 266.867 221.982 170.699 122.978 86.213 59.339 42.574 25.630 7.737 1.333
0.000 0.000 0.000 0.000 0.000 0.000 0.000 0.000 0.000 0.000 0.248 0.602 1.402 3.198 7.464 18.529 37.371 65.861 110.275 177.813 269.254 382.103 512.424 661.792 822.425 980.948 1115.262 1226.979 1294.357 1301.192 1292.648 1255.049 1187.883 1139.829 1075.765 987.582 885.893 744.638 619.342 507.179 399.409 337.123 263.261 199.652 136.935 93.516 61.224 39.772 15.114 2.234
0.000 0.000 0.000 0.000 0.000 0.000 0.000 0.000 0.000 0.275 0.686 1.631 3.803 9.315 23.037 45.565 79.596 133.045 214.562 329.608 475.326 650.260 856.535 1093.149 1353.168 1612.126 1829.404 1979.902 2076.930 2120.361 2068.739 1979.308 1862.662 1702.339 1626.348 1503.292 1337.587 1157.058 953.478 771.506 622.260 491.725 401.454 301.268 211.770 142.110 89.110 59.698 24.898 3.518
0.000 0.000 0.000 0.000 0.000 0.000 0.000 0.000 0.319 0.810 1.957 4.637 11.515 27.717 53.522 93.745 156.120 251.623 388.997 567.893 786.482 1051.771 1367.878 1729.375 2116.497 2503.855 2844.276 3077.339 3230.270 3299.071 3214.012 3040.152 2818.550 2601.809 2361.852 2207.538 1976.334 1726.760 1426.986 1157.569 925.821 715.052 581.135 441.009 323.204 210.115 130.868 84.896 38.000 5.289
0.000 0.000 0.000 0.000 0.000 0.000 0.000 0.360 0.927 2.270 5.481 13.945 32.254 61.697 107.856 178.508 287.087 445.252 656.171 919.377 1239.061 1632.423 2096.606 2614.549 3161.999 3706.518 4206.369 4629.489 4840.373 4898.570 4848.248 4527.659 4200.297 3838.006 3439.154 3125.911 2834.460 2461.166 2089.469 1682.333 1330.105 1046.046 805.703 631.850 464.214 298.923 184.113 117.036 53.952 7.603
0.000 0.000 0.000 0.000 0.000 0.000 0.408 1.058 2.618 6.489 16.675 36.931 69.906 121.442 200.105 318.673 494.326 734.841 1038.409 1412.355 1874.232 2436.573 3082.072 3787.301 4529.496 5282.116 6002.798 6612.708 6968.006 7039.506 6934.284 6584.394 6057.536 5494.259 4921.632 4265.135 3914.618 3420.833 2924.543 2369.485 1873.259 1465.090 1087.624 877.391 637.000 413.872 249.843 156.666 73.568 10.693
0.000 0.000 0.000 0.000 0.000 0.460 1.198 2.997 7.716 19.723 41.249 76.896 133.224 217.873 344.724 532.602 796.233 1135.461 1555.789 2079.358 2725.363 3489.761 4344.158 5272.171 6254.856 7258.972 8226.662 9085.737 9619.416 9782.009 9573.770 9203.565 8484.656 7651.666 6778.768 5907.406 5215.567 4620.228 3939.938 3250.833 2560.965 1973.672 1486.863 1168.181 847.775 559.387 329.160 204.779 97.201 14.679
0.000 0.000 0.000 0.000 0.511 1.332 3.400 8.963 22.083 44.801 81.785 140.662 229.648 360.960 555.896 834.276 1201.130 1657.917 2228.534 2942.532 3800.539 4785.238 5881.877 7079.808 8341.152 9617.963 10869.391 11988.174 12750.877 13117.493 12846.621 12317.619 11503.433 10270.300 9048.580 7887.146 6709.051 6023.119 5140.997 4308.841 3381.994 2593.607 1972.839 1500.758 1102.212 737.879 422.885 262.022 125.304 19.893
0.000 0.000 0.206 0.590 1.618 4.134 10.136 23.430 46.424 83.908 142.962 232.517 365.166 560.638 843.187 1225.030 1707.647 2308.441 3064.783 3992.340 5074.066 6302.543 7679.997 9176.240 10733.923 12327.308 13894.428 15275.728 16301.787 16761.939 16634.139 15920.037 14911.039 13357.063 11726.433 10157.280 8680.292 7588.507 6525.849 5461.995 4324.947 3319.546 2527.638 1874.791 1398.915 948.301 531.120 328.483 157.809 26.384
0.000 0.282 0.778 1.960 4.572 10.252 22.891 45.577 82.082 139.292 226.284 355.208 544.382 820.277 1201.745 1692.692 2306.559 3077.447 4038.324 5188.189 6514.932 8018.768 9691.273 11485.423 13369.587 15308.977 17200.235 18837.939 20057.014 20707.799 20879.825 19901.954 18548.603 16828.164 14693.487 12665.489 10842.969 9232.308 7999.582 6691.892 5370.479 4128.276 3129.050 2284.236 1730.981 1185.123 651.964 402.266 194.505 34.336
0.324 0.792 1.895 4.297 9.297 20.160 41.307 75.592 128.667 209.553 330.655 508.238 764.600 1127.752 1609.588 2215.416 2973.499 3925.607 5094.990 6483.301 8076.913 9862.554 11821.453 13937.184 16173.270 18454.823 20627.757 22484.431 23909.677 24927.784 25183.991 24001.769 22397.598 20516.223 17833.358 15363.939 13095.045 10874.939 9507.338 7962.168 6475.654 4979.549 3754.824 2715.270 2087.025 1440.795 783.475 481.427 234.467 43.821
0.657 1.518 3.469 7.594 16.089 33.629 63.992 111.342 182.741 290.687 451.509 683.633 1011.072 1459.304 2039.227 2762.920 3668.147 4800.787 6187.091 7820.082 9673.465 11728.279 13985.443 16442.230 19029.423 21630.032 24055.136 26133.095 27904.458 29116.015 29338.627 28146.668 26327.652 24048.802 21078.784 18121.371 15348.899 12798.236 10993.184 9237.023 7599.504 5841.425 4386.594 3152.516 2455.118 1701.990 921.919 564.456 276.124 54.867
1.084 2.441 5.454 11.846 24.873 48.936 88.687 149.756 240.827 378.128 580.964 868.215 1265.598 1795.657 2471.077 3310.068 4357.809 5674.358 7280.796 9130.819 11206.251 13522.937 16092.007 18863.383 21754.552 24638.228 27295.220 29631.201 31771.495 33047.806 33319.967 32228.389 30171.279 27496.442 24314.811 20815.447 17509.344 14680.510 12434.271 10472.573 8665.918 6691.509 5010.714 3630.739 2824.004 1956.216 1064.105 648.413 318.012 67.301
1.573 3.493 7.749 16.949 34.517 64.832 113.812 189.024 301.357 468.509 712.106 1053.151 1516.460 2122.908 2881.785 3816.155 5002.968 6505.393 8294.919 10302.667 12556.985 15120.219 17956.140 20980.953 24101.860 27189.202 30048.063 32716.765 35053.512 36398.459 36808.491 36022.135 33665.758 30687.968 27351.312 23316.719 19614.397 16414.410 13739.756 11634.337 9636.671 7487.825 5619.059 4095.129 3178.655 2201.821 1205.674 730.559 358.562 80.907
2.075 4.586 10.184 22.375 44.281 80.503 138.702 228.275 362.718 559.270 837.830 1224.639 1749.078 2419.989 3239.093 4261.809 5582.753 7237.252 9148.256 11273.564 13697.530 16472.690 19505.567 22695.444 25961.281 29194.852 32266.582 35139.830 37558.081 38981.783 39508.520 38855.512 36475.409 33367.461 29986.576 25451.439 21440.597 17909.772 14820.128 12634.486 10486.663 8194.673 6161.790 4518.291 3498.019 2423.654 1339.121 807.217 395.592 95.629
2.316 5.165 11.568 25.252 49.261 89.038 152.120 249.627 395.642 604.877 897.575 1305.478 1855.645 2554.502 3409.169 4480.977 5864.086 7569.587 9522.423 11707.651 14221.032 17074.897 20183.185 23444.240 26791.302 30127.592 33325.136 36264.616 38716.935 40248.798 40825.962 40198.574 37916.938 34759.608 31146.982 26620.020 22454.058 18694.752 15316.640 13157.933 10992.857 8684.576 6596.413 4872.336 3759.652 2609.995 1455.692 876.279 427.232 111.592
2.360 5.277 11.843 25.763 50.298 91.026 155.052 254.037 402.512 614.310 909.873 1322.215 1876.695 2581.017 3442.783 4525.494 5918.031 7629.574 9586.777 11784.066 14306.921 17166.930 20284.582 23556.021 26906.077 30259.644 33497.927 36472.295 38939.902 40473.088 41080.544 40500.592 38279.804 35157.379 31444.000 26954.912 22739.497 18906.330 15456.569 13283.443 11136.148 8831.936 6759.142 5041.795 3898.913 2750.826 1552.477 937.549 458.395 127.865
2.291 5.166 11.653 25.275 49.866 90.690 154.445 252.845 400.255 611.064 905.088 1314.005 1862.693 2563.272 3425.556 4510.504 5896.079 7573.974 9490.375 11660.593 14149.488 16961.962 20015.699 23227.899 26517.428 29822.957 33052.432 36023.874 38440.591 40000.016 40666.034 40213.080 38122.388 35106.244 31315.661 26976.277 22756.952 18902.627 15473.127 13275.117 11139.840 8849.308 6785.220 5075.064 3937.351 2819.308 1623.180 989.493 491.715 143.807
1.776 4.066 9.248 20.240 41.537 77.568 134.033 221.348 352.666 543.322 810.300 1179.163 1678.074 2326.881 3143.079 4170.239 5458.665 7012.264 8806.749 10859.447 13211.427 15867.835 18763.041 21830.084 25000.738 28193.931 31291.482 34101.239 36403.831 37982.703 38667.671 38345.347 36513.782 33604.403 30010.122 26064.643 21988.861 18239.485 15026.740 12853.150 10870.504 8702.109 6728.068 5058.428 3935.009 2839.993 1650.331 1027.222 518.174 158.728
1.210 2.804 6.442 14.523 30.897 59.591 106.124 179.460 291.314 455.156 686.193 1006.851 1446.217 2025.804 2761.258 3687.465 4850.652 6264.135 7910.937 9801.202 11962.645 14400.710 17070.418 19914.153 22867.877 25846.469 28731.326 31358.504 33539.217 35038.573 35679.974 35389.476 33687.102 31048.927 27748.468 24080.144 20345.804 16913.720 13972.865 11930.512 10142.721 8135.722 6350.228 4843.375 3809.300 2816.962 1658.287 1047.355 536.500 172.794
0.701 1.692 4.004 9.248 20.897 42.661 79.127 137.797 228.904 364.307 557.707 827.963 1201.556 1700.822 2342.117 3153.267 4173.725 5423.208 6893.823 8591.560 10534.698 12725.387 15134.966 17713.178 20406.956 23136.928 25789.797 28213.977 30239.812 31653.597 32263.698 32014.205 30451.206 28111.808 25164.402 21809.135 18452.351 15359.060 12732.651 10930.597 9324.271 7484.599 5872.339 4507.570 3590.835 2692.316 1642.438 1052.076 547.847 185.064
0.292 0.773 2.006 4.958 11.848 26.641 52.881 96.575 166.446 272.939 428.397 647.976 954.044 1369.241 1910.128 2598.978 3469.009 4542.907 5821.509 7307.165 9012.862 10939.522 13065.672 15350.075 17750.880 20199.470 22591.199 24782.052 26622.524 27936.578 28510.055 28293.524 26872.465 24827.139 22286.330 19277.071 16339.584 13621.709 11328.525 9814.294 8368.835 6741.746 5323.806 4118.014 3326.659 2519.696 1575.753 1033.478 548.351 194.534
0.000 0.296 0.808 2.130 5.441 13.419 30.398 59.736 108.660 186.608 304.321 473.886 712.604 1042.401 1480.578 2044.769 2761.446 3655.001 4735.017 6000.688 7459.939 9115.222 10948.435 12924.871 15011.579 17156.153 19270.624 21211.132 22839.431 24016.388 24541.224 24368.421 23092.005 21329.690 19228.608 16596.523 14105.407 11791.838 9855.963 8614.684 7305.566 5929.909 4714.451 3687.769 3022.674 2307.409 1486.338 992.547 535.629 200.979
0.000 0.000 0.308 0.840 2.201 5.572 13.786 31.631 62.514 114.663 197.044 319.850 495.710 743.244 1080.293 1520.695 2083.918 2795.830 3673.425 4715.642 5924.294 7305.747 8845.996 10513.646 12278.125 14110.017 15938.187 17621.521 19028.478 20044.850 20513.864 20394.326 19260.454 17800.567 16114.632 13877.695 11835.361 9936.769 8398.536 7378.638 6223.952 5087.878 4074.055 3250.661 2692.660 2063.013 1367.940 928.882 509.491 203.203
0.000 0.000 0.000 0.310 0.844 2.215 5.622 13.949 32.127 63.898 116.569 199.296 322.083 497.949 744.290 1072.914 1496.833 2038.550 2717.494 3540.458 4505.834 5621.356 6881.515 8256.008 9708.951 11214.851 12735.628 14161.723 15347.864 16188.601 16583.357 16519.039 15540.461 14370.508 13026.930 11220.499 9599.436 8120.435 6953.407 6137.290 5156.589 4245.147 3439.187 2796.838 2340.990 1800.402 1226.374 853.996 476.332 202.153
0.000 0.000 0.000 0.000 0.300 0.821 2.169 5.570 14.130 32.253 63.218 114.571 195.754 314.571 484.294 721.002 1032.320 1428.436 1929.472 2554.838 3306.285 4176.713 5170.627 6274.707 7451.632 8659.809 9870.503 11028.100 12011.286 12681.944 12977.944 12917.305 12178.598 11246.822 10168.761 8795.275 7534.190 6419.762 5621.958 4943.298 4156.341 3441.778 2820.143 2347.702 1983.764 1532.141 1071.698 772.309 438.391 196.615
0.000 0.000 0.000 0.000 0.000 0.286 0.792 2.110 5.460 13.942 31.785 61.360 109.506 185.465 296.482 454.437 672.795 958.336 1320.277 1775.597 2336.650 2997.973 3755.066 4608.607 5533.646 6488.164 7434.921 8327.683 9123.386 9661.700 9876.586 9725.551 9256.140 8553.612 7685.534 6703.402 5753.437 4919.002 4439.288 3853.413 3263.653 2720.210 2244.973 1935.780 1621.091 1270.265 912.450 687.288 397.220 187.583
0.000 0.000 0.000 0.000 0.000 0.000 0.272 0.758 2.010 5.099 12.626 29.674 58.141 102.318 170.506 270.046 411.652 608.900 865.844 1187.917 1586.957 2073.751 2639.284 3272.957 3969.230 4701.036 5430.538 6109.446 6698.125 7140.267 7303.899 7127.908 6797.212 6324.663 5633.723 4945.633 4275.731 3757.612 3400.746 2939.432 2502.879 2105.871 1779.880 1556.714 1295.605 1029.675 779.474 603.374 355.632 175.031
0.000 0.000 0.000 0.000 0.000 0.000 0.000 0.255 0.709 1.864 4.668 11.374 26.512 52.187 92.449 153.109 241.535 366.165 539.432 764.698 1042.259 1380.420 1784.130 2245.967 2751.252 3290.471 3834.875 4340.010 4764.500 5066.262 5202.189 5067.159 4822.353 4498.620 4005.687 3526.510 3076.435 2816.076 2515.249 2188.667 1873.564 1591.500 1405.656 1208.754 1018.106 819.046 649.243 518.779 313.366 160.276
0.000 0.000 0.000 0.000 0.000 0.000 0.000 0.000 0.233 0.646 1.704 4.285 10.394 23.244 45.323 81.354 135.986 213.404 319.664 465.486 656.788 889.622 1167.104 1490.910 1850.070 2226.917 2611.154 2977.118 3280.324 3471.676 3545.263 3480.961 3313.954 3072.185 2765.839 2440.222 2178.637 2043.352 1817.376 1592.910 1373.740 1205.875 1077.030 922.968 784.013 642.619 529.343 431.844 270.203 144.932
0.000 0.000 0.000 0.000 0.000 0.000 0.000 0.000 0.000 0.207 0.578 1.537 3.891 9.446 20.596 39.452 69.847 116.874 183.508 273.630 393.969 550.447 737.190 950.616 1191.804 1448.781 1706.990 1948.749 2158.523 2287.493 2328.149 2301.065 2199.841 2025.522 1836.319 1632.635 1520.672 1419.400 1272.612 1122.236 978.675 898.432 797.097 688.431 588.817 492.664 426.634 345.989 227.661 129.174
0.000 0.000 0.000 0.000 0.000 0.000 0.000 0.000 0.000 0.000 0.000 0.510 1.361 3.445 8.283 17.901 33.935 59.017 97.603 153.504 227.813 322.594 440.498 577.958 728.948 891.429 1056.847 1211.568 1336.615 1429.997 1449.009 1435.181 1384.729 1270.789 1157.502 1036.345 1003.544 936.034 851.120 753.921 682.402 638.036 568.346 496.290 429.457 374.549 332.012 270.100 185.856 112.140
0.000 0.000 0.000 0.000 0.000 0.000 0.000 0.000 0.000 0.000 0.000 0.000 0.444 1.182 2.990 7.140 14.899 28.430 49.627 80.633 124.177 179.018 245.645 324.677 413.192 506.940 601.999 692.090 765.318 820.494 838.981 828.627 805.281 748.119 677.415 617.005 605.891 571.390 524.677 472.422 445.582 421.026 382.661 339.669 298.885 277.359 245.101 203.618 152.576 94.693
0.000 0.000 0.000 0.000 0.000 0.000 0.000 0.000 0.000 0.000 0.000 0.000 0.000 0.379 1.000 2.537 6.044 12.429 23.236 39.227 60.572 87.779 120.286 158.003 199.836 244.796 290.734 334.191 372.507 401.559 417.533 415.838 399.022 380.591 343.768 307.903 309.036 301.759 283.225 258.864 256.382 249.528 234.085 214.012 202.073 189.343 171.973 146.245 120.329 78.346
0.000 0.000 0.000 0.000 0.000 0.000 0.000 0.000 0.000 0.000 0.000 0.000 0.000 0.000 0.317 0.832 2.167 5.109 9.571 15.717 23.696 33.480 45.214 58.801 73.730 89.663 105.795 120.801 133.733 144.043 148.777 150.432 144.703 136.997 126.260 112.304 109.208 111.617 111.756 108.698 117.137 123.543 121.100 121.800 122.602 118.970 111.704 99.286 90.477 62.673
0.000 0.000 0.000 0.000 0.000 0.000 0.000 0.000 0.000 0.000 0.000 0.000 0.000 0.000 0.000 0.257 0.710 1.768 3.172 4.985 7.385 10.392 13.991 18.113 22.528 27.045 31.404 35.123 37.860 39.693 40.335 39.795 38.219 35.218 32.692 28.808 29.578 30.610 31.240 35.015 40.399 47.116 54.467 60.538 64.449 66.780 68.067 66.453 62.136 47.925
0.000 0.000 0.000 0.000 0.000 0.000 0.000 0.000 0.000 0.000 0.000 0.000 0.000 0.000 0.000 0.000 0.205 0.456 0.794 1.239 1.819 2.545 3.409 4.385 5.416 6.435 7.353 8.042 8.427 8.532 8.396 7.880 7.277 6.552 5.907 6.173 7.858 9.921 12.630 15.893 18.997 22.438 26.392 30.206 34.093 37.938 40.501 41.165 39.961 33.670
0.000 0.000 0.000 0.000 0.000 0.000 0.000 0.000 0.000 0.000 0.000 0.000 0.000 0.000 0.000 0.000 0.000 0.000 0.000 0.248 0.359 0.494 0.648 0.818 0.998 1.173 1.320 1.426 1.472 1.474 1.400 1.292 1.401 1.859 2.398 3.006 3.768 4.818 6.210 7.917 9.827 11.763 13.747 15.886 18.292 20.956 23.330 24.798 24.872 24.428
0.000 0.000 0.000 0.000 0.000 0.000 0.000 0.000 0.000 0.000 0.000 0.000 0.000 0.000 0.000 0.000 0.000 0.000 0.000 0.000 0.000 0.000 0.000 0.133 0.159 0.184 0.205 0.221 0.230 0.288 0.391 0.533 0.719 0.947 1.227 1.539 1.971 2.543 3.299 4.276 5.462 6.683 7.860 9.001 10.449 12.292 14.274 15.942 16.292 16.160
0.000 0.000 0.000 0.000 0.000 0.000 0.000 0.000 0.000 0.000 0.000 0.000 0.000 0.000 0.000 0.000 0.000 0.000 0.000 0.000 0.000 0.000 0.000 0.000 0.000 0.000 0.062 0.089 0.118 0.159 0.223 0.309 0.416 0.549 0.717 0.909 1.124 1.427 1.840 2.371 3.020 3.707 4.374 5.118 6.038 7.086 8.162 9.171 9.611 9.593
0.000 0.000 0.000 0.000 0.000 0.000 0.000 0.000 0.000 0.000 0.000 0.000 0.000 0.000 0.000 0.000 0.000 0.000 0.000 0.000 0.000 0.000 0.000 0.000 0.000 0.000 0.000 0.000 0.000 0.096 0.133 0.179 0.235 0.303 0.386 0.477 0.588 0.734 0.932 1.186 1.476 1.802 2.146 2.630 3.178 3.751 4.327 4.888 5.380 5.547
0.000 0.000 0.000 0.000 0.000 0.000 0.000 0.000 0.000 0.000 0.000 0.000 0.000 0.000 0.000 0.000 0.000 0.000 0.000 0.000 0.000 0.000 0.000 0.000 0.000 0.000 0.000 0.000 0.000 0.000 0.000 0.093 0.118 0.148 0.191 0.241 0.296 0.366 0.464 0.582 0.731 0.918 1.150 1.475 1.821 2.159 2.490 2.818 3.157 3.458
0.000 0.000 0.000 0.000 0.000 0.000 0.000 0.000 0.000 0.000 0.000 0.000 0.000 0.000 0.000 0.000 0.000 0.000 0.000 0.000 0.000 0.000 0.000 0.000 0.000 0.000 0.000 0.000 0.000 0.000 0.000 0.000 0.000 0.000 0.111 0.142 0.178 0.224 0.284 0.354 0.436 0.553 0.692 0.832 0.981 1.139 1.301 1.459 1.630 1.850
0.000 0.000 0.000 0.000 0.000 0.000 0.000 0.000 0.000 0.000 0.000 0.000 0.000 0.000 0.000 0.000 0.000 0.000 0.000 0.000 0.000 0.000 0.000 0.000 0.000 0.000 0.000 0.000 0.000 0.000 0.000 0.000 0.000 0.000 0.000 0.000 0.000 0.099 0.128 0.159 0.199 0.252 0.311 0.371 0.441 0.522 0.605 0.683 0.767 0.876
0.000 0.000 0.000 0.000 0.000 0.000 0.000 0.000 0.000 0.000 0.000 0.000 0.000 0.000 0.000 0.000 0.000 0.000 0.000 0.000 0.000 0.000 0.000 0.000 0.000 0.000 0.000 0.000 0.000 0.000 0.000 0.000 0.000 0.000 0.000 0.000 0.000 0.000 0.000 0.000 0.000 0.103 0.124 0.151 0.186 0.230 0.276 0.324 0.368 0.425
