tests/test_03/output4/DepositFile_____final.dat
NCOLS    50
NROWS    50
XLLCORNER    -2289770.000
YLLCORNER     2591270.000
CELLSIZE        2000.000       2000.000
NODATA_VALUE -9999.
[rows 0 to 34 of 50, columns 0 to 49 of 50]
0.005549 0.007038 0.009115 0.011803 0.015283 0.019787 0.025614 0.033154 0.042905 0.055509 0.071792 0.092819 0.119933 0.154850 0.199727 0.257205 0.330504 0.423349 0.539839 0.683833 0.858036 1.061729 1.289612 1.535072 1.782276 2.019286 2.225270 2.365886 2.422707 2.386174 2.259260 2.066744 1.812517 1.524734 1.242027 0.971412 0.729973 0.524539 0.355161 0.215305 0.112547 0.052552 0.011178 0.003202 0.000531 0.000081 0.000010 0.000001 0.000000 0.000000
0.007839 0.009943 0.012893 0.016715 0.021667 0.028087 0.036407 0.047183 0.061141 0.079219 0.102610 0.132861 0.171974 0.222438 0.287440 0.370957 0.477777 0.613525 0.784502 0.996703 1.254341 1.556753 1.897390 2.265353 2.638962 2.998443 3.304138 3.511139 3.590135 3.527492 3.342329 3.043089 2.657908 2.229115 1.809826 1.411499 1.056494 0.755494 0.507640 0.306171 0.160115 0.073582 0.015935 0.004625 0.000774 0.000119 0.000015 0.000001 0.000000 0.000000
0.011895 0.015108 0.019610 0.025448 0.033020 0.042842 0.055581 0.072096 0.093509 0.121263 0.157231 0.203803 0.264068 0.341982 0.442515 0.571917 0.737820 0.949277 1.216338 1.549138 1.954746 2.432846 2.973127 3.558259 4.155723 4.733789 5.227271 5.564172 5.690300 5.591649 5.288929 4.798772 4.183421 3.497204 2.830133 2.196472 1.636991 1.163318 0.776424 0.465814 0.242423 0.110630 0.024185 0.007059 0.001195 0.000187 0.000023 0.000002 0.000000 0.000000
0.017715 0.022528 0.029279 0.038043 0.049426 0.064212 0.083404 0.108320 0.140671 0.182646 0.237101 0.307719 0.399249 0.517722 0.670857 0.868362 1.122084 1.446333 1.857236 2.371038 3.000469 3.746754 4.596204 5.520568 6.471367 7.396049 8.183520 8.728576 8.941768 8.797176 8.318696 7.525602 6.540225 5.453247 4.391463 3.395240 2.518505 1.781588 1.181597 0.704735 0.364924 0.165173 0.036461 0.010678 0.001834 0.000292 0.000037 0.000003 0.000000 0.000000
0.025979 0.033071 0.043047 0.056021 0.072895 0.094834 0.123362 0.160457 0.208657 0.271299 0.352697 0.458369 0.595518 0.773365 1.003670 1.301240 1.684582 2.175835 2.800579 3.585325 4.552054 5.706429 7.031179 8.481735 9.984949 11.453527 12.707088 13.583314 13.941076 13.746241 13.004226 11.734417 10.167467 8.446735 6.764936 5.205603 3.844847 2.703968 1.785164 1.058785 0.545433 0.245083 0.054652 0.016073 0.002801 0.000454 0.000059 0.000005 0.000000 0.000000
0.037342 0.047614 0.062093 0.080954 0.105532 0.137546 0.179245 0.233535 0.304218 0.396231 0.515933 0.671635 0.874038 1.136921 1.478003 1.919697 2.489995 3.223193 4.159161 5.340793 6.805953 8.570085 10.611690 12.865426 15.218728 17.530870 19.516283 20.925587 21.524387 21.261744 20.110920 18.121471 15.672526 12.954955 10.323697 7.906641 5.805013 4.063933 2.669060 1.575730 0.807748 0.361089 0.081375 0.023979 0.004243 0.000703 0.000093 0.000009 0.000001 0.000000
0.052515 0.067079 0.087676 0.114580 0.149689 0.195508 0.255321 0.333343 0.435093 0.567805 0.740826 0.966239 1.259828 1.642001 2.138749 2.783520 3.618420 4.694879 6.074482 7.825011 10.010450 12.667259 15.772940 19.235218 22.877237 26.480120 29.596714 31.832521 32.848389 32.482056 30.751032 27.673367 23.868940 19.652735 15.590894 11.864617 8.665188 6.028603 3.939107 2.317395 1.182882 0.526971 0.120147 0.035413 0.006359 0.001078 0.000145 0.000014 0.000001 0.000000
0.072040 0.092238 0.120884 0.158386 0.207454 0.271644 0.355608 0.465389 0.608906 0.796443 1.041489 1.361484 1.779127 2.323914 3.033844 3.957735 5.157065 6.708785 8.705538 11.251663 14.452768 18.382488 23.030144 28.271147 33.832653 39.369873 44.205837 47.722862 49.427185 48.936222 46.290455 41.642696 35.854446 29.423761 23.192417 17.556684 12.740607 8.805864 5.722488 3.357483 1.708972 0.760326 0.175643 0.051735 0.009423 0.001633 0.000224 0.000021 0.000001 0.000000
0.096181 0.123463 0.162303 0.213270 0.280149 0.367898 0.482964 0.633813 0.831502 1.090560 1.429812 1.873921 2.455176 3.215226 4.208170 5.503858 7.190925 9.381357 12.211022 15.838283 20.429289 26.117287 32.928646 40.713020 49.071865 57.445740 64.864922 70.348686 73.128525 72.433670 68.557594 61.644131 52.887356 43.241131 33.933949 25.524189 18.401665 12.631696 8.163458 4.778446 2.427387 1.081177 0.253760 0.074633 0.013797 0.002438 0.000340 0.000033 0.000002 0.000000
0.124767 0.160635 0.211857 0.279290 0.368065 0.484853 0.638466 0.840441 1.105943 1.454764 1.912876 2.514428 3.303682 4.338699 5.694949 7.469831 9.788611 12.809706 16.729048 21.777817 28.209438 36.249527 45.994518 57.282192 69.570084 82.000542 93.193550 101.651558 106.092949 105.117737 99.512283 89.412621 76.569992 62.298809 48.605572 36.311741 26.006170 17.737524 11.399061 6.659029 3.378968 1.509015 0.360917 0.106026 0.020080 0.003598 0.000508 0.000049 0.000003 0.000000
0.156894 0.202668 0.268251 0.354900 0.469341 0.620420 0.819785 1.082811 1.429605 1.886696 2.489011 3.282140 4.326149 5.699614 7.504813 9.874978 12.982099 17.045057 22.337812 29.190933 37.976547 49.054268 62.639172 78.584435 96.185478 114.181862 130.675903 143.420410 150.398087 149.230286 141.285934 126.803940 108.214020 87.662605 67.969910 50.430737 35.868481 24.313595 15.542232 9.064059 4.597973 2.062079 0.504204 0.147752 0.029030 0.005235 0.000742 0.000072 0.000004 0.000000
0.191190 0.247830 0.329210 0.437120 0.580188 0.769742 1.020795 1.353155 1.792975 2.374701 3.143791 4.160074 5.502343 7.273932 9.610467 12.689067 16.739149 22.055798 29.011709 38.062778 49.738071 64.580612 82.987457 104.900063 129.422333 154.769958 178.414261 197.025925 207.642700 206.728485 195.661591 175.196625 149.019974 120.175087 92.600266 68.203743 48.174492 32.455410 20.628447 12.015263 6.088339 2.742691 0.689383 0.201738 0.041163 0.007456 0.001062 0.000102 0.000006 0.000000
0.225834 0.293737 0.391585 0.521796 0.695038 0.925433 1.231699 1.638654 2.179166 2.896757 3.848955 5.111913 6.786143 9.004062 11.940108 15.823097 20.951620 27.711477 36.594357 48.210400 63.281395 82.583672 106.769791 135.964828 169.107758 203.795609 236.640457 263.033966 278.525604 278.561127 263.523438 235.509857 199.400116 160.026932 122.584450 89.682350 62.864769 42.069866 26.578074 15.453436 7.826599 3.532117 0.922363 0.267445 0.056781 0.010341 0.001479 0.000142 0.000009 0.000000
0.257654 0.336500 0.450420 0.602571 0.805735 1.076904 1.438715 1.921213 2.564413 3.421454 4.563017 6.082852 8.105283 10.795004 14.369455 19.115633 25.409693 33.741699 44.742153 59.201855 78.074013 102.416428 133.197830 170.824844 214.194336 260.164062 304.281616 340.468109 362.435120 364.147461 344.543854 307.416595 258.909729 206.639725 157.278244 114.249214 79.566231 52.830215 33.217484 19.223913 9.803123 4.405120 1.196179 0.343194 0.075595 0.013886 0.002000 0.000192 0.000012 0.000000
0.281136 0.369191 0.496945 0.668401 0.898404 1.206707 1.619730 2.172760 2.912874 3.902829 5.226337 6.994990 9.357469 12.511524 16.720079 22.330708 29.802420 39.736664 52.913498 70.325592 93.190292 122.898109 160.806961 207.687332 262.536560 321.381836 378.615601 426.578888 456.813263 460.740021 436.313019 388.700256 325.491791 258.398041 195.125870 141.035828 97.470863 64.261757 40.157471 23.257593 11.846670 5.328562 1.502617 0.426422 0.096909 0.017963 0.002607 0.000251 0.000015 0.000000
0.291970 0.385480 0.521766 0.705819 0.954205 1.289179 1.740590 2.348494 3.166536 4.266601 5.744678 7.729355 10.392318 13.962876 18.746365 25.149687 33.712940 45.148670 60.387173 80.624504 107.352966 142.328232 187.363998 243.729691 310.722107 383.530273 455.246948 516.719849 556.766663 563.627441 534.293518 475.126312 395.681244 312.580353 234.350433 168.186600 115.411636 75.733665 47.156071 27.223658 13.974792 6.273623 1.830379 0.512536 0.119443 0.022346 0.003269 0.000315 0.000019 0.000001
0.291897 0.386812 0.525617 0.713931 0.969302 1.315509 1.784572 2.419857 3.279688 4.442781 6.015073 8.139112 11.006180 14.873313 20.084673 27.100576 36.534714 49.201122 66.170563 88.830437 118.931557 158.577682 210.046265 275.192993 353.899628 440.934753 527.817200 603.950989 654.899841 665.842896 631.507141 560.473999 463.955200 364.715302 271.475189 193.537689 132.433258 86.397995 53.670219 31.116814 15.969011 7.179194 2.196372 0.598185 0.142790 0.026834 0.003949 0.000382 0.000023 0.000001
0.280155 0.373331 0.510074 0.696335 0.949855 1.294750 1.763668 2.401008 3.267117 4.443567 6.040989 8.208941 11.149836 15.137216 20.540478 27.857193 37.755238 51.127731 69.159760 93.403519 125.844749 168.916092 225.341522 297.556458 386.137024 486.285065 587.620178 678.096252 740.541992 755.870605 716.477356 635.046326 523.735779 410.712433 303.261230 215.394760 146.349426 95.124786 58.693329 34.009125 17.600281 7.971196 2.544293 0.679538 0.166432 0.031189 0.004598 0.000446 0.000026 0.000001
0.250798 0.336859 0.464022 0.638650 0.878247 1.206666 1.656405 2.271577 3.112102 4.259584 5.824971 7.958744 10.865368 14.822098 20.204659 27.521740 37.460640 50.946907 69.222092 93.931656 127.211670 171.731750 230.589157 306.766571 401.620178 511.358368 623.885620 725.941711 798.348206 818.354370 777.987244 690.206665 567.958801 443.476837 324.761688 228.716721 154.472458 99.467728 61.149033 35.293362 18.339645 8.311670 2.722114 0.734390 0.185895 0.034996 0.005178 0.000504 0.000030 0.000001
0.213185 0.287564 0.397937 0.550420 0.761001 1.051700 1.452788 2.005833 2.767932 3.817064 5.260423 7.244051 9.967743 13.703583 18.822208 25.827059 35.402332 48.471828 66.277321 90.472488 123.225967 167.285034 225.915787 302.469727 398.960388 512.525879 630.418457 738.979675 819.174316 844.844849 805.658569 713.496155 583.825134 453.805145 330.048309 231.056137 155.312134 99.652298 61.241261 35.417931 18.508909 8.351751 2.809623 0.750120 0.193549 0.037021 0.005564 0.000547 0.000032 0.000001
0.174991 0.237063 0.329441 0.457563 0.635199 0.881381 1.222394 1.694553 2.347952 3.251833 4.501423 6.228537 8.614227 11.908456 16.454140 22.723249 31.360691 43.248077 59.580231 81.964928 112.531113 154.015015 209.739273 283.244385 377.042694 489.334747 607.645386 717.995605 801.911804 830.147827 792.322815 701.306702 571.909729 443.690521 321.885773 224.223907 150.228516 96.084221 58.977810 34.161606 17.964441 8.206250 2.887119 0.751129 0.196109 0.037555 0.005684 0.000566 0.000034 0.000001
0.137192 0.186927 0.261210 0.364751 0.508996 0.709841 0.989324 1.377997 1.918239 2.668829 3.711050 5.157585 7.164180 9.946439 13.802207 19.142258 26.533396 36.753895 50.870693 70.330780 97.072388 133.629547 183.142426 249.106430 334.332123 438.127014 550.038208 655.860596 737.892273 767.416565 736.632141 651.968811 530.955200 409.183807 295.360901 204.176865 135.602325 86.669479 53.145531 30.853298 16.321220 7.498960 2.695735 0.710685 0.191946 0.036855 0.005614 0.000563 0.000034 0.000001
0.101183 0.138844 0.195366 0.274663 0.385840 0.541614 0.759706 1.064805 1.491351 2.087265 2.919192 4.080006 5.698415 7.953567 11.093596 15.463003 21.538437 29.977598 41.685452 57.896492 80.276062 111.009293 152.840027 208.858871 281.680023 371.061279 468.539520 561.763733 635.125244 662.020630 634.984192 562.077393 456.498840 351.023376 253.753006 175.871552 116.982384 74.877617 45.952759 26.770285 14.223709 6.568978 2.398193 0.631183 0.172993 0.033934 0.005266 0.000535 0.000032 0.000001
0.070248 0.097029 0.137419 0.194480 0.275055 0.388716 0.548949 0.774659 1.092332 1.539110 2.166940 3.048696 4.285864 6.020892 8.451639 11.855052 16.614803 23.266142 32.545197 45.465290 63.397583 88.160011 122.048569 167.681702 227.342087 301.016144 381.924347 459.810760 521.526672 544.150757 521.826721 462.778595 376.018738 288.826996 208.770569 144.951447 96.317581 61.954010 38.105370 22.313686 11.946228 5.544375 2.066862 0.539711 0.149517 0.029732 0.004672 0.000482 0.000030 0.000001
0.046668 0.064767 0.092167 0.131077 0.186322 0.264700 0.375832 0.533330 0.756403 1.072101 1.518567 2.149513 3.040526 4.297950 6.070813 8.568919 12.084892 17.029335 23.971571 33.700832 47.289513 66.173828 92.177979 127.419739 173.788071 231.410141 295.086121 356.753937 405.489258 422.683746 405.133514 359.845154 293.502625 225.988510 164.042709 113.958504 76.065262 48.904434 30.293568 17.850264 9.638975 4.496403 1.716316 0.444994 0.125229 0.025082 0.003983 0.000416 0.000026 0.000001
0.030145 0.041997 0.059989 0.085640 0.122201 0.174294 0.248464 0.354043 0.504249 0.717842 1.021412 1.452591 2.064630 2.932878 4.163731 5.907571 8.376460 11.867147 16.796301 23.741213 33.494061 47.116917 65.979866 91.674957 125.654846 168.076782 215.132141 260.972412 296.890869 309.332428 296.682678 264.146454 216.670578 167.193146 122.030167 84.843407 56.915222 36.822060 22.841631 13.574571 7.408970 3.504943 1.360366 0.350818 0.099871 0.020280 0.003261 0.000346 0.000022 0.000001
0.018831 0.026350 0.037802 0.054191 0.077650 0.111204 0.159169 0.227717 0.325612 0.465364 0.664786 0.949167 1.354556 1.932089 2.754325 3.924253 5.588036 7.951344 11.303871 16.050169 22.746557 32.138924 45.194279 63.034740 86.681023 116.217804 148.899399 180.860123 205.594177 213.589859 204.785690 183.092270 151.242538 117.053452 85.914871 59.970615 40.405155 26.266329 16.423998 9.813291 5.425886 2.593197 1.029038 0.264322 0.076800 0.015702 0.002555 0.000276 0.000018 0.000000
0.011296 0.015882 0.022888 0.032969 0.047460 0.068285 0.098196 0.141128 0.202731 0.291046 0.417597 0.598886 0.858341 1.229489 1.760137 2.518097 3.600310 5.143621 7.341275 10.464453 14.886988 21.111443 29.783340 41.649601 57.375622 76.960182 98.434799 119.435936 135.311798 139.903091 133.952347 119.903397 99.469803 77.507248 57.030663 40.050926 27.109241 17.721191 11.165944 6.737572 3.762272 1.822377 0.736142 0.189409 0.056046 0.011631 0.001921 0.000212 0.000014 0.000000
0.006559 0.009262 0.013408 0.019394 0.028040 0.040517 0.058515 0.084459 0.121838 0.175649 0.253111 0.364533 0.524720 0.754885 1.085452 1.559755 2.239707 3.213395 4.605246 6.590294 9.410299 13.389740 18.941242 26.537685 36.578793 48.999550 62.433617 75.522591 84.945999 87.338562 83.397087 74.704483 62.221607 48.550892 36.041683 25.447092 17.305300 11.386563 7.232055 4.405107 2.489905 1.223054 0.499827 0.129853 0.038834 0.008195 0.001379 0.000155 0.000010 0.000000
0.003653 0.005190 0.007554 0.010986 0.015965 0.023185 0.033643 0.048787 0.070699 0.102396 0.148205 0.214387 0.309923 0.447753 0.646526 0.932866 1.344979 1.937456 2.787770 4.004602 5.738025 8.188638 11.610168 16.285225 22.426893 29.918541 37.948963 45.743523 50.923164 52.025021 49.524231 44.383530 37.077560 29.119934 21.730444 15.372660 10.556410 6.981836 4.459922 2.739631 1.568488 0.785925 0.324716 0.086232 0.025705 0.005536 0.000947 0.000109 0.000007 0.000000
0.001894 0.002723 0.004003 0.005876 0.008614 0.012610 0.018438 0.026929 0.039289 0.057263 0.083383 0.121309 0.176320 0.256065 0.371585 0.538722 0.780331 1.129072 1.631330 2.352392 3.382212 4.840758 6.877998 9.654974 13.274981 17.612129 22.239733 26.693245 29.298687 29.820219 28.320087 25.367126 21.215330 16.692381 12.532019 8.935454 6.163157 4.086855 2.628802 1.628477 0.947014 0.484871 0.203884 0.055671 0.016241 0.003558 0.000621 0.000074 0.000005 0.000000
0.000873 0.001278 0.001911 0.002848 0.004238 0.006290 0.009317 0.013774 0.020325 0.029942 0.044037 0.064667 0.094834 0.138891 0.203119 0.296664 0.432675 0.630029 0.915660 1.327411 1.917425 2.755213 3.926073 5.518364 7.579778 10.008939 12.589729 14.974584 16.289841 16.533466 15.658011 14.004149 11.714416 9.225004 6.936268 4.953017 3.420686 2.274750 1.471480 0.923777 0.549401 0.289654 0.125359 0.035666 0.009966 0.002209 0.000390 0.000047 0.000003 0.000000
0.000345 0.000514 0.000785 0.001194 0.001813 0.002746 0.004148 0.006248 0.009388 0.014069 0.021027 0.031354 0.046643 0.069231 0.102541 0.151537 0.223426 0.328606 0.481929 0.704401 1.024902 1.481746 2.121442 2.990448 4.108456 5.405507 6.778288 7.979456 8.620359 8.716747 8.239025 7.353141 6.127093 4.817495 3.628771 2.596933 1.802118 1.205792 0.786935 0.497680 0.302954 0.166673 0.074650 0.022593 0.005937 0.001324 0.000238 0.000030 0.000002 0.000000
0.000122 0.000183 0.000282 0.000435 0.000669 0.001029 0.001580 0.002424 0.003711 0.005673 0.008655 0.013176 0.020008 0.030301 0.045750 0.068853 0.103298 0.154411 0.229891 0.340642 0.501788 0.733291 1.059361 1.503500 2.073084 2.727292 3.420108 3.980488 4.275892 4.306078 4.053581 3.600499 2.990472 2.348954 1.769190 1.266786 0.879063 0.592703 0.389442 0.248474 0.155132 0.088623 0.042574 0.013812 0.003392 0.000748 0.000137 0.000018 0.000001 0.000000
0.000039 0.000059 0.000092 0.000143 0.000222 0.000345 0.000536 0.000831 0.001288 0.001992 0.003080 0.004754 0.007330 0.011284 0.017345 0.026605 0.040691 0.062032 0.094169 0.142191 0.213226 0.316801 0.464507 0.667526 0.928585 1.231044 1.554457 1.790496 1.916799 1.916998 1.792149 1.581250 1.302317 1.016626 0.762121 0.544733 0.376334 0.252904 0.163016 0.104831 0.065341 0.038885 0.020408 0.007365 0.001693 0.000388 0.000073 0.000010 0.000001 0.000000
