tests/test_03/output4/DepositFile_010.00hrs.dat
NCOLS    50
NROWS    50
XLLCORNER    -2289770.000
YLLCORNER     2591270.000
CELLSIZE        2000.000       2000.000
NODATA_VALUE  0.000
[rows 0 to 34 of 50, columns 0 to 49 of 50]
0.000000 0.000000 0.000000 0.000000 0.000000 0.000000 0.000000 0.000000 0.000000 0.000000 0.000000 0.000000 0.000000 0.000000 0.000000 0.000000 0.000000 0.000000 0.016644 0.031907 0.056686 0.092819 0.140354 0.200831 0.268084 0.341657 0.415118 0.467304 0.488971 0.463445 0.400998 0.327082 0.244412 0.173284 0.114337 0.061361 0.026074 0.011838 0.000000 0.000000 0.000000 0.000000 0.000000 0.000000 0.000000 0.000000 0.000000 0.000000 0.000000 0.000000
0.000000 0.000000 0.000000 0.000000 0.000000 0.000000 0.000000 0.000000 0.000000 0.000000 0.000000 0.000000 0.000000 0.000000 0.000000 0.000000 0.000000 0.019633 0.039896 0.074190 0.127900 0.203435 0.299886 0.415960 0.544550 0.684011 0.813701 0.905898 0.945286 0.905587 0.808902 0.660033 0.495157 0.348971 0.241336 0.147210 0.074376 0.029683 0.013604 0.000000 0.000000 0.000000 0.000000 0.000000 0.000000 0.000000 0.000000 0.000000 0.000000 0.000000
0.000000 0.000000 0.000000 0.000000 0.000000 0.000000 0.000000 0.000000 0.000000 0.000000 0.000000 0.000000 0.000000 0.000000 0.000000 0.012084 0.026789 0.053950 0.100753 0.176910 0.290906 0.445855 0.637977 0.862809 1.107466 1.366944 1.607534 1.777546 1.843954 1.781803 1.618485 1.344965 1.025464 0.726124 0.497619 0.318767 0.182882 0.082885 0.030805 0.015346 0.000000 0.000000 0.000000 0.000000 0.000000 0.000000 0.000000 0.000000 0.000000 0.000000
0.000000 0.000000 0.000000 0.000000 0.000000 0.000000 0.000000 0.000000 0.000000 0.000000 0.000000 0.000000 0.000000 0.000000 0.014860 0.033129 0.066854 0.125689 0.223339 0.375923 0.597435 0.893070 1.258610 1.682562 2.141897 2.616667 3.041799 3.348289 3.468116 3.375006 3.100022 2.626310 2.037989 1.462558 1.005175 0.648874 0.398697 0.208963 0.085028 0.034408 0.016476 0.000000 0.000000 0.000000 0.000000 0.000000 0.000000 0.000000 0.000000 0.000000
0.000000 0.000000 0.000000 0.000000 0.000000 0.000000 0.000000 0.000000 0.000000 0.000000 0.000000 0.000000 0.000000 0.018094 0.039942 0.080480 0.151639 0.271085 0.462382 0.751199 1.160360 1.701879 2.372348 3.149218 3.988895 4.842163 5.583655 6.112280 6.339080 6.205554 5.735337 4.919552 3.910528 2.852024 1.979543 1.283839 0.804468 0.457369 0.218311 0.082737 0.036309 0.016619 0.000000 0.000000 0.000000 0.000000 0.000000 0.000000 0.000000 0.000000
0.000000 0.000000 0.000000 0.000000 0.000000 0.000000 0.000000 0.000000 0.000000 0.000000 0.000000 0.000000 0.021348 0.046725 0.093888 0.176613 0.316293 0.543187 0.894353 1.410971 2.132794 3.086178 4.268461 5.640178 7.122734 8.618742 9.906151 10.820922 11.225960 11.030900 10.218796 8.844131 7.169331 5.338979 3.746341 2.465446 1.536501 0.915313 0.484594 0.203803 0.074793 0.035210 0.014690 0.000000 0.000000 0.000000 0.000000 0.000000 0.000000 0.000000
0.000000 0.000000 0.000000 0.000000 0.000000 0.000000 0.000000 0.000000 0.000000 0.000000 0.010391 0.024842 0.053824 0.107474 0.201293 0.359415 0.617686 1.023078 1.632691 2.512785 3.733601 5.347729 7.354707 9.691101 12.219087 14.772805 16.982365 18.550274 19.261660 18.966951 17.639879 15.352356 12.580910 9.563472 6.811680 4.539813 2.857145 1.706395 0.955614 0.453259 0.165628 0.069028 0.029343 0.000000 0.000000 0.000000 0.000000 0.000000 0.000000 0.000000
0.000000 0.000000 0.000000 0.000000 0.000000 0.000000 0.000000 0.000000 0.000000 0.012134 0.028484 0.060752 0.120128 0.223684 0.397711 0.681966 1.131515 1.816609 2.824573 4.261731 6.245635 8.869644 12.147109 15.986418 20.161745 24.391870 28.087278 30.742653 31.989719 31.555780 29.387432 25.713552 21.246948 16.384411 11.831784 7.984323 5.081631 3.035725 1.736454 0.884143 0.348795 0.126565 0.054280 0.018189 0.000000 0.000000 0.000000 0.000000 0.000000 0.000000
0.000000 0.000000 0.000000 0.000000 0.000000 0.000000 0.000000 0.000000 0.013706 0.031625 0.066391 0.129930 0.240634 0.425958 0.728191 1.208523 1.947202 3.047270 4.641557 6.896031 9.991929 14.083092 19.224918 25.308908 31.990793 38.782631 44.814789 49.229179 51.379841 50.689438 47.354412 41.626297 34.497482 26.817528 19.640566 13.409047 8.614692 5.177560 2.957251 1.567726 0.671979 0.223707 0.093940 0.032034 0.000000 0.000000 0.000000 0.000000 0.000000 0.000000
0.000000 0.000000 0.000000 0.000000 0.000000 0.000000 0.000000 0.015147 0.033972 0.070137 0.135710 0.249506 0.439774 0.749854 1.243730 2.008697 3.158799 4.844148 7.262841 10.657507 15.296739 21.429224 29.188896 38.462936 48.769287 59.335167 68.893059 76.071877 79.729027 78.667183 73.637550 64.965645 54.045910 42.156918 31.088812 21.453936 13.884923 8.414949 4.790915 2.583205 1.182535 0.391831 0.153369 0.052845 0.010971 0.000000 0.000000 0.000000 0.000000 0.000000
0.000000 0.000000 0.000000 0.000000 0.000000 0.000000 0.015786 0.034632 0.070630 0.135626 0.248152 0.436152 0.742319 1.230812 1.991678 3.144639 4.849030 7.318843 10.834588 15.739946 22.424913 31.277607 42.556519 56.169212 71.482872 87.335815 101.953545 113.218361 119.247818 117.890633 110.565399 97.733856 81.359482 63.608414 47.049664 32.709435 21.300871 13.011286 7.421608 4.008557 1.911149 0.656654 0.237689 0.082399 0.017396 0.000000 0.000000 0.000000 0.000000 0.000000
0.000000 0.000000 0.000000 0.000000 0.000000 0.014853 0.032284 0.065961 0.126990 0.232800 0.410351 0.700274 1.163168 1.887522 2.994434 4.644611 7.055097 10.519517 15.419566 22.227804 31.495708 43.798370 59.579182 78.845795 100.787605 123.726990 145.261917 162.188522 171.691299 170.531525 160.114044 141.468155 117.813507 92.164406 68.217262 47.567795 31.157385 19.135387 10.947313 5.888831 2.871170 1.034020 0.350980 0.122966 0.026605 0.000000 0.000000 0.000000 0.000000 0.000000
0.000000 0.000000 0.000000 0.000000 0.012356 0.026859 0.055639 0.108794 0.201911 0.359562 0.619413 1.037314 1.694754 2.707554 4.232954 6.481672 9.740808 14.397555 20.957464 30.050894 42.423820 58.885616 80.141602 106.396805 136.687622 168.723190 199.239365 223.747818 237.991074 237.738373 223.344971 197.273163 163.992706 128.157669 94.801308 66.177834 43.472073 26.768740 15.347486 8.233178 4.052765 1.522014 0.493622 0.174308 0.038973 0.000000 0.000000 0.000000 0.000000 0.000000
0.000000 0.000000 0.000000 0.000000 0.019985 0.042129 0.084335 0.160171 0.290493 0.508014 0.862644 1.426877 2.305167 3.643739 5.640606 8.563628 12.778685 18.782938 27.226936 38.918983 54.834278 76.071411 103.665855 138.109375 178.399506 221.507935 263.100861 297.230927 317.849915 319.204498 300.206024 265.062714 219.637848 171.192581 126.322708 88.051132 57.951874 35.660053 20.500208 10.924237 5.455848 2.106311 0.660128 0.235015 0.054281 0.010585 0.000000 0.000000 0.000000 0.000000
0.000000 0.000000 0.000000 0.013341 0.028906 0.059482 0.116224 0.216500 0.387037 0.669083 1.124810 1.844335 2.955850 4.636935 7.127846 10.754615 15.972249 23.399733 33.836380 48.283188 67.980408 94.375526 128.902328 172.417923 224.015991 279.835388 334.385345 380.176270 408.990387 412.464355 388.583313 342.913116 282.954224 219.900070 161.423553 112.456680 73.882675 45.417374 26.093191 13.942013 6.930601 2.768336 0.843427 0.302818 0.071930 0.014159 0.000000 0.000000 0.000000 0.000000
0.000000 0.000000 0.000000 0.017923 0.038408 0.077724 0.149466 0.274998 0.487255 0.836039 1.394505 2.269487 3.613362 5.633680 8.608136 12.923580 19.124311 27.944317 40.324787 57.464943 80.889366 112.422081 153.954269 206.838089 270.464050 340.132202 409.069763 468.306824 506.876923 513.207275 484.372314 427.054047 350.903473 271.968109 198.674026 137.848724 90.340080 55.609928 31.972952 16.979996 8.493278 3.481109 1.045782 0.373772 0.090757 0.018047 0.000000 0.000000 0.000000 0.000000
0.000000 0.000000 0.000000 0.020870 0.044604 0.090049 0.172599 0.316874 0.560647 0.960001 1.597153 2.593184 4.120019 6.412095 9.786031 14.684146 21.727301 31.748697 45.825703 65.350174 92.110947 128.278625 176.205917 237.828323 313.121704 396.970062 481.041260 554.914795 604.346985 614.719238 580.854370 511.603088 418.370819 323.342285 235.031815 162.484818 106.752823 65.704330 37.855576 20.223402 9.988705 4.207891 1.263221 0.444052 0.110329 0.022060 0.000000 0.000000 0.000000 0.000000
0.000000 0.000000 0.000000 0.021539 0.046107 0.093261 0.179024 0.329056 0.583154 1.000174 1.666970 2.711824 4.317769 6.735827 10.308114 15.515223 23.032436 33.771317 48.923061 70.046059 99.163963 138.775681 191.680191 260.391235 345.575378 442.548035 541.083191 629.310242 690.238220 704.971375 666.014771 586.289062 478.196167 369.337250 266.756744 184.247543 120.570168 74.322639 42.701942 22.892210 11.373814 4.922124 1.495297 0.512689 0.130066 0.025963 0.000000 0.000000 0.000000 0.000000
0.000000 0.000000 0.000000 0.021372 0.045940 0.093246 0.179325 0.329880 0.584896 1.003904 1.674596 2.726455 4.344680 6.785669 10.400697 15.683630 23.328058 34.271725 49.759785 71.447525 101.508133 142.672928 198.108307 270.872711 362.408997 469.036133 578.812195 678.648315 749.525879 768.875977 728.861023 642.591125 523.374695 402.896851 288.849670 197.982376 128.973190 78.852844 45.238789 24.138050 12.012981 5.245944 1.624742 0.561787 0.147192 0.029478 0.000000 0.000000 0.000000 0.000000
0.000000 0.000000 0.000000 0.017505 0.038525 0.080133 0.157387 0.294493 0.529348 0.919054 1.548343 2.541342 4.077985 6.410909 9.890858 15.008530 22.448856 33.141922 48.333149 69.687546 99.406517 140.292160 195.675308 268.982025 362.314056 472.918762 588.191589 694.622864 773.323669 798.325623 759.430908 668.624817 541.786255 415.500854 296.072632 201.918854 131.093246 80.018272 45.910011 24.492790 12.132226 5.319749 1.660134 0.574111 0.153538 0.031361 0.000000 0.000000 0.000000 0.000000
0.000000 0.000000 0.000000 0.012369 0.027935 0.059639 0.120051 0.229674 0.420945 0.743634 1.271704 2.115536 3.436941 5.467837 8.532710 13.090062 19.782728 29.497309 43.433167 63.208927 90.980843 129.531525 182.242630 252.725372 343.576508 453.098175 568.947144 677.283691 759.776733 787.358826 749.776489 659.977051 533.174927 408.377991 290.544281 197.312576 127.816719 77.870377 44.704491 23.924976 11.873609 5.320976 1.701477 0.573319 0.154608 0.031784 0.000000 0.000000 0.000000 0.000000
0.000000 0.000000 0.000000 0.000000 0.018118 0.040419 0.084544 0.166942 0.314108 0.567151 0.987927 1.668969 2.747450 4.421874 6.973086 10.798285 16.459684 24.738411 36.705921 53.819153 78.039177 111.938377 158.708725 221.909607 304.430176 405.671967 515.303162 619.248901 699.940796 728.830078 698.240662 614.649658 495.970184 377.270142 267.023682 179.819046 115.278595 70.106499 40.130104 21.479778 10.675759 4.817196 1.551322 0.538966 0.150112 0.031084 0.000000 0.000000 0.000000 0.000000
0.000000 0.000000 0.000000 0.000000 0.000000 0.023195 0.051738 0.107615 0.211212 0.394764 0.707663 1.224371 2.055952 3.365548 5.385809 8.447884 13.021793 19.765839 29.589031 43.734428 63.886257 92.261375 131.647629 185.191605 255.578506 342.652039 438.058655 529.566589 601.689758 627.981750 601.098755 529.125488 425.608521 322.821869 228.704880 154.321869 98.965851 60.153439 34.355759 18.384199 9.116364 4.124200 1.326774 0.470735 0.133121 0.028424 0.000000 0.000000 0.000000 0.000000
0.000000 0.000000 0.000000 0.000000 0.000000 0.010729 0.026303 0.059242 0.123773 0.243425 0.455146 0.815419 1.409116 2.363521 3.862307 6.169501 9.660496 14.868930 22.534416 33.677448 49.684235 72.398911 104.154251 147.616074 205.129425 276.758392 355.822174 432.173065 492.770844 514.834045 492.624969 434.376404 349.396332 264.500946 187.160736 126.339569 80.722488 49.172943 28.022291 14.994003 7.441643 3.363323 1.089044 0.393151 0.112196 0.024568 0.000000 0.000000 0.000000 0.000000
0.000000 0.000000 0.000000 0.000000 0.000000 0.000000 0.011105 0.027414 0.062276 0.131195 0.259575 0.487127 0.874524 1.513921 2.541378 4.154265 6.635213 10.390828 15.992800 24.236223 36.204700 53.355709 77.544083 110.926613 155.443680 211.292206 273.359741 333.682587 381.430481 398.112732 380.641418 336.023834 271.179016 205.572144 145.905975 98.316414 62.921829 38.096748 21.756470 11.628383 5.771787 2.597893 0.852219 0.314769 0.091275 0.020359 0.000000 0.000000 0.000000 0.000000
0.000000 0.000000 0.000000 0.000000 0.000000 0.000000 0.000000 0.011270 0.027905 0.063656 0.134393 0.266147 0.499667 0.897529 1.554543 2.609858 4.264956 6.810155 10.661648 16.401093 24.828928 37.024147 54.383533 78.532364 110.964165 151.891830 197.581497 242.274323 277.347412 289.341156 276.746033 244.771988 198.529083 150.586395 107.280472 72.106667 46.177212 27.957994 15.842296 8.450182 4.189385 1.897196 0.622572 0.238218 0.069839 0.016070 0.000000 0.000000 0.000000 0.000000
0.000000 0.000000 0.000000 0.000000 0.000000 0.000000 0.000000 0.000000 0.011200 0.027879 0.063494 0.133699 0.264506 0.496085 0.890314 1.541137 2.585675 4.221067 6.732852 10.528439 16.171804 24.420284 36.261818 52.848606 75.236832 103.553757 135.110413 166.118225 190.150192 197.775223 189.011871 167.779007 136.920975 103.943405 74.277969 49.910255 31.895357 19.225683 10.874161 5.742898 2.845619 1.273642 0.427472 0.169974 0.051006 0.012044 0.000000 0.000000 0.000000 0.000000
0.000000 0.000000 0.000000 0.000000 0.000000 0.000000 0.000000 0.000000 0.000000 0.010952 0.027400 0.062334 0.130584 0.256984 0.480062 0.858895 1.483289 2.483380 4.046879 6.444159 10.054574 15.389883 23.110117 33.986542 48.715736 67.331650 87.909203 108.143242 123.452530 127.754761 121.847687 108.168236 88.492111 67.465126 48.113640 32.331600 20.558969 12.301436 6.911031 3.623755 1.784991 0.776401 0.271533 0.113170 0.034687 0.000000 0.000000 0.000000 0.000000 0.000000
0.000000 0.000000 0.000000 0.000000 0.000000 0.000000 0.000000 0.000000 0.000000 0.000000 0.010218 0.025570 0.058591 0.122980 0.241542 0.449810 0.802717 1.383655 2.313041 3.763059 5.976916 9.287122 14.118078 20.958961 30.234072 41.908405 54.650330 67.146919 76.128105 78.302513 74.410927 66.012291 54.077637 41.109512 29.428923 19.706135 12.415457 7.359790 4.085393 2.119330 1.030656 0.424518 0.163506 0.069943 0.021944 0.000000 0.000000 0.000000 0.000000 0.000000
0.000000 0.000000 0.000000 0.000000 0.000000 0.000000 0.000000 0.000000 0.000000 0.000000 0.000000 0.000000 0.023260 0.053137 0.111710 0.219326 0.408107 0.727375 1.251948 2.089249 3.388970 5.355237 8.250847 12.371778 17.948448 24.887817 32.406673 39.765377 44.621521 45.562317 43.107246 38.186951 31.259947 23.806124 17.001175 11.250208 7.036069 4.105151 2.232384 1.143564 0.531648 0.209587 0.091776 0.039823 0.013027 0.000000 0.000000 0.000000 0.000000 0.000000
0.000000 0.000000 0.000000 0.000000 0.000000 0.000000 0.000000 0.000000 0.000000 0.000000 0.000000 0.000000 0.000000 0.021048 0.047497 0.099443 0.195342 0.363371 0.646022 1.107302 1.838587 2.962031 4.632858 7.022197 10.246609 14.195626 18.463272 22.611975 24.995600 25.409981 23.941477 21.136686 17.238947 13.053727 9.284249 6.092052 3.741128 2.122591 1.130052 0.567217 0.241464 0.098253 0.047193 0.020579 0.000000 0.000000 0.000000 0.000000 0.000000 0.000000
0.000000 0.000000 0.000000 0.000000 0.000000 0.000000 0.000000 0.000000 0.000000 0.000000 0.000000 0.000000 0.000000 0.000000 0.018969 0.042369 0.087885 0.171618 0.317956 0.562834 0.958518 1.577592 2.509095 3.846834 5.647905 7.822337 10.166956 12.351168 13.520817 13.696589 12.838857 11.275025 9.147812 6.869026 4.823382 3.094559 1.848441 1.012195 0.525171 0.249269 0.101235 0.047664 0.022544 0.000000 0.000000 0.000000 0.000000 0.000000 0.000000 0.000000
0.000000 0.000000 0.000000 0.000000 0.000000 0.000000 0.000000 0.000000 0.000000 0.000000 0.000000 0.000000 0.000000 0.000000 0.000000 0.016664 0.036956 0.075984 0.147069 0.270631 0.475520 0.801076 1.296811 2.013264 2.975063 4.119371 5.351237 6.433783 6.987392 7.043887 6.573286 5.733022 4.600344 3.410412 2.360363 1.479244 0.859371 0.457867 0.230522 0.097556 0.043595 0.021804 0.010157 0.000000 0.000000 0.000000 0.000000 0.000000 0.000000 0.000000
0.000000 0.000000 0.000000 0.000000 0.000000 0.000000 0.000000 0.000000 0.000000 0.000000 0.000000 0.000000 0.000000 0.000000 0.000000 0.000000 0.014248 0.031334 0.064108 0.123063 0.223783 0.386820 0.637604 1.001987 1.490334 2.065265 2.684926 3.183599 3.433059 3.439527 3.188125 2.753662 2.186876 1.604716 1.094510 0.669218 0.377125 0.197965 0.094705 0.037788 0.019181 0.000000 0.000000 0.000000 0.000000 0.000000 0.000000 0.000000 0.000000 0.000000
0.000000 0.000000 0.000000 0.000000 0.000000 0.000000 0.000000 0.000000 0.000000 0.000000 0.000000 0.000000 0.000000 0.000000 0.000000 0.000000 0.000000 0.011945 0.025932 0.052142 0.097832 0.172935 0.289576 0.459789 0.687402 0.957217 1.250423 1.460507 1.566991 1.555422 1.429030 1.224474 0.960995 0.698148 0.471879 0.286139 0.156878 0.081208 0.035502 0.015372 0.000000 0.000000 0.000000 0.000000 0.000000 0.000000 0.000000 0.000000 0.000000 0.000000
