tests/test_03/output4/DepositFile_010.00hrs.dat
NCOLS    50
NROWS    50
XLLCORNER    -2289770.000
YLLCORNER     2591270.000
CELLSIZE        2000.000       2000.000
NODATA_VALUE  0.000
[rows 0 to 49 of 50, columns 0 to 49 of 50]
0.000 0.000 0.000 0.000 0.000 0.000 0.000 0.000 0.000 0.000 0.000 0.000 0.000 0.000 0.000 0.000 0.000 0.000 0.017 0.032 0.057 0.093 0.140 0.201 0.268 0.342 0.415 0.467 0.489 0.463 0.401 0.327 0.244 0.173 0.114 0.061 0.026 0.012 0.000 0.000 0.000 0.000 0.000 0.000 0.000 0.000 0.000 0.000 0.000 0.000
0.000 0.000 0.000 0.000 0.000 0.000 0.000 0.000 0.000 0.000 0.000 0.000 0.000 0.000 0.000 0.000 0.000 0.020 0.040 0.074 0.128 0.203 0.300 0.416 0.545 0.684 0.814 0.906 0.945 0.906 0.809 0.660 0.495 0.349 0.241 0.147 0.074 0.030 0.014 0.000 0.000 0.000 0.000 0.000 0.000 0.000 0.000 0.000 0.000 0.000
0.000 0.000 0.000 0.000 0.000 0.000 0.000 0.000 0.000 0.000 0.000 0.000 0.000 0.000 0.000 0.012 0.027 0.054 0.101 0.177 0.291 0.446 0.638 0.863 1.107 1.367 1.608 1.778 1.844 1.782 1.618 1.345 1.025 0.726 0.498 0.319 0.183 0.083 0.031 0.015 0.000 0.000 0.000 0.000 0.000 0.000 0.000 0.000 0.000 0.000
0.000 0.000 0.000 0.000 0.000 0.000 0.000 0.000 0.000 0.000 0.000 0.000 0.000 0.000 0.015 0.033 0.067 0.126 0.223 0.376 0.597 0.893 1.259 1.683 2.142 2.617 3.042 3.348 3.468 3.375 3.100 2.626 2.038 1.463 1.005 0.649 0.399 0.209 0.085 0.034 0.016 0.000 0.000 0.000 0.000 0.000 0.000 0.000 0.000 0.000
0.000 0.000 0.000 0.000 0.000 0.000 0.000 0.000 0.000 0.000 0.000 0.000 0.000 0.018 0.040 0.080 0.152 0.271 0.462 0.751 1.160 1.702 2.372 3.149 3.989 4.842 5.584 6.112 6.339 6.206 5.735 4.920 3.911 2.852 1.980 1.284 0.804 0.457 0.218 0.083 0.036 0.017 0.000 0.000 0.000 0.000 0.000 0.000 0.000 0.000
0.000 0.000 0.000 0.000 0.000 0.000 0.000 0.000 0.000 0.000 0.000 0.000 0.021 0.047 0.094 0.177 0.316 0.543 0.894 1.411 2.133 3.086 4.268 5.640 7.123 8.619 9.906 10.821 11.226 11.031 10.219 8.844 7.169 5.339 3.746 2.465 1.536 0.915 0.485 0.204 0.075 0.035 0.015 0.000 0.000 0.000 0.000 0.000 0.000 0.000
0.000 0.000 0.000 0.000 0.000 0.000 0.000 0.000 0.000 0.000 0.010 0.025 0.054 0.107 0.201 0.359 0.618 1.023 1.633 2.513 3.734 5.348 7.355 9.691 12.219 14.773 16.982 18.550 19.262 18.967 17.640 15.352 12.581 9.563 6.812 4.540 2.857 1.706 0.956 0.453 0.166 0.069 0.029 0.000 0.000 0.000 0.000 0.000 0.000 0.000
0.000 0.000 0.000 0.000 0.000 0.000 0.000 0.000 0.000 0.012 0.028 0.061 0.120 0.224 0.398 0.682 1.132 1.817 2.825 4.262 6.246 8.870 12.147 15.986 20.162 24.392 28.087 30.743 31.990 31.556 29.387 25.714 21.247 16.384 11.832 7.984 5.082 3.036 1.736 0.884 0.349 0.127 0.054 0.018 0.000 0.000 0.000 0.000 0.000 0.000
0.000 0.000 0.000 0.000 0.000 0.000 0.000 0.000 0.014 0.032 0.066 0.130 0.241 0.426 0.728 1.209 1.947 3.047 4.642 6.896 9.992 14.083 19.225 25.309 31.991 38.783 44.815 49.229 51.380 50.689 47.354 41.626 34.497 26.818 19.641 13.409 8.615 5.178 2.957 1.568 0.672 0.224 0.094 0.032 0.000 0.000 0.000 0.000 0.000 0.000
0.000 0.000 0.000 0.000 0.000 0.000 0.000 0.015 0.034 0.070 0.136 0.250 0.440 0.750 1.244 2.009 3.159 4.844 7.263 10.658 15.297 21.429 29.189 38.463 48.769 59.335 68.893 76.072 79.729 78.667 73.638 64.966 54.046 42.157 31.089 21.454 13.885 8.415 4.791 2.583 1.183 0.392 0.153 0.053 0.011 0.000 0.000 0.000 0.000 0.000
0.000 0.000 0.000 0.000 0.000 0.000 0.016 0.035 0.071 0.136 0.248 0.436 0.742 1.231 1.992 3.145 4.849 7.319 10.835 15.740 22.425 31.278 42.557 56.169 71.483 87.336 101.954 113.218 119.248 117.891 110.565 97.734 81.359 63.608 47.050 32.709 21.301 13.011 7.422 4.009 1.911 0.657 0.238 0.082 0.017 0.000 0.000 0.000 0.000 0.000
0.000 0.000 0.000 0.000 0.000 0.015 0.032 0.066 0.127 0.233 0.410 0.700 1.163 1.888 2.994 4.645 7.055 10.520 15.420 22.228 31.496 43.798 59.579 78.846 100.788 123.727 145.262 162.188 171.691 170.531 160.114 141.468 117.813 92.164 68.217 47.568 31.157 19.135 10.947 5.889 2.871 1.034 0.351 0.123 0.027 0.000 0.000 0.000 0.000 0.000
0.000 0.000 0.000 0.000 0.012 0.027 0.056 0.109 0.202 0.360 0.619 1.037 1.695 2.708 4.233 6.482 9.741 14.398 20.957 30.051 42.424 58.886 80.142 106.397 136.688 168.723 199.239 223.748 237.991 237.738 223.345 197.273 163.993 128.158 94.801 66.178 43.472 26.769 15.347 8.233 4.053 1.522 0.494 0.174 0.039 0.000 0.000 0.000 0.000 0.000
0.000 0.000 0.000 0.000 0.020 0.042 0.084 0.160 0.290 0.508 0.863 1.427 2.305 3.644 5.641 8.564 12.779 18.783 27.227 38.919 54.834 76.071 103.666 138.109 178.399 221.508 263.101 297.231 317.850 319.204 300.206 265.063 219.638 171.192 126.323 88.051 57.952 35.660 20.500 10.924 5.456 2.106 0.660 0.235 0.054 0.011 0.000 0.000 0.000 0.000
0.000 0.000 0.000 0.013 0.029 0.059 0.116 0.217 0.387 0.669 1.125 1.844 2.956 4.637 7.128 10.755 15.972 23.400 33.836 48.283 67.980 94.376 128.902 172.418 224.016 279.835 334.385 380.176 408.990 412.464 388.583 342.913 282.954 219.900 161.423 112.457 73.883 45.417 26.093 13.942 6.931 2.768 0.843 0.303 0.072 0.014 0.000 0.000 0.000 0.000
0.000 0.000 0.000 0.018 0.038 0.078 0.149 0.275 0.487 0.836 1.395 2.269 3.613 5.634 8.608 12.924 19.124 27.944 40.325 57.465 80.889 112.422 153.954 206.838 270.464 340.132 409.070 468.307 506.877 513.207 484.372 427.054 350.903 271.968 198.674 137.849 90.340 55.610 31.973 16.980 8.493 3.481 1.046 0.374 0.091 0.018 0.000 0.000 0.000 0.000
0.000 0.000 0.000 0.021 0.045 0.090 0.173 0.317 0.561 0.960 1.597 2.593 4.120 6.412 9.786 14.684 21.727 31.749 45.826 65.350 92.111 128.279 176.206 237.828 313.122 396.970 481.041 554.915 604.347 614.719 580.854 511.603 418.371 323.342 235.032 162.485 106.753 65.704 37.856 20.223 9.989 4.208 1.263 0.444 0.110 0.022 0.000 0.000 0.000 0.000
0.000 0.000 0.000 0.022 0.046 0.093 0.179 0.329 0.583 1.000 1.667 2.712 4.318 6.736 10.308 15.515 23.032 33.771 48.923 70.046 99.164 138.776 191.680 260.391 345.575 442.548 541.083 629.310 690.238 704.971 666.015 586.289 478.196 369.337 266.757 184.247 120.570 74.323 42.702 22.892 11.374 4.922 1.495 0.513 0.130 0.026 0.000 0.000 0.000 0.000
0.000 0.000 0.000 0.021 0.046 0.093 0.179 0.330 0.585 1.004 1.675 2.726 4.345 6.786 10.401 15.684 23.328 34.272 49.760 71.448 101.508 142.673 198.108 270.873 362.409 469.036 578.812 678.648 749.526 768.876 728.861 642.591 523.375 402.897 288.850 197.982 128.973 78.853 45.239 24.138 12.013 5.246 1.625 0.562 0.147 0.029 0.000 0.000 0.000 0.000
0.000 0.000 0.000 0.018 0.039 0.080 0.157 0.294 0.529 0.919 1.548 2.541 4.078 6.411 9.891 15.009 22.449 33.142 48.333 69.688 99.407 140.292 195.675 268.982 362.314 472.919 588.192 694.623 773.324 798.325 759.431 668.625 541.786 415.501 296.073 201.919 131.093 80.018 45.910 24.493 12.132 5.320 1.660 0.574 0.154 0.031 0.000 0.000 0.000 0.000
0.000 0.000 0.000 0.012 0.028 0.060 0.120 0.230 0.421 0.744 1.272 2.116 3.437 5.468 8.533 13.090 19.783 29.497 43.433 63.209 90.981 129.532 182.243 252.725 343.577 453.098 568.947 677.284 759.777 787.359 749.776 659.977 533.175 408.378 290.544 197.313 127.817 77.870 44.704 23.925 11.874 5.321 1.701 0.573 0.155 0.032 0.000 0.000 0.000 0.000
0.000 0.000 0.000 0.000 0.018 0.040 0.085 0.167 0.314 0.567 0.988 1.669 2.747 4.422 6.973 10.798 16.460 24.738 36.706 53.819 78.039 111.938 158.709 221.910 304.430 405.672 515.303 619.249 699.941 728.830 698.241 614.649 495.970 377.270 267.024 179.819 115.279 70.106 40.130 21.480 10.676 4.817 1.551 0.539 0.150 0.031 0.000 0.000 0.000 0.000
0.000 0.000 0.000 0.000 0.000 0.023 0.052 0.108 0.211 0.395 0.708 1.224 2.056 3.366 5.386 8.448 13.022 19.766 29.589 43.734 63.886 92.261 131.648 185.192 255.579 342.652 438.059 529.567 601.690 627.982 601.099 529.125 425.608 322.822 228.705 154.322 98.966 60.153 34.356 18.384 9.116 4.124 1.327 0.471 0.133 0.028 0.000 0.000 0.000 0.000
0.000 0.000 0.000 0.000 0.000 0.011 0.026 0.059 0.124 0.243 0.455 0.815 1.409 2.364 3.862 6.170 9.661 14.869 22.534 33.677 49.684 72.399 104.154 147.616 205.129 276.758 355.822 432.173 492.771 514.834 492.625 434.376 349.396 264.501 187.161 126.340 80.722 49.173 28.022 14.994 7.442 3.363 1.089 0.393 0.112 0.025 0.000 0.000 0.000 0.000
0.000 0.000 0.000 0.000 0.000 0.000 0.011 0.027 0.062 0.131 0.260 0.487 0.875 1.514 2.541 4.154 6.635 10.391 15.993 24.236 36.205 53.356 77.544 110.927 155.444 211.292 273.360 333.683 381.430 398.113 380.641 336.024 271.179 205.572 145.906 98.316 62.922 38.097 21.756 11.628 5.772 2.598 0.852 0.315 0.091 0.020 0.000 0.000 0.000 0.000
0.000 0.000 0.000 0.000 0.000 0.000 0.000 0.011 0.028 0.064 0.134 0.266 0.500 0.898 1.555 2.610 4.265 6.810 10.662 16.401 24.829 37.024 54.384 78.532 110.964 151.892 197.582 242.274 277.347 289.341 276.746 244.772 198.529 150.586 107.280 72.107 46.177 27.958 15.842 8.450 4.189 1.897 0.623 0.238 0.070 0.016 0.000 0.000 0.000 0.000
0.000 0.000 0.000 0.000 0.000 0.000 0.000 0.000 0.011 0.028 0.063 0.134 0.265 0.496 0.890 1.541 2.586 4.221 6.733 10.528 16.172 24.420 36.262 52.849 75.237 103.554 135.110 166.118 190.150 197.775 189.012 167.779 136.921 103.943 74.278 49.910 31.895 19.226 10.874 5.743 2.846 1.274 0.427 0.170 0.051 0.012 0.000 0.000 0.000 0.000
0.000 0.000 0.000 0.000 0.000 0.000 0.000 0.000 0.000 0.011 0.027 0.062 0.131 0.257 0.480 0.859 1.483 2.483 4.047 6.444 10.055 15.390 23.110 33.987 48.716 67.332 87.909 108.143 123.453 127.755 121.848 108.168 88.492 67.465 48.114 32.332 20.559 12.301 6.911 3.624 1.785 0.776 0.272 0.113 0.035 0.000 0.000 0.000 0.000 0.000
0.000 0.000 0.000 0.000 0.000 0.000 0.000 0.000 0.000 0.000 0.010 0.026 0.059 0.123 0.242 0.450 0.803 1.384 2.313 3.763 5.977 9.287 14.118 20.959 30.234 41.908 54.650 67.147 76.128 78.303 74.411 66.012 54.078 41.110 29.429 19.706 12.415 7.360 4.085 2.119 1.031 0.425 0.164 0.070 0.022 0.000 0.000 0.000 0.000 0.000
0.000 0.000 0.000 0.000 0.000 0.000 0.000 0.000 0.000 0.000 0.000 0.000 0.023 0.053 0.112 0.219 0.408 0.727 1.252 2.089 3.389 5.355 8.251 12.372 17.948 24.888 32.407 39.765 44.622 45.562 43.107 38.187 31.260 23.806 17.001 11.250 7.036 4.105 2.232 1.144 0.532 0.210 0.092 0.040 0.013 0.000 0.000 0.000 0.000 0.000
0.000 0.000 0.000 0.000 0.000 0.000 0.000 0.000 0.000 0.000 0.000 0.000 0.000 0.021 0.047 0.099 0.195 0.363 0.646 1.107 1.839 2.962 4.633 7.022 10.247 14.196 18.463 22.612 24.996 25.410 23.941 21.137 17.239 13.054 9.284 6.092 3.741 2.123 1.130 0.567 0.241 0.098 0.047 0.021 0.000 0.000 0.000 0.000 0.000 0.000
0.000 0.000 0.000 0.000 0.000 0.000 0.000 0.000 0.000 0.000 0.000 0.000 0.000 0.000 0.019 0.042 0.088 0.172 0.318 0.563 0.959 1.578 2.509 3.847 5.648 7.822 10.167 12.351 13.521 13.697 12.839 11.275 9.148 6.869 4.823 3.095 1.848 1.012 0.525 0.249 0.101 0.048 0.023 0.000 0.000 0.000 0.000 0.000 0.000 0.000
0.000 0.000 0.000 0.000 0.000 0.000 0.000 0.000 0.000 0.000 0.000 0.000 0.000 0.000 0.000 0.017 0.037 0.076 0.147 0.271 0.476 0.801 1.297 2.013 2.975 4.119 5.351 6.434 6.987 7.044 6.573 5.733 4.600 3.410 2.360 1.479 0.859 0.458 0.231 0.098 0.044 0.022 0.010 0.000 0.000 0.000 0.000 0.000 0.000 0.000
0.000 0.000 0.000 0.000 0.000 0.000 0.000 0.000 0.000 0.000 0.000 0.000 0.000 0.000 0.000 0.000 0.014 0.031 0.064 0.123 0.224 0.387 0.638 1.002 1.490 2.065 2.685 3.184 3.433 3.440 3.188 2.754 2.187 1.605 1.095 0.669 0.377 0.198 0.095 0.038 0.019 0.000 0.000 0.000 0.000 0.000 0.000 0.000 0.000 0.000
0.000 0.000 0.000 0.000 0.000 0.000 0.000 0.000 0.000 0.000 0.000 0.000 0.000 0.000 0.000 0.000 0.000 0.012 0.026 0.052 0.098 0.173 0.290 0.460 0.687 0.957 1.250 1.461 1.567 1.555 1.429 1.224 0.961 0.698 0.472 0.286 0.157 0.081 0.036 0.015 0.000 0.000 0.000 0.000 0.000 0.000 0.000 0.000 0.000 0.000
0.000 0.000 0.000 0.000 0.000 0.000 0.000 0.000 0.000 0.000 0.000 0.000 0.000 0.000 0.000 0.000 0.000 0.000 0.000 0.020 0.038 0.067 0.113 0.181 0.273 0.384 0.499 0.575 0.608 0.595 0.540 0.458 0.355 0.257 0.171 0.106 0.056 0.027 0.012 0.000 0.000 0.000 0.000 0.000 0.000 0.000 0.000 0.000 0.000 0.000
0.000 0.000 0.000 0.000 0.000 0.000 0.000 0.000 0.000 0.000 0.000 0.000 0.000 0.000 0.000 0.000 0.000 0.000 0.000 0.000 0.012 0.022 0.037 0.059 0.090 0.127 0.161 0.180 0.186 0.177 0.156 0.127 0.096 0.067 0.044 0.026 0.014 0.000 0.000 0.000 0.000 0.000 0.000 0.000 0.000 0.000 0.000 0.000 0.000 0.000
0.000 0.000 0.000 0.000 0.000 0.000 0.000 0.000 0.000 0.000 0.000 0.000 0.000 0.000 0.000 0.000 0.000 0.000 0.000 0.000 0.000 0.000 0.000 0.015 0.023 0.032 0.040 0.043 0.043 0.039 0.033 0.025 0.017 0.011 0.000 0.000 0.000 0.000 0.000 0.000 0.000 0.000 0.000 0.000 0.000 0.000 0.000 0.000 0.000 0.000
0.000 0.000 0.000 0.000 0.000 0.000 0.000 0.000 0.000 0.000 0.000 0.000 0.000 0.000 0.000 0.000 0.000 0.000 0.000 0.000 0.000 0.000 0.000 0.000 0.000 0.000 0.000 0.000 0.000 0.000 0.000 0.000 0.000 0.000 0.000 0.000 0.000 0.000 0.000 0.000 0.000 0.000 0.000 0.000 0.000 0.000 0.000 0.000 0.000 0.000
0.000 0.000 0.000 0.000 0.000 0.000 0.000 0.000 0.000 0.000 0.000 0.000 0.000 0.000 0.000 0.000 0.000 0.000 0.000 0.000 0.000 0.000 0.000 0.000 0.000 0.000 0.000 0.000 0.000 0.000 0.000 0.000 0.000 0.000 0.000 0.000 0.000 0.000 0.000 0.000 0.000 0.000 0.000 0.000 0.000 0.000 0.000 0.000 0.000 0.000
0.000 0.000 0.000 0.000 0.000 0.000 0.000 0.000 0.000 0.000 0.000 0.000 0.000 0.000 0.000 0.000 0.000 0.000 0.000 0.000 0.000 0.000 0.000 0.000 0.000 0.000 0.000 0.000 0.000 0.000 0.000 0.000 0.000 0.000 0.000 0.000 0.000 0.000 0.000 0.000 0.000 0.000 0.000 0.000 0.000 0.000 0.000 0.000 0.000 0.000
0.000 0.000 0.000 0.000 0.000 0.000 0.000 0.000 0.000 0.000 0.000 0.000 0.000 0.000 0.000 0.000 0.000 0.000 0.000 0.000 0.000 0.000 0.000 0.000 0.000 0.000 0.000 0.000 0.000 0.000 0.000 0.000 0.000 0.000 0.000 0.000 0.000 0.000 0.000 0.000 0.000 0.000 0.000 0.000 0.000 0.000 0.000 0.000 0.000 0.000
0.000 0.000 0.000 0.000 0.000 0.000 0.000 0.000 0.000 0.000 0.000 0.000 0.000 0.000 0.000 0.000 0.000 0.000 0.000 0.000 0.000 0.000 0.000 0.000 0.000 0.000 0.000 0.000 0.000 0.000 0.000 0.000 0.000 0.000 0.000 0.000 0.000 0.000 0.000 0.000 0.000 0.000 0.000 0.000 0.000 0.000 0.000 0.000 0.000 0.000
0.000 0.000 0.000 0.000 0.000 0.000 0.000 0.000 0.000 0.000 0.000 0.000 0.000 0.000 0.000 0.000 0.000 0.000 0.000 0.000 0.000 0.000 0.000 0.000 0.000 0.000 0.000 0.000 0.000 0.000 0.000 0.000 0.000 0.000 0.000 0.000 0.000 0.000 0.000 0.000 0.000 0.000 0.000 0.000 0.000 0.000 0.000 0.000 0.000 0.000
0.000 0.000 0.000 0.000 0.000 0.000 0.000 0.000 0.000 0.000 0.000 0.000 0.000 0.000 0.000 0.000 0.000 0.000 0.000 0.000 0.000 0.000 0.000 0.000 0.000 0.000 0.000 0.000 0.000 0.000 0.000 0.000 0.000 0.000 0.000 0.000 0.000 0.000 0.000 0.000 0.000 0.000 0.000 0.000 0.000 0.000 0.000 0.000 0.000 0.000
0.000 0.000 0.000 0.000 0.000 0.000 0.000 0.000 0.000 0.000 0.000 0.000 0.000 0.000 0.000 0.000 0.000 0.000 0.000 0.000 0.000 0.000 0.000 0.000 0.000 0.000 0.000 0.000 0.000 0.000 0.000 0.000 0.000 0.000 0.000 0.000 0.000 0.000 0.000 0.000 0.000 0.000 0.000 0.000 0.000 0.000 0.000 0.000 0.000 0.000
0.000 0.000 0.000 0.000 0.000 0.000 0.000 0.000 0.000 0.000 0.000 0.000 0.000 0.000 0.000 0.000 0.000 0.000 0.000 0.000 0.000 0.000 0.000 0.000 0.000 0.000 0.000 0.000 0.000 0.000 0.000 0.000 0.000 0.000 0.000 0.000 0.000 0.000 0.000 0.000 0.000 0.000 0.000 0.000 0.000 0.000 0.000 0.000 0.000 0.000
0.000 0.000 0.000 0.000 0.000 0.000 0.000 0.000 0.000 0.000 0.000 0.000 0.000 0.000 0.000 0.000 0.000 0.000 0.000 0.000 0.000 0.000 0.000 0.000 0.000 0.000 0.000 0.000 0.000 0.000 0.000 0.000 0.000 0.000 0.000 0.000 0.000 0.000 0.000 0.000 0.000 0.000 0.000 0.000 0.000 0.000 0.000 0.000 0.000 0.000
0.000 0.000 0.000 0.000 0.000 0.000 0.000 0.000 0.000 0.000 0.000 0.000 0.000 0.000 0.000 0.000 0.000 0.000 0.000 0.000 0.000 0.000 0.000 0.000 0.000 0.000 0.000 0.000 0.000 0.000 0.000 0.000 0.000 0.000 0.000 0.000 0.000 0.000 0.000 0.000 0.000 0.000 0.000 0.000 0.000 0.000 0.000 0.000 0.000 0.000
0.000 0.000 0.000 0.000 0.000 0.000 0.000 0.000 0.000 0.000 0.000 0.000 0.000 0.000 0.000 0.000 0.000 0.000 0.000 0.000 0.000 0.000 0.000 0.000 0.000 0.000 0.000 0.000 0.000 0.000 0.000 0.000 0.000 0.000 0.000 0.000 0.000 0.000 0.000 0.000 0.000 0.000 0.000 0.000 0.000 0.000 0.000 0.000 0.000 0.000
