tests/test_03/output4/DepositArrivalTime.dat
NCOLS    50
NROWS    50
XLLCORNER    -2289770.000
YLLCORNER     2591270.000
CELLSIZE        2000.000       2000.000
NODATA_VALUE -1.000
[rows 0 to 46 of 50, columns 0 to 49 of 50]
-1.000 -1.000 -1.000 14.667 13.778 13.333 12.889 12.556 12.222 12.000 11.667 11.444 11.222 11.000 10.778 10.556 10.333 10.111 9.889 9.667 9.444 9.333 9.111 9.000 8.889 8.667 8.667 8.667 8.667 8.667 8.778 8.889 9.111 9.222 9.444 9.556 9.778 10.000 10.222 10.444 10.778 11.000 12.333 -1.000 -1.000 -1.000 -1.000 -1.000 -1.000 -1.000
-1.000 -1.000 14.333 13.667 13.222 12.778 12.444 12.222 11.889 11.667 11.444 11.222 11.000 10.778 10.556 10.333 10.111 9.889 9.667 9.444 9.222 9.111 8.889 8.778 8.556 8.444 8.444 8.444 8.444 8.444 8.556 8.778 8.889 9.000 9.111 9.333 9.556 9.667 10.000 10.222 10.444 10.778 11.444 -1.000 -1.000 -1.000 -1.000 -1.000 -1.000 -1.000
14.778 14.000 13.444 13.000 12.667 12.333 12.111 11.778 11.556 11.333 11.111 10.889 10.667 10.444 10.222 10.000 9.778 9.556 9.333 9.222 9.000 8.778 8.667 8.444 8.333 8.222 8.222 8.111 8.111 8.222 8.333 8.556 8.667 8.778 8.889 9.000 9.222 9.444 9.667 9.889 10.222 10.444 10.889 -1.000 -1.000 -1.000 -1.000 -1.000 -1.000 -1.000
13.778 13.333 12.889 12.556 12.333 12.000 11.778 11.556 11.222 11.000 10.778 10.556 10.333 10.222 10.000 9.778 9.556 9.333 9.111 8.889 8.667 8.556 8.333 8.222 8.111 8.000 7.889 7.889 7.889 8.000 8.111 8.222 8.333 8.444 8.667 8.778 9.000 9.222 9.444 9.667 9.889 10.111 10.556 12.000 -1.000 -1.000 -1.000 -1.000 -1.000 -1.000
13.111 12.778 12.556 12.222 12.000 11.667 11.444 11.222 11.000 10.778 10.556 10.333 10.111 9.889 9.667 9.444 9.333 9.111 8.889 8.667 8.444 8.333 8.111 8.000 7.778 7.778 7.667 7.667 7.667 7.778 7.889 8.000 8.111 8.222 8.333 8.556 8.778 9.000 9.222 9.444 9.667 9.889 10.222 10.889 -1.000 -1.000 -1.000 -1.000 -1.000 -1.000
12.778 12.444 12.111 11.889 11.667 11.444 11.111 10.889 10.667 10.556 10.333 10.111 9.889 9.667 9.444 9.222 9.000 8.778 8.667 8.444 8.222 8.000 7.889 7.778 7.556 7.444 7.444 7.444 7.444 7.556 7.667 7.778 7.889 8.000 8.111 8.333 8.556 8.778 8.889 9.111 9.444 9.667 9.889 10.444 -1.000 -1.000 -1.000 -1.000 -1.000 -1.000
12.333 12.111 11.889 11.556 11.333 11.111 10.889 10.667 10.444 10.222 10.000 9.889 9.667 9.444 9.222 9.000 8.778 8.556 8.444 8.222 8.000 7.778 7.667 7.444 7.333 7.222 7.222 7.222 7.222 7.444 7.444 7.556 7.667 7.778 7.889 8.111 8.333 8.556 8.778 8.889 9.111 9.444 9.667 10.111 -1.000 -1.000 -1.000 -1.000 -1.000 -1.000
12.111 11.778 11.556 11.333 11.111 10.889 10.667 10.444 10.222 10.000 9.778 9.556 9.333 9.222 9.000 8.778 8.556 8.333 8.222 8.000 7.778 7.556 7.444 7.333 7.111 7.000 7.000 7.000 7.111 7.222 7.222 7.333 7.444 7.556 7.778 7.889 8.111 8.333 8.556 8.778 9.000 9.222 9.444 9.778 -1.000 -1.000 -1.000 -1.000 -1.000 -1.000
11.778 11.556 11.333 11.000 10.778 10.556 10.444 10.222 10.000 9.778 9.556 9.333 9.111 8.889 8.778 8.556 8.333 8.111 7.889 7.778 7.556 7.444 7.222 7.111 6.889 6.778 6.778 6.778 6.889 7.000 7.000 7.111 7.222 7.333 7.556 7.667 7.889 8.111 8.333 8.556 8.778 9.000 9.222 9.556 10.556 -1.000 -1.000 -1.000 -1.000 -1.000
11.556 11.333 11.000 10.778 10.556 10.333 10.111 10.000 9.778 9.556 9.333 9.111 8.889 8.667 8.556 8.333 8.111 7.889 7.778 7.556 7.333 7.222 7.000 6.889 6.667 6.556 6.556 6.556 6.667 6.778 6.778 6.889 7.000 7.111 7.333 7.444 7.667 7.889 8.111 8.333 8.556 8.778 9.000 9.333 10.000 -1.000 -1.000 -1.000 -1.000 -1.000
11.333 11.000 10.778 10.556 10.333 10.111 9.889 9.778 9.556 9.333 9.111 8.889 8.667 8.556 8.333 8.111 7.889 7.667 7.556 7.333 7.111 7.000 6.778 6.667 6.556 6.333 6.333 6.333 6.444 6.556 6.556 6.667 6.778 6.889 7.111 7.222 7.444 7.667 7.889 8.111 8.333 8.556 8.778 9.111 9.667 -1.000 -1.000 -1.000 -1.000 -1.000
11.111 10.889 10.667 10.444 10.222 10.000 9.778 9.556 9.333 9.111 8.889 8.667 8.444 8.333 8.111 7.889 7.667 7.444 7.333 7.111 6.889 6.778 6.556 6.444 6.333 6.222 6.111 6.111 6.222 6.333 6.333 6.444 6.556 6.778 6.889 7.000 7.222 7.444 7.667 7.889 8.111 8.333 8.556 8.889 9.333 -1.000 -1.000 -1.000 -1.000 -1.000
10.889 10.667 10.444 10.222 10.000 9.778 9.556 9.333 9.111 8.889 8.667 8.444 8.222 8.111 7.889 7.667 7.444 7.333 7.111 6.889 6.778 6.556 6.444 6.222 6.111 6.000 6.000 5.889 6.111 6.111 6.111 6.222 6.444 6.556 6.667 6.889 7.000 7.222 7.444 7.667 7.889 8.111 8.444 8.667 9.111 11.111 -1.000 -1.000 -1.000 -1.000
10.778 10.556 10.333 10.111 9.889 9.667 9.333 9.111 8.889 8.667 8.556 8.333 8.111 7.889 7.667 7.444 7.333 7.111 6.889 6.778 6.556 6.333 6.222 6.111 5.889 5.778 5.778 5.778 5.889 5.889 6.000 6.111 6.222 6.333 6.444 6.667 6.778 7.000 7.222 7.444 7.667 8.000 8.222 8.556 9.000 10.000 -1.000 -1.000 -1.000 -1.000
10.667 10.444 10.222 10.000 9.778 9.444 9.222 9.000 8.778 8.556 8.333 8.111 7.889 7.667 7.556 7.333 7.111 6.889 6.778 6.556 6.333 6.222 6.000 5.889 5.667 5.556 5.556 5.556 5.667 5.667 5.778 5.889 6.000 6.111 6.333 6.444 6.667 6.889 7.111 7.333 7.556 7.778 8.111 8.333 8.778 9.556 -1.000 -1.000 -1.000 -1.000
10.667 10.333 10.111 9.889 9.667 9.444 9.111 8.889 8.667 8.444 8.222 8.000 7.778 7.556 7.333 7.222 7.000 6.778 6.556 6.333 6.222 6.000 5.889 5.667 5.556 5.444 5.333 5.444 5.444 5.444 5.556 5.667 5.778 5.889 6.111 6.222 6.444 6.667 6.889 7.111 7.444 7.667 8.000 8.222 8.667 9.333 -1.000 -1.000 -1.000 -1.000
10.556 10.333 10.111 9.778 9.556 9.333 9.111 8.889 8.556 8.333 8.111 7.889 7.667 7.444 7.222 7.111 6.889 6.667 6.444 6.222 6.000 5.889 5.667 5.556 5.333 5.222 5.222 5.222 5.222 5.333 5.444 5.444 5.667 5.778 5.889 6.111 6.333 6.556 6.778 7.000 7.333 7.556 7.889 8.111 8.556 9.222 -1.000 -1.000 -1.000 -1.000
10.556 10.333 10.111 9.778 9.556 9.333 9.111 8.778 8.556 8.333 8.111 7.889 7.667 7.444 7.222 7.000 6.778 6.556 6.333 6.111 5.889 5.778 5.556 5.333 5.222 5.111 5.000 5.000 5.111 5.111 5.222 5.333 5.444 5.556 5.778 6.000 6.222 6.444 6.667 6.889 7.222 7.444 7.778 8.111 8.444 9.000 -1.000 -1.000 -1.000 -1.000
10.556 10.333 10.111 9.778 9.556 9.333 9.000 8.778 8.556 8.333 8.111 7.889 7.667 7.333 7.111 6.889 6.667 6.444 6.222 6.111 5.889 5.667 5.444 5.222 5.111 4.889 4.778 4.778 4.889 4.889 5.000 5.111 5.333 5.444 5.667 5.889 6.111 6.333 6.556 6.889 7.111 7.444 7.667 8.000 8.333 9.000 -1.000 -1.000 -1.000 -1.000
10.667 10.444 10.111 9.889 9.556 9.333 9.111 8.778 8.556 8.333 8.111 7.889 7.556 7.333 7.111 6.889 6.667 6.444 6.222 6.000 5.778 5.556 5.444 5.222 5.000 4.889 4.667 4.667 4.778 4.778 5.000 5.111 5.222 5.333 5.556 5.778 6.000 6.222 6.556 6.778 7.000 7.333 7.667 8.000 8.333 8.889 -1.000 -1.000 -1.000 -1.000
10.778 10.556 10.222 10.000 9.667 9.444 9.222 8.889 8.667 8.444 8.111 7.889 7.667 7.444 7.111 6.889 6.667 6.444 6.222 6.000 5.778 5.556 5.333 5.222 5.000 4.778 4.667 4.556 4.667 4.778 4.889 5.000 5.111 5.333 5.556 5.778 6.000 6.222 6.444 6.778 7.000 7.333 7.667 8.000 8.333 8.889 -1.000 -1.000 -1.000 -1.000
11.000 10.667 10.444 10.111 9.889 9.556 9.333 9.000 8.778 8.556 8.222 8.000 7.778 7.444 7.222 7.000 6.778 6.556 6.333 6.111 5.889 5.667 5.444 5.222 5.000 4.778 4.667 4.556 4.556 4.778 4.889 5.000 5.111 5.333 5.444 5.667 5.889 6.222 6.444 6.778 7.000 7.333 7.667 8.000 8.333 8.889 -1.000 -1.000 -1.000 -1.000
11.222 11.000 10.667 10.333 10.111 9.778 9.444 9.222 9.000 8.667 8.444 8.111 7.889 7.667 7.444 7.111 6.889 6.667 6.444 6.222 6.000 5.667 5.444 5.222 5.000 4.889 4.667 4.556 4.556 4.778 4.889 5.000 5.111 5.333 5.556 5.667 6.000 6.222 6.444 6.778 7.000 7.333 7.667 8.000 8.444 9.000 -1.000 -1.000 -1.000 -1.000
11.556 11.222 10.889 10.667 10.333 10.000 9.778 9.444 9.222 8.889 8.667 8.333 8.111 7.889 7.556 7.333 7.111 6.889 6.667 6.333 6.111 5.889 5.667 5.444 5.222 5.000 4.778 4.556 4.667 4.889 5.000 5.111 5.222 5.333 5.556 5.778 6.000 6.222 6.556 6.778 7.111 7.444 7.778 8.111 8.444 9.111 -1.000 -1.000 -1.000 -1.000
11.889 11.556 11.222 10.889 10.667 10.333 10.000 9.778 9.444 9.222 8.889 8.667 8.333 8.111 7.889 7.556 7.333 7.111 6.778 6.556 6.333 6.111 5.889 5.667 5.444 5.222 5.000 4.889 4.889 5.111 5.222 5.222 5.333 5.444 5.667 5.889 6.111 6.333 6.556 6.889 7.222 7.556 7.889 8.222 8.556 9.222 -1.000 -1.000 -1.000 -1.000
12.333 12.000 11.556 11.222 10.889 10.556 10.333 10.000 9.778 9.444 9.111 8.889 8.556 8.333 8.111 7.778 7.556 7.333 7.111 6.778 6.556 6.333 6.111 5.889 5.667 5.444 5.333 5.222 5.222 5.222 5.333 5.444 5.556 5.667 5.778 6.000 6.222 6.444 6.778 7.000 7.333 7.667 8.000 8.333 8.778 9.444 -1.000 -1.000 -1.000 -1.000
13.000 12.444 12.000 11.556 11.222 10.889 10.667 10.333 10.000 9.778 9.444 9.111 8.889 8.556 8.333 8.111 7.778 7.556 7.333 7.111 6.778 6.556 6.333 6.111 5.889 5.667 5.556 5.444 5.444 5.556 5.556 5.667 5.778 5.889 6.000 6.222 6.444 6.667 6.889 7.222 7.444 7.778 8.111 8.556 8.889 9.778 -1.000 -1.000 -1.000 -1.000
14.222 13.222 12.556 12.111 11.667 11.222 10.889 10.667 10.333 10.000 9.778 9.444 9.222 8.889 8.667 8.333 8.111 7.778 7.556 7.333 7.111 6.778 6.556 6.333 6.111 6.000 5.778 5.667 5.667 5.778 5.778 5.889 6.000 6.111 6.222 6.333 6.556 6.889 7.111 7.333 7.667 8.000 8.333 8.778 9.111 10.444 -1.000 -1.000 -1.000 -1.000
-1.000 -1.000 13.444 12.667 12.111 11.667 11.333 11.000 10.667 10.333 10.000 9.778 9.444 9.222 8.889 8.667 8.333 8.111 7.889 7.556 7.333 7.111 6.889 6.667 6.444 6.222 6.000 5.889 6.000 6.000 6.111 6.111 6.222 6.333 6.444 6.667 6.889 7.111 7.333 7.667 7.889 8.222 8.667 9.000 9.444 -1.000 -1.000 -1.000 -1.000 -1.000
-1.000 -1.000 -1.000 14.000 12.889 12.222 11.778 11.333 11.000 10.667 10.333 10.111 9.778 9.444 9.222 8.889 8.667 8.333 8.111 7.889 7.667 7.333 7.111 6.889 6.667 6.444 6.333 6.222 6.222 6.333 6.333 6.444 6.444 6.556 6.778 6.889 7.111 7.333 7.556 7.889 8.222 8.556 8.889 9.333 9.889 -1.000 -1.000 -1.000 -1.000 -1.000
-1.000 -1.000 -1.000 -1.000 -1.000 13.222 12.444 11.889 11.444 11.111 10.778 10.444 10.111 9.778 9.556 9.222 8.889 8.667 8.444 8.111 7.889 7.667 7.444 7.222 7.000 6.778 6.556 6.556 6.556 6.556 6.667 6.667 6.778 6.889 7.000 7.222 7.444 7.667 7.889 8.222 8.556 8.889 9.222 9.667 10.333 -1.000 -1.000 -1.000 -1.000 -1.000
-1.000 -1.000 -1.000 -1.000 -1.000 -1.000 -1.000 12.667 12.000 11.556 11.111 10.778 10.444 10.111 9.889 9.556 9.222 9.000 8.667 8.444 8.222 7.889 7.667 7.444 7.222 7.000 6.889 6.778 6.889 6.889 7.000 7.000 7.111 7.222 7.333 7.556 7.778 8.000 8.222 8.556 8.889 9.222 9.667 10.111 -1.000 -1.000 -1.000 -1.000 -1.000 -1.000
-1.000 -1.000 -1.000 -1.000 -1.000 -1.000 -1.000 -1.000 -1.000 12.222 11.667 11.222 10.889 10.556 10.222 9.889 9.556 9.333 9.000 8.778 8.444 8.222 8.000 7.778 7.556 7.333 7.111 7.111 7.222 7.333 7.333 7.333 7.444 7.556 7.778 7.889 8.111 8.333 8.667 8.889 9.333 9.667 10.000 10.556 -1.000 -1.000 -1.000 -1.000 -1.000 -1.000
-1.000 -1.000 -1.000 -1.000 -1.000 -1.000 -1.000 -1.000 -1.000 -1.000 -1.000 12.000 11.333 11.000 10.556 10.222 9.889 9.667 9.333 9.000 8.778 8.556 8.222 8.000 7.778 7.556 7.444 7.444 7.667 7.667 7.667 7.778 7.889 8.000 8.111 8.333 8.556 8.778 9.111 9.444 9.778 10.111 10.556 11.111 -1.000 -1.000 -1.000 -1.000 -1.000 -1.000
-1.000 -1.000 -1.000 -1.000 -1.000 -1.000 -1.000 -1.000 -1.000 -1.000 -1.000 -1.000 -1.000 12.000 11.111 10.667 10.333 10.000 9.667 9.333 9.111 8.889 8.556 8.333 8.111 7.889 7.778 7.889 8.000 8.000 8.111 8.222 8.222 8.333 8.556 8.778 9.000 9.222 9.556 9.778 10.222 10.444 10.778 -1.000 -1.000 -1.000 -1.000 -1.000 -1.000 -1.000
-1.000 -1.000 -1.000 -1.000 -1.000 -1.000 -1.000 -1.000 -1.000 -1.000 -1.000 -1.000 -1.000 -1.000 -1.000 -1.000 11.000 10.444 10.111 9.778 9.444 9.222 8.889 8.667 8.444 8.222 8.111 8.222 8.333 8.444 8.444 8.556 8.667 8.778 9.000 9.222 9.444 9.667 10.000 10.222 10.667 11.333 -1.000 -1.000 -1.000 -1.000 -1.000 -1.000 -1.000 -1.000
-1.000 -1.000 -1.000 -1.000 -1.000 -1.000 -1.000 -1.000 -1.000 -1.000 -1.000 -1.000 -1.000 -1.000 -1.000 -1.000 -1.000 -1.000 -1.000 10.444 9.889 9.556 9.333 9.000 8.778 8.556 8.556 8.667 8.667 8.778 8.889 9.000 9.111 9.333 9.556 9.667 9.889 10.222 10.889 -1.000 -1.000 -1.000 -1.000 -1.000 -1.000 -1.000 -1.000 -1.000 -1.000 -1.000
-1.000 -1.000 -1.000 -1.000 -1.000 -1.000 -1.000 -1.000 -1.000 -1.000 -1.000 -1.000 -1.000 -1.000 -1.000 -1.000 -1.000 -1.000 -1.000 -1.000 -1.000 -1.000 10.111 9.556 9.222 9.000 9.000 9.000 9.111 9.111 9.333 9.444 9.667 9.889 10.556 -1.000 -1.000 -1.000 -1.000 -1.000 -1.000 -1.000 -1.000 -1.000 -1.000 -1.000 -1.000 -1.000 -1.000 -1.000
-1.000 -1.000 -1.000 -1.000 -1.000 -1.000 -1.000 -1.000 -1.000 -1.000 -1.000 -1.000 -1.000 -1.000 -1.000 -1.000 -1.000 -1.000 -1.000 -1.000 -1.000 -1.000 -1.000 -1.000 -1.000 -1.000 -1.000 -1.000 -1.000 -1.000 -1.000 -1.000 -1.000 -1.000 -1.000 -1.000 -1.000 -1.000 -1.000 -1.000 -1.000 -1.000 -1.000 -1.000 -1.000 -1.000 -1.000 -1.000 -1.000 -1.000
-1.000 -1.000 -1.000 -1.000 -1.000 -1.000 -1.000 -1.000 -1.000 -1.000 -1.000 -1.000 -1.000 -1.000 -1.000 -1.000 -1.000 -1.000 -1.000 -1.000 -1.000 -1.000 -1.000 -1.000 -1.000 -1.000 -1.000 -1.000 -1.000 -1.000 -1.000 -1.000 -1.000 -1.000 -1.000 -1.000 -1.000 -1.000 -1.000 -1.000 -1.000 -1.000 -1.000 -1.000 -1.000 -1.000 -1.000 -1.000 -1.000 -1.000
-1.000 -1.000 -1.000 -1.000 -1.000 -1.000 -1.000 -1.000 -1.000 -1.000 -1.000 -1.000 -1.000 -1.000 -1.000 -1.000 -1.000 -1.000 -1.000 -1.000 -1.000 -1.000 -1.000 -1.000 -1.000 -1.000 -1.000 -1.000 -1.000 -1.000 -1.000 -1.000 -1.000 -1.000 -1.000 -1.000 -1.000 -1.000 -1.000 -1.000 -1.000 -1.000 -1.000 -1.000 -1.000 -1.000 -1.000 -1.000 -1.000 -1.000
-1.000 -1.000 -1.000 -1.000 -1.000 -1.000 -1.000 -1.000 -1.000 -1.000 -1.000 -1.000 -1.000 -1.000 -1.000 -1.000 -1.000 -1.000 -1.000 -1.000 -1.000 -1.000 -1.000 -1.000 -1.000 -1.000 -1.000 -1.000 -1.000 -1.000 -1.000 -1.000 -1.000 -1.000 -1.000 -1.000 -1.000 -1.000 -1.000 -1.000 -1.000 -1.000 -1.000 -1.000 -1.000 -1.000 -1.000 -1.000 -1.000 -1.000
-1.000 -1.000 -1.000 -1.000 -1.000 -1.000 -1.000 -1.000 -1.000 -1.000 -1.000 -1.000 -1.000 -1.000 -1.000 -1.000 -1.000 -1.000 -1.000 -1.000 -1.000 -1.000 -1.000 -1.000 -1.000 -1.000 -1.000 -1.000 -1.000 -1.000 -1.000 -1.000 -1.000 -1.000 -1.000 -1.000 -1.000 -1.000 -1.000 -1.000 -1.000 -1.000 -1.000 -1.000 -1.000 -1.000 -1.000 -1.000 -1.000 -1.000
-1.000 -1.000 -1.000 -1.000 -1.000 -1.000 -1.000 -1.000 -1.000 -1.000 -1.000 -1.000 -1.000 -1.000 -1.000 -1.000 -1.000 -1.000 -1.000 -1.000 -1.000 -1.000 -1.000 -1.000 -1.000 -1.000 -1.000 -1.000 -1.000 -1.000 -1.000 -1.000 -1.000 -1.000 -1.000 -1.000 -1.000 -1.000 -1.000 -1.000 -1.000 -1.000 -1.000 -1.000 -1.000 -1.000 -1.000 -1.000 -1.000 -1.000
-1.000 -1.000 -1.000 -1.000 -1.000 -1.000 -1.000 -1.000 -1.000 -1.000 -1.000 -1.000 -1.000 -1.000 -1.000 -1.000 -1.000 -1.000 -1.000 -1.000 -1.000 -1.000 -1.000 -1.000 -1.000 -1.000 -1.000 -1.000 -1.000 -1.000 -1.000 -1.000 -1.000 -1.000 -1.000 -1.000 -1.000 -1.000 -1.000 -1.000 -1.000 -1.000 -1.000 -1.000 -1.000 -1.000 -1.000 -1.000 -1.000 -1.000
-1.000 -1.000 -1.000 -1.000 -1.000 -1.000 -1.000 -1.000 -1.000 -1.000 -1.000 -1.000 -1.000 -1.000 -1.000 -1.000 -1.000 -1.000 -1.000 -1.000 -1.000 -1.000 -1.000 -1.000 -1.000 -1.000 -1.000 -1.000 -1.000 -1.000 -1.000 -1.000 -1.000 -1.000 -1.000 -1.000 -1.000 -1.000 -1.000 -1.000 -1.000 -1.000 -1.000 -1.000 -1.000 -1.000 -1.000 -1.000 -1.000 -1.000
-1.000 -1.000 -1.000 -1.000 -1.000 -1.000 -1.000 -1.000 -1.000 -1.000 -1.000 -1.000 -1.000 -1.000 -1.000 -1.000 -1.000 -1.000 -1.000 -1.000 -1.000 -1.000 -1.000 -1.000 -1.000 -1.000 -1.000 -1.000 -1.000 -1.000 -1.000 -1.000 -1.000 -1.000 -1.000 -1.000 -1.000 -1.000 -1.000 -1.000 -1.000 -1.000 -1.000 -1.000 -1.000 -1.000 -1.000 -1.000 -1.000 -1.000
