tests/test_03/output4/DepositFile_____final.dat
NCOLS    50
NROWS    50
XLLCORNER    -2289770.000
YLLCORNER     2591270.000
CELLSIZE        2000.000       2000.000
NODATA_VALUE  0.000
[rows 0 to 34 of 50, columns 0 to 49 of 50]
0.000000 0.000000 0.000000 0.011803 0.015283 0.019787 0.025614 0.033154 0.042905 0.055509 0.071792 0.092819 0.119933 0.154850 0.199727 0.257205 0.330504 0.423348 0.539839 0.683832 0.858035 1.061729 1.289611 1.535071 1.782275 2.019285 2.225270 2.365886 2.422707 2.386173 2.259260 2.066744 1.812517 1.524734 1.242027 0.971412 0.729973 0.524539 0.355161 0.215306 0.112547 0.052552 0.011178 0.000000 0.000000 0.000000 0.000000 0.000000 0.000000 0.000000
0.000000 0.000000 0.012893 0.016714 0.021667 0.028087 0.036407 0.047183 0.061141 0.079219 0.102610 0.132861 0.171974 0.222438 0.287440 0.370957 0.477777 0.613524 0.784502 0.996702 1.254340 1.556752 1.897389 2.265352 2.638961 2.998442 3.304137 3.511138 3.590135 3.527491 3.342328 3.043089 2.657908 2.229116 1.809826 1.411499 1.056494 0.755495 0.507641 0.306171 0.160115 0.073583 0.015935 0.000000 0.000000 0.000000 0.000000 0.000000 0.000000 0.000000
0.011895 0.015108 0.019610 0.025448 0.033020 0.042842 0.055580 0.072096 0.093509 0.121262 0.157231 0.203803 0.264068 0.341982 0.442515 0.571917 0.737819 0.949276 1.216337 1.549137 1.954745 2.432845 2.973126 3.558258 4.155721 4.733788 5.227269 5.564171 5.690298 5.591648 5.288929 4.798771 4.183422 3.497204 2.830133 2.196472 1.636992 1.163318 0.776424 0.465814 0.242423 0.110630 0.024185 0.000000 0.000000 0.000000 0.000000 0.000000 0.000000 0.000000
0.017715 0.022528 0.029279 0.038043 0.049426 0.064212 0.083404 0.108320 0.140671 0.182645 0.237101 0.307719 0.399248 0.517721 0.670856 0.868362 1.122083 1.446332 1.857235 2.371037 3.000467 3.746752 4.596201 5.520566 6.471364 7.396045 8.183517 8.728574 8.941766 8.797175 8.318696 7.525602 6.540225 5.453247 4.391464 3.395241 2.518505 1.781589 1.181598 0.704735 0.364925 0.165174 0.036461 0.010678 0.000000 0.000000 0.000000 0.000000 0.000000 0.000000
0.025979 0.033071 0.043047 0.056021 0.072895 0.094834 0.123362 0.160457 0.208657 0.271298 0.352697 0.458368 0.595517 0.773364 1.003669 1.301239 1.684581 2.175833 2.800577 3.585323 4.552052 5.706426 7.031175 8.481731 9.984944 11.453523 12.707084 13.583310 13.941073 13.746239 13.004225 11.734417 10.167467 8.446736 6.764937 5.205604 3.844848 2.703969 1.785165 1.058785 0.545434 0.245084 0.054652 0.016073 0.000000 0.000000 0.000000 0.000000 0.000000 0.000000
0.037342 0.047614 0.062093 0.080954 0.105532 0.137546 0.179244 0.233535 0.304217 0.396231 0.515932 0.671634 0.874037 1.136920 1.478002 1.919695 2.489994 3.223191 4.159158 5.340789 6.805948 8.570079 10.611684 12.865419 15.218721 17.530863 19.516275 20.925581 21.524384 21.261742 20.110918 18.121471 15.672527 12.954957 10.323699 7.906643 5.805015 4.063935 2.669062 1.575731 0.807748 0.361089 0.081375 0.023979 0.000000 0.000000 0.000000 0.000000 0.000000 0.000000
0.052515 0.067079 0.087676 0.114580 0.149689 0.195508 0.255320 0.333343 0.435092 0.567805 0.740825 0.966238 1.259827 1.642000 2.138748 2.783518 3.618417 4.694875 6.074478 7.825006 10.010444 12.667252 15.772931 19.235209 22.877226 26.480110 29.596704 31.832514 32.848381 32.482052 30.751028 27.673367 23.868942 19.652739 15.590898 11.864620 8.665191 6.028606 3.939109 2.317397 1.182882 0.526971 0.120147 0.035413 0.000000 0.000000 0.000000 0.000000 0.000000 0.000000
0.072039 0.092238 0.120884 0.158386 0.207454 0.271643 0.355608 0.465388 0.608906 0.796442 1.041488 1.361483 1.779126 2.323912 3.033842 3.957732 5.157061 6.708780 8.705532 11.251656 14.452760 18.382477 23.030132 28.271133 33.832638 39.369858 44.205822 47.722851 49.427174 48.936218 46.290455 41.642696 35.854450 29.423765 23.192421 17.556688 12.740612 8.805868 5.722491 3.357485 1.708973 0.760326 0.175643 0.051735 0.000000 0.000000 0.000000 0.000000 0.000000 0.000000
0.096181 0.123463 0.162303 0.213270 0.280149 0.367897 0.482963 0.633812 0.831501 1.090559 1.429811 1.873919 2.455174 3.215224 4.208167 5.503854 7.190920 9.381351 12.211015 15.838272 20.429277 26.117273 32.928627 40.712997 49.071842 57.445717 64.864899 70.348671 73.128510 72.433655 68.557587 61.644131 52.887360 43.241138 33.933956 25.524197 18.401672 12.631701 8.163463 4.778449 2.427389 1.081178 0.253760 0.074633 0.013797 0.000000 0.000000 0.000000 0.000000 0.000000
0.124766 0.160635 0.211857 0.279290 0.368064 0.484852 0.638465 0.840440 1.105942 1.454763 1.912875 2.514426 3.303679 4.338696 5.694944 7.469825 9.788605 12.809697 16.729038 21.777803 28.209421 36.249508 45.994495 57.282166 69.570061 82.000511 93.193520 101.651535 106.092926 105.117722 99.512283 89.412628 76.570000 62.298820 48.605583 36.311756 26.006180 17.737534 11.399068 6.659034 3.378971 1.509016 0.360917 0.106027 0.020080 0.000000 0.000000 0.000000 0.000000 0.000000
0.156894 0.202668 0.268251 0.354900 0.469341 0.620420 0.819784 1.082811 1.429604 1.886695 2.489009 3.282137 4.326146 5.699610 7.504808 9.874971 12.982090 17.045046 22.337799 29.190916 37.976524 49.054241 62.639141 78.584396 96.185432 114.181824 130.675858 143.420380 150.398071 149.230270 141.285934 126.803947 108.214035 87.662628 67.969925 50.430756 35.868496 24.313606 15.542241 9.064066 4.597977 2.062081 0.504204 0.147752 0.029030 0.000000 0.000000 0.000000 0.000000 0.000000
0.191190 0.247829 0.329210 0.437120 0.580187 0.769742 1.020794 1.353154 1.792974 2.374699 3.143789 4.160070 5.502339 7.273927 9.610459 12.689058 16.739138 22.055784 29.011692 38.062756 49.738041 64.580574 82.987411 104.900009 129.422272 154.769897 178.414215 197.025879 207.642670 206.728470 195.661591 175.196625 149.019989 120.175110 92.600296 68.203766 48.174515 32.455425 20.628460 12.015272 6.088345 2.742694 0.689384 0.201738 0.041163 0.000000 0.000000 0.000000 0.000000 0.000000
0.225834 0.293737 0.391585 0.521795 0.695037 0.925433 1.231698 1.638653 2.179164 2.896755 3.848952 5.111909 6.786138 9.004055 11.940101 15.823086 20.951607 27.711460 36.594334 48.210369 63.281361 82.583626 106.769737 135.964767 169.107697 203.795532 236.640381 263.033905 278.525574 278.561127 263.523438 235.509872 199.400146 160.026978 122.584488 89.682388 62.864799 42.069889 26.578091 15.453448 7.826607 3.532121 0.922364 0.267446 0.056782 0.010341 0.000000 0.000000 0.000000 0.000000
0.257654 0.336500 0.450419 0.602570 0.805734 1.076903 1.438714 1.921211 2.564410 3.421452 4.563014 6.082848 8.105277 10.794996 14.369446 19.115622 25.409678 33.741680 44.742126 59.201820 78.073967 102.416374 133.197754 170.824768 214.194260 260.163971 304.281525 340.468018 362.435059 364.147461 344.543854 307.416626 258.909790 206.639771 157.278305 114.249260 79.566269 52.830246 33.217506 19.223928 9.803133 4.405125 1.196180 0.343194 0.075595 0.013886 0.000000 0.000000 0.000000 0.000000
0.281136 0.369191 0.496945 0.668400 0.898403 1.206706 1.619729 2.172758 2.912872 3.902826 5.226333 6.994986 9.357462 12.511516 16.720068 22.330692 29.802401 39.736641 52.913467 70.325546 93.190247 122.898041 160.806885 207.687225 262.536469 321.381714 378.615509 426.578796 456.813202 460.739990 436.313049 388.700287 325.491852 258.398102 195.125931 141.035889 97.470917 64.261795 40.157501 23.257612 11.846682 5.328568 1.502619 0.426422 0.096909 0.017963 0.000000 0.000000 0.000000 0.000000
0.291970 0.385479 0.521766 0.705818 0.954205 1.289178 1.740589 2.348492 3.166534 4.266598 5.744674 7.729350 10.392311 13.962867 18.746351 25.149672 33.712921 45.148643 60.387138 80.624458 107.352905 142.328171 187.363922 243.729584 310.721985 383.530151 455.246826 516.719727 556.766602 563.627441 534.293579 475.126373 395.681305 312.580475 234.350525 168.186676 115.411697 75.733711 47.156109 27.223682 13.974806 6.273630 1.830382 0.512536 0.119443 0.022346 0.000000 0.000000 0.000000 0.000000
0.291896 0.386812 0.525616 0.713930 0.969301 1.315508 1.784571 2.419855 3.279685 4.442778 6.015069 8.139108 11.006172 14.873303 20.084660 27.100559 36.534691 49.201096 66.170525 88.830391 118.931496 158.577606 210.046173 275.192871 353.899506 440.934601 527.817017 603.950867 654.899780 665.842834 631.507141 560.474060 463.955292 364.715393 271.475311 193.537781 132.433334 86.398056 53.670261 31.116842 15.969028 7.179202 2.196375 0.598186 0.142791 0.026834 0.000000 0.000000 0.000000 0.000000
0.280155 0.373331 0.510074 0.696334 0.949855 1.294749 1.763667 2.401006 3.267114 4.443564 6.040985 8.208935 11.149829 15.137206 20.540466 27.857178 37.755219 51.127701 69.159721 93.403473 125.844688 168.916016 225.341415 297.556335 386.136871 486.284912 587.620056 678.096130 740.541870 755.870544 716.477417 635.046387 523.735901 410.712585 303.261353 215.394867 146.349503 95.124855 58.693378 34.009159 17.600300 7.971205 2.544297 0.679539 0.166432 0.031189 0.000000 0.000000 0.000000 0.000000
0.250798 0.336859 0.464022 0.638650 0.878246 1.206665 1.656404 2.271575 3.112099 4.259582 5.824967 7.958738 10.865361 14.822089 20.204647 27.521723 37.460617 50.946877 69.222054 93.931610 127.211609 171.731659 230.589066 306.766449 401.620026 511.358215 623.885498 725.941589 798.348145 818.354370 777.987305 690.206726 567.958923 443.476990 324.761841 228.716843 154.472565 99.467804 61.149086 35.293400 18.339666 8.311681 2.722118 0.734391 0.185896 0.034996 0.000000 0.000000 0.000000 0.000000
0.213185 0.287564 0.397936 0.550419 0.761000 1.051699 1.452787 2.005831 2.767930 3.817062 5.260419 7.244046 9.967736 13.703574 18.822199 25.827044 35.402313 48.471806 66.277290 90.472443 123.225914 167.284958 225.915695 302.469604 398.960236 512.525757 630.418274 738.979553 819.174255 844.844849 805.658630 713.496338 583.825317 453.805328 330.048462 231.056274 155.312241 99.652374 61.241314 35.417965 18.508932 8.351762 2.809627 0.750121 0.193549 0.037021 0.000000 0.000000 0.000000 0.000000
0.174990 0.237063 0.329440 0.457563 0.635199 0.881380 1.222393 1.694551 2.347950 3.251831 4.501420 6.228533 8.614222 11.908449 16.454130 22.723238 31.360676 43.248058 59.580200 81.964890 112.531059 154.014954 209.739197 283.244263 377.042572 489.334625 607.645264 717.995483 801.911682 830.147827 792.322937 701.306824 571.909912 443.690704 321.885925 224.224030 150.228622 96.084297 58.977867 34.161640 17.964464 8.206260 2.887123 0.751130 0.196109 0.037555 0.000000 0.000000 0.000000 0.000000
0.137191 0.186927 0.261210 0.364751 0.508996 0.709841 0.989323 1.377996 1.918238 2.668827 3.711047 5.157582 7.164176 9.946434 13.802199 19.142248 26.533382 36.753876 50.870670 70.330742 97.072342 133.629501 183.142365 249.106354 334.332031 438.126892 550.038086 655.860535 737.892212 767.416565 736.632263 651.968994 530.955383 409.183990 295.361053 204.177002 135.602432 86.669556 53.145584 30.853333 16.321239 7.498970 2.695739 0.710685 0.191946 0.036855 0.000000 0.000000 0.000000 0.000000
0.101183 0.138844 0.195366 0.274663 0.385840 0.541613 0.759706 1.064805 1.491350 2.087264 2.919190 4.080003 5.698411 7.953563 11.093590 15.462996 21.538427 29.977583 41.685432 57.896469 80.276031 111.009254 152.839966 208.858795 281.679932 371.061188 468.539429 561.763611 635.125244 662.020630 634.984253 562.077576 456.498993 351.023529 253.753143 175.871658 116.982475 74.877686 45.952805 26.770315 14.223727 6.568987 2.398197 0.631184 0.172993 0.033934 0.000000 0.000000 0.000000 0.000000
0.070248 0.097029 0.137419 0.194480 0.275055 0.388716 0.548949 0.774658 1.092331 1.539109 2.166939 3.048694 4.285861 6.020889 8.451635 11.855046 16.614796 23.266132 32.545181 45.465271 63.397556 88.159981 122.048531 167.681656 227.342026 301.016083 381.924286 459.810699 521.526672 544.150818 521.826843 462.778717 376.018890 288.827118 208.770706 144.951553 96.317657 61.954067 38.105412 22.313713 11.946243 5.544383 2.066865 0.539711 0.149518 0.029732 0.000000 0.000000 0.000000 0.000000
0.046668 0.064767 0.092167 0.131077 0.186322 0.264699 0.375831 0.533330 0.756403 1.072101 1.518566 2.149512 3.040525 4.297948 6.070810 8.568915 12.084887 17.029327 23.971561 33.700821 47.289497 66.173805 92.177948 127.419701 173.788025 231.410095 295.086060 356.753906 405.489258 422.683777 405.133606 359.845276 293.502747 225.988632 164.042816 113.958580 76.065323 48.904480 30.293598 17.850285 9.638988 4.496409 1.716318 0.444994 0.125230 0.025082 0.000000 0.000000 0.000000 0.000000
0.030145 0.041997 0.059989 0.085640 0.122201 0.174294 0.248464 0.354043 0.504249 0.717842 1.021412 1.452590 2.064628 2.932877 4.163729 5.907568 8.376456 11.867143 16.796293 23.741203 33.494049 47.116901 65.979843 91.674934 125.654816 168.076752 215.132111 260.972382 296.890900 309.332489 296.682739 264.146545 216.670670 167.193237 122.030251 84.843475 56.915272 36.822098 22.841658 13.574587 7.408980 3.504948 1.360369 0.350818 0.099871 0.020280 0.000000 0.000000 0.000000 0.000000
0.018831 0.026350 0.037802 0.054191 0.077650 0.111204 0.159169 0.227717 0.325612 0.465364 0.664786 0.949167 1.354555 1.932088 2.754324 3.924251 5.588034 7.951341 11.303866 16.050163 22.746552 32.138912 45.194263 63.034725 86.681000 116.217789 148.899384 180.860107 205.594177 213.589905 204.785751 183.092331 151.242599 117.053520 85.914932 59.970661 40.405193 26.266356 16.424015 9.813303 5.425893 2.593200 1.029039 0.264323 0.076800 0.015702 0.000000 0.000000 0.000000 0.000000
0.011296 0.015882 0.022888 0.032969 0.047460 0.068285 0.098196 0.141128 0.202731 0.291045 0.417597 0.598886 0.858341 1.229489 1.760136 2.518096 3.600308 5.143619 7.341272 10.464449 14.886983 21.111437 29.783333 41.649593 57.375610 76.960175 98.434792 119.435936 135.311813 139.903122 133.952377 119.903442 99.469856 77.507294 57.030704 40.050957 27.109266 17.721210 11.165956 6.737581 3.762277 1.822380 0.736143 0.189409 0.056046 0.011631 0.000000 0.000000 0.000000 0.000000
0.000000 0.000000 0.013408 0.019394 0.028040 0.040517 0.058515 0.084459 0.121838 0.175649 0.253111 0.364533 0.524720 0.754884 1.085451 1.559754 2.239707 3.213394 4.605244 6.590292 9.410296 13.389736 18.941236 26.537680 36.578785 48.999546 62.433613 75.522591 84.946007 87.338585 83.397110 74.704521 62.221638 48.550922 36.041710 25.447115 17.305317 11.386576 7.232064 4.405113 2.489909 1.223056 0.499828 0.129854 0.038834 0.000000 0.000000 0.000000 0.000000 0.000000
0.000000 0.000000 0.000000 0.010986 0.015965 0.023185 0.033643 0.048787 0.070699 0.102396 0.148205 0.214387 0.309922 0.447753 0.646526 0.932865 1.344978 1.937455 2.787769 4.004601 5.738023 8.188636 11.610167 16.285223 22.426889 29.918539 37.948963 45.743523 50.923172 52.025036 49.524250 44.383549 37.077579 29.119955 21.730463 15.372674 10.556420 6.981844 4.459927 2.739635 1.568491 0.785926 0.324716 0.086232 0.025705 0.000000 0.000000 0.000000 0.000000 0.000000
0.000000 0.000000 0.000000 0.000000 0.000000 0.012610 0.018438 0.026929 0.039289 0.057263 0.083383 0.121309 0.176320 0.256064 0.371585 0.538722 0.780331 1.129071 1.631330 2.352391 3.382211 4.840757 6.877996 9.654972 13.274980 17.612129 22.239733 26.693249 29.298695 29.820229 28.320099 25.367140 21.215343 16.692394 12.532030 8.935463 6.163165 4.086860 2.628805 1.628479 0.947015 0.484872 0.203884 0.055671 0.016241 0.000000 0.000000 0.000000 0.000000 0.000000
0.000000 0.000000 0.000000 0.000000 0.000000 0.000000 0.000000 0.013774 0.020325 0.029942 0.044037 0.064667 0.094834 0.138891 0.203119 0.296664 0.432675 0.630029 0.915660 1.327410 1.917424 2.755212 3.926072 5.518363 7.579777 10.008939 12.589730 14.974586 16.289845 16.533472 15.658019 14.004157 11.714424 9.225011 6.936274 4.953022 3.420690 2.274753 1.471482 0.923778 0.549402 0.289654 0.125359 0.035666 0.000000 0.000000 0.000000 0.000000 0.000000 0.000000
0.000000 0.000000 0.000000 0.000000 0.000000 0.000000 0.000000 0.000000 0.000000 0.014069 0.021027 0.031354 0.046643 0.069231 0.102541 0.151537 0.223426 0.328606 0.481929 0.704401 1.024902 1.481746 2.121442 2.990448 4.108455 5.405507 6.778288 7.979458 8.620361 8.716750 8.239029 7.353145 6.127097 4.817499 3.628774 2.596935 1.802120 1.205794 0.786936 0.497681 0.302955 0.166674 0.074650 0.022593 0.000000 0.000000 0.000000 0.000000 0.000000 0.000000
0.000000 0.000000 0.000000 0.000000 0.000000 0.000000 0.000000 0.000000 0.000000 0.000000 0.000000 0.013176 0.020008 0.030301 0.045750 0.068853 0.103298 0.154411 0.229890 0.340642 0.501788 0.733291 1.059361 1.503499 2.073084 2.727292 3.420109 3.980489 4.275894 4.306080 4.053583 3.600501 2.990474 2.348956 1.769192 1.266788 0.879064 0.592704 0.389443 0.248474 0.155132 0.088623 0.042575 0.013812 0.000000 0.000000 0.000000 0.000000 0.000000 0.000000
0.000000 0.000000 0.000000 0.000000 0.000000 0.000000 0.000000 0.000000 0.000000 0.000000 0.000000 0.000000 0.000000 0.011284 0.017345 0.026605 0.040691 0.062032 0.094169 0.142191 0.213226 0.316801 0.464507 0.667526 0.928585 1.231044 1.554457 1.790496 1.916799 1.916999 1.792150 1.581251 1.302318 1.016627 0.762122 0.544734 0.376335 0.252904 0.163016 0.104831 0.065341 0.038885 0.020408 0.000000 0.000000 0.000000 0.000000 0.000000 0.000000 0.000000
