tests/test_03/output4/DepositFile_____final.dat
NCOLS    50
NROWS    50
XLLCORNER    -2289770.000
YLLCORNER     2591270.000
CELLSIZE        2000.000       2000.000
NODATA_VALUE  0.000
[rows 0 to 49 of 50, columns 0 to 49 of 50]
0.000 0.000 0.000 0.012 0.015 0.020 0.026 0.033 0.043 0.056 0.072 0.093 0.120 0.155 0.200 0.257 0.331 0.423 0.540 0.684 0.858 1.062 1.290 1.535 1.782 2.019 2.225 2.366 2.423 2.386 2.259 2.067 1.813 1.525 1.242 0.971 0.730 0.525 0.355 0.215 0.113 0.053 0.011 0.000 0.000 0.000 0.000 0.000 0.000 0.000
0.000 0.000 0.013 0.017 0.022 0.028 0.036 0.047 0.061 0.079 0.103 0.133 0.172 0.222 0.287 0.371 0.478 0.614 0.785 0.997 1.254 1.557 1.897 2.265 2.639 2.998 3.304 3.511 3.590 3.527 3.342 3.043 2.658 2.229 1.810 1.411 1.056 0.755 0.508 0.306 0.160 0.074 0.016 0.000 0.000 0.000 0.000 0.000 0.000 0.000
0.012 0.015 0.020 0.025 0.033 0.043 0.056 0.072 0.094 0.121 0.157 0.204 0.264 0.342 0.443 0.572 0.738 0.949 1.216 1.549 1.955 2.433 2.973 3.558 4.156 4.734 5.227 5.564 5.690 5.592 5.289 4.799 4.183 3.497 2.830 2.196 1.637 1.163 0.776 0.466 0.242 0.111 0.024 0.000 0.000 0.000 0.000 0.000 0.000 0.000
0.018 0.023 0.029 0.038 0.049 0.064 0.083 0.108 0.141 0.183 0.237 0.308 0.399 0.518 0.671 0.868 1.122 1.446 1.857 2.371 3.000 3.747 4.596 5.521 6.471 7.396 8.184 8.729 8.942 8.797 8.319 7.526 6.540 5.453 4.391 3.395 2.519 1.782 1.182 0.705 0.365 0.165 0.036 0.011 0.000 0.000 0.000 0.000 0.000 0.000
0.026 0.033 0.043 0.056 0.073 0.095 0.123 0.160 0.209 0.271 0.353 0.458 0.596 0.773 1.004 1.301 1.685 2.176 2.801 3.585 4.552 5.706 7.031 8.482 9.985 11.454 12.707 13.583 13.941 13.746 13.004 11.734 10.167 8.447 6.765 5.206 3.845 2.704 1.785 1.059 0.545 0.245 0.055 0.016 0.000 0.000 0.000 0.000 0.000 0.000
0.037 0.048 0.062 0.081 0.106 0.138 0.179 0.234 0.304 0.396 0.516 0.672 0.874 1.137 1.478 1.920 2.490 3.223 4.159 5.341 6.806 8.570 10.612 12.865 15.219 17.531 19.516 20.926 21.524 21.262 20.111 18.121 15.673 12.955 10.324 7.907 5.805 4.064 2.669 1.576 0.808 0.361 0.081 0.024 0.000 0.000 0.000 0.000 0.000 0.000
0.053 0.067 0.088 0.115 0.150 0.196 0.255 0.333 0.435 0.568 0.741 0.966 1.260 1.642 2.139 2.784 3.618 4.695 6.074 7.825 10.010 12.667 15.773 19.235 22.877 26.480 29.597 31.833 32.848 32.482 30.751 27.673 23.869 19.653 15.591 11.865 8.665 6.029 3.939 2.317 1.183 0.527 0.120 0.035 0.000 0.000 0.000 0.000 0.000 0.000
0.072 0.092 0.121 0.158 0.207 0.272 0.356 0.465 0.609 0.796 1.041 1.361 1.779 2.324 3.034 3.958 5.157 6.709 8.706 11.252 14.453 18.382 23.030 28.271 33.833 39.370 44.206 47.723 49.427 48.936 46.290 41.643 35.854 29.424 23.192 17.557 12.741 8.806 5.722 3.357 1.709 0.760 0.176 0.052 0.000 0.000 0.000 0.000 0.000 0.000
0.096 0.123 0.162 0.213 0.280 0.368 0.483 0.634 0.832 1.091 1.430 1.874 2.455 3.215 4.208 5.504 7.191 9.381 12.211 15.838 20.429 26.117 32.929 40.713 49.072 57.446 64.865 70.349 73.128 72.434 68.558 61.644 52.887 43.241 33.934 25.524 18.402 12.632 8.163 4.778 2.427 1.081 0.254 0.075 0.014 0.000 0.000 0.000 0.000 0.000
0.125 0.161 0.212 0.279 0.368 0.485 0.638 0.840 1.106 1.455 1.913 2.514 3.304 4.339 5.695 7.470 9.789 12.810 16.729 21.778 28.209 36.250 45.995 57.282 69.570 82.001 93.194 101.652 106.093 105.118 99.512 89.413 76.570 62.299 48.606 36.312 26.006 17.738 11.399 6.659 3.379 1.509 0.361 0.106 0.020 0.000 0.000 0.000 0.000 0.000
0.157 0.203 0.268 0.355 0.469 0.620 0.820 1.083 1.430 1.887 2.489 3.282 4.326 5.700 7.505 9.875 12.982 17.045 22.338 29.191 37.977 49.054 62.639 78.584 96.185 114.182 130.676 143.420 150.398 149.230 141.286 126.804 108.214 87.663 67.970 50.431 35.868 24.314 15.542 9.064 4.598 2.062 0.504 0.148 0.029 0.000 0.000 0.000 0.000 0.000
0.191 0.248 0.329 0.437 0.580 0.770 1.021 1.353 1.793 2.375 3.144 4.160 5.502 7.274 9.610 12.689 16.739 22.056 29.012 38.063 49.738 64.581 82.987 104.900 129.422 154.770 178.414 197.026 207.643 206.728 195.662 175.197 149.020 120.175 92.600 68.204 48.174 32.455 20.628 12.015 6.088 2.743 0.689 0.202 0.041 0.000 0.000 0.000 0.000 0.000
0.226 0.294 0.392 0.522 0.695 0.925 1.232 1.639 2.179 2.897 3.849 5.112 6.786 9.004 11.940 15.823 20.952 27.711 36.594 48.210 63.281 82.584 106.770 135.965 169.108 203.796 236.640 263.034 278.526 278.561 263.523 235.510 199.400 160.027 122.584 89.682 62.865 42.070 26.578 15.453 7.827 3.532 0.922 0.267 0.057 0.010 0.000 0.000 0.000 0.000
0.258 0.337 0.450 0.603 0.806 1.077 1.439 1.921 2.564 3.421 4.563 6.083 8.105 10.795 14.369 19.116 25.410 33.742 44.742 59.202 78.074 102.416 133.198 170.825 214.194 260.164 304.282 340.468 362.435 364.147 344.544 307.417 258.910 206.640 157.278 114.249 79.566 52.830 33.217 19.224 9.803 4.405 1.196 0.343 0.076 0.014 0.000 0.000 0.000 0.000
0.281 0.369 0.497 0.668 0.898 1.207 1.620 2.173 2.913 3.903 5.226 6.995 9.357 12.512 16.720 22.331 29.802 39.737 52.913 70.326 93.190 122.898 160.807 207.687 262.536 321.382 378.615 426.579 456.813 460.740 436.313 388.700 325.492 258.398 195.126 141.036 97.471 64.262 40.157 23.258 11.847 5.329 1.503 0.426 0.097 0.018 0.000 0.000 0.000 0.000
0.292 0.385 0.522 0.706 0.954 1.289 1.741 2.348 3.167 4.267 5.745 7.729 10.392 13.963 18.746 25.150 33.713 45.149 60.387 80.624 107.353 142.328 187.364 243.730 310.722 383.530 455.247 516.720 556.766 563.627 534.293 475.126 395.681 312.580 234.350 168.187 115.412 75.734 47.156 27.224 13.975 6.274 1.830 0.513 0.119 0.022 0.000 0.000 0.000 0.000
0.292 0.387 0.526 0.714 0.969 1.316 1.785 2.420 3.280 4.443 6.015 8.139 11.006 14.873 20.085 27.101 36.535 49.201 66.171 88.830 118.932 158.578 210.046 275.193 353.900 440.935 527.817 603.951 654.900 665.843 631.507 560.474 463.955 364.715 271.475 193.538 132.433 86.398 53.670 31.117 15.969 7.179 2.196 0.598 0.143 0.027 0.000 0.000 0.000 0.000
0.280 0.373 0.510 0.696 0.950 1.295 1.764 2.401 3.267 4.444 6.041 8.209 11.150 15.137 20.540 27.857 37.755 51.128 69.160 93.404 125.845 168.916 225.341 297.556 386.137 486.285 587.620 678.096 740.542 755.870 716.477 635.046 523.736 410.712 303.261 215.395 146.349 95.125 58.693 34.009 17.600 7.971 2.544 0.680 0.166 0.031 0.000 0.000 0.000 0.000
0.251 0.337 0.464 0.639 0.878 1.207 1.656 2.272 3.112 4.260 5.825 7.959 10.865 14.822 20.205 27.522 37.461 50.947 69.222 93.932 127.212 171.732 230.589 306.767 401.620 511.358 623.885 725.942 798.348 818.354 777.987 690.207 567.959 443.477 324.762 228.717 154.473 99.468 61.149 35.293 18.340 8.312 2.722 0.734 0.186 0.035 0.000 0.000 0.000 0.000
0.213 0.288 0.398 0.550 0.761 1.052 1.453 2.006 2.768 3.817 5.260 7.244 9.968 13.704 18.822 25.827 35.402 48.472 66.277 90.472 123.226 167.285 225.916 302.470 398.960 512.526 630.418 738.979 819.174 844.845 805.658 713.496 583.825 453.805 330.048 231.056 155.312 99.652 61.241 35.418 18.509 8.352 2.810 0.750 0.194 0.037 0.000 0.000 0.000 0.000
0.175 0.237 0.329 0.458 0.635 0.881 1.222 1.695 2.348 3.252 4.501 6.229 8.614 11.908 16.454 22.723 31.361 43.248 59.580 81.965 112.531 154.015 209.739 283.244 377.043 489.335 607.645 717.995 801.912 830.148 792.323 701.307 571.910 443.691 321.886 224.224 150.229 96.084 58.978 34.162 17.964 8.206 2.887 0.751 0.196 0.038 0.000 0.000 0.000 0.000
0.137 0.187 0.261 0.365 0.509 0.710 0.989 1.378 1.918 2.669 3.711 5.158 7.164 9.946 13.802 19.142 26.533 36.754 50.871 70.331 97.072 133.630 183.142 249.106 334.332 438.127 550.038 655.861 737.892 767.417 736.632 651.969 530.955 409.184 295.361 204.177 135.602 86.670 53.146 30.853 16.321 7.499 2.696 0.711 0.192 0.037 0.000 0.000 0.000 0.000
0.101 0.139 0.195 0.275 0.386 0.542 0.760 1.065 1.491 2.087 2.919 4.080 5.698 7.954 11.094 15.463 21.538 29.978 41.685 57.897 80.276 111.009 152.840 208.859 281.680 371.061 468.539 561.764 635.125 662.021 634.984 562.078 456.499 351.023 253.753 175.872 116.982 74.878 45.953 26.770 14.224 6.569 2.398 0.631 0.173 0.034 0.000 0.000 0.000 0.000
0.070 0.097 0.137 0.194 0.275 0.389 0.549 0.775 1.092 1.539 2.167 3.049 4.286 6.021 8.452 11.855 16.615 23.266 32.545 45.465 63.398 88.160 122.049 167.682 227.342 301.016 381.924 459.811 521.527 544.151 521.827 462.779 376.019 288.827 208.771 144.952 96.318 61.954 38.105 22.314 11.946 5.544 2.067 0.540 0.150 0.030 0.000 0.000 0.000 0.000
0.047 0.065 0.092 0.131 0.186 0.265 0.376 0.533 0.756 1.072 1.519 2.150 3.041 4.298 6.071 8.569 12.085 17.029 23.972 33.701 47.290 66.174 92.178 127.420 173.788 231.410 295.086 356.754 405.489 422.684 405.134 359.845 293.503 225.989 164.043 113.959 76.065 48.904 30.294 17.850 9.639 4.496 1.716 0.445 0.125 0.025 0.000 0.000 0.000 0.000
0.030 0.042 0.060 0.086 0.122 0.174 0.248 0.354 0.504 0.718 1.021 1.453 2.065 2.933 4.164 5.908 8.376 11.867 16.796 23.741 33.494 47.117 65.980 91.675 125.655 168.077 215.132 260.972 296.891 309.333 296.683 264.147 216.671 167.193 122.030 84.843 56.915 36.822 22.842 13.575 7.409 3.505 1.360 0.351 0.100 0.020 0.000 0.000 0.000 0.000
0.019 0.026 0.038 0.054 0.078 0.111 0.159 0.228 0.326 0.465 0.665 0.949 1.355 1.932 2.754 3.924 5.588 7.951 11.304 16.050 22.747 32.139 45.194 63.035 86.681 116.218 148.899 180.860 205.594 213.590 204.786 183.092 151.243 117.054 85.915 59.971 40.405 26.266 16.424 9.813 5.426 2.593 1.029 0.264 0.077 0.016 0.000 0.000 0.000 0.000
0.011 0.016 0.023 0.033 0.047 0.068 0.098 0.141 0.203 0.291 0.418 0.599 0.858 1.229 1.760 2.518 3.600 5.144 7.341 10.464 14.887 21.111 29.783 41.650 57.376 76.960 98.435 119.436 135.312 139.903 133.952 119.903 99.470 77.507 57.031 40.051 27.109 17.721 11.166 6.738 3.762 1.822 0.736 0.189 0.056 0.012 0.000 0.000 0.000 0.000
0.000 0.000 0.013 0.019 0.028 0.041 0.059 0.084 0.122 0.176 0.253 0.365 0.525 0.755 1.085 1.560 2.240 3.213 4.605 6.590 9.410 13.390 18.941 26.538 36.579 49.000 62.434 75.523 84.946 87.339 83.397 74.705 62.222 48.551 36.042 25.447 17.305 11.387 7.232 4.405 2.490 1.223 0.500 0.130 0.039 0.000 0.000 0.000 0.000 0.000
0.000 0.000 0.000 0.011 0.016 0.023 0.034 0.049 0.071 0.102 0.148 0.214 0.310 0.448 0.647 0.933 1.345 1.937 2.788 4.005 5.738 8.189 11.610 16.285 22.427 29.919 37.949 45.744 50.923 52.025 49.524 44.384 37.078 29.120 21.730 15.373 10.556 6.982 4.460 2.740 1.568 0.786 0.325 0.086 0.026 0.000 0.000 0.000 0.000 0.000
0.000 0.000 0.000 0.000 0.000 0.013 0.018 0.027 0.039 0.057 0.083 0.121 0.176 0.256 0.372 0.539 0.780 1.129 1.631 2.352 3.382 4.841 6.878 9.655 13.275 17.612 22.240 26.693 29.299 29.820 28.320 25.367 21.215 16.692 12.532 8.935 6.163 4.087 2.629 1.628 0.947 0.485 0.204 0.056 0.016 0.000 0.000 0.000 0.000 0.000
0.000 0.000 0.000 0.000 0.000 0.000 0.000 0.014 0.020 0.030 0.044 0.065 0.095 0.139 0.203 0.297 0.433 0.630 0.916 1.327 1.917 2.755 3.926 5.518 7.580 10.009 12.590 14.975 16.290 16.533 15.658 14.004 11.714 9.225 6.936 4.953 3.421 2.275 1.471 0.924 0.549 0.290 0.125 0.036 0.000 0.000 0.000 0.000 0.000 0.000
0.000 0.000 0.000 0.000 0.000 0.000 0.000 0.000 0.000 0.014 0.021 0.031 0.047 0.069 0.103 0.152 0.223 0.329 0.482 0.704 1.025 1.482 2.121 2.990 4.108 5.406 6.778 7.979 8.620 8.717 8.239 7.353 6.127 4.818 3.629 2.597 1.802 1.206 0.787 0.498 0.303 0.167 0.075 0.023 0.000 0.000 0.000 0.000 0.000 0.000
0.000 0.000 0.000 0.000 0.000 0.000 0.000 0.000 0.000 0.000 0.000 0.013 0.020 0.030 0.046 0.069 0.103 0.154 0.230 0.341 0.502 0.733 1.059 1.504 2.073 2.727 3.420 3.980 4.276 4.306 4.054 3.601 2.990 2.349 1.769 1.267 0.879 0.593 0.389 0.248 0.155 0.089 0.043 0.014 0.000 0.000 0.000 0.000 0.000 0.000
0.000 0.000 0.000 0.000 0.000 0.000 0.000 0.000 0.000 0.000 0.000 0.000 0.000 0.011 0.017 0.027 0.041 0.062 0.094 0.142 0.213 0.317 0.465 0.668 0.929 1.231 1.554 1.790 1.917 1.917 1.792 1.581 1.302 1.017 0.762 0.545 0.376 0.253 0.163 0.105 0.065 0.039 0.020 0.000 0.000 0.000 0.000 0.000 0.000 0.000
0.000 0.000 0.000 0.000 0.000 0.000 0.000 0.000 0.000 0.000 0.000 0.000 0.000 0.000 0.000 0.000 0.014 0.021 0.033 0.050 0.077 0.116 0.172 0.251 0.353 0.474 0.598 0.681 0.720 0.710 0.655 0.572 0.464 0.359 0.264 0.188 0.127 0.082 0.051 0.031 0.019 0.011 0.000 0.000 0.000 0.000 0.000 0.000 0.000 0.000
0.000 0.000 0.000 0.000 0.000 0.000 0.000 0.000 0.000 0.000 0.000 0.000 0.000 0.000 0.000 0.000 0.000 0.000 0.000 0.015 0.023 0.035 0.053 0.078 0.112 0.152 0.188 0.207 0.214 0.206 0.185 0.155 0.122 0.091 0.066 0.046 0.030 0.019 0.011 0.000 0.000 0.000 0.000 0.000 0.000 0.000 0.000 0.000 0.000 0.000
0.000 0.000 0.000 0.000 0.000 0.000 0.000 0.000 0.000 0.000 0.000 0.000 0.000 0.000 0.000 0.000 0.000 0.000 0.000 0.000 0.000 0.000 0.013 0.019 0.028 0.038 0.045 0.049 0.049 0.045 0.038 0.030 0.022 0.016 0.011 0.000 0.000 0.000 0.000 0.000 0.000 0.000 0.000 0.000 0.000 0.000 0.000 0.000 0.000 0.000
0.000 0.000 0.000 0.000 0.000 0.000 0.000 0.000 0.000 0.000 0.000 0.000 0.000 0.000 0.000 0.000 0.000 0.000 0.000 0.000 0.000 0.000 0.000 0.000 0.000 0.000 0.000 0.000 0.000 0.000 0.000 0.000 0.000 0.000 0.000 0.000 0.000 0.000 0.000 0.000 0.000 0.000 0.000 0.000 0.000 0.000 0.000 0.000 0.000 0.000
0.000 0.000 0.000 0.000 0.000 0.000 0.000 0.000 0.000 0.000 0.000 0.000 0.000 0.000 0.000 0.000 0.000 0.000 0.000 0.000 0.000 0.000 0.000 0.000 0.000 0.000 0.000 0.000 0.000 0.000 0.000 0.000 0.000 0.000 0.000 0.000 0.000 0.000 0.000 0.000 0.000 0.000 0.000 0.000 0.000 0.000 0.000 0.000 0.000 0.000
0.000 0.000 0.000 0.000 0.000 0.000 0.000 0.000 0.000 0.000 0.000 0.000 0.000 0.000 0.000 0.000 0.000 0.000 0.000 0.000 0.000 0.000 0.000 0.000 0.000 0.000 0.000 0.000 0.000 0.000 0.000 0.000 0.000 0.000 0.000 0.000 0.000 0.000 0.000 0.000 0.000 0.000 0.000 0.000 0.000 0.000 0.000 0.000 0.000 0.000
0.000 0.000 0.000 0.000 0.000 0.000 0.000 0.000 0.000 0.000 0.000 0.000 0.000 0.000 0.000 0.000 0.000 0.000 0.000 0.000 0.000 0.000 0.000 0.000 0.000 0.000 0.000 0.000 0.000 0.000 0.000 0.000 0.000 0.000 0.000 0.000 0.000 0.000 0.000 0.000 0.000 0.000 0.000 0.000 0.000 0.000 0.000 0.000 0.000 0.000
0.000 0.000 0.000 0.000 0.000 0.000 0.000 0.000 0.000 0.000 0.000 0.000 0.000 0.000 0.000 0.000 0.000 0.000 0.000 0.000 0.000 0.000 0.000 0.000 0.000 0.000 0.000 0.000 0.000 0.000 0.000 0.000 0.000 0.000 0.000 0.000 0.000 0.000 0.000 0.000 0.000 0.000 0.000 0.000 0.000 0.000 0.000 0.000 0.000 0.000
0.000 0.000 0.000 0.000 0.000 0.000 0.000 0.000 0.000 0.000 0.000 0.000 0.000 0.000 0.000 0.000 0.000 0.000 0.000 0.000 0.000 0.000 0.000 0.000 0.000 0.000 0.000 0.000 0.000 0.000 0.000 0.000 0.000 0.000 0.000 0.000 0.000 0.000 0.000 0.000 0.000 0.000 0.000 0.000 0.000 0.000 0.000 0.000 0.000 0.000
0.000 0.000 0.000 0.000 0.000 0.000 0.000 0.000 0.000 0.000 0.000 0.000 0.000 0.000 0.000 0.000 0.000 0.000 0.000 0.000 0.000 0.000 0.000 0.000 0.000 0.000 0.000 0.000 0.000 0.000 0.000 0.000 0.000 0.000 0.000 0.000 0.000 0.000 0.000 0.000 0.000 0.000 0.000 0.000 0.000 0.000 0.000 0.000 0.000 0.000
0.000 0.000 0.000 0.000 0.000 0.000 0.000 0.000 0.000 0.000 0.000 0.000 0.000 0.000 0.000 0.000 0.000 0.000 0.000 0.000 0.000 0.000 0.000 0.000 0.000 0.000 0.000 0.000 0.000 0.000 0.000 0.000 0.000 0.000 0.000 0.000 0.000 0.000 0.000 0.000 0.000 0.000 0.000 0.000 0.000 0.000 0.000 0.000 0.000 0.000
0.000 0.000 0.000 0.000 0.000 0.000 0.000 0.000 0.000 0.000 0.000 0.000 0.000 0.000 0.000 0.000 0.000 0.000 0.000 0.000 0.000 0.000 0.000 0.000 0.000 0.000 0.000 0.000 0.000 0.000 0.000 0.000 0.000 0.000 0.000 0.000 0.000 0.000 0.000 0.000 0.000 0.000 0.000 0.000 0.000 0.000 0.000 0.000 0.000 0.000
0.000 0.000 0.000 0.000 0.000 0.000 0.000 0.000 0.000 0.000 0.000 0.000 0.000 0.000 0.000 0.000 0.000 0.000 0.000 0.000 0.000 0.000 0.000 0.000 0.000 0.000 0.000 0.000 0.000 0.000 0.000 0.000 0.000 0.000 0.000 0.000 0.000 0.000 0.000 0.000 0.000 0.000 0.000 0.000 0.000 0.000 0.000 0.000 0.000 0.000
0.000 0.000 0.000 0.000 0.000 0.000 0.000 0.000 0.000 0.000 0.000 0.000 0.000 0.000 0.000 0.000 0.000 0.000 0.000 0.000 0.000 0.000 0.000 0.000 0.000 0.000 0.000 0.000 0.000 0.000 0.000 0.000 0.000 0.000 0.000 0.000 0.000 0.000 0.000 0.000 0.000 0.000 0.000 0.000 0.000 0.000 0.000 0.000 0.000 0.000
0.000 0.000 0.000 0.000 0.000 0.000 0.000 0.000 0.000 0.000 0.000 0.000 0.000 0.000 0.000 0.000 0.000 0.000 0.000 0.000 0.000 0.000 0.000 0.000 0.000 0.000 0.000 0.000 0.000 0.000 0.000 0.000 0.000 0.000 0.000 0.000 0.000 0.000 0.000 0.000 0.000 0.000 0.000 0.000 0.000 0.000 0.000 0.000 0.000 0.000
