tests/test_03/output8/CloudConcentration_010.00hrs.dat
NCOLS    50
NROWS    50
XLLCORNER    -2289770.000
YLLCORNER     2591270.000
CELLSIZE        2000.000       2000.000
NODATA_VALUE -9999.
[rows 0 to 27 of 50, columns 0 to 49 of 50]
0.000000 0.000000 0.000000 0.000000 0.000000 0.000000 0.000000 0.000000 0.000000 0.000000 0.000000 0.000000 0.000000 1.566592 4.252848 11.414620 30.194466 77.505577 190.106735 436.435089 893.830078 1460.362915 2009.088989 2408.576172 2741.961670 3035.998535 3357.616699 3594.452148 3846.467285 4023.135986 4161.604980 4231.753418 4288.868164 4271.327148 4184.701172 4102.549316 3888.428223 3669.364746 3443.086182 3245.108643 2969.575195 2651.589355 2325.619141 2018.973633 1652.464478 1269.944824 961.596436 585.968445 307.860291 87.495895
0.000000 0.000000 0.000000 0.000000 0.000000 0.000000 0.000000 0.000000 0.000000 0.000000 0.000000 0.000000 0.000000 1.954601 5.370540 14.638933 39.032406 100.359474 246.907578 568.860779 1168.414917 1907.390015 2640.902832 3156.433594 3574.198730 3942.981445 4321.775391 4601.808105 4892.067871 5084.814941 5241.786133 5317.467773 5381.541992 5353.702637 5238.517578 5142.424805 4875.058105 4612.066406 4340.653809 4097.076660 3766.148438 3384.268555 2981.001953 2593.527832 2136.396240 1649.225586 1253.636597 767.596313 410.054169 124.503326
0.000000 0.000000 0.000000 0.000000 0.000000 0.000000 0.000000 0.000000 0.000000 0.000000 0.000000 0.000000 0.970024 2.732905 7.658097 21.089432 56.213894 143.728836 350.933746 804.298401 1638.101929 2640.173340 3644.257812 4347.213379 4885.855957 5358.540527 5816.043945 6151.692871 6489.437012 6696.754395 6872.098633 6945.740234 7013.114746 6967.472168 6810.266602 6683.019531 6335.052246 6004.312988 5662.439453 5344.838867 4934.571289 4463.502441 3946.162109 3439.180908 2853.355225 2212.271240 1684.177246 1030.651367 560.357727 179.971222
0.000000 0.000000 0.000000 0.000000 0.000000 0.000000 0.000000 0.000000 0.000000 0.000000 0.000000 0.000000 1.382886 3.973811 11.258015 31.019541 82.261200 208.187225 500.881348 1129.286255 2261.108398 3568.099365 4867.146973 5796.579590 6473.095215 7046.261230 7586.675293 7985.702148 8371.595703 8598.917969 8792.024414 8866.738281 8930.925781 8868.785156 8662.323242 8493.122070 8059.836914 7647.958984 7228.885254 6826.205566 6325.501465 5755.439453 5114.409180 4473.136719 3738.833740 2915.780273 2224.248291 1361.291748 749.671936 253.542847
0.000000 0.000000 0.000000 0.000000 0.000000 0.000000 0.000000 0.000000 0.000000 0.000000 0.000000 0.000000 2.044829 5.952313 16.887625 46.232792 121.588364 305.076111 723.353333 1580.168701 3070.508057 4691.067383 6313.178223 7488.292969 8308.361328 8973.010742 9598.391602 10074.235352 10508.489258 10763.493164 10979.222656 11058.353516 11120.282227 11043.310547 10775.125977 10557.980469 10045.276367 9537.430664 9037.841797 8542.396484 7940.746094 7265.205078 6500.528320 5708.268555 4806.184570 3776.030518 2890.660645 1775.732544 985.477844 349.928223
0.000000 0.000000 0.000000 0.000000 0.000000 0.000000 0.000000 0.000000 0.000000 0.000000 0.000000 1.031857 3.081126 8.956680 25.209284 68.464088 179.402054 449.901154 1054.713379 2228.534912 4077.127686 6001.120117 7957.700684 9378.966797 10339.661133 11085.455078 11792.764648 12358.417969 12845.064453 13136.383789 13382.918945 13469.102539 13533.195312 13442.545898 13113.479492 12825.892578 12270.800781 11644.597656 11064.760742 10475.047852 9772.783203 8988.977539 8095.904297 7148.820801 6063.360352 4799.723633 3694.383545 2284.216797 1269.100586 471.535187
0.000000 0.000000 0.000000 0.000000 0.000000 0.000000 0.000000 0.000000 0.000000 0.000000 0.000000 1.564680 4.666603 13.433391 37.300774 100.164238 261.434753 657.227661 1528.307007 3109.277832 5282.661621 7481.644043 9756.645508 11400.240234 12493.051758 13317.112305 14099.880859 14756.354492 15308.763672 15647.625000 15927.703125 16023.166016 16097.595703 16000.078125 15631.538086 15251.086914 14678.208008 13935.660156 13261.107422 12597.089844 11797.726562 10904.402344 9880.249023 8789.406250 7512.632812 5988.812012 4639.616211 2890.170898 1618.466187 625.778687
0.000000 0.000000 0.000000 0.000000 0.000000 0.000000 0.000000 0.000000 0.000000 0.000000 0.000000 2.372746 7.072226 20.282135 55.951393 148.916656 384.200531 956.305237 2172.307617 4235.918945 6620.703125 9089.777344 11652.787109 13477.646484 14690.912109 15598.263672 16455.496094 17188.683594 17825.642578 18223.457031 18532.351562 18651.285156 18736.882812 18640.701172 18268.062500 17796.660156 17202.650391 16417.044922 15577.804688 14871.186523 13973.221680 12970.140625 11831.482422 10612.672852 9142.306641 7342.622070 5736.000488 3613.277344 2050.933594 816.850098
0.000000 0.000000 0.000000 0.000000 0.000000 0.000000 0.000000 0.000000 0.000000 0.000000 1.147587 3.557197 10.642375 30.683781 85.061119 226.071167 576.268555 1396.840820 3020.346191 5512.010742 8053.421875 10772.484375 13587.249023 15558.854492 16883.867188 17881.544922 18813.664062 19611.093750 20344.683594 20803.345703 21142.695312 21296.382812 21392.242188 21301.224609 20964.671875 20414.917969 19788.189453 18991.748047 18106.583984 17241.554688 16250.359375 15139.576172 13912.745117 12589.572266 10940.678711 8868.827148 6983.034668 4463.805176 2562.761230 1044.567383
0.000000 0.000000 0.000000 0.000000 0.000000 0.000000 0.000000 0.000000 0.000000 0.000000 1.711535 5.317394 15.999340 46.493160 129.718018 344.528534 865.881287 1997.902588 4037.298096 6714.070312 9511.251953 12467.281250 15489.192383 17574.308594 18996.515625 20086.314453 21106.455078 21964.343750 22787.919922 23312.250000 23699.490234 23898.830078 24012.792969 23945.689453 23667.105469 23076.048828 22381.228516 21580.455078 20612.082031 19661.498047 18583.257812 17386.302734 16061.612305 14687.739258 12887.363281 10560.512695 8385.922852 5457.077637 3172.834717 1322.069214
0.000000 0.000000 0.000000 0.000000 0.000000 0.000000 0.000000 0.000000 0.000000 0.816425 2.628187 8.193443 24.728811 71.972961 200.436829 527.273926 1281.036011 2747.595215 5104.364746 7871.369141 10901.128906 14069.694336 17247.810547 19423.005859 20927.039062 22100.695312 23213.798828 24150.365234 25032.218750 25623.359375 26093.853516 26359.265625 26501.792969 26478.435547 26279.515625 25735.826172 24922.271484 24127.382812 23136.697266 22102.833984 20929.990234 19671.306641 18239.449219 16854.599609 14923.343750 12375.012695 9941.667969 6605.745605 3876.557373 1645.830444
0.000000 0.000000 0.000000 0.000000 0.000000 0.000000 0.000000 0.000000 0.000000 1.333286 4.300026 13.386410 40.119106 115.472549 316.878784 806.858765 1822.529541 3590.231445 6069.883789 8934.410156 12115.055664 15435.647461 18729.017578 21028.423828 22619.027344 23873.185547 25052.582031 26073.662109 27002.707031 27665.664062 28209.720703 28569.804688 28767.794922 28794.363281 28683.097656 28274.396484 27384.837891 26568.556641 25613.666016 24526.177734 23254.140625 21934.812500 20543.513672 19061.228516 17021.226562 14305.356445 11627.234375 7920.029297 4681.700684 2017.033813
0.000000 0.000000 0.000000 0.000000 0.000000 0.000000 0.000000 0.000000 0.000000 2.349306 7.564239 23.272690 68.296104 190.307205 495.851685 1170.039185 2431.262939 4376.219238 6912.020508 9822.333984 13052.368164 16417.207031 19748.242188 22181.472656 23919.208984 25305.970703 26604.507812 27741.742188 28711.667969 29445.027344 30009.552734 30426.394531 30746.703125 30822.693359 30789.771484 30525.687500 29688.990234 28926.966797 27971.785156 26826.080078 25497.777344 24098.855469 22724.669922 21256.962891 19132.960938 16416.585938 13424.506836 9411.887695 5602.459961 2446.759033
0.000000 0.000000 0.000000 0.000000 0.000000 0.000000 0.000000 0.000000 1.244446 4.171342 13.257807 39.931576 113.679230 301.816406 730.854431 1570.910522 3003.852783 5020.322266 7546.173828 10436.064453 13619.088867 16926.513672 20174.292969 22616.503906 24417.429688 25893.640625 27300.841797 28634.011719 29849.148438 30855.736328 31575.121094 31987.787109 32361.333984 32544.458984 32555.099609 32398.681641 31843.355469 31112.533203 30162.328125 28965.181641 27624.056641 26119.494141 24787.851562 23337.621094 21221.906250 18571.958984 15286.679688 11073.613281 6622.062012 2930.610840
0.000000 0.000000 0.000000 0.000000 0.000000 0.000000 0.000000 0.000000 2.186754 7.216325 22.473612 65.915573 180.352692 448.539612 980.372925 1910.108032 3364.039062 5404.762207 7911.243164 10757.005859 13862.029297 17070.199219 20241.580078 22697.853516 24509.324219 26005.939453 27447.800781 28856.121094 30194.880859 31414.273438 32461.269531 33218.125000 33675.406250 33926.621094 33982.082031 33889.003906 33573.210938 33056.796875 32118.490234 30902.617188 29509.097656 28009.095703 26688.253906 25231.509766 23242.558594 20690.232422 17174.632812 12876.673828 7756.347656 3495.614990
0.000000 0.000000 0.000000 0.000000 0.000000 0.000000 0.000000 1.084115 3.718229 12.069547 36.950436 105.314743 271.281281 602.914124 1177.654053 2123.147217 3564.394775 5567.469238 8012.566895 10791.844727 13825.691406 16960.705078 20054.458984 22509.091797 24377.210938 25940.302734 27441.123047 28858.845703 30238.283203 31514.498047 32659.707031 33609.203125 34406.062500 34923.292969 35085.855469 35060.656250 34848.765625 34693.253906 33786.175781 32645.089844 31159.621094 29777.337891 28395.724609 26900.035156 25020.539062 22672.162109 19065.980469 14767.124023 8990.138672 4121.204102
0.000000 0.000000 0.000000 0.000000 0.000000 0.000000 0.000000 1.789627 6.021657 19.178471 57.536484 158.748764 363.661896 710.634521 1291.611938 2220.853271 3616.710205 5537.413574 7847.916992 10477.776367 13323.045898 16265.824219 19141.525391 21519.384766 23407.294922 25076.269531 26715.388672 28271.615234 29853.765625 31343.710938 32656.576172 33646.253906 34537.410156 35253.746094 35632.613281 35811.507812 35824.117188 35916.507812 35186.285156 34089.121094 32622.779297 31304.843750 29879.046875 28337.605469 26502.671875 24494.222656 20931.554688 16684.714844 10309.154297 4809.378418
0.000000 0.000000 0.000000 0.000000 0.000000 0.000000 0.799220 2.778420 9.108785 28.263029 81.927231 205.035126 417.760468 762.775269 1328.046143 2215.056641 3532.041748 5324.794434 7457.310059 9908.441406 12560.680664 15296.209961 17931.806641 20159.958984 22013.556641 23653.716797 25383.705078 27020.972656 28663.451172 30296.394531 31932.228516 33317.824219 34458.195312 35263.230469 35769.601562 36070.023438 36361.757812 36492.671875 36198.242188 35219.542969 33922.265625 32582.236328 31102.380859 29577.986328 27861.726562 26053.824219 22734.078125 18450.662109 11721.483398 5553.273926
0.000000 0.000000 0.000000 0.000000 0.000000 0.000000 1.185013 3.996574 12.684541 37.853008 103.085579 231.238831 435.333771 770.344910 1309.542358 2138.474121 3340.252197 4950.145020 6882.204590 9109.186523 11532.985352 14039.180664 16417.259766 18444.054688 20236.986328 21942.724609 23715.076172 25490.261719 27255.392578 28918.744141 30589.400391 32138.046875 33485.625000 34736.312500 35609.152344 36126.937500 36584.691406 36686.605469 36542.804688 36128.582031 34942.976562 33575.953125 32093.628906 30585.509766 29038.886719 27296.117188 24299.753906 20110.537109 13198.505859 6300.067383
0.000000 0.000000 0.000000 0.000000 0.000000 0.000000 1.629749 5.287545 16.152210 46.170780 115.650505 237.529144 429.355652 739.673096 1227.565063 1969.162354 3039.395996 4443.431641 6142.116211 8107.326660 10256.140625 12506.431641 14594.368164 16441.072266 18128.109375 19954.757812 21766.917969 23639.916016 25446.367188 27302.171875 29018.414062 30708.554688 32218.341797 33582.375000 34922.441406 36114.324219 36620.953125 36704.855469 36634.550781 36518.179688 35593.457031 34295.355469 32873.101562 31364.349609 29976.398438 28252.894531 25530.871094 21661.224609 14708.737305 7086.380371
0.000000 0.000000 0.000000 0.000000 0.000000 0.000000 2.060427 6.418716 18.880390 51.694347 118.282990 225.053009 392.937988 660.880920 1083.151367 1723.759766 2635.678711 3806.072754 5250.030273 6938.937500 8795.397461 10708.910156 12460.262695 14107.932617 15869.628906 17690.644531 19599.675781 21518.107422 23479.240234 25378.982422 27285.119141 29039.935547 30694.056641 32246.970703 33784.453125 35299.550781 36224.089844 36492.792969 36574.015625 36604.281250 35844.894531 34699.828125 33381.675781 32069.822266 30662.458984 28979.148438 26583.324219 23020.519531 16204.424805 7948.273926
0.000000 0.000000 0.000000 0.000000 0.000000 0.745411 2.401326 7.225554 20.442242 52.230446 109.853455 197.665314 334.997131 551.005432 889.603333 1402.305664 2113.425781 3053.886963 4223.928711 5603.173828 7137.349609 8636.185547 10111.991211 11747.572266 13475.431641 15345.072266 17249.978516 19265.703125 21259.875000 23300.220703 25252.791016 27198.039062 29021.630859 30769.142578 32650.242188 34179.660156 35321.753906 35957.128906 36306.636719 36351.398438 35893.222656 34876.285156 33794.457031 32501.083984 31112.558594 29530.773438 27393.683594 24127.316406 17662.662109 8864.783203
0.000000 0.000000 0.000000 0.000000 0.000000 0.834587 2.582459 7.375558 19.463585 46.400356 91.196083 158.608734 259.756287 414.245789 653.425110 1012.220215 1528.437134 2225.606445 3105.992676 4163.195801 5295.041992 6490.800781 7896.449219 9435.690430 11160.825195 12962.247070 14950.157227 16917.927734 19028.726562 21076.437500 23183.767578 25200.052734 27234.054688 29376.613281 31281.341797 32859.183594 34145.558594 35203.191406 35708.773438 35793.890625 35644.636719 35046.937500 33964.937500 32659.009766 31299.718750 29819.599609 27975.843750 24972.376953 18999.796875 9841.904297
0.000000 0.000000 0.000000 0.000000 0.000000 0.880957 2.603449 6.835052 16.089811 34.603580 65.424385 110.602074 174.903427 266.080658 403.501617 615.330933 939.170593 1400.216797 1993.881104 2704.556152 3606.797852 4677.363281 5951.472168 7391.838379 9012.974609 10775.654297 12679.458008 14713.911133 16777.914062 18936.041016 21039.693359 23233.466797 25571.644531 27793.208984 29743.687500 31356.117188 32914.535156 34215.304688 34883.882812 35080.054688 35121.878906 35014.828125 33954.031250 32684.615234 31369.621094 29959.140625 28368.332031 25598.796875 20296.845703 10899.000000
0.000000 0.000000 0.000000 0.000000 0.000000 0.900225 2.521395 5.549299 11.027493 21.152630 38.768250 64.119415 99.097061 152.874054 234.333817 354.122406 528.549988 782.249207 1155.869141 1686.549194 2399.102051 3299.611816 4417.389648 5711.539062 7191.033691 8867.998047 10668.188477 12672.518555 14656.734375 16842.558594 19062.337891 21499.214844 23880.716797 26098.023438 28040.822266 29937.710938 31621.191406 33001.179688 33889.390625 34345.238281 34482.171875 34419.437500 33744.308594 32565.011719 31300.628906 30050.125000 28579.353516 26024.449219 21522.857422 12004.677734
0.000000 0.000000 0.000000 0.000000 0.000000 0.729361 1.793911 3.572162 6.167248 10.571404 18.834387 33.437473 57.245811 95.668266 156.354309 247.462204 380.953796 566.682007 827.820435 1190.872925 1693.458984 2383.996582 3285.460449 4396.684570 5725.471191 7249.651367 8915.090820 10822.759766 12845.708984 15088.917969 17475.066406 19850.888672 22168.207031 24336.083984 26539.726562 28559.267578 30287.509766 31644.003906 32827.167969 33600.011719 33777.468750 33736.375000 33226.132812 32314.177734 31255.523438 30038.392578 28615.492188 26384.916016 22588.552734 13185.625000
0.000000 0.000000 0.000000 0.000000 0.000000 0.463074 1.015934 1.874976 3.330219 6.192609 11.644710 21.515999 38.857090 67.299156 112.668709 184.777832 292.529236 448.137054 663.635803 959.743469 1360.287354 1893.500244 2598.905762 3521.124268 4662.227539 6012.929688 7589.023438 9464.651367 11517.213867 13712.571289 15974.310547 18240.265625 20506.626953 22900.097656 25141.166016 27159.890625 28860.433594 30424.794922 31757.035156 32634.919922 32923.515625 32988.292969 32770.218750 31943.064453 30963.107422 29796.367188 28509.244141 26485.404297 23532.412109 14325.879883
0.000000 0.000000 0.000000 0.000000 0.000000 0.000000 0.470386 0.983885 1.911276 3.830126 7.820915 15.433680 29.296738 53.102123 91.964790 156.499313 252.897766 392.114136 587.185974 853.083496 1207.275879 1671.893677 2275.738281 3053.533691 4041.598877 5270.889648 6748.726562 8443.551758 10342.133789 12367.754883 14533.812500 16860.326172 19196.814453 21487.416016 23636.115234 25575.880859 27460.130859 29136.007812 30493.167969 31468.990234 31880.390625 32101.406250 32147.720703 31528.222656 30558.828125 29472.783203 28191.443359 26462.818359 24113.488281 15394.688477
