tests/test_03/output8/CloudConcentration_010.00hrs.dat
NCOLS    50
NROWS    50
XLLCORNER    -2289770.000
YLLCORNER     2591270.000
CELLSIZE        2000.000       2000.000
NODATA_VALUE  0.000
[rows 0 to 37 of 50, columns 0 to 49 of 50]
0.000 0.000 0.000 0.000 0.000 0.000 0.000 0.000 0.000 0.000 0.000 0.000 0.000 1.567 4.253 11.415 30.194 77.506 190.107 436.435 893.830 1460.362 2009.088 2408.575 2741.960 3035.996 3357.615 3594.450 3846.465 4023.134 4161.603 4231.751 4288.866 4271.325 4184.700 4102.547 3888.427 3669.364 3443.085 3245.108 2969.574 2651.589 2325.619 2018.973 1652.464 1269.945 961.596 585.968 307.860 87.496
0.000 0.000 0.000 0.000 0.000 0.000 0.000 0.000 0.000 0.000 0.000 0.000 0.000 1.955 5.371 14.639 39.032 100.359 246.908 568.861 1168.414 1907.389 2640.901 3156.431 3574.196 3942.979 4321.772 4601.805 4892.065 5084.812 5241.783 5317.465 5381.540 5353.700 5238.516 5142.423 4875.056 4612.065 4340.652 4097.075 3766.147 3384.268 2981.001 2593.527 2136.396 1649.225 1253.636 767.596 410.054 124.503
0.000 0.000 0.000 0.000 0.000 0.000 0.000 0.000 0.000 0.000 0.000 0.000 0.970 2.733 7.658 21.089 56.214 143.729 350.934 804.298 1638.101 2640.172 3644.255 4347.210 4885.853 5358.537 5816.041 6151.689 6489.433 6696.751 6872.095 6945.737 7013.111 6967.469 6810.264 6683.017 6335.050 6004.311 5662.438 5344.837 4934.570 4463.501 3946.161 3439.180 2853.355 2212.271 1684.177 1030.651 560.358 179.971
0.000 0.000 0.000 0.000 0.000 0.000 0.000 0.000 0.000 0.000 0.000 0.000 1.383 3.974 11.258 31.020 82.261 208.187 500.881 1129.286 2261.107 3568.097 4867.144 5796.576 6473.091 7046.257 7586.671 7985.698 8371.592 8598.914 8792.021 8866.734 8930.922 8868.781 8662.320 8493.118 8059.834 7647.957 7228.883 6826.204 6325.500 5755.438 5114.408 4473.136 3738.833 2915.780 2224.248 1361.292 749.672 253.543
0.000 0.000 0.000 0.000 0.000 0.000 0.000 0.000 0.000 0.000 0.000 0.000 2.045 5.952 16.888 46.233 121.588 305.076 723.353 1580.168 3070.507 4691.065 6313.175 7488.288 8308.356 8973.006 9598.386 10074.229 10508.483 10763.487 10979.218 11058.349 11120.277 11043.306 10775.122 10557.977 10045.272 9537.428 9037.839 8542.395 7940.745 7265.204 6500.527 5708.268 4806.184 3776.030 2890.660 1775.732 985.478 349.928
0.000 0.000 0.000 0.000 0.000 0.000 0.000 0.000 0.000 0.000 0.000 1.032 3.081 8.957 25.209 68.464 179.402 449.901 1054.713 2228.534 4077.126 6001.117 7957.696 9378.961 10339.655 11085.448 11792.758 12358.411 12845.058 13136.377 13382.913 13469.097 13533.189 13442.540 13113.475 12825.888 12270.797 11644.594 11064.758 10475.046 9772.780 8988.977 8095.903 7148.819 6063.359 4799.723 3694.383 2284.217 1269.100 471.535
0.000 0.000 0.000 0.000 0.000 0.000 0.000 0.000 0.000 0.000 0.000 1.565 4.667 13.433 37.301 100.164 261.435 657.227 1528.307 3109.277 5282.659 7481.640 9756.640 11400.233 12493.045 13317.104 14099.873 14756.347 15308.756 15647.618 15927.696 16023.159 16097.589 16000.071 15631.532 15251.082 14678.203 13935.656 13261.104 12597.087 11797.725 10904.400 9880.248 8789.405 7512.631 5988.811 4639.615 2890.170 1618.466 625.779
0.000 0.000 0.000 0.000 0.000 0.000 0.000 0.000 0.000 0.000 0.000 2.373 7.072 20.282 55.951 148.917 384.200 956.305 2172.307 4235.917 6620.700 9089.771 11652.780 13477.639 14690.903 15598.255 16455.486 17188.674 17825.633 18223.449 18532.342 18651.277 18736.875 18640.695 18268.057 17796.654 17202.646 16417.041 15577.801 14871.183 13973.219 12970.138 11831.480 10612.672 9142.306 7342.621 5736.000 3613.277 2050.933 816.850
0.000 0.000 0.000 0.000 0.000 0.000 0.000 0.000 0.000 0.000 1.148 3.557 10.642 30.684 85.061 226.071 576.268 1396.840 3020.345 5512.008 8053.417 10772.479 13587.241 15558.846 16883.857 17881.535 18813.654 19611.082 20344.674 20803.336 21142.686 21296.373 21392.234 21301.217 20964.664 20414.912 19788.184 18991.744 18106.580 17241.551 16250.356 15139.574 13912.743 12589.570 10940.678 8868.826 6983.034 4463.805 2562.761 1044.567
0.000 0.000 0.000 0.000 0.000 0.000 0.000 0.000 0.000 0.000 1.712 5.317 15.999 46.493 129.718 344.528 865.881 1997.902 4037.296 6714.066 9511.246 12467.274 15489.183 17574.297 18996.504 20086.303 21106.441 21964.332 22787.908 23312.240 23699.480 23898.820 24012.783 23945.680 23667.098 23076.043 22381.221 21580.449 20612.078 19661.494 18583.256 17386.301 16061.610 14687.737 12887.361 10560.512 8385.922 5457.078 3172.834 1322.069
0.000 0.000 0.000 0.000 0.000 0.000 0.000 0.000 0.000 0.816 2.628 8.193 24.729 71.973 200.437 527.274 1281.035 2747.594 5104.362 7871.365 10901.122 14069.687 17247.801 19422.994 20927.025 22100.684 23213.785 24150.354 25032.205 25623.348 26093.844 26359.254 26501.783 26478.428 26279.506 25735.818 24922.266 24127.377 23136.691 22102.830 20929.986 19671.305 18239.447 16854.598 14923.343 12375.012 9941.667 6605.745 3876.557 1645.830
0.000 0.000 0.000 0.000 0.000 0.000 0.000 0.000 0.000 1.333 4.300 13.386 40.119 115.472 316.879 806.858 1822.528 3590.229 6069.880 8934.404 12115.049 15435.639 18729.008 21028.412 22619.016 23873.172 25052.568 26073.648 27002.693 27665.652 28209.707 28569.793 28767.783 28794.354 28683.088 28274.389 27384.832 26568.551 25613.660 24526.174 23254.137 21934.809 20543.512 19061.227 17021.225 14305.355 11627.233 7920.029 4681.701 2017.034
0.000 0.000 0.000 0.000 0.000 0.000 0.000 0.000 0.000 2.349 7.564 23.273 68.296 190.307 495.851 1170.038 2431.261 4376.217 6912.017 9822.328 13052.360 16417.197 19748.230 22181.459 23919.195 25305.957 26604.492 27741.727 28711.652 29445.014 30009.539 30426.383 30746.691 30822.682 30789.762 30525.678 29688.982 28926.961 27971.781 26826.074 25497.773 24098.854 22724.666 21256.961 19132.959 16416.584 13424.506 9411.888 5602.460 2446.759
0.000 0.000 0.000 0.000 0.000 0.000 0.000 0.000 1.244 4.171 13.258 39.932 113.679 301.816 730.854 1570.910 3003.851 5020.319 7546.169 10436.058 13619.081 16926.504 20174.281 22616.490 24417.414 25893.625 27300.826 28633.996 29849.131 30855.723 31575.109 31987.775 32361.322 32544.449 32555.088 32398.672 31843.346 31112.527 30162.322 28965.176 27624.051 26119.490 24787.848 23337.617 21221.904 18571.957 15286.679 11073.613 6622.062 2930.611
0.000 0.000 0.000 0.000 0.000 0.000 0.000 0.000 2.187 7.216 22.474 65.916 180.353 448.539 980.372 1910.107 3364.037 5404.758 7911.238 10756.999 13862.021 17070.189 20241.568 22697.840 24509.309 26005.924 27447.783 28856.105 30194.865 31414.258 32461.256 33218.109 33675.395 33926.609 33982.074 33888.992 33573.203 33056.793 32118.484 30902.613 29509.094 28009.092 26688.252 25231.506 23242.557 20690.232 17174.633 12876.674 7756.348 3495.615
0.000 0.000 0.000 0.000 0.000 0.000 0.000 1.084 3.718 12.070 36.950 105.315 271.281 602.914 1177.653 2123.146 3564.392 5567.465 8012.562 10791.838 13825.683 16960.695 20054.445 22509.078 24377.195 25940.287 27441.107 28858.830 30238.268 31514.484 32659.693 33609.191 34406.051 34923.281 35085.844 35060.645 34848.758 34693.246 33786.172 32645.084 31159.615 29777.334 28395.721 26900.031 25020.537 22672.162 19065.979 14767.124 8990.140 4121.205
0.000 0.000 0.000 0.000 0.000 0.000 0.000 1.790 6.022 19.178 57.536 158.749 363.662 710.634 1291.611 2220.852 3616.708 5537.410 7847.911 10477.770 13323.037 16265.813 19141.514 21519.371 23407.279 25076.254 26715.373 28271.600 29853.750 31343.695 32656.562 33646.238 34537.395 35253.734 35632.605 35811.500 35824.105 35916.500 35186.277 34089.117 32622.773 31304.840 29879.043 28337.604 26502.670 24494.221 20931.555 16684.715 10309.154 4809.378
0.000 0.000 0.000 0.000 0.000 0.000 0.799 2.778 9.109 28.263 81.927 205.035 417.760 762.775 1328.045 2215.055 3532.039 5324.791 7457.305 9908.435 12560.672 15296.199 17931.795 20159.945 22013.543 23653.703 25383.689 27020.959 28663.436 30296.381 31932.215 33317.809 34458.184 35263.219 35769.590 36070.012 36361.750 36492.664 36198.234 35219.535 33922.262 32582.230 31102.377 29577.982 27861.725 26053.822 22734.078 18450.662 11721.484 5553.274
0.000 0.000 0.000 0.000 0.000 0.000 1.185 3.997 12.685 37.853 103.085 231.239 435.333 770.344 1309.541 2138.472 3340.249 4950.141 6882.199 9109.180 11532.977 14039.170 16417.248 18444.043 20236.973 21942.711 23715.062 25490.246 27255.379 28918.730 30589.385 32138.033 33485.609 34736.301 35609.141 36126.930 36584.684 36686.598 36542.801 36128.578 34942.969 33575.945 32093.625 30585.508 29038.885 27296.115 24299.754 20110.537 13198.506 6300.068
0.000 0.000 0.000 0.000 0.000 0.000 1.630 5.288 16.152 46.171 115.650 237.529 429.355 739.672 1227.564 1969.161 3039.393 4443.428 6142.111 8107.320 10256.133 12506.422 14594.357 16441.061 18128.096 19954.744 21766.902 23639.902 25446.354 27302.160 29018.400 30708.541 32218.328 33582.363 34922.430 36114.316 36620.945 36704.848 36634.543 36518.172 35593.449 34295.348 32873.098 31364.346 29976.396 28252.893 25530.871 21661.225 14708.738 7086.381
0.000 0.000 0.000 0.000 0.000 0.000 2.060 6.419 18.880 51.694 118.283 225.053 392.938 660.880 1083.150 1723.758 2635.676 3806.069 5250.025 6938.932 8795.391 10708.901 12460.253 14107.922 15869.617 17690.631 19599.662 21518.094 23479.229 25378.969 27285.105 29039.924 30694.045 32246.959 33784.441 35299.539 36224.082 36492.785 36574.008 36604.273 35844.891 34699.824 33381.672 32069.818 30662.457 28979.146 26583.324 23020.520 16204.426 7948.275
0.000 0.000 0.000 0.000 0.000 0.745 2.401 7.226 20.442 52.230 109.853 197.665 334.997 551.005 889.602 1402.304 2113.423 3053.884 4223.924 5603.168 7137.343 8636.178 10111.982 11747.562 13475.421 15345.061 17249.967 19265.691 21259.863 23300.209 25252.779 27198.027 29021.619 30769.131 32650.232 34179.648 35321.742 35957.121 36306.629 36351.391 35893.215 34876.281 33794.453 32501.080 31112.557 29530.771 27393.682 24127.316 17662.664 8864.784
0.000 0.000 0.000 0.000 0.000 0.835 2.582 7.376 19.464 46.400 91.196 158.609 259.756 414.245 653.424 1012.219 1528.435 2225.604 3105.989 4163.191 5295.036 6490.794 7896.442 9435.683 11160.816 12962.237 14950.147 16917.918 19028.717 21076.426 23183.758 25200.043 27234.045 29376.605 31281.334 32859.172 34145.551 35203.184 35708.766 35793.883 35644.629 35046.930 33964.934 32659.006 31299.717 29819.598 27975.844 24972.379 18999.799 9841.905
0.000 0.000 0.000 0.000 0.000 0.881 2.603 6.835 16.090 34.604 65.424 110.602 174.903 266.080 403.501 615.330 939.169 1400.215 1993.878 2704.553 3606.793 4677.358 5951.466 7391.832 9012.968 10775.646 12679.450 14713.901 16777.906 18936.031 21039.684 23233.457 25571.635 27793.199 29743.678 31356.109 32914.527 34215.297 34883.875 35080.047 35121.871 35014.824 33954.027 32684.611 31369.619 29959.139 28368.332 25598.797 20296.848 10899.002
0.000 0.000 0.000 0.000 0.000 0.900 2.521 5.549 11.027 21.153 38.768 64.119 99.097 152.874 234.333 354.122 528.549 782.248 1155.868 1686.547 2399.099 3299.608 4417.385 5711.534 7191.028 8867.991 10668.182 12672.511 14656.725 16842.549 19062.328 21499.207 23880.709 26098.016 28040.814 29937.703 31621.184 33001.172 33889.387 34345.230 34482.164 34419.434 33744.309 32565.010 31300.629 30050.125 28579.354 26024.449 21522.859 12004.680
0.000 0.000 0.000 0.000 0.000 0.729 1.794 3.572 6.167 10.571 18.834 33.437 57.246 95.668 156.354 247.462 380.953 566.681 827.820 1190.872 1693.457 2383.994 3285.457 4396.680 5725.467 7249.646 8915.084 10822.753 12845.701 15088.910 17475.059 19850.881 22168.199 24336.076 26539.717 28559.258 30287.502 31643.996 32827.160 33600.004 33777.465 33736.371 33226.133 32314.176 31255.521 30038.393 28615.494 26384.918 22588.557 13185.627
0.000 0.000 0.000 0.000 0.000 0.463 1.016 1.875 3.330 6.193 11.645 21.516 38.857 67.299 112.669 184.778 292.529 448.137 663.635 959.743 1360.286 1893.499 2598.904 3521.121 4662.224 6012.925 7589.018 9464.646 11517.207 13712.564 15974.303 18240.258 20506.617 22900.090 25141.158 27159.883 28860.426 30424.785 31757.027 32634.912 32923.512 32988.289 32770.215 31943.062 30963.105 29796.367 28509.246 26485.406 23532.414 14325.882
0.000 0.000 0.000 0.000 0.000 0.000 0.470 0.984 1.911 3.830 7.821 15.434 29.297 53.102 91.965 156.499 252.898 392.114 587.185 853.083 1207.275 1671.892 2275.737 3053.531 4041.596 5270.886 6748.722 8443.546 10342.128 12367.748 14533.806 16860.318 19196.807 21487.408 23636.107 25575.873 27460.123 29136.000 30493.160 31468.984 31880.387 32101.402 32147.719 31528.221 30558.828 29472.783 28191.445 26462.820 24113.492 15394.691
0.000 0.000 0.000 0.000 0.000 0.000 0.217 0.509 1.158 2.552 5.683 12.162 25.009 47.194 83.326 139.454 223.728 349.635 527.072 769.703 1093.086 1513.388 2050.633 2731.285 3590.618 4664.126 5977.815 7531.974 9304.889 11260.728 13348.881 15506.389 17676.354 19797.084 21835.191 23914.227 25792.041 27451.268 28841.586 29945.018 30735.646 31063.525 31133.221 30823.197 30015.846 28953.039 27791.855 26434.893 24315.467 16324.450
0.000 0.000 0.000 0.000 0.000 0.000 0.132 0.353 0.875 2.106 5.159 11.301 22.773 43.789 78.308 132.154 212.509 328.760 491.822 713.868 1008.651 1391.783 1882.736 2506.000 3295.208 4276.446 5464.663 6853.587 8420.416 10136.486 11963.029 13856.695 15835.391 17895.594 19943.508 21920.584 23740.338 25347.850 26730.957 28054.871 29144.922 29685.541 29859.416 29614.559 29108.342 28266.869 27437.676 26205.617 24186.018 17797.779
0.000 0.000 0.000 0.000 0.000 0.000 0.000 0.254 0.759 2.082 4.896 11.260 22.951 43.026 75.640 127.833 206.065 318.876 475.499 686.403 965.905 1329.781 1794.553 2378.055 3100.604 3978.761 5019.543 6221.926 7578.678 9072.728 10679.791 12377.717 14144.490 15948.357 17756.701 19519.094 21239.959 22967.021 24516.092 25853.641 26963.027 27818.588 28164.586 28213.467 27981.199 27489.529 26776.803 25718.564 23915.346 19242.879
0.000 0.000 0.000 0.000 0.000 0.000 0.000 0.247 0.752 2.081 5.066 11.487 23.424 44.139 77.490 128.724 205.458 313.780 462.596 663.471 927.760 1271.707 1708.083 2250.057 2908.053 3688.041 4593.104 5623.523 6772.252 8027.202 9377.780 10812.709 12338.412 13931.117 15570.351 17227.996 18886.936 20512.062 22009.520 23341.363 24464.703 25366.281 26188.629 26685.039 26762.227 26315.350 25724.303 24918.770 23385.873 20562.430
0.000 0.000 0.000 0.000 0.000 0.000 0.000 0.261 0.801 2.219 5.598 12.470 24.529 45.196 79.001 130.800 206.482 313.869 462.104 662.302 924.177 1255.563 1666.528 2170.696 2775.983 3474.250 4260.517 5143.883 6125.900 7195.670 8348.006 9580.539 10882.373 12236.818 13629.544 15045.960 16464.525 17870.529 19287.104 20693.238 21973.547 23096.947 24030.330 24752.920 25097.646 24993.916 24474.516 23787.373 22581.545 21504.893
0.000 0.000 0.000 0.000 0.000 0.000 0.000 0.271 0.901 2.618 6.252 13.574 26.792 49.018 84.257 137.475 213.692 319.928 464.262 658.042 907.879 1219.400 1601.566 2061.688 2594.095 3203.332 3888.966 4637.226 5461.100 6367.621 7340.879 8379.359 9494.848 10674.271 11902.450 13193.249 14518.300 15854.899 17178.752 18462.689 19668.744 20761.854 21698.064 22435.523 22972.398 23203.750 22979.906 22556.336 22290.352 21953.387
0.000 0.000 0.000 0.000 0.000 0.000 0.000 0.263 0.961 2.796 7.102 15.216 29.414 52.548 88.483 142.277 220.370 329.832 474.524 663.505 903.699 1195.611 1556.533 1975.615 2460.881 3018.123 3638.052 4311.069 5036.456 5828.015 6673.297 7565.169 8513.245 9510.931 10551.651 11639.688 12767.081 13902.426 15044.104 16167.819 17251.803 18268.711 19317.109 20416.031 21374.244 22119.201 22496.396 22598.174 22271.316 21866.701
0.000 0.000 0.000 0.000 0.000 0.000 0.000 0.220 0.934 2.923 7.793 16.433 32.065 57.320 96.403 154.508 236.208 346.813 491.803 676.174 906.926 1188.456 1513.036 1890.269 2318.274 2805.602 3346.066 3928.294 4555.419 5231.019 5960.653 6815.731 7717.561 8670.057 9675.024 10705.145 11757.306 12802.736 13868.760 14969.825 16085.445 17192.043 18272.773 19285.373 20179.848 20917.975 21449.092 21628.867 21563.672 21286.764
0.000 0.000 0.000 0.000 0.000 0.000 0.000 0.153 0.724 2.858 7.733 18.465 36.863 64.763 105.849 164.947 246.705 356.180 498.155 677.145 896.156 1150.875 1469.648 1850.051 2271.000 2738.269 3268.747 3856.442 4504.704 5204.191 5941.318 6702.897 7477.690 8317.688 9180.948 10060.124 10976.758 11916.904 12884.336 13869.650 14856.095 15827.911 16779.213 17699.078 18543.559 19274.594 19854.240 20202.574 20154.326 19954.904
0.000 0.000 0.000 0.000 0.000 0.000 0.000 0.122 0.599 2.520 7.672 19.726 40.316 71.337 116.013 181.587 271.428 391.462 548.456 745.016 977.906 1251.458 1569.350 1928.712 2320.834 2759.459 3253.077 3785.215 4363.738 4971.065 5611.833 6299.603 7021.335 7760.698 8502.943 9247.687 10011.642 10790.113 11591.268 12404.067 13212.740 14006.116 14778.164 15522.642 16236.737 16875.721 17408.611 17809.836 17938.561 17909.307
