tests/test_03/output8/CloudLoad_010.00hrs.dat
NCOLS    50
NROWS    50
XLLCORNER    -2289770.000
YLLCORNER     2591270.000
CELLSIZE        2000.000       2000.000
NODATA_VALUE  0.000
[rows 0 to 36 of 50, columns 0 to 49 of 50]
0.000 0.000 0.000 0.000 0.000 0.000 0.000 0.000 0.000 0.000 0.000 0.000 0.000 0.405 1.110 3.007 8.052 21.013 52.765 125.578 277.017 545.278 920.992 1393.862 1977.331 2665.958 3388.709 4111.413 4806.744 5429.447 5919.499 6326.492 6648.788 6805.896 6861.499 6864.167 6711.796 6502.704 6189.749 5810.096 5354.127 4820.148 4206.439 3539.435 2834.335 2181.568 1609.568 1006.421 554.692 150.377
0.000 0.000 0.000 0.000 0.000 0.000 0.000 0.000 0.000 0.000 0.000 0.000 0.000 0.506 1.403 3.863 10.439 27.333 68.900 164.581 363.802 713.180 1202.760 1812.234 2562.920 3447.697 4370.318 5281.458 6173.794 6960.144 7572.297 8099.598 8512.805 8716.315 8783.015 8782.792 8596.993 8337.072 7951.851 7487.591 6897.816 6219.120 5442.044 4580.639 3679.868 2842.349 2103.330 1322.572 739.521 212.625
0.000 0.000 0.000 0.000 0.000 0.000 0.000 0.000 0.000 0.000 0.000 0.000 0.250 0.710 2.012 5.616 15.216 39.673 99.224 235.496 515.848 998.089 1673.174 2494.278 3499.582 4681.318 5915.419 7108.374 8269.034 9318.782 10113.431 10782.227 11337.800 11600.779 11680.476 11677.575 11424.545 11078.666 10578.929 9977.347 9176.659 8301.567 7275.703 6120.589 4930.171 3815.760 2826.305 1785.112 1011.813 306.773
0.000 0.000 0.000 0.000 0.000 0.000 0.000 0.000 0.000 0.000 0.000 0.000 0.358 1.039 2.984 8.348 22.517 58.121 143.252 334.651 722.539 1376.593 2288.956 3372.442 4668.406 6190.620 7804.657 9337.490 10804.961 12177.712 13207.254 14031.706 14735.491 15103.705 15194.766 15200.044 14865.264 14407.885 13774.685 12987.486 11952.127 10844.648 9520.764 8026.734 6492.763 5041.641 3736.013 2370.170 1355.425 431.955
0.000 0.000 0.000 0.000 0.000 0.000 0.000 0.000 0.000 0.000 0.000 0.000 0.533 1.570 4.517 12.554 33.581 85.949 209.042 475.476 1000.343 1864.607 3068.208 4481.288 6100.437 7987.396 10042.536 11993.212 13805.111 15532.297 16877.834 17884.969 18756.713 19261.186 19343.500 19367.471 18946.168 18359.742 17570.979 16556.377 15259.971 13870.636 12225.943 10347.220 8400.009 6560.437 4875.094 3106.443 1784.632 596.023
0.000 0.000 0.000 0.000 0.000 0.000 0.000 0.000 0.000 0.000 0.000 0.268 0.809 2.383 6.802 18.757 49.990 127.937 308.712 685.866 1390.327 2488.629 4025.990 5830.659 7828.023 10092.715 12610.629 15068.898 17270.770 19360.016 21106.859 22338.273 23381.014 24043.564 24148.566 24155.678 23690.488 22929.162 21979.115 20697.887 19135.359 17425.371 15415.346 13105.827 10691.319 8403.239 6271.664 4012.652 2303.737 803.904
0.000 0.000 0.000 0.000 0.000 0.000 0.000 0.000 0.000 0.000 0.000 0.409 1.235 3.605 10.168 27.769 73.779 189.415 455.476 988.943 1922.647 3290.492 5180.006 7418.976 9856.665 12520.635 15483.756 18509.832 21178.727 23638.977 25823.727 27354.270 28553.693 29392.867 29559.389 29528.475 29047.330 28101.844 26971.051 25425.951 23579.648 21512.682 19079.119 16326.583 13400.666 10583.506 7934.422 5105.793 2943.667 1069.597
0.000 0.000 0.000 0.000 0.000 0.000 0.000 0.000 0.000 0.000 0.000 0.624 1.886 5.493 15.424 41.839 110.143 280.846 664.876 1407.868 2600.551 4287.877 6546.058 9232.828 12160.660 15271.353 18659.371 22248.078 25484.008 28336.365 30909.771 32836.609 34197.262 35219.559 35522.012 35407.574 34915.602 33843.957 32491.355 30684.479 28540.414 26104.201 23246.727 20024.518 16532.883 13128.402 9888.352 6428.164 3736.794 1400.294
0.000 0.000 0.000 0.000 0.000 0.000 0.000 0.000 0.000 0.000 0.301 0.944 2.867 8.406 23.742 64.419 168.184 421.010 965.062 1967.112 3449.007 5472.215 8112.938 11243.913 14696.089 18327.283 22149.840 26258.430 30111.621 33415.199 36331.125 38683.824 40269.367 41437.832 41938.141 41741.164 41221.273 40054.215 38471.406 36389.801 33952.152 31143.451 27876.168 24145.158 20090.051 16052.998 12149.933 7990.036 4688.998 1801.605
0.000 0.000 0.000 0.000 0.000 0.000 0.000 0.000 0.000 0.000 0.454 1.432 4.378 12.947 36.835 100.132 259.335 626.944 1374.747 2644.469 4445.319 6821.231 9856.835 13426.378 17389.797 21581.877 25912.869 30493.654 34942.949 38787.273 42040.844 44795.059 46709.199 48007.809 48709.922 48501.875 47871.457 46665.605 44840.227 42482.078 39762.879 36556.227 32889.594 28685.590 24053.943 19371.283 14751.766 9812.980 5832.653 2296.778
0.000 0.000 0.000 0.000 0.000 0.000 0.000 0.000 0.000 0.217 0.709 2.247 6.904 20.484 58.308 157.845 400.063 917.240 1892.698 3427.287 5542.034 8280.950 11720.452 15718.133 20147.236 24887.240 29776.518 34859.418 39846.449 44266.918 47913.949 51017.113 53290.457 54775.680 55666.691 55557.234 54797.109 53563.281 51536.508 48907.461 45898.754 42309.320 38258.629 33602.062 28382.002 23055.566 17696.725 11923.508 7161.683 2890.660
0.000 0.000 0.000 0.000 0.000 0.000 0.000 0.000 0.000 0.361 1.183 3.753 11.476 33.774 95.276 252.697 607.253 1306.888 2501.181 4279.849 6695.780 9788.432 13610.511 18026.598 22910.457 28141.205 33570.340 39186.938 44722.242 49650.191 53704.449 57138.938 59786.363 61526.230 62589.422 62653.371 61785.012 60564.180 58435.871 55560.527 52296.289 48358.520 43894.930 38799.707 33050.098 27059.010 20996.246 14343.462 8692.375 3603.600
0.000 0.000 0.000 0.000 0.000 0.000 0.000 0.000 0.000 0.647 2.129 6.702 20.164 57.979 157.730 394.510 885.764 1768.569 3157.956 5163.075 7855.259 11262.776 15407.646 20188.051 25514.766 31258.479 37245.629 43358.375 49360.879 54802.020 59213.301 62942.910 65957.062 67970.336 69200.492 69462.656 68607.422 67429.508 65305.555 62267.688 58800.395 54586.836 49718.020 44242.285 37949.918 31388.980 24614.334 17088.273 10458.536 4449.792
0.000 0.000 0.000 0.000 0.000 0.000 0.000 0.000 0.342 1.172 3.814 11.813 34.858 97.276 251.435 582.516 1212.672 2253.686 3817.453 6007.618 8920.203 12593.803 17006.619 22063.674 27698.281 33830.227 40289.324 46910.621 53461.449 59429.027 64273.977 68224.602 71477.633 73846.781 75199.031 75620.961 75031.781 73941.039 71883.547 68893.539 65249.977 60838.469 55639.109 49774.590 43057.492 35933.629 28478.121 20159.180 12432.465 5427.833
0.000 0.000 0.000 0.000 0.000 0.000 0.000 0.000 0.611 2.064 6.622 20.179 58.146 155.484 371.784 790.697 1521.691 2693.492 4412.216 6770.840 9854.752 13715.296 18358.553 23659.393 29532.021 35931.383 42733.395 49733.262 56679.852 63045.098 68312.211 72774.898 76299.430 78921.391 80407.641 80958.000 80699.055 79804.219 77914.609 75173.547 71460.867 66918.711 61528.891 55329.355 48251.340 40664.121 32568.201 23516.938 14664.447 6579.342
0.000 0.000 0.000 0.000 0.000 0.000 0.000 0.301 1.055 3.528 11.218 33.684 93.618 231.509 502.534 987.995 1798.023 3060.290 4888.472 7376.075 10593.493 14594.882 19411.254 24951.277 31083.240 37721.359 44791.250 52091.312 59287.621 65823.062 71179.383 75991.875 79982.828 82886.430 84690.609 85431.438 85506.211 84836.961 83196.727 80811.977 77284.586 72720.695 67277.562 60809.711 53444.844 45499.516 36814.188 27175.891 17144.021 7883.923
0.000 0.000 0.000 0.000 0.000 0.000 0.000 0.505 1.751 5.788 18.201 53.686 137.981 309.154 621.581 1157.118 2021.423 3339.053 5227.295 7777.905 11062.232 15131.183 19997.836 25617.307 31901.711 38730.945 46046.316 53660.660 61036.434 67775.898 73331.211 78195.758 82468.273 85500.328 87751.062 88898.945 89355.312 88979.914 87550.234 85600.758 82314.453 77939.633 72625.016 66096.656 58511.777 50293.699 41162.469 31025.072 19839.225 9369.685
0.000 0.000 0.000 0.000 0.000 0.000 0.226 0.810 2.756 8.937 27.382 75.604 178.859 372.498 713.858 1279.574 2172.133 3514.108 5415.812 7975.766 11275.487 15359.058 20229.172 25838.455 32136.092 39055.129 46451.027 54110.727 61449.434 68073.156 74172.367 79356.625 83849.289 87241.344 89650.469 91288.023 92112.742 92037.664 91145.430 89529.055 86559.609 82646.641 77575.234 71065.422 63364.293 54996.180 45508.707 35017.262 22803.414 11072.039
0.000 0.000 0.000 0.000 0.000 0.000 0.347 1.218 4.043 12.679 37.027 94.596 209.054 416.918 773.236 1353.108 2250.965 3585.079 5458.888 7972.822 11211.180 15233.424 20049.477 25613.145 31862.703 38777.578 46171.746 53704.230 60817.867 67301.188 73587.820 78947.727 83523.594 87644.484 90592.031 92632.516 93852.773 94096.000 93574.352 92344.281 89901.898 86370.484 81685.000 75566.336 67924.711 59457.512 49758.273 39075.875 25988.725 12947.337
0.000 0.000 0.000 0.000 0.000 0.000 0.500 1.701 5.454 16.467 45.417 108.950 228.862 442.073 799.655 1371.611 2252.948 3545.165 5348.583 7767.789 10890.970 14782.464 19453.084 24887.137 31048.348 37883.738 45189.434 52295.773 59167.273 65729.492 71866.562 77474.336 82398.211 86829.000 90537.555 93172.008 94805.289 95380.312 95198.805 94261.945 92236.047 89329.125 85108.234 79462.234 72195.656 63630.012 53822.949 43041.180 29375.836 15041.757
0.000 0.000 0.000 0.000 0.000 0.000 0.668 2.194 6.786 19.743 51.132 116.035 236.082 444.012 789.232 1335.730 2172.755 3393.943 5093.772 7376.987 10333.232 14028.573 18491.295 23725.139 29737.154 36344.395 43148.535 49963.152 56558.621 63220.523 69272.078 75073.953 80420.727 85095.109 89290.156 92412.477 94757.539 95828.117 96001.844 95311.578 93660.234 91168.023 87573.266 82579.156 75814.430 67467.430 57609.355 46892.547 32917.957 17342.279
0.000 0.000 0.000 0.000 0.000 0.243 0.829 2.640 7.879 21.742 53.412 116.310 229.880 423.697 742.162 1246.777 2012.776 3130.007 4694.843 6810.262 9558.391 12997.663 17186.291 22175.459 27827.301 33988.602 40273.918 46767.273 53391.156 59717.672 66055.078 71959.492 77626.859 82679.422 87210.812 90923.203 93674.945 95426.516 95949.773 95542.625 94480.578 92202.602 89194.336 84907.789 78793.938 70964.516 61131.098 50454.453 36536.750 19799.816
0.000 0.000 0.000 0.000 0.000 0.289 0.957 2.930 8.321 21.966 51.961 109.524 211.541 383.836 664.134 1106.593 1779.688 2772.284 4172.180 6075.683 8564.095 11708.447 15582.268 20160.443 25324.080 30893.053 36901.367 43113.324 49468.621 55871.348 62213.516 68457.438 74295.562 79828.125 84542.641 88741.766 91955.117 94008.508 95220.969 95241.367 94444.945 92633.438 90041.789 86351.617 81005.000 73843.945 64401.855 53749.406 40182.871 22428.188
0.000 0.000 0.000 0.000 0.000 0.323 1.036 3.020 8.040 20.074 45.919 95.054 182.039 326.465 560.341 930.342 1496.601 2339.846 3547.206 5207.010 7411.941 10220.751 13653.184 17681.146 22300.580 27503.447 33137.738 39121.023 45306.883 51740.949 58175.605 64559.184 70667.914 76398.266 81540.633 85935.031 89590.461 92283.180 93860.977 94285.086 93837.883 92484.594 90175.664 87098.203 82513.867 76126.469 67246.742 56712.176 43585.602 25167.430
0.000 0.000 0.000 0.000 0.000 0.348 1.078 2.912 7.166 16.779 37.058 76.113 145.724 261.712 447.928 740.787 1193.396 1876.065 2872.477 4266.227 6130.012 8510.813 11477.796 15056.038 19244.951 24025.572 29304.547 35100.266 41238.934 47592.121 54091.551 60476.594 66793.047 72626.961 78112.109 82852.742 86753.914 89918.758 92037.477 92853.422 92700.703 91711.906 89797.930 87136.422 83274.719 77775.109 69760.891 59373.012 46778.160 27956.352
0.000 0.000 0.000 0.000 0.000 0.318 0.944 2.447 5.728 12.806 27.577 56.222 108.177 196.601 340.842 570.484 925.142 1457.571 2240.328 3354.590 4882.660 6904.268 9473.099 12643.485 16422.656 20820.912 25814.904 31321.873 37323.605 43582.914 50020.324 56463.723 62851.773 68953.898 74561.281 79535.336 83773.016 87208.211 89626.203 91081.008 91284.773 90619.508 88957.211 86556.367 83395.055 78654.539 71665.344 61851.812 49619.848 30801.275
0.000 0.000 0.000 0.000 0.000 0.258 0.747 1.901 4.240 9.097 19.356 40.142 79.682 149.750 267.753 457.573 748.051 1178.769 1806.638 2704.673 3960.676 5663.327 7885.818 10672.646 14061.944 18077.953 22726.934 27963.590 33698.879 39865.035 46244.160 52716.668 59032.809 65234.945 71017.602 76140.648 80598.844 84319.227 87057.742 88854.438 89440.789 89203.414 87897.812 85685.727 82950.836 78894.297 72875.219 63900.379 52153.238 33595.652
0.000 0.000 0.000 0.000 0.000 0.000 0.503 1.223 2.807 6.376 14.313 31.013 63.885 122.895 222.233 383.649 635.144 1010.275 1550.144 2309.188 3359.535 4793.839 6698.808 9149.695 12194.179 15866.449 20174.227 25105.842 30594.109 36502.355 42718.070 49046.527 55295.660 61414.148 67177.422 72511.312 77158.844 81097.906 84130.867 86266.125 87160.422 87257.539 86444.000 84606.773 82045.359 78677.586 73547.875 65534.723 54322.000 36354.207
0.000 0.000 0.000 0.000 0.000 0.000 0.303 0.784 1.985 4.872 11.606 26.342 55.176 107.601 197.110 342.300 567.230 901.878 1383.105 2056.358 2981.021 4226.109 5884.361 8044.156 10785.729 14139.679 18121.242 22700.109 27814.730 33357.301 39243.094 45292.922 51465.410 57410.793 63022.477 68304.953 72976.328 76970.820 80362.883 82913.805 84345.031 84777.188 84219.492 82897.469 80841.609 77809.367 73572.367 66695.508 56256.723 38971.223
0.000 0.000 0.000 0.000 0.000 0.000 0.208 0.603 1.665 4.302 10.437 24.044 51.310 100.380 183.690 318.082 524.790 833.199 1277.987 1897.079 2731.706 3846.502 5325.411 7258.306 9723.358 12765.646 16397.984 20591.518 25285.006 30393.699 35812.719 41396.801 47092.164 52700.855 58149.918 63297.102 67995.438 72115.031 75719.891 78608.672 80639.078 81675.555 81551.633 80560.383 78953.859 76673.531 73079.906 67236.336 57727.832 41380.324
0.000 0.000 0.000 0.000 0.000 0.000 0.000 0.512 1.568 4.240 10.289 23.675 50.484 98.271 179.182 309.377 508.119 800.859 1218.303 1795.062 2575.606 3608.219 4962.692 6718.062 8952.341 11700.886 14958.769 18688.186 22844.264 27369.732 32180.730 37188.324 42287.152 47403.445 52556.586 57533.156 62204.109 66513.820 70215.812 73316.969 75772.031 77418.328 78033.688 77656.641 76322.773 74521.430 71808.711 67179.094 58884.977 43537.344
0.000 0.000 0.000 0.000 0.000 0.000 0.000 0.486 1.564 4.355 10.762 24.627 51.643 99.507 179.319 306.656 500.954 785.005 1186.387 1736.933 2480.425 3459.772 4725.954 6340.890 8349.934 10768.026 13586.384 16782.340 20345.404 24225.293 28392.963 32781.797 37325.539 41911.664 46566.441 51188.801 55633.203 59817.059 63621.832 66938.125 69774.773 71906.570 73310.359 73787.758 73259.156 71841.727 69659.672 65996.062 59300.703 45523.688
0.000 0.000 0.000 0.000 0.000 0.000 0.000 0.483 1.638 4.737 11.918 26.365 54.083 103.376 185.182 313.635 506.886 787.662 1180.466 1715.847 2434.791 3373.431 4559.391 6027.145 7809.056 9899.531 12282.047 14997.228 18006.951 21264.652 24727.227 28384.889 32224.990 36240.688 40357.035 44514.062 48684.379 52751.797 56600.324 60098.883 63215.793 65753.289 67631.117 68767.586 69028.953 68494.070 66989.172 64132.855 58684.922 46930.227
0.000 0.000 0.000 0.000 0.000 0.000 0.000 0.475 1.683 5.072 13.281 29.612 59.713 112.602 197.104 328.451 523.327 803.568 1192.966 1718.118 2409.339 3292.919 4390.503 5725.249 7296.366 9102.892 11144.744 13401.339 15878.400 18579.434 21490.473 24600.510 27930.385 31422.373 34985.559 38612.551 42278.156 45915.699 49458.016 52809.625 55920.508 58691.309 61014.102 62741.004 63737.680 64062.984 63449.586 61577.496 57386.793 47617.000
0.000 0.000 0.000 0.000 0.000 0.000 0.000 0.466 1.699 5.412 14.493 33.077 66.584 122.511 211.888 349.148 551.337 837.025 1226.623 1741.512 2402.716 3225.382 4233.449 5414.758 6781.479 8345.406 10095.387 12013.591 14077.597 16335.899 18765.000 21341.543 24099.818 27009.350 30046.844 33198.633 36439.289 39725.387 43000.770 46181.309 49209.500 51992.777 54450.504 56479.707 57928.441 58849.086 59021.234 58259.410 55443.816 47765.715
0.000 0.000 0.000 0.000 0.000 0.000 0.000 0.407 1.660 5.469 15.534 36.220 74.472 135.341 231.893 377.661 586.504 876.300 1264.571 1765.121 2395.230 3165.489 4073.172 5133.771 6353.208 7709.526 9213.776 10844.595 12611.109 14535.322 16597.096 18784.410 21087.680 23530.748 26120.029 28805.941 31535.141 34279.469 37049.129 39845.328 42592.043 45239.758 47725.402 49941.613 51728.523 53018.555 53786.156 53781.023 52396.414 47006.773
0.000 0.000 0.000 0.000 0.000 0.000 0.000 0.320 1.498 5.447 16.344 40.005 83.910 153.016 257.890 410.102 624.922 917.538 1299.790 1785.909 2387.436 3099.644 3925.972 4877.795 5932.617 7105.428 8407.982 9836.446 11390.656 13061.685 14835.188 16691.826 18613.979 20687.090 22874.801 25139.965 27456.080 29803.367 32198.650 34629.559 37053.324 39407.809 41657.297 43764.664 45618.547 47107.609 48187.215 48733.383 48346.562 45102.676
