tests/test_03/output8/CloudLoad_010.00hrs.dat
NCOLS    50
NROWS    50
XLLCORNER    -2289770.000
YLLCORNER     2591270.000
CELLSIZE        2000.000       2000.000
NODATA_VALUE  0.000
[rows 0 to 26 of 50, columns 0 to 49 of 50]
0.000000 0.000000 0.000000 0.000000 0.000000 0.000000 0.000000 0.000000 0.000000 0.000000 0.000000 0.000000 0.000000 0.405478 1.109570 3.006947 8.051898 21.012629 52.764431 125.577332 277.016907 545.277039 920.991150 1393.861084 1977.329590 2665.957275 3388.707520 4111.411621 4806.743164 5429.446289 5919.498047 6326.491211 6648.787109 6805.895996 6861.498047 6864.165527 6711.794922 6502.702637 6189.747559 5810.094727 5354.125488 4820.146973 4206.437988 3539.433838 2834.333740 2181.566895 1609.566772 1006.420837 554.691406 150.377182
0.000000 0.000000 0.000000 0.000000 0.000000 0.000000 0.000000 0.000000 0.000000 0.000000 0.000000 0.000000 0.000000 0.506468 1.402949 3.862829 10.439046 27.333210 68.899422 164.580444 363.801666 713.179382 1202.758911 1812.233276 2562.918457 3447.695801 4370.316895 5281.456543 6173.792969 6960.142578 7572.296875 8099.597656 8512.804688 8716.315430 8783.013672 8782.790039 8596.991211 8337.071289 7951.849609 7487.589844 6897.813965 6219.118164 5442.042969 4580.637207 3679.866211 2842.347900 2103.328613 1322.570923 739.520996 212.625336
0.000000 0.000000 0.000000 0.000000 0.000000 0.000000 0.000000 0.000000 0.000000 0.000000 0.000000 0.000000 0.249969 0.710350 2.012321 5.616374 15.215839 39.673386 99.223419 235.495438 515.846985 998.087830 1673.172485 2494.276367 3499.580322 4681.316406 5915.416992 7108.372070 8269.033203 9318.781250 10113.429688 10782.226562 11337.798828 11600.778320 11680.475586 11677.574219 11424.543945 11078.664062 10578.927734 9977.344727 9176.657227 8301.566406 7275.701172 6120.587402 4930.168945 3815.758301 2826.303955 1785.111450 1011.812622 306.772766
0.000000 0.000000 0.000000 0.000000 0.000000 0.000000 0.000000 0.000000 0.000000 0.000000 0.000000 0.000000 0.357702 1.039468 2.984207 8.347618 22.517035 58.120499 143.251282 334.650269 722.538208 1376.591919 2288.953857 3372.439697 4668.404297 6190.618164 7804.655273 9337.488281 10804.958984 12177.711914 13207.252930 14031.705078 14735.491211 15103.705078 15194.765625 15200.043945 14865.262695 14407.883789 13774.682617 12987.484375 11952.125000 10844.646484 9520.761719 8026.731445 6492.760742 5041.639648 3736.011475 2370.169189 1355.424683 431.954895
0.000000 0.000000 0.000000 0.000000 0.000000 0.000000 0.000000 0.000000 0.000000 0.000000 0.000000 0.000000 0.532891 1.570388 4.516761 12.554394 33.581345 85.948723 209.042007 475.475342 1000.341492 1864.605591 3068.206543 4481.285156 6100.434570 7987.393555 10042.534180 11993.209961 13805.109375 15532.295898 16877.833984 17884.968750 18756.712891 19261.185547 19343.501953 19367.470703 18946.167969 18359.740234 17570.976562 16556.375000 15259.968750 13870.632812 12225.940430 10347.216797 8400.006836 6560.434570 4875.091309 3106.441650 1784.631470 596.022888
0.000000 0.000000 0.000000 0.000000 0.000000 0.000000 0.000000 0.000000 0.000000 0.000000 0.000000 0.268001 0.809494 2.383305 6.801810 18.756540 49.989502 127.937088 308.711639 685.864807 1390.325439 2488.627441 4025.987305 5830.656738 7828.020996 10092.712891 12610.626953 15068.896484 17270.769531 19360.015625 21106.859375 22338.273438 23381.013672 24043.564453 24148.568359 24155.677734 23690.486328 22929.162109 21979.113281 20697.884766 19135.357422 17425.369141 15415.342773 13105.824219 10691.316406 8403.236328 6271.661133 4012.650146 2303.735840 803.903748
0.000000 0.000000 0.000000 0.000000 0.000000 0.000000 0.000000 0.000000 0.000000 0.000000 0.000000 0.408941 1.234901 3.605248 10.168287 27.768723 73.779266 189.414856 455.474792 988.941833 1922.644409 3290.489746 5180.003906 7418.973145 9856.662109 12520.632812 15483.754883 18509.832031 21178.724609 23638.976562 25823.726562 27354.269531 28553.695312 29392.869141 29559.390625 29528.474609 29047.330078 28101.843750 26971.048828 25425.951172 23579.646484 21512.679688 19079.115234 16326.580078 13400.663086 10583.502930 7934.418945 5105.790527 2943.665527 1069.596436
0.000000 0.000000 0.000000 0.000000 0.000000 0.000000 0.000000 0.000000 0.000000 0.000000 0.000000 0.624142 1.885578 5.493148 15.423982 41.838886 110.142738 280.845337 664.875122 1407.866089 2600.548096 4287.874512 6546.055664 9232.825195 12160.658203 15271.350586 18659.371094 22248.078125 25484.007812 28336.367188 30909.773438 32836.613281 34197.265625 35219.562500 35522.015625 35407.574219 34915.605469 33843.957031 32491.355469 30684.476562 28540.412109 26104.199219 23246.722656 20024.513672 16532.878906 13128.399414 9888.347656 6428.161133 3736.792725 1400.293457
0.000000 0.000000 0.000000 0.000000 0.000000 0.000000 0.000000 0.000000 0.000000 0.000000 0.300934 0.944465 2.867132 8.406069 23.742237 64.418495 168.184097 421.009369 965.060303 1967.110229 3449.004150 5472.212402 8112.936035 11243.911133 14696.086914 18327.281250 22149.839844 26258.429688 30111.621094 33415.199219 36331.128906 38683.828125 40269.371094 41437.839844 41938.144531 41741.167969 41221.277344 40054.214844 38471.410156 36389.800781 33952.152344 31143.449219 27876.164062 24145.154297 20090.046875 16052.994141 12149.928711 7990.032715 4688.996582 1801.604126
0.000000 0.000000 0.000000 0.000000 0.000000 0.000000 0.000000 0.000000 0.000000 0.000000 0.454389 1.431832 4.377705 12.946999 36.834656 100.131477 259.334778 626.943420 1374.745972 2644.467041 4445.316406 6821.228516 9856.832031 13426.375977 17389.796875 21581.876953 25912.869141 30493.658203 34942.949219 38787.277344 42040.847656 44795.066406 46709.203125 48007.816406 48709.925781 48501.878906 47871.460938 46665.609375 44840.226562 42482.078125 39762.878906 36556.222656 32889.589844 28685.585938 24053.939453 19371.279297 14751.760742 9812.976562 5832.651367 2296.776611
0.000000 0.000000 0.000000 0.000000 0.000000 0.000000 0.000000 0.000000 0.000000 0.217260 0.709281 2.247278 6.904081 20.483587 58.308346 157.844986 400.062592 917.239014 1892.696411 3427.285400 5542.031738 8280.947266 11720.451172 15718.131836 20147.238281 24887.240234 29776.519531 34859.421875 39846.453125 44266.921875 47913.953125 51017.121094 53290.464844 54775.687500 55666.699219 55557.242188 54797.117188 53563.285156 51536.511719 48907.464844 45898.753906 42309.316406 38258.628906 33602.058594 28381.998047 23055.562500 17696.718750 11923.502930 7161.680176 2890.658447
0.000000 0.000000 0.000000 0.000000 0.000000 0.000000 0.000000 0.000000 0.000000 0.360890 1.183270 3.752824 11.476211 33.774361 95.275513 252.696686 607.252808 1306.887085 2501.179932 4279.847656 6695.778320 9788.429688 13610.509766 18026.597656 22910.458984 28141.208984 33570.343750 39186.941406 44722.250000 49650.199219 53704.457031 57138.949219 59786.375000 61526.238281 62589.433594 62653.378906 61785.019531 60564.187500 58435.878906 55560.531250 52296.289062 48358.519531 43894.929688 38799.703125 33050.093750 27059.005859 20996.242188 14343.457031 8692.372070 3603.598145
0.000000 0.000000 0.000000 0.000000 0.000000 0.000000 0.000000 0.000000 0.000000 0.647397 2.129325 6.701702 20.164448 57.979031 157.730026 394.509918 885.763123 1768.568359 3157.955078 5163.073242 7855.257812 11262.775391 15407.646484 20188.052734 25514.767578 31258.482422 37245.636719 43358.382812 49360.890625 54802.027344 59213.312500 62942.921875 65957.078125 67970.351562 69200.507812 69462.664062 68607.429688 67429.515625 65305.558594 62267.691406 58800.398438 54586.835938 49718.015625 44242.285156 37949.914062 31388.974609 24614.328125 17088.267578 10458.533203 4449.789062
0.000000 0.000000 0.000000 0.000000 0.000000 0.000000 0.000000 0.000000 0.342237 1.171612 3.814078 11.813408 34.857800 97.275795 251.434326 582.515686 1212.671997 2253.684814 3817.452148 6007.617188 8920.203125 12593.803711 17006.621094 22063.677734 27698.285156 33830.234375 40289.332031 46910.628906 53461.460938 59429.039062 64273.992188 68224.625000 71477.648438 73846.796875 75199.046875 75620.976562 75031.796875 73941.046875 71883.554688 68893.546875 65249.980469 60838.472656 55639.105469 49774.585938 43057.488281 35933.625000 28478.115234 20159.173828 12432.461914 5427.830078
0.000000 0.000000 0.000000 0.000000 0.000000 0.000000 0.000000 0.000000 0.610902 2.064160 6.622210 20.179474 58.145840 155.484406 371.783752 790.696472 1521.690552 2693.491455 4412.215820 6770.840820 9854.752930 13715.297852 18358.556641 23659.396484 29532.027344 35931.390625 42733.406250 49733.273438 56679.867188 63045.117188 68312.234375 72774.921875 76299.453125 78921.414062 80407.656250 80958.015625 80699.070312 79804.234375 77914.625000 75173.554688 71460.867188 66918.718750 61528.890625 55329.355469 48251.335938 40664.113281 32568.195312 23516.931641 14664.442383 6579.338867
0.000000 0.000000 0.000000 0.000000 0.000000 0.000000 0.000000 0.300823 1.055364 3.527916 11.217888 33.684258 93.617744 231.509277 502.533661 987.994812 1798.022705 3060.290039 4888.472656 7376.075684 10593.495117 14594.884766 19411.259766 24951.285156 31083.248047 37721.371094 44791.261719 52091.328125 59287.636719 65823.085938 71179.398438 75991.898438 79982.851562 82886.453125 84690.632812 85431.453125 85506.234375 84836.976562 83196.734375 80811.984375 77284.593750 72720.695312 67277.562500 60809.710938 53444.839844 45499.507812 36814.183594 27175.884766 17144.015625 7883.919922
0.000000 0.000000 0.000000 0.000000 0.000000 0.000000 0.000000 0.505371 1.751361 5.788488 18.201391 53.686386 137.981201 309.154053 621.581421 1157.118408 2021.423218 3339.053467 5227.296875 7777.907227 11062.235352 15131.187500 19997.843750 25617.314453 31901.720703 38730.957031 46046.332031 53660.679688 61036.453125 67775.929688 73331.234375 78195.789062 82468.304688 85500.351562 87751.093750 88898.976562 89355.335938 88979.937500 87550.250000 85600.773438 82314.460938 77939.632812 72625.015625 66096.648438 58511.773438 50293.695312 41162.460938 31025.066406 19839.220703 9369.680664
0.000000 0.000000 0.000000 0.000000 0.000000 0.000000 0.225900 0.809530 2.756498 8.937166 27.381828 75.603699 178.859421 372.497772 713.858582 1279.574219 2172.133545 3514.108887 5415.813477 7975.769043 11275.491211 15359.063477 20229.177734 25838.464844 32136.103516 39055.144531 46451.042969 54110.750000 61449.457031 68073.179688 74172.398438 79356.656250 83849.328125 87241.375000 89650.500000 91288.046875 92112.765625 92037.687500 91145.445312 89529.070312 86559.617188 82646.648438 77575.234375 71065.421875 63364.292969 54996.175781 45508.699219 35017.253906 22803.408203 11072.035156
0.000000 0.000000 0.000000 0.000000 0.000000 0.000000 0.347278 1.218388 4.043499 12.678502 37.026608 94.596474 209.054550 416.917877 773.236267 1353.108032 2250.965332 3585.080322 5458.890625 7972.825684 11211.184570 15233.430664 20049.486328 25613.156250 31862.718750 38777.593750 46171.765625 53704.253906 60817.894531 67301.218750 73587.851562 78947.757812 83523.625000 87644.515625 90592.062500 92632.546875 93852.796875 94096.015625 93574.375000 92344.296875 89901.906250 86370.492188 81685.000000 75566.335938 67924.710938 59457.503906 49758.265625 39075.867188 25988.718750 12947.332031
0.000000 0.000000 0.000000 0.000000 0.000000 0.000000 0.499936 1.700558 5.454235 16.466696 45.416950 108.950394 228.862366 442.073730 799.655823 1371.611450 2252.949707 3545.167236 5348.586426 7767.792480 10890.975586 14782.472656 19453.093750 24887.150391 31048.363281 37883.757812 45189.457031 52295.800781 59167.304688 65729.523438 71866.601562 77474.375000 82398.242188 86829.031250 90537.585938 93172.031250 94805.312500 95380.335938 95198.828125 94261.960938 92236.062500 89329.132812 85108.242188 79462.234375 72195.656250 63630.007812 53822.945312 43041.171875 29375.828125 15041.750977
0.000000 0.000000 0.000000 0.000000 0.000000 0.000000 0.667973 2.193779 6.786438 19.742870 51.131725 116.035446 236.081818 444.012817 789.232605 1335.731079 2172.756348 3393.945312 5093.775879 7376.992188 10333.239258 14028.582031 18491.304688 23725.152344 29737.171875 36344.414062 43148.562500 49963.179688 56558.652344 63220.558594 69272.117188 75073.992188 80420.757812 85095.140625 89290.187500 92412.500000 94757.570312 95828.140625 96001.867188 95311.593750 93660.250000 91168.031250 87573.273438 82579.156250 75814.429688 67467.429688 57609.351562 46892.539062 32917.949219 17342.273438
0.000000 0.000000 0.000000 0.000000 0.000000 0.243054 0.828958 2.639677 7.879054 21.741850 53.412312 116.309853 229.879730 423.697296 742.162292 1246.778320 2012.777588 3130.009277 4694.847168 6810.266602 9558.397461 12997.672852 17186.302734 22175.472656 27827.318359 33988.625000 40273.945312 46767.300781 53391.187500 59717.703125 66055.117188 71959.523438 77626.898438 82679.453125 87210.843750 90923.234375 93674.976562 95426.539062 95949.796875 95542.640625 94480.593750 92202.617188 89194.343750 84907.789062 78793.937500 70964.507812 61131.089844 50454.449219 36536.742188 19799.810547
0.000000 0.000000 0.000000 0.000000 0.000000 0.289131 0.956813 2.929951 8.321230 21.965630 51.961334 109.524139 211.540985 383.836853 664.134583 1106.594238 1779.689941 2772.287109 4172.183594 6075.687988 8564.102539 11708.456055 15582.280273 20160.458984 25324.101562 30893.076172 36901.390625 43113.355469 49468.652344 55871.378906 62213.550781 68457.468750 74295.593750 79828.156250 84542.671875 88741.796875 91955.140625 94008.531250 95220.984375 95241.382812 94444.960938 92633.445312 90041.796875 86351.625000 81005.000000 73843.945312 64401.851562 53749.402344 40182.863281 22428.181641
0.000000 0.000000 0.000000 0.000000 0.000000 0.323418 1.036310 3.020459 8.039527 20.074266 45.919495 95.053978 182.038925 326.465729 560.341736 930.343384 1496.603027 2339.848877 3547.209961 5207.015625 7411.948242 10220.760742 13653.196289 17681.164062 22300.599609 27503.468750 33137.761719 39121.050781 45306.910156 51740.980469 58175.636719 64559.214844 70667.945312 76398.296875 81540.664062 85935.054688 89590.484375 92283.203125 93860.992188 94285.101562 93837.898438 92484.601562 90175.671875 87098.210938 82513.867188 76126.468750 67246.734375 56712.167969 43585.593750 25167.423828
0.000000 0.000000 0.000000 0.000000 0.000000 0.348174 1.078486 2.911526 7.165793 16.779215 37.057663 76.113411 145.723740 261.712585 447.928497 740.787659 1193.397949 1876.067383 2872.480957 4266.231934 6130.019531 8510.823242 11477.808594 15056.052734 19244.968750 24025.593750 29304.570312 35100.289062 41238.960938 47592.148438 54091.578125 60476.621094 66793.078125 72626.984375 78112.132812 82852.765625 86753.945312 89918.781250 92037.492188 92853.437500 92700.710938 91711.914062 89797.937500 87136.421875 83274.726562 77775.109375 69760.882812 59373.003906 46778.152344 27956.343750
0.000000 0.000000 0.000000 0.000000 0.000000 0.317890 0.943886 2.446908 5.728021 12.805842 27.577505 56.221668 108.176735 196.601669 340.842682 570.484558 925.142761 1457.573364 2240.330811 3354.593750 4882.666504 6904.275391 9473.108398 12643.498047 16422.669922 20820.929688 25814.925781 31321.894531 37323.628906 43582.941406 50020.351562 56463.750000 62851.800781 68953.921875 74561.312500 79535.359375 83773.039062 87208.234375 89626.218750 91081.023438 91284.781250 90619.515625 88957.218750 86556.375000 83395.054688 78654.539062 71665.335938 61851.808594 49619.839844 30801.267578
0.000000 0.000000 0.000000 0.000000 0.000000 0.258252 0.747390 1.900692 4.239563 9.097257 19.356079 40.142017 79.682137 149.750015 267.753632 457.573883 748.052368 1178.770386 1806.639648 2704.676025 3960.680176 5663.333496 7885.826172 10672.656250 14061.957031 18077.966797 22726.951172 27963.609375 33698.898438 39865.058594 46244.183594 52716.691406 59032.832031 65234.968750 71017.625000 76140.671875 80598.867188 84319.242188 87057.757812 88854.453125 89440.804688 89203.421875 87897.820312 85685.726562 82950.835938 78894.296875 72875.210938 63900.371094 52153.230469 33595.644531
