tests/test_03/output8/CloudLoad_010.00hrs.dat
NCOLS    50
NROWS    50
XLLCORNER    -2289770.000
YLLCORNER     2591270.000
CELLSIZE        2000.000       2000.000
NODATA_VALUE -9999.
[rows 0 to 26 of 50, columns 0 to 49 of 50]
0.000000 0.000000 0.000000 0.000000 0.000000 0.000000 0.000000 0.000000 0.000000 0.000000 0.000000 0.000000 0.000000 0.405480 1.109573 3.006955 8.051919 21.012684 52.764565 125.577621 277.017426 545.277954 920.992554 1393.862793 1977.331787 2665.959961 3388.710693 4111.415039 4806.747070 5429.450195 5919.502441 6326.495605 6648.791504 6805.900391 6861.502441 6864.169922 6711.799316 6502.707031 6189.751465 5810.098633 5354.128906 4820.149902 4206.440430 3539.436279 2834.335449 2181.568359 1609.567871 1006.421570 554.691711 150.377304
0.000000 0.000000 0.000000 0.000000 0.000000 0.000000 0.000000 0.000000 0.000000 0.000000 0.000000 0.000000 0.000000 0.506469 1.402953 3.862840 10.439075 27.333282 68.899605 164.580811 363.802338 713.180542 1202.760742 1812.235596 2562.921143 3447.698975 4370.320801 5281.460938 6173.797363 6960.147461 7572.301758 8099.603027 8512.809570 8716.320312 8783.018555 8782.795898 8596.996094 8337.076172 7951.854004 7487.593750 6897.818359 6219.121582 5442.045898 4580.640137 3679.868408 2842.349609 2103.330078 1322.571777 739.521362 212.625504
0.000000 0.000000 0.000000 0.000000 0.000000 0.000000 0.000000 0.000000 0.000000 0.000000 0.000000 0.000000 0.249970 0.710352 2.012326 5.616389 15.215880 39.673489 99.223663 235.495941 515.847900 998.089417 1673.174927 2494.279297 3499.583740 4681.320801 5915.422363 7108.377441 8269.038086 9318.787109 10113.436523 10782.232422 11337.805664 11600.785156 11680.481445 11677.581055 11424.549805 11078.669922 10578.933594 9977.350586 9176.662109 8301.570312 7275.705078 6120.590820 4930.171875 3815.760498 2826.305664 1785.112427 1011.813110 306.773010
0.000000 0.000000 0.000000 0.000000 0.000000 0.000000 0.000000 0.000000 0.000000 0.000000 0.000000 0.000000 0.357703 1.039471 2.984215 8.347641 22.517094 58.120647 143.251633 334.650940 722.539429 1376.593994 2288.957031 3372.443848 4668.408691 6190.623047 7804.661133 9337.495117 10804.966797 12177.718750 13207.260742 14031.712891 14735.499023 15103.712891 15194.772461 15200.050781 14865.269531 14407.890625 13774.689453 12987.491211 11952.130859 10844.651367 9520.766602 8026.735840 6492.764160 5041.642090 3736.013672 2370.170654 1355.425293 431.955200
0.000000 0.000000 0.000000 0.000000 0.000000 0.000000 0.000000 0.000000 0.000000 0.000000 0.000000 0.000000 0.532892 1.570392 4.516773 12.554427 33.581429 85.948936 209.042511 475.476349 1000.343201 1864.608032 3068.210205 4481.290039 6100.440430 7987.399902 10042.541992 11993.217773 13805.118164 15532.304688 16877.843750 17884.978516 18756.720703 19261.195312 19343.509766 19367.480469 18946.175781 18359.750000 17570.984375 16556.380859 15259.975586 13870.638672 12225.946289 10347.221680 8400.010742 6560.437988 4875.094238 3106.443604 1784.632202 596.023315
0.000000 0.000000 0.000000 0.000000 0.000000 0.000000 0.000000 0.000000 0.000000 0.000000 0.000000 0.268001 0.809496 2.383312 6.801827 18.756586 49.989620 127.937401 308.712341 685.866211 1390.327881 2488.630615 4025.991699 5830.662598 7828.027832 10092.719727 12610.635742 15068.906250 17270.779297 19360.025391 21106.869141 22338.285156 23381.023438 24043.574219 24148.578125 24155.687500 23690.496094 22929.169922 21979.123047 20697.892578 19135.365234 17425.375000 15415.349609 13105.830078 10691.321289 8403.240234 6271.664551 4012.652344 2303.736816 803.904297
0.000000 0.000000 0.000000 0.000000 0.000000 0.000000 0.000000 0.000000 0.000000 0.000000 0.000000 0.408942 1.234905 3.605258 10.168312 27.768787 73.779427 189.415283 455.475769 988.943726 1922.647461 3290.493896 5180.009277 7418.979980 9856.670898 12520.641602 15483.764648 18509.841797 21178.736328 23638.988281 25823.738281 27354.281250 28553.707031 29392.878906 29559.402344 29528.486328 29047.341797 28101.853516 26971.058594 25425.958984 23579.656250 21512.687500 19079.123047 16326.586914 13400.667969 10583.507812 7934.422852 5105.793457 2943.666748 1069.597046
0.000000 0.000000 0.000000 0.000000 0.000000 0.000000 0.000000 0.000000 0.000000 0.000000 0.000000 0.624144 1.885583 5.493162 15.424020 41.838985 110.142975 280.845917 664.876404 1407.868530 2600.552002 4287.879395 6546.062012 9232.833008 12160.666992 15271.361328 18659.380859 22248.089844 25484.021484 28336.380859 30909.787109 32836.625000 34197.277344 35219.574219 35522.027344 35407.585938 34915.613281 33843.968750 32491.365234 30684.486328 28540.421875 26104.208984 23246.730469 20024.521484 16532.886719 13128.404297 9888.352539 6428.164062 3736.794189 1400.294312
0.000000 0.000000 0.000000 0.000000 0.000000 0.000000 0.000000 0.000000 0.000000 0.000000 0.300935 0.944467 2.867140 8.406089 23.742292 64.418640 168.184464 421.010193 965.062012 1967.113281 3449.008789 5472.218262 8112.942871 11243.919922 14696.096680 18327.292969 22149.851562 26258.443359 30111.634766 33415.214844 36331.144531 38683.839844 40269.386719 41437.851562 41938.160156 41741.179688 41221.289062 40054.226562 38471.421875 36389.812500 33952.164062 31143.458984 27876.173828 24145.164062 20090.054688 16053.000000 12149.934570 7990.036621 4688.998047 1801.605103
0.000000 0.000000 0.000000 0.000000 0.000000 0.000000 0.000000 0.000000 0.000000 0.000000 0.454390 1.431836 4.377715 12.947027 36.834736 100.131683 259.335297 626.944519 1374.748047 2644.470459 4445.321777 6821.235352 9856.839844 13426.385742 17389.806641 21581.890625 25912.882812 30493.671875 34942.964844 38787.292969 42040.863281 44795.082031 46709.218750 48007.828125 48709.941406 48501.890625 47871.472656 46665.621094 44840.242188 42482.089844 39762.890625 36556.234375 32889.601562 28685.595703 24053.947266 19371.287109 14751.766602 9812.981445 5832.653320 2296.777832
0.000000 0.000000 0.000000 0.000000 0.000000 0.000000 0.000000 0.000000 0.000000 0.217261 0.709283 2.247283 6.904096 20.483631 58.308464 157.845291 400.063293 917.240417 1892.698853 3427.289307 5542.037109 8280.955078 11720.458984 15718.141602 20147.248047 24887.253906 29776.533203 34859.437500 39846.468750 44266.941406 47913.972656 51017.136719 53290.480469 54775.703125 55666.710938 55557.253906 54797.128906 53563.296875 51536.523438 48907.472656 45898.765625 42309.328125 38258.636719 33602.070312 28382.005859 23055.568359 17696.726562 11923.507812 7161.682617 2890.659912
0.000000 0.000000 0.000000 0.000000 0.000000 0.000000 0.000000 0.000000 0.000000 0.360891 1.183273 3.752832 11.476234 33.774429 95.275688 252.697144 607.253784 1306.888916 2501.182861 4279.851562 6695.784180 9788.437500 13610.519531 18026.609375 22910.470703 28141.220703 33570.355469 39186.957031 44722.265625 49650.214844 53704.472656 57138.964844 59786.386719 61526.253906 62589.445312 62653.394531 61785.031250 60564.199219 58435.890625 55560.542969 52296.300781 48358.531250 43894.937500 38799.710938 33050.101562 27059.011719 20996.248047 14343.462891 8692.375000 3603.599854
0.000000 0.000000 0.000000 0.000000 0.000000 0.000000 0.000000 0.000000 0.000000 0.647399 2.129330 6.701716 20.164488 57.979134 157.730286 394.510529 885.764343 1768.570435 3157.958252 5163.077637 7855.263672 11262.783203 15407.656250 20188.064453 25514.779297 31258.496094 37245.648438 43358.398438 49360.906250 54802.042969 59213.328125 62942.937500 65957.093750 67970.367188 69200.515625 69462.679688 68607.445312 67429.531250 65305.574219 62267.703125 58800.410156 54586.847656 49718.027344 44242.292969 37949.921875 31388.982422 24614.333984 17088.273438 10458.536133 4449.791016
0.000000 0.000000 0.000000 0.000000 0.000000 0.000000 0.000000 0.000000 0.342238 1.171614 3.814085 11.813429 34.857861 97.275940 251.434677 582.516418 1212.673340 2253.687256 3817.455566 6007.621582 8920.208984 12593.810547 17006.628906 22063.687500 27698.296875 33830.246094 40289.343750 46910.644531 53461.476562 59429.054688 64274.007812 68224.632812 71477.664062 73846.812500 75199.062500 75620.984375 75031.804688 73941.054688 71883.570312 68893.554688 65249.992188 60838.484375 55639.117188 49774.597656 43057.496094 35933.632812 28478.121094 20159.179688 12432.464844 5427.832520
0.000000 0.000000 0.000000 0.000000 0.000000 0.000000 0.000000 0.000000 0.610903 2.064163 6.622221 20.179506 58.145920 155.484604 371.784180 790.697266 1521.692017 2693.493652 4412.219238 6770.845215 9854.757812 13715.304688 18358.564453 23659.406250 29532.039062 35931.402344 42733.417969 49733.285156 56679.878906 63045.128906 68312.250000 72774.937500 76299.460938 78921.421875 80407.671875 80958.023438 80699.078125 79804.242188 77914.632812 75173.570312 71460.882812 66918.726562 61528.902344 55329.363281 48251.347656 40664.121094 32568.203125 23516.937500 14664.446289 6579.341309
0.000000 0.000000 0.000000 0.000000 0.000000 0.000000 0.000000 0.300824 1.055365 3.527922 11.217904 33.684299 93.617859 231.509521 502.534119 987.995605 1798.024048 3060.291992 4888.475586 7376.080078 10593.500977 14594.891602 19411.267578 24951.292969 31083.257812 37721.382812 44791.273438 52091.343750 59287.652344 65823.101562 71179.414062 75991.906250 79982.867188 82886.460938 84690.648438 85431.468750 85506.242188 84836.984375 83196.742188 80812.000000 77284.609375 72720.703125 67277.570312 60809.718750 53444.847656 45499.515625 36814.187500 27175.892578 17144.019531 7883.922852
0.000000 0.000000 0.000000 0.000000 0.000000 0.000000 0.000000 0.505371 1.751364 5.788496 18.201412 53.686447 137.981339 309.154297 621.581909 1157.119141 2021.424561 3339.055420 5227.299316 7777.911133 11062.239258 15131.192383 19997.849609 25617.322266 31901.730469 38730.964844 46046.339844 53660.691406 61036.464844 67775.937500 73331.250000 78195.796875 82468.312500 85500.359375 87751.101562 88898.984375 89355.343750 88979.945312 87550.257812 85600.781250 82314.468750 77939.648438 72625.031250 66096.664062 58511.781250 50293.703125 41162.468750 31025.072266 19839.224609 9369.683594
0.000000 0.000000 0.000000 0.000000 0.000000 0.000000 0.225900 0.809531 2.756501 8.937177 27.381857 75.603760 178.859543 372.498016 713.859009 1279.574951 2172.134766 3514.110596 5415.815918 7975.771973 11275.495117 15359.068359 20229.185547 25838.470703 32136.111328 39055.152344 46451.050781 54110.757812 61449.464844 68073.187500 74172.406250 79356.664062 83849.328125 87241.382812 89650.507812 91288.054688 92112.773438 92037.695312 91145.453125 89529.078125 86559.625000 82646.656250 77575.242188 71065.429688 63364.300781 54996.183594 45508.707031 35017.261719 22803.412109 11072.038086
0.000000 0.000000 0.000000 0.000000 0.000000 0.000000 0.347278 1.218389 4.043503 12.678515 37.026638 94.596542 209.054672 416.918091 773.236694 1353.108765 2250.966553 3585.081787 5458.892578 7972.828613 11211.188477 15233.434570 20049.490234 25613.162109 31862.724609 38777.601562 46171.773438 53704.257812 60817.898438 67301.218750 73587.851562 78947.765625 83523.632812 87644.515625 90592.062500 92632.554688 93852.804688 94096.023438 93574.382812 92344.304688 89901.914062 86370.500000 81685.007812 75566.343750 67924.710938 59457.511719 49758.273438 39075.871094 25988.722656 12947.334961
0.000000 0.000000 0.000000 0.000000 0.000000 0.000000 0.499936 1.700559 5.454240 16.466711 45.416985 108.950447 228.862488 442.073914 799.656128 1371.611938 2252.950439 3545.168457 5348.588379 7767.794922 10890.978516 14782.475586 19453.097656 24887.154297 31048.369141 37883.761719 45189.460938 52295.804688 59167.304688 65729.523438 71866.601562 77474.375000 82398.250000 86829.039062 90537.593750 93172.039062 94805.312500 95380.343750 95198.828125 94261.968750 92236.062500 89329.140625 85108.242188 79462.242188 72195.656250 63630.015625 53822.949219 43041.179688 29375.833984 15041.754883
0.000000 0.000000 0.000000 0.000000 0.000000 0.000000 0.667973 2.193781 6.786442 19.742886 51.131756 116.035492 236.081894 444.012939 789.232849 1335.731445 2172.757080 3393.946289 5093.777344 7376.993652 10333.241211 14028.583984 18491.308594 23725.156250 29737.175781 36344.417969 43148.562500 49963.183594 56558.656250 63220.558594 69272.117188 75073.992188 80420.765625 85095.140625 89290.195312 92412.507812 94757.570312 95828.148438 96001.867188 95311.601562 93660.250000 91168.039062 87573.281250 82579.164062 75814.429688 67467.437500 57609.355469 46892.546875 32917.953125 17342.277344
0.000000 0.000000 0.000000 0.000000 0.000000 0.243054 0.828959 2.639679 7.879058 21.741861 53.412334 116.309883 229.879791 423.697388 742.162415 1246.778442 2012.777832 3130.010010 4694.847656 6810.267578 9558.398438 12997.673828 17186.304688 22175.474609 27827.320312 33988.625000 40273.945312 46767.300781 53391.187500 59717.703125 66055.117188 71959.531250 77626.898438 82679.453125 87210.843750 90923.234375 93674.976562 95426.546875 95949.796875 95542.648438 94480.601562 92202.617188 89194.351562 84907.796875 78793.937500 70964.515625 61131.097656 50454.453125 36536.746094 19799.814453
0.000000 0.000000 0.000000 0.000000 0.000000 0.289131 0.956814 2.929953 8.321234 21.965635 51.961346 109.524155 211.541016 383.836884 664.134644 1106.594360 1779.690063 2772.287109 4172.183594 6075.688477 8564.102539 11708.457031 15582.281250 20160.458984 25324.099609 30893.074219 36901.390625 43113.351562 49468.652344 55871.378906 62213.546875 68457.468750 74295.601562 79828.164062 84542.671875 88741.796875 91955.148438 94008.539062 95220.992188 95241.382812 94444.960938 92633.453125 90041.796875 86351.625000 81005.007812 73843.945312 64401.855469 53749.402344 40182.867188 22428.185547
0.000000 0.000000 0.000000 0.000000 0.000000 0.323418 1.036310 3.020460 8.039529 20.074270 45.919495 95.053978 182.038910 326.465698 560.341736 930.343323 1496.603027 2339.848633 3547.209961 5207.015625 7411.948242 10220.760742 13653.196289 17681.162109 22300.599609 27503.466797 33137.761719 39121.050781 45306.910156 51740.976562 58175.636719 64559.214844 70667.945312 76398.296875 81540.664062 85935.062500 89590.484375 92283.203125 93861.000000 94285.109375 93837.906250 92484.601562 90175.671875 87098.210938 82513.867188 76126.468750 67246.734375 56712.171875 43585.597656 25167.427734
0.000000 0.000000 0.000000 0.000000 0.000000 0.348174 1.078487 2.911527 7.165793 16.779215 37.057655 76.113396 145.723724 261.712524 447.928406 740.787537 1193.397705 1876.067139 2872.480469 4266.231445 6130.019043 8510.822266 11477.807617 15056.050781 19244.966797 24025.591797 29304.568359 35100.289062 41238.960938 47592.148438 54091.578125 60476.621094 66793.078125 72626.984375 78112.140625 82852.765625 86753.945312 89918.781250 92037.500000 92853.437500 92700.718750 91711.921875 89797.937500 87136.421875 83274.726562 77775.117188 69760.882812 59373.007812 46778.152344 27956.347656
0.000000 0.000000 0.000000 0.000000 0.000000 0.317890 0.943886 2.446908 5.728020 12.805840 27.577497 56.221649 108.176697 196.601624 340.842621 570.484436 925.142639 1457.573120 2240.330322 3354.593262 4882.665527 6904.274902 9473.107422 12643.497070 16422.669922 20820.927734 25814.923828 31321.894531 37323.628906 43582.941406 50020.351562 56463.750000 62851.800781 68953.921875 74561.312500 79535.367188 83773.039062 87208.234375 89626.218750 91081.031250 91284.789062 90619.523438 88957.218750 86556.375000 83395.054688 78654.539062 71665.335938 61851.808594 49619.843750 30801.269531
0.000000 0.000000 0.000000 0.000000 0.000000 0.258252 0.747390 1.900692 4.239561 9.097253 19.356073 40.142002 79.682114 149.749985 267.753601 457.573822 748.052246 1178.770264 1806.639526 2704.676025 3960.679932 5663.333008 7885.825684 10672.656250 14061.956055 18077.966797 22726.951172 27963.607422 33698.898438 39865.058594 46244.183594 52716.695312 59032.835938 65234.972656 71017.625000 76140.671875 80598.867188 84319.250000 87057.765625 88854.453125 89440.804688 89203.421875 87897.820312 85685.726562 82950.835938 78894.296875 72875.210938 63900.375000 52153.234375 33595.644531
