tests/test_03/output8/DepositFile_____final.dat
NCOLS    50
NROWS    50
XLLCORNER    -2289770.000
YLLCORNER     2591270.000
CELLSIZE        2000.000       2000.000
NODATA_VALUE  0.000
[rows 0 to 34 of 50, columns 0 to 49 of 50]
0.000000 0.000000 0.000000 0.000000 0.000000 0.000000 0.000000 0.000000 0.012314 0.020669 0.035116 0.058965 0.096229 0.152764 0.242002 0.392208 0.660623 1.157655 2.071912 3.644725 5.993261 8.981525 12.364425 15.846320 19.125355 21.971970 24.299189 26.068970 27.354469 27.979755 27.614298 26.097254 23.462234 19.542946 13.851273 7.422899 2.516814 0.460069 0.074800 0.011140 0.000000 0.000000 0.000000 0.000000 0.000000 0.000000 0.000000 0.000000 0.000000 0.000000
0.000000 0.000000 0.000000 0.000000 0.000000 0.000000 0.000000 0.010246 0.016677 0.027842 0.047197 0.079151 0.128394 0.202075 0.318213 0.513799 0.863963 1.514770 2.717076 4.778687 7.817654 11.610216 15.822433 20.079355 24.019714 27.362301 30.013905 31.983219 33.359909 33.929161 33.302711 31.365114 28.137520 23.388855 16.506916 8.867124 3.000651 0.551421 0.090092 0.013500 0.000000 0.000000 0.000000 0.000000 0.000000 0.000000 0.000000 0.000000 0.000000 0.000000
0.000000 0.000000 0.000000 0.000000 0.000000 0.000000 0.000000 0.015151 0.024582 0.040516 0.067798 0.112927 0.183062 0.287942 0.452577 0.729058 1.223674 2.143436 3.843742 6.730779 10.887547 15.935283 21.397463 26.797428 31.697556 35.741753 38.813732 41.005856 42.448971 42.877388 41.807426 39.232941 35.129375 29.151134 20.489038 11.051912 3.738603 0.691591 0.113632 0.017151 0.000000 0.000000 0.000000 0.000000 0.000000 0.000000 0.000000 0.000000 0.000000 0.000000
0.000000 0.000000 0.000000 0.000000 0.000000 0.000000 0.013707 0.022361 0.036160 0.058678 0.096387 0.158699 0.257634 0.407601 0.642920 1.036539 1.738079 3.040068 5.436893 9.433103 14.994094 21.530600 28.437258 35.152039 41.117939 45.915730 49.383274 51.731136 53.163528 53.337631 51.697880 48.380829 43.284081 35.893658 25.152411 13.621148 4.615029 0.859694 0.142063 0.021608 0.000000 0.000000 0.000000 0.000000 0.000000 0.000000 0.000000 0.000000 0.000000 0.000000
0.000000 0.000000 0.000000 0.000000 0.000000 0.012275 0.020150 0.032954 0.052967 0.084729 0.136709 0.222334 0.360938 0.576426 0.915776 1.480437 2.480021 4.324888 7.685269 13.118080 20.343710 28.566525 37.100220 45.267918 52.361057 57.906513 61.749592 64.165451 65.476822 65.262627 62.937057 58.777050 52.576054 43.619892 30.508692 16.576519 5.642053 1.057835 0.175783 0.026954 0.000000 0.000000 0.000000 0.000000 0.000000 0.000000 0.000000 0.000000 0.000000 0.000000
0.000000 0.000000 0.000000 0.000000 0.010837 0.018005 0.029622 0.048117 0.076754 0.121762 0.194412 0.313664 0.508566 0.817162 1.306482 2.117845 3.543299 6.150303 10.812685 18.001299 27.054573 37.126682 47.436737 57.139259 65.373795 71.625938 75.771927 78.160881 79.241966 78.490860 75.368095 70.261841 62.882771 52.257133 36.528263 19.901676 6.826008 1.285875 0.214953 0.033242 0.000000 0.000000 0.000000 0.000000 0.000000 0.000000 0.000000 0.000000 0.000000 0.000000
0.000000 0.000000 0.000000 0.000000 0.015873 0.026320 0.043013 0.069267 0.110230 0.174783 0.278501 0.447909 0.723519 1.160458 1.858172 3.014876 5.033594 8.679750 15.009446 24.165358 35.157654 47.197365 59.363415 70.603142 79.930313 86.820976 91.187096 93.440849 94.172440 92.737968 88.730896 82.598114 73.972092 61.634315 43.153172 23.550800 8.151612 1.540791 0.259340 0.040470 0.000000 0.000000 0.000000 0.000000 0.000000 0.000000 0.000000 0.000000 0.000000 0.000000
0.000000 0.000000 0.000000 0.013922 0.023149 0.037989 0.061608 0.098991 0.158147 0.252187 0.402933 0.645728 1.033257 1.645335 2.626313 4.257126 7.087842 12.105946 20.439714 31.595474 44.607788 58.647762 72.637062 85.351204 95.710342 103.145546 107.637505 109.637070 109.931099 107.688812 102.712761 95.494629 85.608261 71.532486 50.229507 27.438076 9.590270 1.816699 0.308143 0.048536 0.000000 0.000000 0.000000 0.000000 0.000000 0.000000 0.000000 0.000000 0.000000 0.000000
0.000000 0.000000 0.011885 0.020205 0.033357 0.054345 0.087873 0.141627 0.227940 0.365992 0.585270 0.930567 1.470966 2.321885 3.692256 5.975301 9.899330 16.656837 27.144178 40.246086 55.239109 71.202950 86.921295 101.021851 112.343918 120.238899 124.778046 126.448029 126.192535 123.048782 117.035309 108.691193 97.554077 81.760742 57.638336 31.497538 11.112447 2.108108 0.360316 0.057263 0.000000 0.000000 0.000000 0.000000 0.000000 0.000000 0.000000 0.000000 0.000000 0.000000
0.000000 0.000000 0.016915 0.028764 0.047558 0.077560 0.125781 0.203955 0.330529 0.532203 0.847133 1.332852 2.085238 3.269599 5.179353 8.342090 13.669822 22.445705 34.894566 49.853809 66.720970 84.478859 101.797585 117.181389 129.359344 137.653473 142.173721 143.431076 142.547012 138.459290 131.361649 121.913216 109.576286 92.110840 65.233337 35.656387 12.691471 2.414675 0.414924 0.066474 0.010036 0.000000 0.000000 0.000000 0.000000 0.000000 0.000000 0.000000 0.000000 0.000000
0.000000 0.013436 0.023739 0.040486 0.067473 0.111044 0.181831 0.297359 0.483345 0.774923 1.221817 1.902759 2.950841 4.593740 7.222627 11.501595 18.464909 29.259020 43.341442 60.042801 78.636154 97.988693 116.713554 133.219650 146.139160 154.752487 159.157059 159.914536 158.331497 153.324265 145.151474 134.599106 121.174232 102.204987 72.788483 39.808361 14.295326 2.734904 0.470986 0.075976 0.011554 0.000000 0.000000 0.000000 0.000000 0.000000 0.000000 0.000000 0.000000 0.000000
0.010188 0.018794 0.033228 0.057035 0.096140 0.160497 0.266590 0.439465 0.712375 1.129794 1.758239 2.705448 4.150437 6.391593 9.916352 15.487704 24.124044 36.612431 52.249107 70.507057 90.554092 111.220703 131.098923 148.507812 161.960480 170.704559 174.846741 175.034180 172.668625 166.848328 157.676559 146.078583 131.751526 111.557869 79.969727 43.778812 15.878624 3.060206 0.527233 0.085546 0.013093 0.000000 0.000000 0.000000 0.000000 0.000000 0.000000 0.000000 0.000000 0.000000
0.014086 0.026170 0.046723 0.081092 0.138562 0.234867 0.394724 0.651467 1.046281 1.635230 2.506927 3.801684 5.748615 8.712187 13.250224 20.153763 30.327091 44.171406 61.027908 80.380104 101.409477 122.987289 143.724304 161.884247 175.770920 184.573242 188.404221 187.920303 184.787827 178.355774 168.384140 155.875092 140.873016 119.788307 86.503365 47.381733 17.389347 3.377684 0.581761 0.094882 0.014607 0.000000 0.000000 0.000000 0.000000 0.000000 0.000000 0.000000 0.000000 0.000000
0.019406 0.036591 0.066383 0.116942 0.202507 0.346534 0.582651 0.952381 1.506336 2.316862 3.495937 5.216344 7.749988 11.506815 17.070654 25.195333 36.635628 51.492630 69.175163 89.164719 110.667320 132.611023 153.640579 172.115372 186.310623 195.294525 199.180344 198.168869 194.247650 187.156708 176.644394 163.394531 147.984909 126.442619 92.071510 50.472935 18.765272 3.673635 0.632840 0.103708 0.016047 0.000000 0.000000 0.000000 0.000000 0.000000 0.000000 0.000000 0.000000 0.000000
0.027024 0.051975 0.095819 0.171048 0.298424 0.509263 0.844646 1.354297 2.101083 3.177467 4.716815 6.916588 10.073693 14.613004 21.099651 30.206581 42.543022 58.101952 76.304565 96.651665 118.345573 140.370956 161.304611 179.472656 193.311081 201.919601 205.630249 204.769577 200.293121 192.935776 182.145721 168.385590 152.756470 131.169907 96.383110 52.917885 19.927847 3.931798 0.677869 0.111621 0.017355 0.000000 0.000000 0.000000 0.000000 0.000000 0.000000 0.000000 0.000000 0.000000
0.038396 0.075228 0.140144 0.251280 0.436330 0.732315 1.186312 1.856731 2.822540 4.193171 6.117562 8.807077 12.563792 17.795677 25.014923 34.808277 47.686188 63.513927 81.789871 102.068092 123.599327 145.395142 166.059738 183.912933 197.227142 205.077911 208.107925 206.943466 202.201080 194.688919 183.931976 170.476852 154.980118 133.693726 99.085014 54.474133 20.780445 4.130777 0.713643 0.118142 0.018469 0.000000 0.000000 0.000000 0.000000 0.000000 0.000000 0.000000 0.000000 0.000000
0.055528 0.109948 0.204748 0.363730 0.619958 1.014811 1.601151 2.447392 3.645176 5.314093 7.611890 10.751805 15.020875 20.790846 28.517246 38.715443 51.801479 67.525940 85.485100 105.232063 126.062050 147.033066 166.856491 184.020676 196.890884 204.349396 206.828445 204.975693 199.724915 192.050552 181.571762 168.648804 153.713837 133.463058 100.116737 55.143986 21.375313 4.275001 0.739770 0.123032 0.019329 0.000000 0.000000 0.000000 0.000000 0.000000 0.000000 0.000000 0.000000 0.000000
0.080339 0.158818 0.292203 0.508394 0.844620 1.347066 2.074060 3.101090 4.525277 6.469729 9.091879 12.594522 17.239864 23.360115 31.361679 41.696117 54.685314 70.014229 87.338219 106.169952 125.811180 145.356918 163.694138 179.514435 191.520248 198.573334 200.767761 199.147263 194.073624 186.622299 176.324356 163.869446 149.605469 130.494354 99.240196 54.972275 21.698446 4.360845 0.755807 0.126166 0.019905 0.000000 0.000000 0.000000 0.000000 0.000000 0.000000 0.000000 0.000000 0.000000
0.113668 0.221791 0.400009 0.679311 1.100434 1.713151 2.578741 3.774072 5.395343 7.561750 10.421372 14.160948 19.018179 25.290203 33.328506 43.498741 56.003941 70.532280 86.770195 104.268074 122.423210 140.370193 157.129761 171.556351 182.554962 189.047134 191.014084 189.442276 184.967529 177.973099 168.294296 156.781082 143.361313 125.360069 96.110153 53.837223 21.684698 4.394423 0.761396 0.127403 0.020160 0.000000 0.000000 0.000000 0.000000 0.000000 0.000000 0.000000 0.000000 0.000000
0.155331 0.296464 0.522509 0.866570 1.370302 2.083765 3.067639 4.396324 6.160171 8.468684 11.456560 15.291814 20.179897 26.365324 34.144665 43.826717 55.524632 68.987282 83.952187 100.027481 116.610588 132.933609 148.046890 160.919693 170.579269 176.091354 177.435318 175.745285 171.604401 165.263245 156.663605 146.410645 134.309250 117.874031 91.279129 51.917812 21.330471 4.362553 0.756514 0.126966 0.020146 0.000000 0.000000 0.000000 0.000000 0.000000 0.000000 0.000000 0.000000 0.000000
0.204382 0.379702 0.652360 1.055135 1.627685 2.417870 3.483078 4.891358 6.723231 9.075796 12.065618 15.830673 20.544909 26.434361 33.769482 42.798477 53.563774 65.854462 79.429451 93.830238 108.437019 122.640854 135.686401 146.782761 155.061996 159.852158 161.085281 159.604263 155.930588 150.114517 142.228882 132.761383 121.812630 107.146217 84.211548 49.772751 20.732775 4.260388 0.741497 0.124987 0.019903 0.000000 0.000000 0.000000 0.000000 0.000000 0.000000 0.000000 0.000000 0.000000
0.258828 0.465960 0.777454 1.222885 1.838951 2.669228 3.764297 5.182696 6.994526 9.283612 12.149528 15.719583 20.152990 25.644743 32.416466 40.631134 50.264225 61.064835 72.846764 85.264488 97.859016 110.093163 121.313019 130.811920 137.875549 142.075317 143.286316 142.018661 138.764145 133.526932 126.448662 117.874130 108.173492 95.239891 75.712608 46.183971 19.522003 4.147383 0.719073 0.121656 0.019457 0.000000 0.000000 0.000000 0.000000 0.000000 0.000000 0.000000 0.000000 0.000000
0.312684 0.542431 0.877214 1.341775 1.967683 2.791495 3.859082 5.226202 6.956270 9.117484 11.791350 15.080886 19.110439 24.027390 29.981064 37.090084 45.330006 54.596657 64.698463 75.285698 85.977028 96.334488 105.801338 113.829262 119.803040 123.358711 124.427467 123.262512 120.270500 115.652489 109.507355 102.099037 93.701912 82.640007 66.501122 41.587418 17.711145 3.886365 0.680659 0.116165 0.018688 0.000000 0.000000 0.000000 0.000000 0.000000 0.000000 0.000000 0.000000 0.000000
0.354429 0.591459 0.929114 1.386475 1.991525 2.778173 3.786170 5.058243 6.641509 8.589757 10.964550 13.839703 17.316593 21.525221 26.606564 32.647331 39.604168 47.387245 55.817360 64.604904 73.442604 81.995453 89.817474 96.417168 101.313416 104.184006 104.957718 103.752411 101.032616 97.099655 91.998665 85.807289 78.744644 69.588982 56.760822 36.467644 15.622441 3.506645 0.618082 0.106891 0.017418 0.000000 0.000000 0.000000 0.000000 0.000000 0.000000 0.000000 0.000000 0.000000
0.372032 0.601696 0.925707 1.357532 1.919759 2.637931 3.540339 4.658386 6.025788 7.684953 9.692519 12.119500 15.046835 18.570728 22.789623 27.752218 33.429646 39.752544 46.567799 53.638428 60.724957 67.565491 73.790268 79.015877 82.814560 84.951164 85.357315 84.173370 81.839905 78.599884 74.484856 69.474701 63.781490 56.572243 46.702354 30.926109 13.375237 3.078846 0.543048 0.094913 0.015683 0.000000 0.000000 0.000000 0.000000 0.000000 0.000000 0.000000 0.000000 0.000000
0.364328 0.575031 0.867778 1.250930 1.740961 2.356780 3.119660 4.054159 5.190149 6.560817 8.205613 10.173419 12.527235 15.343305 18.687132 22.584114 27.032614 31.963449 37.251923 42.707378 48.148895 53.371685 58.080360 61.940498 64.697433 66.148109 66.275169 65.229042 63.306580 60.707855 57.515255 53.666428 49.273052 43.904385 36.602268 25.092730 11.003188 2.622298 0.461561 0.081272 0.013536 0.000000 0.000000 0.000000 0.000000 0.000000 0.000000 0.000000 0.000000 0.000000
0.333881 0.513934 0.760194 1.076640 1.476492 1.975541 2.590664 3.338878 4.238024 5.310239 6.582433 8.088147 9.870000 11.981734 14.470741 17.355457 20.636719 24.253794 28.109934 32.057846 35.962337 39.665707 42.961689 45.602367 47.452736 48.331203 48.259319 47.368195 45.863071 43.883934 41.524536 38.782772 35.663429 31.935658 26.805262 19.048527 8.544333 2.147976 0.372172 0.066245 0.011106 0.000000 0.000000 0.000000 0.000000 0.000000 0.000000 0.000000 0.000000 0.000000
0.282028 0.425674 0.619281 0.864774 1.171962 1.550677 2.010744 2.562254 3.217692 3.991771 4.899537 5.958301 7.195707 8.646232 10.340720 12.287372 14.484195 16.883490 19.412569 21.964035 24.463865 26.814577 28.871508 30.453913 31.489389 31.873222 31.669109 30.960802 29.846636 28.470074 26.911615 25.150126 23.171236 20.865387 17.637934 12.977314 6.057117 1.611733 0.275408 0.049902 0.000000 0.000000 0.000000 0.000000 0.000000 0.000000 0.000000 0.000000 0.000000 0.000000
0.216153 0.321506 0.462255 0.637585 0.852108 1.110334 1.416932 1.778059 2.201141 2.693136 3.260556 3.911383 4.658477 5.519847 6.499556 7.603868 8.812378 10.109215 11.445102 12.762751 14.032789 15.187369 16.140776 16.784563 17.129036 17.110512 16.792871 16.233841 15.508595 14.682473 13.802389 12.898324 11.948551 10.836980 9.311367 7.093735 3.516017 0.992481 0.174643 0.032864 0.000000 0.000000 0.000000 0.000000 0.000000 0.000000 0.000000 0.000000 0.000000 0.000000
0.148640 0.217212 0.307235 0.415691 0.543424 0.691185 0.859753 1.049397 1.261230 1.496779 1.757877 2.048178 2.364338 2.703037 3.057003 3.417730 3.777689 4.132495 4.476139 4.803480 5.103318 5.363210 5.547181 5.625961 5.622986 5.512249 5.330612 5.091647 4.816927 4.522002 4.230520 3.961141 3.701736 3.385746 2.946285 2.256207 1.208078 0.365125 0.079142 0.016795 0.000000 0.000000 0.000000 0.000000 0.000000 0.000000 0.000000 0.000000 0.000000 0.000000
0.088098 0.124238 0.169139 0.219389 0.273679 0.330225 0.386892 0.441463 0.493326 0.543306 0.594730 0.651985 0.715883 0.781820 0.846346 0.906287 0.963173 1.020511 1.082026 1.146070 1.208275 1.262262 1.298783 1.312977 1.310452 1.285414 1.244578 1.192688 1.133225 1.069425 1.004090 0.939728 0.874344 0.797365 0.692110 0.525309 0.284676 0.097078 0.026251 0.000000 0.000000 0.000000 0.000000 0.000000 0.000000 0.000000 0.000000 0.000000 0.000000 0.000000
0.041401 0.054685 0.069160 0.082725 0.094661 0.104331 0.111364 0.115932 0.120477 0.126995 0.136580 0.148351 0.161710 0.176224 0.190763 0.204501 0.217887 0.230863 0.244545 0.258872 0.273548 0.287402 0.298608 0.305087 0.305965 0.303281 0.296434 0.286796 0.274962 0.261561 0.246960 0.231320 0.213768 0.192948 0.165295 0.122803 0.072158 0.032518 0.000000 0.000000 0.000000 0.000000 0.000000 0.000000 0.000000 0.000000 0.000000 0.000000 0.000000 0.000000
0.015219 0.018554 0.021381 0.023382 0.024459 0.024844 0.024915 0.024876 0.025461 0.027095 0.029335 0.032191 0.035769 0.039878 0.044360 0.049086 0.053932 0.058811 0.063759 0.068649 0.073286 0.077474 0.080902 0.083295 0.083769 0.083473 0.081956 0.079598 0.076653 0.073246 0.069470 0.065249 0.060325 0.054439 0.046707 0.035252 0.021876 0.011404 0.000000 0.000000 0.000000 0.000000 0.000000 0.000000 0.000000 0.000000 0.000000 0.000000 0.000000 0.000000
0.000000 0.000000 0.000000 0.000000 0.000000 0.000000 0.000000 0.000000 0.000000 0.000000 0.000000 0.000000 0.000000 0.010157 0.011500 0.012980 0.014574 0.016244 0.017938 0.019602 0.021177 0.022586 0.023755 0.024616 0.024948 0.024956 0.024583 0.023936 0.023094 0.022111 0.021020 0.019808 0.018381 0.016670 0.014443 0.011108 0.000000 0.000000 0.000000 0.000000 0.000000 0.000000 0.000000 0.000000 0.000000 0.000000 0.000000 0.000000 0.000000 0.000000
0.000000 0.000000 0.000000 0.000000 0.000000 0.000000 0.000000 0.000000 0.000000 0.000000 0.000000 0.000000 0.000000 0.000000 0.000000 0.000000 0.000000 0.000000 0.000000 0.000000 0.000000 0.000000 0.000000 0.000000 0.000000 0.000000 0.000000 0.000000 0.000000 0.000000 0.000000 0.000000 0.000000 0.000000 0.000000 0.000000 0.000000 0.000000 0.000000 0.000000 0.000000 0.000000 0.000000 0.000000 0.000000 0.000000 0.000000 0.000000 0.000000 0.000000
