tests/test_03/output8/DepositFile_____final.dat
NCOLS    50
NROWS    50
XLLCORNER    -2289770.000
YLLCORNER     2591270.000
CELLSIZE        2000.000       2000.000
NODATA_VALUE  0.000
[rows 0 to 49 of 50, columns 0 to 49 of 50]
0.000 0.000 0.000 0.000 0.000 0.000 0.000 0.000 0.012 0.021 0.035 0.059 0.096 0.153 0.242 0.392 0.661 1.158 2.072 3.645 5.993 8.982 12.364 15.846 19.125 21.972 24.299 26.069 27.354 27.980 27.614 26.097 23.462 19.543 13.851 7.423 2.517 0.460 0.075 0.011 0.000 0.000 0.000 0.000 0.000 0.000 0.000 0.000 0.000 0.000
0.000 0.000 0.000 0.000 0.000 0.000 0.000 0.010 0.017 0.028 0.047 0.079 0.128 0.202 0.318 0.514 0.864 1.515 2.717 4.779 7.818 11.610 15.822 20.079 24.020 27.362 30.014 31.983 33.360 33.929 33.303 31.365 28.138 23.389 16.507 8.867 3.001 0.551 0.090 0.013 0.000 0.000 0.000 0.000 0.000 0.000 0.000 0.000 0.000 0.000
0.000 0.000 0.000 0.000 0.000 0.000 0.000 0.015 0.025 0.041 0.068 0.113 0.183 0.288 0.453 0.729 1.224 2.143 3.844 6.731 10.888 15.935 21.397 26.797 31.698 35.742 38.814 41.006 42.449 42.877 41.807 39.233 35.129 29.151 20.489 11.052 3.739 0.692 0.114 0.017 0.000 0.000 0.000 0.000 0.000 0.000 0.000 0.000 0.000 0.000
0.000 0.000 0.000 0.000 0.000 0.000 0.014 0.022 0.036 0.059 0.096 0.159 0.258 0.408 0.643 1.037 1.738 3.040 5.437 9.433 14.994 21.531 28.437 35.152 41.118 45.916 49.383 51.731 53.164 53.338 51.698 48.381 43.284 35.894 25.152 13.621 4.615 0.860 0.142 0.022 0.000 0.000 0.000 0.000 0.000 0.000 0.000 0.000 0.000 0.000
0.000 0.000 0.000 0.000 0.000 0.012 0.020 0.033 0.053 0.085 0.137 0.222 0.361 0.576 0.916 1.480 2.480 4.325 7.685 13.118 20.344 28.567 37.100 45.268 52.361 57.907 61.750 64.165 65.477 65.263 62.937 58.777 52.576 43.620 30.509 16.576 5.642 1.058 0.176 0.027 0.000 0.000 0.000 0.000 0.000 0.000 0.000 0.000 0.000 0.000
0.000 0.000 0.000 0.000 0.011 0.018 0.030 0.048 0.077 0.122 0.194 0.314 0.509 0.817 1.306 2.118 3.543 6.150 10.813 18.001 27.055 37.127 47.437 57.139 65.374 71.626 75.772 78.161 79.242 78.491 75.368 70.262 62.883 52.257 36.528 19.902 6.826 1.286 0.215 0.033 0.000 0.000 0.000 0.000 0.000 0.000 0.000 0.000 0.000 0.000
0.000 0.000 0.000 0.000 0.016 0.026 0.043 0.069 0.110 0.175 0.279 0.448 0.724 1.160 1.858 3.015 5.034 8.680 15.009 24.165 35.158 47.197 59.363 70.603 79.930 86.821 91.187 93.441 94.172 92.738 88.731 82.598 73.972 61.634 43.153 23.551 8.152 1.541 0.259 0.040 0.000 0.000 0.000 0.000 0.000 0.000 0.000 0.000 0.000 0.000
0.000 0.000 0.000 0.014 0.023 0.038 0.062 0.099 0.158 0.252 0.403 0.646 1.033 1.645 2.626 4.257 7.088 12.106 20.440 31.596 44.608 58.648 72.637 85.351 95.710 103.146 107.638 109.637 109.931 107.689 102.713 95.495 85.608 71.532 50.229 27.438 9.590 1.817 0.308 0.049 0.000 0.000 0.000 0.000 0.000 0.000 0.000 0.000 0.000 0.000
0.000 0.000 0.012 0.020 0.033 0.054 0.088 0.142 0.228 0.366 0.585 0.931 1.471 2.322 3.692 5.975 9.899 16.657 27.144 40.246 55.239 71.203 86.921 101.022 112.344 120.239 124.778 126.448 126.193 123.049 117.035 108.691 97.554 81.761 57.638 31.497 11.112 2.108 0.360 0.057 0.000 0.000 0.000 0.000 0.000 0.000 0.000 0.000 0.000 0.000
0.000 0.000 0.017 0.029 0.048 0.078 0.126 0.204 0.331 0.532 0.847 1.333 2.085 3.270 5.179 8.342 13.670 22.446 34.895 49.854 66.721 84.479 101.798 117.181 129.359 137.653 142.174 143.431 142.547 138.459 131.362 121.913 109.576 92.111 65.233 35.656 12.691 2.415 0.415 0.066 0.010 0.000 0.000 0.000 0.000 0.000 0.000 0.000 0.000 0.000
0.000 0.013 0.024 0.040 0.067 0.111 0.182 0.297 0.483 0.775 1.222 1.903 2.951 4.594 7.223 11.502 18.465 29.259 43.341 60.043 78.636 97.989 116.714 133.220 146.139 154.752 159.157 159.915 158.331 153.324 145.151 134.599 121.174 102.205 72.788 39.808 14.295 2.735 0.471 0.076 0.012 0.000 0.000 0.000 0.000 0.000 0.000 0.000 0.000 0.000
0.010 0.019 0.033 0.057 0.096 0.160 0.267 0.439 0.712 1.130 1.758 2.705 4.150 6.392 9.916 15.488 24.124 36.612 52.249 70.507 90.554 111.221 131.099 148.508 161.960 170.705 174.847 175.034 172.669 166.848 157.677 146.079 131.751 111.558 79.970 43.779 15.879 3.060 0.527 0.086 0.013 0.000 0.000 0.000 0.000 0.000 0.000 0.000 0.000 0.000
0.014 0.026 0.047 0.081 0.139 0.235 0.395 0.651 1.046 1.635 2.507 3.802 5.749 8.712 13.250 20.154 30.327 44.171 61.028 80.380 101.409 122.987 143.724 161.884 175.771 184.573 188.404 187.920 184.788 178.356 168.384 155.875 140.873 119.788 86.503 47.382 17.389 3.378 0.582 0.095 0.015 0.000 0.000 0.000 0.000 0.000 0.000 0.000 0.000 0.000
0.019 0.037 0.066 0.117 0.203 0.347 0.583 0.952 1.506 2.317 3.496 5.216 7.750 11.507 17.071 25.195 36.636 51.493 69.175 89.165 110.667 132.611 153.641 172.115 186.311 195.295 199.180 198.169 194.248 187.157 176.644 163.394 147.985 126.443 92.071 50.473 18.765 3.674 0.633 0.104 0.016 0.000 0.000 0.000 0.000 0.000 0.000 0.000 0.000 0.000
0.027 0.052 0.096 0.171 0.298 0.509 0.845 1.354 2.101 3.177 4.717 6.917 10.074 14.613 21.100 30.207 42.543 58.102 76.305 96.652 118.346 140.371 161.305 179.473 193.311 201.920 205.630 204.770 200.293 192.936 182.146 168.386 152.756 131.170 96.383 52.918 19.928 3.932 0.678 0.112 0.017 0.000 0.000 0.000 0.000 0.000 0.000 0.000 0.000 0.000
0.038 0.075 0.140 0.251 0.436 0.732 1.186 1.857 2.823 4.193 6.118 8.807 12.564 17.796 25.015 34.808 47.686 63.514 81.790 102.068 123.599 145.395 166.060 183.913 197.227 205.078 208.108 206.943 202.201 194.689 183.932 170.477 154.980 133.694 99.085 54.474 20.780 4.131 0.714 0.118 0.018 0.000 0.000 0.000 0.000 0.000 0.000 0.000 0.000 0.000
0.056 0.110 0.205 0.364 0.620 1.015 1.601 2.447 3.645 5.314 7.612 10.752 15.021 20.791 28.517 38.715 51.801 67.526 85.485 105.232 126.062 147.033 166.856 184.021 196.891 204.349 206.828 204.976 199.725 192.050 181.572 168.649 153.714 133.463 100.117 55.144 21.375 4.275 0.740 0.123 0.019 0.000 0.000 0.000 0.000 0.000 0.000 0.000 0.000 0.000
0.080 0.159 0.292 0.508 0.845 1.347 2.074 3.101 4.525 6.470 9.092 12.595 17.240 23.360 31.362 41.696 54.685 70.014 87.338 106.170 125.811 145.357 163.694 179.514 191.520 198.573 200.768 199.147 194.074 186.622 176.324 163.869 149.605 130.494 99.240 54.972 21.698 4.361 0.756 0.126 0.020 0.000 0.000 0.000 0.000 0.000 0.000 0.000 0.000 0.000
0.114 0.222 0.400 0.679 1.100 1.713 2.579 3.774 5.395 7.562 10.421 14.161 19.018 25.290 33.329 43.499 56.004 70.532 86.770 104.268 122.423 140.370 157.130 171.556 182.555 189.047 191.014 189.442 184.967 177.973 168.294 156.781 143.361 125.360 96.110 53.837 21.685 4.394 0.761 0.127 0.020 0.000 0.000 0.000 0.000 0.000 0.000 0.000 0.000 0.000
0.155 0.296 0.523 0.867 1.370 2.084 3.068 4.396 6.160 8.469 11.457 15.292 20.180 26.365 34.145 43.827 55.525 68.987 83.952 100.027 116.611 132.934 148.047 160.920 170.579 176.091 177.435 175.745 171.604 165.263 156.664 146.411 134.309 117.874 91.279 51.918 21.330 4.363 0.757 0.127 0.020 0.000 0.000 0.000 0.000 0.000 0.000 0.000 0.000 0.000
0.204 0.380 0.652 1.055 1.628 2.418 3.483 4.891 6.723 9.076 12.066 15.831 20.545 26.434 33.769 42.798 53.564 65.854 79.429 93.830 108.437 122.641 135.686 146.783 155.062 159.852 161.085 159.604 155.931 150.114 142.229 132.761 121.813 107.146 84.211 49.773 20.733 4.260 0.741 0.125 0.020 0.000 0.000 0.000 0.000 0.000 0.000 0.000 0.000 0.000
0.259 0.466 0.777 1.223 1.839 2.669 3.764 5.183 6.995 9.284 12.150 15.720 20.153 25.645 32.416 40.631 50.264 61.065 72.847 85.264 97.859 110.093 121.313 130.812 137.875 142.075 143.286 142.019 138.764 133.527 126.449 117.874 108.173 95.240 75.713 46.184 19.522 4.147 0.719 0.122 0.019 0.000 0.000 0.000 0.000 0.000 0.000 0.000 0.000 0.000
0.313 0.542 0.877 1.342 1.968 2.791 3.859 5.226 6.956 9.117 11.791 15.081 19.110 24.027 29.981 37.090 45.330 54.597 64.698 75.286 85.977 96.334 105.801 113.829 119.803 123.359 124.427 123.262 120.270 115.652 109.507 102.099 93.702 82.640 66.501 41.587 17.711 3.886 0.681 0.116 0.019 0.000 0.000 0.000 0.000 0.000 0.000 0.000 0.000 0.000
0.354 0.591 0.929 1.386 1.992 2.778 3.786 5.058 6.642 8.590 10.965 13.840 17.317 21.525 26.607 32.647 39.604 47.387 55.817 64.605 73.443 81.995 89.817 96.417 101.313 104.184 104.958 103.752 101.033 97.100 91.999 85.807 78.745 69.589 56.761 36.468 15.622 3.507 0.618 0.107 0.017 0.000 0.000 0.000 0.000 0.000 0.000 0.000 0.000 0.000
0.372 0.602 0.926 1.358 1.920 2.638 3.540 4.658 6.026 7.685 9.693 12.119 15.047 18.571 22.790 27.752 33.430 39.753 46.568 53.638 60.725 67.565 73.790 79.016 82.815 84.951 85.357 84.173 81.840 78.600 74.485 69.475 63.781 56.572 46.702 30.926 13.375 3.079 0.543 0.095 0.016 0.000 0.000 0.000 0.000 0.000 0.000 0.000 0.000 0.000
0.364 0.575 0.868 1.251 1.741 2.357 3.120 4.054 5.190 6.561 8.206 10.173 12.527 15.343 18.687 22.584 27.033 31.963 37.252 42.707 48.149 53.372 58.080 61.940 64.697 66.148 66.275 65.229 63.307 60.708 57.515 53.666 49.273 43.904 36.602 25.093 11.003 2.622 0.462 0.081 0.014 0.000 0.000 0.000 0.000 0.000 0.000 0.000 0.000 0.000
0.334 0.514 0.760 1.077 1.476 1.976 2.591 3.339 4.238 5.310 6.582 8.088 9.870 11.982 14.471 17.355 20.637 24.254 28.110 32.058 35.962 39.666 42.962 45.602 47.453 48.331 48.259 47.368 45.863 43.884 41.524 38.783 35.663 31.936 26.805 19.048 8.544 2.148 0.372 0.066 0.011 0.000 0.000 0.000 0.000 0.000 0.000 0.000 0.000 0.000
0.282 0.426 0.619 0.865 1.172 1.551 2.011 2.562 3.218 3.992 4.900 5.958 7.196 8.646 10.341 12.287 14.484 16.883 19.413 21.964 24.464 26.815 28.871 30.454 31.489 31.873 31.669 30.961 29.847 28.470 26.912 25.150 23.171 20.865 17.638 12.977 6.057 1.612 0.275 0.050 0.000 0.000 0.000 0.000 0.000 0.000 0.000 0.000 0.000 0.000
0.216 0.322 0.462 0.638 0.852 1.110 1.417 1.778 2.201 2.693 3.261 3.911 4.658 5.520 6.500 7.604 8.812 10.109 11.445 12.763 14.033 15.187 16.141 16.785 17.129 17.110 16.793 16.234 15.509 14.682 13.802 12.898 11.949 10.837 9.311 7.094 3.516 0.992 0.175 0.033 0.000 0.000 0.000 0.000 0.000 0.000 0.000 0.000 0.000 0.000
0.149 0.217 0.307 0.416 0.543 0.691 0.860 1.049 1.261 1.497 1.758 2.048 2.364 2.703 3.057 3.418 3.778 4.132 4.476 4.803 5.103 5.363 5.547 5.626 5.623 5.512 5.331 5.092 4.817 4.522 4.231 3.961 3.702 3.386 2.946 2.256 1.208 0.365 0.079 0.017 0.000 0.000 0.000 0.000 0.000 0.000 0.000 0.000 0.000 0.000
0.088 0.124 0.169 0.219 0.274 0.330 0.387 0.441 0.493 0.543 0.595 0.652 0.716 0.782 0.846 0.906 0.963 1.021 1.082 1.146 1.208 1.262 1.299 1.313 1.310 1.285 1.245 1.193 1.133 1.069 1.004 0.940 0.874 0.797 0.692 0.525 0.285 0.097 0.026 0.000 0.000 0.000 0.000 0.000 0.000 0.000 0.000 0.000 0.000 0.000
0.041 0.055 0.069 0.083 0.095 0.104 0.111 0.116 0.120 0.127 0.137 0.148 0.162 0.176 0.191 0.205 0.218 0.231 0.245 0.259 0.274 0.287 0.299 0.305 0.306 0.303 0.296 0.287 0.275 0.262 0.247 0.231 0.214 0.193 0.165 0.123 0.072 0.033 0.000 0.000 0.000 0.000 0.000 0.000 0.000 0.000 0.000 0.000 0.000 0.000
0.015 0.019 0.021 0.023 0.024 0.025 0.025 0.025 0.025 0.027 0.029 0.032 0.036 0.040 0.044 0.049 0.054 0.059 0.064 0.069 0.073 0.077 0.081 0.083 0.084 0.083 0.082 0.080 0.077 0.073 0.069 0.065 0.060 0.054 0.047 0.035 0.022 0.011 0.000 0.000 0.000 0.000 0.000 0.000 0.000 0.000 0.000 0.000 0.000 0.000
0.000 0.000 0.000 0.000 0.000 0.000 0.000 0.000 0.000 0.000 0.000 0.000 0.000 0.010 0.011 0.013 0.015 0.016 0.018 0.020 0.021 0.023 0.024 0.025 0.025 0.025 0.025 0.024 0.023 0.022 0.021 0.020 0.018 0.017 0.014 0.011 0.000 0.000 0.000 0.000 0.000 0.000 0.000 0.000 0.000 0.000 0.000 0.000 0.000 0.000
0.000 0.000 0.000 0.000 0.000 0.000 0.000 0.000 0.000 0.000 0.000 0.000 0.000 0.000 0.000 0.000 0.000 0.000 0.000 0.000 0.000 0.000 0.000 0.000 0.000 0.000 0.000 0.000 0.000 0.000 0.000 0.000 0.000 0.000 0.000 0.000 0.000 0.000 0.000 0.000 0.000 0.000 0.000 0.000 0.000 0.000 0.000 0.000 0.000 0.000
0.000 0.000 0.000 0.000 0.000 0.000 0.000 0.000 0.000 0.000 0.000 0.000 0.000 0.000 0.000 0.000 0.000 0.000 0.000 0.000 0.000 0.000 0.000 0.000 0.000 0.000 0.000 0.000 0.000 0.000 0.000 0.000 0.000 0.000 0.000 0.000 0.000 0.000 0.000 0.000 0.000 0.000 0.000 0.000 0.000 0.000 0.000 0.000 0.000 0.000
0.000 0.000 0.000 0.000 0.000 0.000 0.000 0.000 0.000 0.000 0.000 0.000 0.000 0.000 0.000 0.000 0.000 0.000 0.000 0.000 0.000 0.000 0.000 0.000 0.000 0.000 0.000 0.000 0.000 0.000 0.000 0.000 0.000 0.000 0.000 0.000 0.000 0.000 0.000 0.000 0.000 0.000 0.000 0.000 0.000 0.000 0.000 0.000 0.000 0.000
0.000 0.000 0.000 0.000 0.000 0.000 0.000 0.000 0.000 0.000 0.000 0.000 0.000 0.000 0.000 0.000 0.000 0.000 0.000 0.000 0.000 0.000 0.000 0.000 0.000 0.000 0.000 0.000 0.000 0.000 0.000 0.000 0.000 0.000 0.000 0.000 0.000 0.000 0.000 0.000 0.000 0.000 0.000 0.000 0.000 0.000 0.000 0.000 0.000 0.000
0.000 0.000 0.000 0.000 0.000 0.000 0.000 0.000 0.000 0.000 0.000 0.000 0.000 0.000 0.000 0.000 0.000 0.000 0.000 0.000 0.000 0.000 0.000 0.000 0.000 0.000 0.000 0.000 0.000 0.000 0.000 0.000 0.000 0.000 0.000 0.000 0.000 0.000 0.000 0.000 0.000 0.000 0.000 0.000 0.000 0.000 0.000 0.000 0.000 0.000
0.000 0.000 0.000 0.000 0.000 0.000 0.000 0.000 0.000 0.000 0.000 0.000 0.000 0.000 0.000 0.000 0.000 0.000 0.000 0.000 0.000 0.000 0.000 0.000 0.000 0.000 0.000 0.000 0.000 0.000 0.000 0.000 0.000 0.000 0.000 0.000 0.000 0.000 0.000 0.000 0.000 0.000 0.000 0.000 0.000 0.000 0.000 0.000 0.000 0.000
0.000 0.000 0.000 0.000 0.000 0.000 0.000 0.000 0.000 0.000 0.000 0.000 0.000 0.000 0.000 0.000 0.000 0.000 0.000 0.000 0.000 0.000 0.000 0.000 0.000 0.000 0.000 0.000 0.000 0.000 0.000 0.000 0.000 0.000 0.000 0.000 0.000 0.000 0.000 0.000 0.000 0.000 0.000 0.000 0.000 0.000 0.000 0.000 0.000 0.000
0.000 0.000 0.000 0.000 0.000 0.000 0.000 0.000 0.000 0.000 0.000 0.000 0.000 0.000 0.000 0.000 0.000 0.000 0.000 0.000 0.000 0.000 0.000 0.000 0.000 0.000 0.000 0.000 0.000 0.000 0.000 0.000 0.000 0.000 0.000 0.000 0.000 0.000 0.000 0.000 0.000 0.000 0.000 0.000 0.000 0.000 0.000 0.000 0.000 0.000
0.000 0.000 0.000 0.000 0.000 0.000 0.000 0.000 0.000 0.000 0.000 0.000 0.000 0.000 0.000 0.000 0.000 0.000 0.000 0.000 0.000 0.000 0.000 0.000 0.000 0.000 0.000 0.000 0.000 0.000 0.000 0.000 0.000 0.000 0.000 0.000 0.000 0.000 0.000 0.000 0.000 0.000 0.000 0.000 0.000 0.000 0.000 0.000 0.000 0.000
0.000 0.000 0.000 0.000 0.000 0.000 0.000 0.000 0.000 0.000 0.000 0.000 0.000 0.000 0.000 0.000 0.000 0.000 0.000 0.000 0.000 0.000 0.000 0.000 0.000 0.000 0.000 0.000 0.000 0.000 0.000 0.000 0.000 0.000 0.000 0.000 0.000 0.000 0.000 0.000 0.000 0.000 0.000 0.000 0.000 0.000 0.000 0.000 0.000 0.000
0.000 0.000 0.000 0.000 0.000 0.000 0.000 0.000 0.000 0.000 0.000 0.000 0.000 0.000 0.000 0.000 0.000 0.000 0.000 0.000 0.000 0.000 0.000 0.000 0.000 0.000 0.000 0.000 0.000 0.000 0.000 0.000 0.000 0.000 0.000 0.000 0.000 0.000 0.000 0.000 0.000 0.000 0.000 0.000 0.000 0.000 0.000 0.000 0.000 0.000
0.000 0.000 0.000 0.000 0.000 0.000 0.000 0.000 0.000 0.000 0.000 0.000 0.000 0.000 0.000 0.000 0.000 0.000 0.000 0.000 0.000 0.000 0.000 0.000 0.000 0.000 0.000 0.000 0.000 0.000 0.000 0.000 0.000 0.000 0.000 0.000 0.000 0.000 0.000 0.000 0.000 0.000 0.000 0.000 0.000 0.000 0.000 0.000 0.000 0.000
0.000 0.000 0.000 0.000 0.000 0.000 0.000 0.000 0.000 0.000 0.000 0.000 0.000 0.000 0.000 0.000 0.000 0.000 0.000 0.000 0.000 0.000 0.000 0.000 0.000 0.000 0.000 0.000 0.000 0.000 0.000 0.000 0.000 0.000 0.000 0.000 0.000 0.000 0.000 0.000 0.000 0.000 0.000 0.000 0.000 0.000 0.000 0.000 0.000 0.000
0.000 0.000 0.000 0.000 0.000 0.000 0.000 0.000 0.000 0.000 0.000 0.000 0.000 0.000 0.000 0.000 0.000 0.000 0.000 0.000 0.000 0.000 0.000 0.000 0.000 0.000 0.000 0.000 0.000 0.000 0.000 0.000 0.000 0.000 0.000 0.000 0.000 0.000 0.000 0.000 0.000 0.000 0.000 0.000 0.000 0.000 0.000 0.000 0.000 0.000
0.000 0.000 0.000 0.000 0.000 0.000 0.000 0.000 0.000 0.000 0.000 0.000 0.000 0.000 0.000 0.000 0.000 0.000 0.000 0.000 0.000 0.000 0.000 0.000 0.000 0.000 0.000 0.000 0.000 0.000 0.000 0.000 0.000 0.000 0.000 0.000 0.000 0.000 0.000 0.000 0.000 0.000 0.000 0.000 0.000 0.000 0.000 0.000 0.000 0.000
0.000 0.000 0.000 0.000 0.000 0.000 0.000 0.000 0.000 0.000 0.000 0.000 0.000 0.000 0.000 0.000 0.000 0.000 0.000 0.000 0.000 0.000 0.000 0.000 0.000 0.000 0.000 0.000 0.000 0.000 0.000 0.000 0.000 0.000 0.000 0.000 0.000 0.000 0.000 0.000 0.000 0.000 0.000 0.000 0.000 0.000 0.000 0.000 0.000 0.000
