tests/test_03/output8/DepositArrivalTime.dat
NCOLS    50
NROWS    50
XLLCORNER    -2289770.000
YLLCORNER     2591270.000
CELLSIZE        2000.000       2000.000
NODATA_VALUE -9999.
[rows 0 to 25 of 50, columns 0 to 49 of 50]
-9999.000000 -9999.000000 -9999.000000 -9999.000000 -9999.000000 -9999.000000 -9999.000000 -9999.000000 17.333260 15.444390 14.222180 13.333300 12.666640 11.222210 9.999950 9.333290 8.888850 8.666630 8.555520 8.444410 8.444410 8.444410 8.444410 8.555520 8.666630 8.777740 8.888850 8.999960 9.222180 9.333290 9.444400 9.666620 9.777730 9.999950 10.222220 10.333330 10.555550 10.888880 11.555540 14.777730 -9999.000000 -9999.000000 -9999.000000 -9999.000000 -9999.000000 -9999.000000 -9999.000000 -9999.000000 -9999.000000 -9999.000000
-9999.000000 -9999.000000 -9999.000000 -9999.000000 -9999.000000 -9999.000000 -9999.000000 18.888800 15.999940 14.888840 13.777740 12.999970 12.222200 10.888880 9.777730 9.111070 8.666630 8.444410 8.333300 8.222190 8.222190 8.222190 8.333300 8.333300 8.444410 8.555520 8.666630 8.888850 8.999960 9.222180 9.333290 9.444400 9.666620 9.888840 9.999950 10.222220 10.444440 10.666660 11.333320 13.666630 -9999.000000 -9999.000000 -9999.000000 -9999.000000 -9999.000000 -9999.000000 -9999.000000 -9999.000000 -9999.000000 -9999.000000
-9999.000000 -9999.000000 -9999.000000 -9999.000000 -9999.000000 -9999.000000 -9999.000000 16.555490 15.222170 14.222180 13.333300 12.555530 11.666650 10.444440 9.444400 8.777740 8.444410 8.222190 8.111080 7.999970 7.999970 7.999970 8.111080 8.222190 8.222190 8.333300 8.555520 8.666630 8.777740 8.999960 9.111070 9.333290 9.555510 9.666620 9.888840 9.999950 10.222220 10.555550 11.111100 12.888860 -9999.000000 -9999.000000 -9999.000000 -9999.000000 -9999.000000 -9999.000000 -9999.000000 -9999.000000 -9999.000000 -9999.000000
-9999.000000 -9999.000000 -9999.000000 -9999.000000 -9999.000000 -9999.000000 16.999929 15.444390 14.555510 13.777740 12.999970 12.222200 11.222210 9.999950 9.111070 8.555520 8.222190 7.999970 7.888860 7.777750 7.777750 7.888860 7.888860 7.999970 8.111080 8.222190 8.333300 8.444410 8.666630 8.777740 8.999960 9.111070 9.333290 9.555510 9.666620 9.888840 10.111110 10.333330 10.888880 12.333310 -9999.000000 -9999.000000 -9999.000000 -9999.000000 -9999.000000 -9999.000000 -9999.000000 -9999.000000 -9999.000000 -9999.000000
-9999.000000 -9999.000000 -9999.000000 -9999.000000 -9999.000000 17.444370 15.888830 14.777730 14.111070 13.444410 12.666640 11.888870 10.777770 9.666620 8.888850 8.333300 7.999970 7.777750 7.666640 7.666640 7.555530 7.666640 7.666640 7.777750 7.888860 7.999970 8.111080 8.333300 8.444410 8.666630 8.777740 8.999960 9.222180 9.333290 9.555510 9.777730 9.888840 10.222220 10.666660 11.888870 -9999.000000 -9999.000000 -9999.000000 -9999.000000 -9999.000000 -9999.000000 -9999.000000 -9999.000000 -9999.000000 -9999.000000
-9999.000000 -9999.000000 -9999.000000 -9999.000000 17.888809 16.222160 15.111060 14.333290 13.666630 12.999970 12.333310 11.444430 10.333330 9.444400 8.666630 8.222190 7.777750 7.555530 7.444420 7.444420 7.444420 7.444420 7.444420 7.555530 7.666640 7.777750 7.999970 8.111080 8.333300 8.444410 8.666630 8.888850 8.999960 9.222180 9.333290 9.555510 9.777730 10.111110 10.555550 11.555540 -9999.000000 -9999.000000 -9999.000000 -9999.000000 -9999.000000 -9999.000000 -9999.000000 -9999.000000 -9999.000000 -9999.000000
-9999.000000 -9999.000000 -9999.000000 -9999.000000 16.555490 15.444390 14.666620 13.999960 13.333300 12.666640 11.888870 10.999990 10.111110 9.222180 8.555520 7.999970 7.666640 7.444420 7.222200 7.222200 7.222200 7.222200 7.333310 7.333310 7.444420 7.666640 7.777750 7.999970 8.111080 8.333300 8.555520 8.666630 8.888850 9.111070 9.222180 9.444400 9.666620 9.888840 10.333330 11.333320 -9999.000000 -9999.000000 -9999.000000 -9999.000000 -9999.000000 -9999.000000 -9999.000000 -9999.000000 -9999.000000 -9999.000000
-9999.000000 -9999.000000 -9999.000000 16.777710 15.777720 14.888840 14.222180 13.555520 12.888860 12.222200 11.555540 10.666660 9.888840 9.111070 8.444410 7.888860 7.444420 7.222200 7.111090 6.999980 6.999980 6.999980 7.111090 7.222200 7.333310 7.444420 7.666640 7.777750 7.999970 8.222190 8.444410 8.555520 8.777740 8.999960 9.111070 9.333290 9.555510 9.777730 10.222220 11.111100 -9999.000000 -9999.000000 -9999.000000 -9999.000000 -9999.000000 -9999.000000 -9999.000000 -9999.000000 -9999.000000 -9999.000000
-9999.000000 -9999.000000 16.999929 15.999940 15.222170 14.444400 13.777740 13.222190 12.555530 11.888870 11.222210 10.333330 9.666620 8.888850 8.333300 7.777750 7.333310 7.111090 6.888870 6.777760 6.777760 6.777760 6.888870 6.999980 7.111090 7.333310 7.555530 7.666640 7.888860 8.111080 8.333300 8.444410 8.666630 8.888850 8.999960 9.222180 9.444400 9.666620 10.111110 10.999990 -9999.000000 -9999.000000 -9999.000000 -9999.000000 -9999.000000 -9999.000000 -9999.000000 -9999.000000 -9999.000000 -9999.000000
-9999.000000 -9999.000000 16.222160 15.444390 14.666620 13.999960 13.444410 12.777750 12.222200 11.555540 10.888880 10.111110 9.444400 8.777740 8.222190 7.666640 7.222200 6.999980 6.777760 6.666650 6.666650 6.666650 6.777760 6.888870 6.999980 7.222200 7.444420 7.666640 7.777750 7.999970 8.222190 8.444410 8.555520 8.777740 8.999960 9.222180 9.333290 9.666620 9.999950 10.888880 16.888821 -9999.000000 -9999.000000 -9999.000000 -9999.000000 -9999.000000 -9999.000000 -9999.000000 -9999.000000 -9999.000000
-9999.000000 16.555490 15.666610 14.999950 14.333290 13.666630 12.999970 12.444420 11.777760 11.222210 10.555550 9.999950 9.333290 8.666630 8.111080 7.666640 7.222200 6.888870 6.666650 6.555540 6.444430 6.555540 6.666650 6.777760 6.999980 7.111090 7.333310 7.555530 7.777750 7.999970 8.111080 8.333300 8.555520 8.777740 8.888850 9.111070 9.333290 9.555510 9.999950 10.777770 13.777740 -9999.000000 -9999.000000 -9999.000000 -9999.000000 -9999.000000 -9999.000000 -9999.000000 -9999.000000 -9999.000000
17.666590 15.888830 15.222170 14.555510 13.888850 13.222190 12.555530 11.999980 11.444430 10.888880 10.333330 9.777730 9.222180 8.666630 8.111080 7.666640 7.222200 6.777760 6.555540 6.444430 6.333320 6.444430 6.555540 6.666650 6.888870 7.111090 7.333310 7.555530 7.666640 7.888860 8.111080 8.333300 8.555520 8.666630 8.888850 9.111070 9.333290 9.555510 9.888840 10.666660 13.111080 -9999.000000 -9999.000000 -9999.000000 -9999.000000 -9999.000000 -9999.000000 -9999.000000 -9999.000000 -9999.000000
16.222160 15.444390 14.777730 14.111070 13.444410 12.777750 12.222200 11.666650 11.111100 10.666660 10.111110 9.555510 9.111070 8.555520 8.111080 7.666640 7.222200 6.777760 6.555540 6.444430 6.333320 6.333320 6.555540 6.666650 6.888870 7.111090 7.333310 7.444420 7.666640 7.888860 8.111080 8.333300 8.555520 8.666630 8.888850 9.111070 9.222180 9.555510 9.888840 10.555550 12.666640 -9999.000000 -9999.000000 -9999.000000 -9999.000000 -9999.000000 -9999.000000 -9999.000000 -9999.000000 -9999.000000
15.666610 14.999950 14.333290 13.666630 12.999970 12.444420 11.888870 11.333320 10.888880 10.444440 9.888840 9.444400 8.999960 8.555520 8.111080 7.666640 7.222200 6.777760 6.555540 6.333320 6.333320 6.333320 6.444430 6.666650 6.888870 7.111090 7.333310 7.444420 7.666640 7.888860 8.111080 8.333300 8.555520 8.666630 8.888850 9.111070 9.333290 9.555510 9.888840 10.555550 12.444420 -9999.000000 -9999.000000 -9999.000000 -9999.000000 -9999.000000 -9999.000000 -9999.000000 -9999.000000 -9999.000000
15.222170 14.555510 13.888850 13.333300 12.666640 12.111090 11.555540 11.111100 10.666660 10.222220 9.777730 9.333290 8.888850 8.444410 8.111080 7.666640 7.222200 6.888870 6.555540 6.333320 6.333320 6.333320 6.555540 6.666650 6.888870 7.111090 7.333310 7.555530 7.777750 7.999970 8.111080 8.333300 8.555520 8.777740 8.888850 9.111070 9.333290 9.555510 9.888840 10.555550 12.333310 -9999.000000 -9999.000000 -9999.000000 -9999.000000 -9999.000000 -9999.000000 -9999.000000 -9999.000000 -9999.000000
14.777730 14.111070 13.555520 12.888860 12.333310 11.888870 11.333320 10.888880 10.444440 9.999950 9.666620 9.222180 8.888850 8.444410 8.111080 7.666640 7.333310 6.999980 6.666650 6.444430 6.333320 6.444430 6.555540 6.777760 6.999980 7.222200 7.444420 7.666640 7.777750 7.999970 8.222190 8.444410 8.666630 8.777740 8.999960 9.222180 9.333290 9.555510 9.888840 10.555550 12.333310 -9999.000000 -9999.000000 -9999.000000 -9999.000000 -9999.000000 -9999.000000 -9999.000000 -9999.000000 -9999.000000
14.333290 13.777740 13.222190 12.666640 12.111090 11.555540 11.111100 10.666660 10.333330 9.888840 9.555510 9.111070 8.777740 8.444410 8.111080 7.777750 7.444420 7.111090 6.777760 6.555540 6.444430 6.555540 6.777760 6.999980 7.222200 7.333310 7.555530 7.777750 7.888860 8.111080 8.333300 8.555520 8.666630 8.888850 9.111070 9.222180 9.444400 9.666620 9.999950 10.666660 12.222200 -9999.000000 -9999.000000 -9999.000000 -9999.000000 -9999.000000 -9999.000000 -9999.000000 -9999.000000 -9999.000000
13.999960 13.444410 12.888860 12.333310 11.888870 11.333320 10.999990 10.555550 10.111110 9.777730 9.444400 9.111070 8.777740 8.444410 8.222190 7.888860 7.555530 7.333310 6.999980 6.777760 6.666650 6.777760 6.999980 7.222200 7.444420 7.555530 7.666640 7.888860 7.999970 8.222190 8.444410 8.666630 8.777740 8.999960 9.222180 9.333290 9.555510 9.777730 10.111110 10.666660 12.222200 -9999.000000 -9999.000000 -9999.000000 -9999.000000 -9999.000000 -9999.000000 -9999.000000 -9999.000000 -9999.000000
13.666630 13.111080 12.555530 12.111090 11.666650 11.222210 10.777770 10.444440 10.111110 9.777730 9.444400 9.111070 8.777740 8.555520 8.222190 7.999970 7.777750 7.555530 7.333310 7.111090 6.999980 7.222200 7.444420 7.555530 7.666640 7.777750 7.888860 7.999970 8.222190 8.333300 8.555520 8.777740 8.888850 9.111070 9.333290 9.444400 9.666620 9.888840 10.222220 10.777770 12.333310 -9999.000000 -9999.000000 -9999.000000 -9999.000000 -9999.000000 -9999.000000 -9999.000000 -9999.000000 -9999.000000
13.333300 12.777750 12.333310 11.888870 11.444430 11.111100 10.666660 10.333330 9.999950 9.666620 9.333290 8.999960 8.777740 8.555520 8.333300 8.111080 7.999970 7.777750 7.555530 7.444420 7.444420 7.555530 7.666640 7.777750 7.888860 7.999970 8.111080 8.222190 8.333300 8.555520 8.666630 8.888850 9.111070 9.222180 9.444400 9.555510 9.777730 9.999950 10.333330 10.888880 12.444420 -9999.000000 -9999.000000 -9999.000000 -9999.000000 -9999.000000 -9999.000000 -9999.000000 -9999.000000 -9999.000000
13.111080 12.555530 12.111090 11.777760 11.333320 10.999990 10.666660 10.333330 9.999950 9.666620 9.333290 8.999960 8.777740 8.555520 8.444410 8.333300 8.222190 8.111080 7.999970 7.888860 7.888860 7.888860 7.999970 7.999970 8.111080 8.222190 8.333300 8.444410 8.555520 8.666630 8.888850 8.999960 9.222180 9.333290 9.555510 9.777730 9.888840 10.111110 10.444440 10.999990 12.555530 -9999.000000 -9999.000000 -9999.000000 -9999.000000 -9999.000000 -9999.000000 -9999.000000 -9999.000000 -9999.000000
12.888860 12.444420 11.999980 11.666650 11.333320 10.888880 10.555550 10.333330 9.999950 9.666620 9.444400 9.111070 8.999960 8.777740 8.666630 8.666630 8.555520 8.444410 8.333300 8.222190 8.222190 8.222190 8.222190 8.222190 8.333300 8.444410 8.555520 8.666630 8.777740 8.888850 8.999960 9.222180 9.333290 9.555510 9.666620 9.888840 10.111110 10.333330 10.555550 11.222210 12.666640 -9999.000000 -9999.000000 -9999.000000 -9999.000000 -9999.000000 -9999.000000 -9999.000000 -9999.000000 -9999.000000
12.666640 12.333310 11.888870 11.555540 11.222210 10.888880 10.555550 10.333330 9.999950 9.777730 9.555510 9.333290 9.111070 8.999960 8.999960 8.999960 8.888850 8.777740 8.666630 8.555520 8.555520 8.444410 8.444410 8.555520 8.555520 8.666630 8.777740 8.888850 8.999960 9.111070 9.222180 9.333290 9.555510 9.666620 9.888840 10.111110 10.222220 10.444440 10.666660 11.333320 12.888860 -9999.000000 -9999.000000 -9999.000000 -9999.000000 -9999.000000 -9999.000000 -9999.000000 -9999.000000 -9999.000000
12.555530 12.222200 11.888870 11.555540 11.222210 10.888880 10.666660 10.333330 10.111110 9.888840 9.666620 9.555510 9.444400 9.444400 9.333290 9.333290 9.222180 9.111070 8.999960 8.888850 8.777740 8.777740 8.777740 8.777740 8.777740 8.888850 8.999960 9.111070 9.222180 9.333290 9.444400 9.555510 9.777730 9.888840 10.111110 10.222220 10.444440 10.666660 10.888880 11.555540 12.999970 -9999.000000 -9999.000000 -9999.000000 -9999.000000 -9999.000000 -9999.000000 -9999.000000 -9999.000000 -9999.000000
12.444420 12.111090 11.777760 11.444430 11.222210 10.888880 10.666660 10.444440 10.222220 10.111110 9.888840 9.777730 9.777730 9.777730 9.666620 9.555510 9.444400 9.333290 9.222180 9.111070 9.111070 8.999960 8.999960 8.999960 8.999960 9.111070 9.222180 9.222180 9.444400 9.555510 9.666620 9.777730 9.888840 10.111110 10.222220 10.444440 10.555550 10.777770 11.111100 11.666650 13.222190 -9999.000000 -9999.000000 -9999.000000 -9999.000000 -9999.000000 -9999.000000 -9999.000000 -9999.000000 -9999.000000
12.444420 12.111090 11.777760 11.444430 11.222210 10.999990 10.777770 10.555550 10.444440 10.333330 10.222220 10.222220 10.111110 10.111110 9.999950 9.888840 9.666620 9.555510 9.444400 9.333290 9.333290 9.333290 9.222180 9.222180 9.333290 9.333290 9.444400 9.444400 9.555510 9.777730 9.888840 9.999950 10.111110 10.222220 10.444440 10.555550 10.777770 10.999990 11.222210 11.888870 13.555520 -9999.000000 -9999.000000 -9999.000000 -9999.000000 -9999.000000 -9999.000000 -9999.000000 -9999.000000 -9999.000000
