examples/Mazama_DepUmb/Data/MZRun022.txt
NCOLS    90
NROWS    50
XLLCORNER         225.000
YLLCORNER          32.500
CELLSIZE           0.500          0.500
NODATA_VALUE  0.000
[rows 0 to 33 of 50, columns 0 to 75 of 90]
0.000 0.000 0.000 0.000 0.000 0.000 0.000 0.000 0.000 0.000 0.000 0.000 0.001 0.002 0.003 0.005 0.007 0.009 0.011 0.014 0.017 0.022 0.027 0.031 0.036 0.041 0.048 0.057 0.067 0.076 0.085 0.097 0.113 0.132 0.151 0.169 0.188 0.211 0.237 0.262 0.282 0.298 0.309 0.312 0.304 0.287 0.266 0.243 0.220 0.195 0.170 0.148 0.128 0.109 0.092 0.076 0.063 0.052 0.041 0.032 0.025 0.019 0.014 0.011 0.008 0.006 0.004 0.003 0.002 0.001 0.001 0.001 0.000 0.000 0.000 0.000
0.000 0.000 0.000 0.000 0.000 0.000 0.000 0.000 0.000 0.000 0.000 0.001 0.001 0.002 0.004 0.007 0.010 0.014 0.018 0.022 0.027 0.034 0.043 0.052 0.061 0.070 0.082 0.098 0.116 0.136 0.156 0.181 0.212 0.249 0.289 0.328 0.369 0.416 0.468 0.515 0.550 0.570 0.577 0.569 0.544 0.507 0.467 0.428 0.387 0.346 0.304 0.267 0.233 0.202 0.172 0.145 0.122 0.103 0.086 0.070 0.057 0.047 0.038 0.031 0.024 0.019 0.015 0.012 0.009 0.007 0.005 0.004 0.003 0.002 0.001 0.001
0.000 0.000 0.000 0.000 0.000 0.000 0.000 0.000 0.000 0.000 0.000 0.001 0.002 0.003 0.006 0.009 0.015 0.022 0.029 0.036 0.044 0.056 0.071 0.088 0.105 0.122 0.144 0.172 0.205 0.244 0.286 0.334 0.392 0.461 0.540 0.617 0.695 0.782 0.871 0.948 0.993 1.008 1.001 0.966 0.910 0.842 0.773 0.707 0.640 0.572 0.505 0.445 0.391 0.341 0.292 0.248 0.211 0.179 0.151 0.126 0.104 0.087 0.072 0.059 0.048 0.039 0.031 0.025 0.020 0.016 0.012 0.010 0.007 0.006 0.004 0.003
0.000 0.000 0.000 0.000 0.000 0.000 0.000 0.000 0.000 0.000 0.000 0.001 0.002 0.005 0.008 0.013 0.021 0.032 0.045 0.057 0.071 0.089 0.113 0.143 0.175 0.208 0.246 0.293 0.352 0.424 0.504 0.591 0.694 0.818 0.954 1.089 1.224 1.363 1.497 1.597 1.639 1.632 1.586 1.507 1.403 1.290 1.180 1.077 0.974 0.869 0.766 0.675 0.594 0.518 0.446 0.380 0.325 0.279 0.237 0.200 0.167 0.140 0.118 0.099 0.082 0.067 0.055 0.045 0.037 0.030 0.024 0.019 0.015 0.012 0.009 0.007
0.000 0.000 0.000 0.000 0.000 0.000 0.000 0.000 0.000 0.000 0.000 0.001 0.003 0.007 0.012 0.019 0.030 0.046 0.067 0.089 0.112 0.140 0.179 0.228 0.285 0.345 0.410 0.492 0.594 0.721 0.862 1.016 1.195 1.397 1.615 1.831 2.043 2.248 2.421 2.525 2.538 2.479 2.369 2.222 2.055 1.880 1.716 1.560 1.404 1.246 1.092 0.957 0.838 0.729 0.625 0.532 0.455 0.390 0.333 0.281 0.236 0.200 0.170 0.144 0.120 0.100 0.084 0.070 0.059 0.048 0.040 0.033 0.027 0.022 0.017 0.014
0.000 0.000 0.000 0.000 0.000 0.000 0.000 0.000 0.000 0.000 0.001 0.002 0.004 0.009 0.017 0.028 0.043 0.066 0.097 0.134 0.173 0.218 0.280 0.358 0.455 0.560 0.675 0.817 0.991 1.206 1.447 1.712 1.999 2.308 2.637 2.965 3.277 3.550 3.740 3.814 3.763 3.620 3.412 3.175 2.925 2.669 2.428 2.198 1.968 1.735 1.511 1.316 1.145 0.988 0.844 0.715 0.609 0.521 0.443 0.375 0.315 0.267 0.228 0.194 0.164 0.140 0.120 0.104 0.091 0.080 0.070 0.062 0.054 0.048 0.042 0.036
0.000 0.000 0.000 0.000 0.000 0.000 0.000 0.000 0.000 0.000 0.001 0.003 0.006 0.013 0.025 0.040 0.061 0.093 0.138 0.197 0.261 0.333 0.430 0.553 0.714 0.895 1.096 1.340 1.629 1.982 2.384 2.809 3.246 3.705 4.182 4.652 5.077 5.398 5.564 5.562 5.403 5.126 4.789 4.437 4.078 3.715 3.370 3.036 2.705 2.373 2.058 1.783 1.544 1.328 1.131 0.958 0.817 0.701 0.601 0.515 0.443 0.388 0.344 0.307 0.276 0.248 0.225 0.204 0.185 0.168 0.151 0.135 0.121 0.107 0.095 0.083
0.000 0.000 0.000 0.000 0.000 0.000 0.000 0.000 0.000 0.001 0.002 0.004 0.009 0.019 0.035 0.057 0.087 0.131 0.195 0.283 0.384 0.497 0.648 0.843 1.104 1.410 1.752 2.153 2.623 3.195 3.824 4.464 5.115 5.777 6.439 7.070 7.593 7.915 7.994 7.856 7.521 7.055 6.561 6.067 5.569 5.066 4.581 4.112 3.648 3.191 2.762 2.392 2.072 1.791 1.540 1.327 1.158 1.023 0.909 0.811 0.728 0.659 0.600 0.546 0.496 0.450 0.408 0.369 0.332 0.299 0.268 0.239 0.212 0.187 0.165 0.145
0.000 0.000 0.000 0.000 0.000 0.000 0.000 0.000 0.001 0.002 0.003 0.007 0.013 0.026 0.047 0.078 0.120 0.181 0.269 0.396 0.549 0.726 0.960 1.266 1.682 2.178 2.728 3.372 4.130 5.008 5.938 6.880 7.813 8.726 9.599 10.386 10.954 11.188 11.118 10.757 10.154 9.477 8.802 8.141 7.472 6.790 6.130 5.491 4.869 4.270 3.720 3.252 2.856 2.512 2.210 1.953 1.746 1.572 1.421 1.284 1.161 1.051 0.951 0.858 0.773 0.694 0.623 0.559 0.500 0.446 0.397 0.352 0.311 0.274 0.241 0.211
0.000 0.000 0.000 0.000 0.000 0.000 0.000 0.001 0.001 0.002 0.005 0.009 0.018 0.034 0.062 0.102 0.158 0.241 0.361 0.538 0.764 1.032 1.388 1.857 2.492 3.262 4.136 5.153 6.309 7.591 8.925 10.253 11.538 12.755 13.858 14.762 15.271 15.342 15.039 14.331 13.425 12.524 11.663 10.818 9.948 9.059 8.198 7.367 6.569 5.810 5.115 4.516 4.007 3.568 3.183 2.848 2.557 2.297 2.060 1.843 1.646 1.471 1.315 1.174 1.047 0.933 0.830 0.737 0.654 0.579 0.511 0.450 0.395 0.346 0.303 0.264
0.000 0.000 0.000 0.000 0.000 0.000 0.000 0.001 0.001 0.003 0.006 0.012 0.022 0.043 0.077 0.128 0.201 0.309 0.469 0.709 1.030 1.422 1.945 2.649 3.602 4.773 6.110 7.632 9.319 11.138 12.988 14.799 16.517 18.088 19.424 20.342 20.687 20.552 19.887 18.768 17.581 16.489 15.480 14.466 13.380 12.242 11.096 9.969 8.895 7.900 7.016 6.251 5.584 4.982 4.431 3.933 3.487 3.088 2.731 2.412 2.130 1.881 1.660 1.465 1.290 1.135 0.998 0.876 0.768 0.672 0.587 0.513 0.447 0.389 0.338 0.293
0.000 0.000 0.000 0.000 0.000 0.000 0.000 0.001 0.002 0.004 0.007 0.015 0.027 0.051 0.093 0.158 0.252 0.393 0.603 0.923 1.364 1.921 2.671 3.703 5.086 6.782 8.711 10.896 13.286 15.790 18.283 20.687 22.922 24.897 26.442 27.246 27.403 26.979 25.854 24.421 23.057 21.880 20.726 19.423 17.943 16.362 14.782 13.289 11.914 10.659 9.511 8.454 7.491 6.613 5.821 5.112 4.480 3.918 3.422 2.988 2.609 2.277 1.986 1.730 1.505 1.308 1.137 0.986 0.855 0.739 0.638 0.551 0.476 0.411 0.354 0.305
0.000 0.000 0.000 0.000 0.000 0.000 0.000 0.001 0.002 0.005 0.009 0.018 0.033 0.062 0.112 0.192 0.314 0.495 0.768 1.191 1.779 2.546 3.587 5.036 6.951 9.280 11.936 14.931 18.177 21.512 24.782 27.903 30.763 33.217 34.901 35.525 35.493 34.655 33.199 31.620 30.157 28.789 27.238 25.403 23.379 21.313 19.323 17.412 15.577 13.858 12.287 10.847 9.524 8.318 7.241 6.295 5.459 4.723 4.080 3.524 3.045 2.629 2.264 1.947 1.671 1.431 1.224 1.044 0.889 0.754 0.639 0.542 0.460 0.391 0.332 0.284
0.000 0.000 0.000 0.000 0.000 0.000 0.000 0.001 0.002 0.005 0.010 0.022 0.040 0.076 0.136 0.234 0.387 0.614 0.963 1.513 2.277 3.304 4.707 6.666 9.209 12.258 15.732 19.641 23.866 28.169 32.359 36.341 39.963 42.982 44.612 45.110 44.788 43.544 41.952 40.230 38.563 36.815 34.741 32.360 29.761 27.096 24.421 21.838 19.392 17.135 15.094 13.221 11.492 9.929 8.551 7.355 6.311 5.398 4.608 3.929 3.348 2.844 2.403 2.021 1.691 1.410 1.170 0.967 0.796 0.653 0.536 0.443 0.368 0.307 0.258 0.218
0.000 0.000 0.000 0.000 0.000 0.000 0.000 0.001 0.003 0.006 0.013 0.027 0.049 0.093 0.165 0.284 0.473 0.753 1.193 1.891 2.865 4.203 6.054 8.622 11.879 15.716 20.073 24.959 30.226 35.595 40.840 45.850 50.382 53.844 55.373 55.711 54.875 53.464 51.770 50.052 48.212 46.090 43.450 40.204 36.606 33.037 29.580 26.263 23.142 20.293 17.731 15.376 13.212 11.269 9.573 8.121 6.866 5.772 4.828 4.021 3.335 2.748 2.246 1.822 1.469 1.178 0.939 0.744 0.587 0.463 0.367 0.294 0.237 0.194 0.161 0.136
0.000 0.000 0.000 0.000 0.000 0.000 0.000 0.001 0.003 0.008 0.016 0.034 0.062 0.115 0.201 0.346 0.576 0.920 1.473 2.345 3.569 5.280 7.668 10.937 14.983 19.677 25.008 30.948 37.340 43.862 50.280 56.389 61.739 65.185 66.705 66.611 65.597 64.294 63.065 61.546 59.552 56.678 52.748 48.195 43.465 38.897 34.564 30.472 26.654 23.169 20.017 17.125 14.483 12.129 10.095 8.369 6.889 5.616 4.539 3.642 2.907 2.300 1.795 1.380 1.047 0.785 0.584 0.434 0.325 0.246 0.189 0.148 0.118 0.096 0.080 0.068
0.000 0.000 0.000 0.000 0.000 0.000 0.001 0.002 0.004 0.010 0.021 0.042 0.076 0.139 0.243 0.418 0.699 1.124 1.823 2.911 4.439 6.591 9.593 13.624 18.511 24.095 30.441 37.519 45.116 52.844 60.256 66.966 72.466 75.978 77.510 77.389 76.897 76.879 76.495 75.100 72.079 67.596 62.065 56.000 50.002 44.457 39.308 34.459 29.866 25.606 21.769 18.265 15.081 12.275 9.893 7.918 6.276 4.915 3.800 2.897 2.169 1.586 1.131 0.792 0.548 0.376 0.255 0.173 0.119 0.083 0.059 0.044 0.034 0.028 0.024 0.021
0.000 0.000 0.000 0.000 0.000 0.000 0.001 0.002 0.005 0.012 0.025 0.049 0.089 0.162 0.285 0.493 0.829 1.356 2.234 3.580 5.461 8.109 11.766 16.553 22.260 28.696 36.004 44.124 52.751 61.282 69.120 76.034 81.519 85.110 86.768 87.674 89.845 91.798 91.967 89.416 84.434 77.782 70.342 62.826 55.816 49.464 43.518 37.727 32.139 26.997 22.367 18.204 14.523 11.383 8.800 6.728 5.042 3.667 2.587 1.778 1.194 0.778 0.488 0.295 0.174 0.102 0.060 0.036 0.023 0.015 0.010 0.007 0.005 0.004 0.004 0.003
0.000 0.000 0.000 0.000 0.000 0.000 0.001 0.002 0.006 0.014 0.028 0.055 0.101 0.184 0.328 0.571 0.974 1.623 2.701 4.332 6.615 9.792 14.110 19.626 26.090 33.280 41.336 50.150 59.416 68.360 76.276 82.900 87.898 91.770 95.233 100.853 106.633 109.597 108.194 102.696 94.663 85.690 76.712 68.186 60.330 53.066 45.963 39.032 32.447 26.428 21.136 16.528 12.576 9.262 6.605 4.572 3.061 1.969 1.213 0.715 0.402 0.214 0.109 0.055 0.028 0.014 0.007 0.004 0.002 0.001 0.001 0.000 0.000 0.000 0.000 0.000
0.000 0.000 0.000 0.000 0.000 0.000 0.001 0.002 0.006 0.015 0.030 0.062 0.114 0.208 0.378 0.660 1.148 1.943 3.239 5.182 7.897 11.624 16.609 22.868 30.053 37.892 46.437 55.650 65.313 74.771 82.495 88.046 93.148 99.989 110.511 121.397 128.021 128.151 122.117 112.367 101.374 90.581 80.512 71.065 62.201 53.749 45.630 37.623 30.125 23.449 17.694 12.801 8.808 5.776 3.614 2.156 1.207 0.630 0.306 0.141 0.062 0.026 0.010 0.004 0.002 0.001 0.000 0.000 0.000 0.000 0.000 0.000 0.000 0.000 0.000 0.000
0.000 0.000 0.000 0.000 0.000 0.000 0.001 0.003 0.007 0.016 0.034 0.070 0.131 0.243 0.443 0.780 1.373 2.334 3.865 6.145 9.287 13.566 19.252 26.223 34.053 42.467 51.859 63.332 75.757 85.515 91.256 96.177 104.641 120.296 137.555 148.317 149.941 142.769 130.376 116.233 103.117 91.499 80.915 70.686 60.870 51.303 41.759 32.680 24.469 17.492 11.910 7.611 4.504 2.433 1.206 0.542 0.225 0.085 0.029 0.009 0.003 0.001 0.000 0.000 0.000 0.000 0.000 0.000 0.000 0.000 0.000 0.000 0.000 0.000 0.000 0.000
0.000 0.000 0.000 0.000 0.000 0.000 0.001 0.003 0.008 0.018 0.039 0.081 0.152 0.286 0.519 0.926 1.635 2.762 4.511 7.096 10.623 15.336 21.514 28.919 37.276 47.770 62.379 79.536 94.979 103.086 108.565 116.999 135.249 157.577 171.156 172.963 163.741 146.842 128.898 113.377 100.950 89.637 78.482 67.362 55.859 44.557 33.963 24.592 16.782 10.644 6.161 3.205 1.463 0.578 0.190 0.054 0.012 0.003 0.000 0.000 0.000 0.000 0.000 0.000 0.000 0.000 0.000 0.000 0.000 0.000 0.000 0.000 0.000 0.000 0.000 0.000
0.000 0.000 0.000 0.000 0.000 0.000 0.001 0.003 0.009 0.020 0.043 0.091 0.171 0.326 0.592 1.071 1.888 3.142 5.050 7.801 11.435 16.248 22.543 30.669 42.242 58.821 80.778 105.397 123.958 132.275 142.457 161.325 185.748 198.803 196.500 183.152 159.767 137.667 120.711 107.505 95.897 84.344 72.138 58.887 46.052 34.429 24.309 15.920 9.436 4.962 2.310 0.949 0.323 0.089 0.018 0.002 0.000 0.000 0.000 0.000 0.000 0.000 0.000 0.000 0.000 0.000 0.000 0.000 0.000 0.000 0.000 0.000 0.000 0.000 0.000 0.000
0.000 0.000 0.000 0.000 0.000 0.000 0.001 0.003 0.009 0.021 0.047 0.099 0.188 0.358 0.647 1.176 2.038 3.320 5.233 7.964 11.526 16.422 23.523 34.446 51.886 76.595 106.774 136.804 157.657 170.624 194.802 220.776 234.594 227.540 203.457 170.055 141.401 122.497 108.478 97.328 86.563 73.977 60.115 46.599 34.290 23.626 14.882 8.386 4.190 1.896 0.813 0.322 0.121 0.039 0.010 0.001 0.000 0.000 0.000 0.000 0.000 0.000 0.000 0.000 0.000 0.000 0.000 0.000 0.000 0.000 0.000 0.000 0.000 0.000 0.000 0.000
0.000 0.000 0.000 0.000 0.000 0.000 0.001 0.004 0.010 0.022 0.049 0.102 0.195 0.368 0.659 1.196 2.060 3.314 5.174 7.829 11.276 16.302 24.619 40.418 67.707 104.264 149.141 186.437 210.717 232.070 256.156 269.126 261.083 228.531 183.703 143.782 117.297 103.503 93.951 84.742 73.181 59.603 46.028 33.480 22.566 13.795 7.629 3.923 1.954 0.960 0.471 0.221 0.095 0.035 0.010 0.002 0.000 0.000 0.000 0.000 0.000 0.000 0.000 0.000 0.000 0.000 0.000 0.000 0.000 0.000 0.000 0.000 0.000 0.000 0.000 0.000
0.000 0.000 0.000 0.000 0.000 0.000 0.001 0.003 0.009 0.020 0.046 0.093 0.183 0.341 0.614 1.124 1.940 3.102 4.794 7.159 10.218 15.131 25.319 50.014 95.413 153.103 218.931 268.781 300.984 315.635 310.038 284.124 248.359 198.572 148.734 113.771 95.221 87.424 79.728 69.892 57.365 44.188 31.874 21.142 12.811 7.294 4.084 2.282 1.265 0.688 0.363 0.184 0.087 0.037 0.013 0.003 0.000 0.000 0.000 0.000 0.000 0.000 0.000 0.000 0.000 0.000 0.000 0.000 0.000 0.000 0.000 0.000 0.000 0.000 0.000 0.000
0.000 0.000 0.000 0.000 0.000 0.000 0.001 0.002 0.007 0.016 0.039 0.077 0.157 0.287 0.524 0.965 1.670 2.641 4.034 5.944 8.473 13.051 24.919 63.067 127.969 211.305 307.790 378.129 402.101 386.018 325.908 260.185 204.872 157.414 118.125 91.858 80.467 73.694 64.903 53.810 41.477 29.747 19.739 12.287 7.440 4.510 2.714 1.604 0.927 0.525 0.294 0.161 0.084 0.041 0.017 0.006 0.001 0.000 0.000 0.000 0.000 0.000 0.000 0.000 0.000 0.000 0.000 0.000 0.000 0.000 0.000 0.000 0.000 0.000 0.000 0.000
0.000 0.000 0.000 0.000 0.000 0.000 0.001 0.002 0.005 0.012 0.030 0.062 0.127 0.231 0.427 0.784 1.346 2.090 3.146 4.572 6.503 10.371 22.515 70.117 141.836 258.175 395.546 469.061 457.170 388.250 290.351 211.997 161.954 128.347 98.248 77.219 68.083 59.400 49.378 38.345 27.586 18.666 12.189 7.865 5.040 3.182 1.969 1.196 0.720 0.432 0.258 0.151 0.085 0.045 0.022 0.009 0.003 0.001 0.000 0.000 0.000 0.000 0.000 0.000 0.000 0.000 0.000 0.000 0.000 0.000 0.000 0.000 0.000 0.000 0.000 0.000
0.000 0.000 0.000 0.000 0.000 0.000 0.000 0.001 0.004 0.009 0.023 0.048 0.098 0.180 0.330 0.599 1.007 1.534 2.260 3.224 4.532 7.191 16.834 61.545 128.927 270.891 433.595 479.300 424.047 323.433 227.375 164.762 129.068 102.909 79.071 63.762 54.531 45.001 35.128 25.778 18.026 12.361 8.410 5.653 3.717 2.390 1.516 0.957 0.603 0.380 0.238 0.147 0.088 0.051 0.027 0.013 0.006 0.002 0.001 0.000 0.000 0.000 0.000 0.000 0.000 0.000 0.000 0.000 0.000 0.000 0.000 0.000 0.000 0.000 0.000 0.000
0.000 0.000 0.000 0.000 0.000 0.000 0.000 0.001 0.003 0.007 0.017 0.036 0.073 0.133 0.239 0.424 0.688 1.022 1.464 2.036 2.825 4.235 8.982 32.547 89.602 228.553 333.236 341.130 289.398 216.685 156.777 118.304 95.595 76.395 60.709 50.727 41.476 32.445 24.471 17.899 12.770 9.011 6.273 4.286 2.863 1.879 1.225 0.798 0.521 0.341 0.223 0.144 0.092 0.056 0.033 0.018 0.009 0.004 0.002 0.000 0.000 0.000 0.000 0.000 0.000 0.000 0.000 0.000 0.000 0.000 0.000 0.000 0.000 0.000 0.000 0.000
0.000 0.000 0.000 0.000 0.000 0.000 0.000 0.001 0.002 0.004 0.011 0.024 0.048 0.086 0.151 0.259 0.400 0.597 0.836 1.188 1.689 2.529 4.698 11.856 45.833 97.273 142.837 164.438 160.988 134.970 105.245 83.918 68.478 56.199 47.407 38.995 30.714 23.655 17.966 13.328 9.635 6.883 4.855 3.360 2.272 1.513 1.005 0.672 0.453 0.308 0.209 0.141 0.094 0.062 0.039 0.023 0.013 0.007 0.003 0.001 0.000 0.000 0.000 0.000 0.000 0.000 0.000 0.000 0.000 0.000 0.000 0.000 0.000 0.000 0.000 0.000
0.000 0.000 0.000 0.000 0.000 0.000 0.000 0.000 0.001 0.003 0.006 0.014 0.027 0.049 0.085 0.142 0.218 0.336 0.475 0.715 1.029 1.636 2.777 6.037 15.865 45.103 83.798 104.924 105.862 89.073 72.387 59.778 49.951 43.031 36.652 29.508 23.066 17.826 13.568 10.041 7.243 5.185 3.675 2.562 1.755 1.190 0.813 0.561 0.391 0.275 0.193 0.135 0.094 0.064 0.043 0.028 0.017 0.010 0.005 0.002 0.001 0.000 0.000 0.000 0.000 0.000 0.000 0.000 0.000 0.000 0.000 0.000 0.000 0.000 0.000 0.000
0.000 0.000 0.000 0.000 0.000 0.000 0.000 0.000 0.000 0.001 0.003 0.008 0.015 0.027 0.047 0.077 0.124 0.183 0.274 0.401 0.593 0.934 1.675 3.416 7.537 16.706 30.612 41.860 47.901 48.431 45.410 41.037 36.915 32.804 27.714 22.138 17.283 13.333 10.105 7.450 5.373 3.858 2.752 1.941 1.352 0.937 0.657 0.467 0.335 0.242 0.175 0.126 0.091 0.065 0.045 0.031 0.020 0.013 0.007 0.004 0.002 0.001 0.000 0.000 0.000 0.000 0.000 0.000 0.000 0.000 0.000 0.000 0.000 0.000 0.000 0.000
0.000 0.000 0.000 0.000 0.000 0.000 0.000 0.000 0.000 0.001 0.002 0.004 0.007 0.015 0.025 0.042 0.064 0.097 0.139 0.206 0.306 0.526 1.018 2.234 4.792 9.038 14.928 21.244 26.556 29.741 30.442 29.367 27.345 24.414 20.533 16.435 12.901 10.001 7.598 5.612 4.058 2.930 2.110 1.509 1.066 0.750 0.535 0.388 0.285 0.211 0.156 0.116 0.086 0.064 0.046 0.033 0.023 0.015 0.010 0.006 0.003 0.002 0.001 0.000 0.000 0.000 0.000 0.000 0.000 0.000 0.000 0.000 0.000 0.000 0.000 0.000
