tests/test_03/output10/CloudConcentration_010.00hrs.dat
NCOLS    50
NROWS    50
XLLCORNER    -2289770.000
YLLCORNER     2591270.000
CELLSIZE        2000.000       2000.000
NODATA_VALUE  0.000
[rows 0 to 28 of 50, columns 0 to 49 of 50]
0.000000 0.000000 0.000000 0.000000 0.000000 0.000000 0.000000 0.000000 0.000000 0.000000 0.000000 0.000000 0.000000 0.864076 2.059120 4.284628 8.319307 15.713984 28.632971 49.827774 81.132225 123.806427 176.282028 248.485428 322.516083 406.865509 503.738068 639.966492 778.475647 904.925903 1027.963379 1159.215088 1303.105347 1401.730835 1453.447754 1524.709717 1604.975830 1611.724854 1561.632812 1579.073975 1505.734985 1390.676147 1279.617065 1193.337646 1044.894043 855.443298 712.577576 477.850433 316.813873 149.426193
0.000000 0.000000 0.000000 0.000000 0.000000 0.000000 0.000000 0.000000 0.000000 0.000000 0.000000 0.000000 0.884031 2.084890 4.415145 8.850475 17.048635 31.225227 55.492332 95.331192 152.885483 229.404297 326.694122 442.041412 558.817932 690.491638 827.223206 981.168274 1190.690796 1356.716064 1509.648804 1645.765381 1865.108032 1997.035522 2054.212402 2124.370850 2243.218750 2249.970215 2176.955322 2178.845703 2089.171387 1944.610107 1786.399048 1671.869507 1469.033936 1205.718872 1003.326538 674.149109 448.302368 212.854187
0.000000 0.000000 0.000000 0.000000 0.000000 0.000000 0.000000 0.000000 0.000000 0.000000 0.413542 1.032230 2.271315 4.682947 9.391938 18.274357 33.527695 59.343052 103.512878 173.359680 274.066589 407.919159 581.240234 767.716736 969.252563 1172.032104 1365.902832 1564.896484 1891.131592 2123.476074 2342.536865 2489.503662 2824.305908 3002.756836 3059.436279 3112.218262 3292.633545 3292.472900 3174.075684 3141.432617 3031.361572 2840.596436 2616.539551 2443.774170 2152.812012 1767.487549 1470.069824 989.406677 657.214294 313.361115
0.000000 0.000000 0.000000 0.000000 0.000000 0.000000 0.000000 0.000000 0.000000 0.452478 1.126561 2.390516 4.786076 9.507490 18.420366 34.059883 60.353188 105.259621 179.974258 295.227112 459.996185 682.856873 967.638489 1259.515137 1591.034546 1881.736938 2155.592773 2429.372803 2862.225830 3194.603516 3489.203369 3684.285400 4101.312988 4351.729492 4417.543457 4482.678711 4681.983398 4657.573242 4487.712891 4401.633789 4273.620605 4020.828369 3709.655518 3456.398682 3054.133789 2515.545166 2097.909424 1417.675171 941.022400 449.532196
0.000000 0.000000 0.000000 0.000000 0.000000 0.000000 0.000000 0.000000 0.510117 1.190974 2.447681 4.725071 9.297020 18.026937 33.406540 59.166595 102.486595 175.835739 294.790741 475.151337 731.234253 1080.579346 1519.019409 1959.850708 2465.858398 2872.422119 3248.373291 3621.489014 4182.896484 4636.295898 5012.960938 5254.339844 5760.031738 6087.877930 6168.780762 6234.913574 6453.460449 6395.907715 6173.533691 6008.401367 5856.941895 5532.927246 5101.871582 4738.040039 4207.499512 3481.485352 2916.954590 1982.516968 1313.664307 632.452698
0.000000 0.000000 0.000000 0.000000 0.000000 0.000000 0.000000 0.527699 1.178625 2.398897 4.552789 8.645405 16.755335 31.471207 56.212128 96.836021 164.865982 278.051422 458.987366 727.568970 1110.328735 1629.473755 2265.321045 2918.056396 3630.252930 4190.083008 4695.298340 5197.185059 5905.806641 6499.988770 6967.678711 7250.271484 7847.252441 8243.466797 8340.951172 8406.834961 8645.407227 8547.870117 8254.249023 8002.435547 7806.542480 7393.660645 6822.783691 6337.206055 5647.272461 4695.060547 3951.082275 2702.391357 1792.837280 867.559937
0.000000 0.000000 0.000000 0.000000 0.000000 0.000000 0.479006 1.051692 2.204315 4.217844 7.862290 14.718909 27.803667 50.707916 88.503014 150.404022 252.364868 419.875763 681.071960 1068.165649 1619.443237 2356.345459 3232.093994 4158.135742 5125.640137 5882.238281 6543.464355 7183.949219 8055.704590 8809.517578 9376.203125 9690.711914 10390.728516 10840.267578 10950.399414 11006.539062 11262.969727 11124.863281 10730.070312 10393.573242 10124.062500 9603.190430 8888.850586 8263.146484 7385.166992 6173.991211 5222.127441 3597.296387 2391.989990 1165.562744
0.000000 0.000000 0.000000 0.000000 0.000000 0.000000 0.829628 1.790328 3.641956 6.849129 12.643723 23.293139 42.692337 76.257767 131.808548 222.482132 369.876312 607.748230 970.377197 1508.684204 2273.909424 3279.701660 4448.103027 5693.276855 6962.064453 7948.063477 8784.429688 9566.208008 10614.336914 11530.052734 12194.961914 12557.848633 13396.530273 13869.294922 13984.753906 14000.799805 14279.311523 14093.533203 13580.281250 13185.742188 12796.784180 12144.295898 11288.429688 10513.160156 9416.094727 7912.802734 6746.580078 4681.701172 3123.255615 1534.515015
0.000000 0.000000 0.000000 0.000000 0.000000 0.625910 1.290851 2.718815 5.503263 10.327645 18.957767 34.493938 61.564690 108.459084 186.942871 314.704102 520.239685 845.838806 1335.211426 2056.371094 3077.791504 4410.269043 5933.178711 7515.984863 9116.736328 10341.356445 11367.092773 12287.483398 13520.829102 14586.311523 15359.306641 15780.174805 16792.031250 17263.396484 17374.582031 17330.332031 17636.095703 17390.224609 16762.726562 16360.022461 15803.222656 14994.894531 13994.418945 13078.398438 11734.825195 9907.625977 8528.227539 5968.070312 4006.960938 1984.443848
0.000000 0.000000 0.000000 0.000000 0.439576 0.910944 1.863432 3.801920 7.687592 14.516605 26.705622 48.149113 84.732498 147.809753 253.847733 426.573242 702.703369 1135.573730 1780.597534 2716.115723 4028.994385 5736.447754 7677.185059 9593.677734 11543.264648 12987.982422 14202.882812 15266.732422 16691.021484 17885.140625 18777.892578 19259.150391 20393.695312 20915.595703 21016.044922 20894.687500 21258.648438 20922.611328 20235.050781 19810.585938 19082.582031 18114.453125 16958.941406 15911.358398 14317.082031 12152.414062 10554.791016 7475.123535 5038.233887 2533.354492
0.000000 0.000000 0.000000 0.000000 0.595064 1.255128 2.538649 5.002306 10.035584 19.212210 35.519154 63.959560 112.282036 194.665237 332.564758 556.684265 913.814392 1473.000854 2306.627686 3491.919434 5128.137207 7236.169434 9651.050781 11882.567383 14183.491211 15799.172852 17197.845703 18394.746094 20042.275391 21315.478516 22319.878906 22871.576172 24114.552734 24707.716797 24791.712891 24804.914062 25053.769531 24591.011719 23917.037109 23290.328125 22523.224609 21402.421875 20073.458984 18942.251953 17106.939453 14621.518555 12794.529297 9219.705078 6263.645020 3184.942139
0.000000 0.000000 0.000000 0.000000 0.759080 1.618255 3.272672 6.316824 12.455274 24.098717 44.994133 81.402290 143.530945 248.499680 422.854828 704.794983 1152.313599 1851.060425 2902.570557 4383.983887 6380.076172 8893.836914 11747.798828 14309.802734 16962.625000 18684.193359 20245.115234 21576.781250 23436.031250 24783.603516 25876.369141 26514.750000 27871.414062 28538.318359 28663.955078 28919.550781 28948.533203 28355.656250 27616.767578 26931.769531 26023.005859 24755.062500 23302.335938 22119.511719 20072.951172 17432.138672 15231.590820 11221.857422 7644.620117 3943.048584
0.000000 0.000000 0.000000 0.436710 0.925512 1.986286 4.022896 7.701214 14.914689 28.961697 54.685444 99.821289 177.113953 307.561310 523.062988 870.087341 1418.834229 2269.304199 3553.129883 5375.142578 7777.463379 10691.530273 13912.398438 16806.994141 19774.746094 21555.677734 23230.816406 24696.062500 26729.820312 28214.617188 29353.785156 30309.015625 31611.111328 32298.373047 32489.449219 32812.515625 32870.835938 32124.667969 31257.992188 30608.041016 29525.962891 28144.453125 26768.175781 25358.773438 23146.871094 20415.873047 17816.814453 13446.438477 9187.723633 4804.349609
0.000000 0.000000 0.000000 0.483881 1.044179 2.258289 4.738749 9.106871 17.424685 33.671410 64.244675 118.420670 211.512375 369.049896 628.641052 1047.111450 1708.948120 2729.078613 4250.064453 6421.388184 9268.679688 12583.699219 16072.122070 19314.279297 22345.470703 24283.398438 26015.873047 27567.710938 29802.111328 31426.482422 32573.271484 34062.324219 35132.207031 35798.347656 36092.257812 36524.371094 36650.789062 35797.628906 35195.160156 34241.281250 32967.460938 31520.205078 30061.339844 28583.798828 26233.685547 23477.546875 20484.152344 15861.836914 10876.131836 5766.270020
0.000000 0.000000 0.000000 0.495826 1.079746 2.319924 5.004560 10.282197 19.974594 38.114429 72.461388 134.825409 243.779190 428.161133 733.210510 1227.274780 2011.028564 3214.459961 4989.780762 7475.082520 10706.238281 14421.416992 18084.546875 21608.923828 24546.537109 26676.189453 28475.953125 30253.419922 32480.003906 34241.644531 35459.109375 37115.960938 38257.445312 38890.867188 39253.378906 39894.257812 40033.597656 39294.402344 38717.308594 37697.503906 36290.058594 34656.910156 33240.605469 31693.798828 29250.257812 26541.798828 23186.521484 18444.964844 12697.154297 6822.366699
0.000000 0.000000 0.000000 0.492635 1.084313 2.335403 4.979283 10.594194 21.353304 41.503174 78.638733 146.325226 266.929810 472.914856 819.806030 1387.217896 2286.619141 3668.868408 5689.076660 8455.625977 11925.020508 15841.304688 19488.414062 23195.455078 25940.375000 28214.048828 30105.574219 32425.345703 34660.820312 36558.332031 37892.484375 39642.390625 40892.214844 41424.007812 42230.113281 42817.722656 42944.988281 42406.253906 41939.210938 40779.574219 39312.859375 37564.750000 36208.890625 34584.527344 32168.480469 29600.740234 25887.529297 21124.574219 14626.835938 7986.086914
0.000000 0.000000 0.000000 0.435268 0.992616 2.212425 4.825623 10.436989 21.610361 42.400009 81.227066 152.637405 281.562927 507.999268 891.039551 1522.523193 2529.975586 4066.415039 6291.594238 9299.772461 12898.189453 16715.263672 20279.435547 23892.271484 26415.085938 28707.595703 30715.816406 33243.160156 35614.503906 37600.835938 39262.316406 41533.777344 43068.332031 43542.359375 44478.937500 45195.199219 45314.386719 44878.812500 44754.753906 43452.937500 42022.488281 40394.832031 38914.269531 37168.335938 34793.570312 32471.550781 28541.158203 23850.273438 16627.548828 9241.802734
0.000000 0.000000 0.000000 0.000000 0.840615 1.907310 4.229085 9.191741 19.824760 41.337025 81.247780 154.307632 287.030487 523.658691 933.856995 1615.022583 2702.903809 4352.086914 6716.431152 9854.583984 13492.822266 17131.093750 20726.531250 24073.173828 26453.187500 28733.060547 30807.966797 33453.781250 35894.238281 37871.320312 40008.824219 42289.671875 44004.843750 44920.468750 46267.878906 47029.632812 47145.140625 47013.058594 47029.441406 45738.121094 44327.253906 42886.140625 41316.457031 39461.187500 37036.933594 35034.453125 31090.789062 26543.507812 18667.035156 10582.322266
0.000000 0.000000 0.000000 0.000000 0.688357 1.602183 3.639167 8.065058 17.429571 36.830250 74.814949 146.790665 280.251923 520.698914 940.720642 1648.019653 2769.817627 4468.165039 6856.073242 9896.493164 13343.857422 16731.625000 20199.126953 23242.572266 25614.064453 27915.710938 30163.519531 33091.855469 35627.835938 37734.667969 40167.886719 42478.136719 44185.972656 45522.562500 47148.234375 48043.363281 48327.718750 48637.570312 48792.996094 47676.347656 46329.414062 44985.601562 43358.335938 41412.488281 39216.488281 37161.062500 33444.046875 29046.318359 20712.972656 12008.172852
0.000000 0.000000 0.000000 0.000000 0.533834 1.283603 2.998388 6.816133 15.048031 32.220192 67.288216 136.118942 266.565430 504.933838 920.797729 1618.958008 2737.597412 4409.657715 6724.996582 9540.257812 12614.971680 15724.370117 18940.248047 21707.046875 24078.119141 26257.591797 28871.238281 31644.853516 34194.246094 36498.242188 39328.542969 41898.335938 43867.562500 45696.753906 47384.132812 48286.253906 48734.667969 49393.417969 49548.691406 48987.964844 48262.726562 46679.058594 45019.109375 43043.058594 41029.632812 38927.601562 35412.675781 31279.099609 23011.089844 13535.575195
0.000000 0.000000 0.000000 0.000000 0.000000 0.964302 2.334748 5.464834 12.383696 27.224472 58.473431 121.367325 243.429626 470.392487 871.935852 1543.206787 2607.689209 4197.012207 6324.094238 8861.851562 11506.531250 14320.256836 17224.230469 19728.998047 22066.744141 24202.279297 26994.181641 29729.765625 32200.833984 34835.179688 37729.441406 40223.281250 42477.523438 44961.496094 47085.437500 48073.617188 48969.773438 49626.023438 49754.171875 49455.156250 49387.410156 47975.140625 46276.945312 44325.585938 42514.949219 40347.550781 37025.722656 33093.699219 25322.851562 15231.007812
0.000000 0.000000 0.000000 0.000000 0.000000 0.667595 1.689339 4.103440 9.608148 21.823370 48.263584 103.944740 213.746689 420.140228 789.593689 1408.333496 2385.893066 3811.166748 5650.319824 7791.550293 10113.611328 12623.053711 15194.453125 17419.392578 19615.935547 21790.496094 24684.386719 27360.490234 29811.589844 32797.000000 35697.109375 38165.843750 40704.703125 43441.574219 45658.074219 47289.183594 48912.230469 49626.902344 49745.660156 49626.367188 49771.933594 48607.488281 46997.199219 45411.906250 43675.058594 41460.000000 38258.781250 34668.800781 27585.197266 16966.761719
0.000000 0.000000 0.000000 0.000000 0.000000 0.432066 1.141021 2.899665 7.073033 16.553505 37.617928 83.859161 178.315918 358.526581 678.825867 1220.257690 2075.637451 3290.981445 4824.062988 6564.627930 8547.005859 10718.655273 12942.172852 14951.843750 16934.455078 19424.041016 22068.945312 24615.666016 27247.599609 30380.150391 33232.007812 35768.500000 38751.839844 41454.304688 43658.453125 45714.097656 47785.027344 48869.121094 49240.816406 49670.945312 49792.925781 48721.312500 47326.359375 46001.652344 44293.027344 42107.519531 39638.750000 35925.925781 29639.099609 18764.257812
0.000000 0.000000 0.000000 0.000000 0.000000 0.000000 0.762096 1.964355 4.898518 11.901073 28.178059 63.719906 137.673370 285.639832 549.930298 998.894287 1695.645630 2654.725586 3863.966797 5285.442871 6933.494141 8745.016602 10530.249023 12351.186523 14208.195312 16762.421875 19253.728516 21683.265625 24680.943359 27666.292969 30409.470703 33330.667969 36409.699219 39078.613281 41434.707031 43984.351562 46134.648438 47461.812500 48362.457031 48969.640625 49099.593750 48511.503906 47534.402344 46179.304688 44452.242188 42353.640625 40288.140625 36900.089844 31338.201172 20464.167969
0.000000 0.000000 0.000000 0.000000 0.000000 0.000000 0.562471 1.419089 3.461475 8.266415 19.407139 44.472218 99.259956 209.956223 408.729645 751.587158 1285.102051 2006.598633 2893.048828 4004.647949 5334.100098 6798.913086 8249.529297 9773.029297 11849.852539 14080.866211 16315.142578 18964.371094 21861.529297 24709.187500 27405.376953 30738.160156 33758.453125 36413.546875 39211.105469 41915.996094 44095.710938 45672.296875 47268.453125 47925.960938 48070.679688 47913.835938 47467.933594 46132.808594 44415.835938 42429.230469 40525.812500 37399.472656 32565.554688 21953.402344
0.000000 0.000000 0.000000 0.000000 0.000000 0.000000 0.399778 1.040789 2.541291 5.940449 13.431386 29.568581 63.956783 137.882065 277.858093 516.262329 880.231934 1376.036743 2025.018555 2861.373535 3842.120361 4911.458496 6114.517578 7646.170410 9460.964844 11409.132812 13613.319336 16283.407227 18966.474609 21646.673828 24805.613281 27972.691406 30908.853516 33830.695312 36960.230469 39632.062500 41844.875000 44045.617188 45875.949219 46596.257812 46862.417969 47134.738281 46765.015625 45574.949219 43986.039062 42484.945312 40551.343750 37577.031250 33484.394531 23167.068359
0.000000 0.000000 0.000000 0.000000 0.000000 0.000000 0.000000 0.724034 1.832978 4.285749 9.216582 18.855894 38.197544 79.456261 166.305435 310.754089 539.452209 863.290466 1298.785156 1871.893433 2544.993164 3345.950928 4440.552734 5777.722168 7306.498047 9092.026367 11314.274414 13695.399414 16130.331055 19073.759766 22124.283203 25131.429688 28099.693359 31457.039062 34485.921875 37124.957031 39608.449219 42074.070312 44020.210938 44963.820312 45792.613281 46082.968750 45828.761719 44841.679688 43669.734375 42137.523438 40244.742188 37505.531250 33944.457031 23937.488281
0.000000 0.000000 0.000000 0.000000 0.000000 0.000000 0.000000 0.505365 1.344377 3.020245 5.890239 10.687623 20.053072 39.686810 82.543564 162.658981 287.297729 482.877045 745.024048 1107.692627 1576.167603 2274.605957 3152.613281 4192.753418 5602.148926 7259.208008 9168.548828 11237.043945 13888.234375 16669.685547 19495.160156 22417.175781 25694.472656 28818.589844 31701.712891 34339.683594 37221.316406 39597.839844 41548.941406 42991.402344 44230.394531 44582.027344 44424.625000 44102.867188 43094.136719 41595.441406 39728.343750 37526.472656 34223.312500 24647.927734
0.000000 0.000000 0.000000 0.000000 0.000000 0.000000 0.000000 0.000000 0.757205 1.813291 3.568197 6.115839 10.185335 18.107529 34.723446 69.437202 131.232239 228.071854 393.525330 641.766113 1005.450134 1491.337036 2210.602783 3135.025146 4287.848145 5661.188965 7411.664551 9490.411133 11804.029297 14249.760742 16953.900391 19941.218750 22912.031250 25772.414062 28442.650391 31387.660156 34087.230469 36419.808594 38415.675781 40347.445312 41851.824219 42386.753906 42548.531250 42722.347656 41997.750000 40681.605469 39001.687500 37173.644531 34251.820312 25285.783203
