tests/test_03/output10/CloudLoad_010.00hrs.dat
NCOLS    50
NROWS    50
XLLCORNER    -2289770.000
YLLCORNER     2591270.000
CELLSIZE        2000.000       2000.000
NODATA_VALUE  0.000
[rows 0 to 38 of 50, columns 0 to 49 of 50]
0.000 0.000 0.000 0.000 0.000 0.000 0.000 0.000 0.000 0.000 0.000 0.000 0.000 0.443 1.062 2.236 4.411 8.500 15.915 28.737 49.523 81.802 128.659 197.993 293.331 417.276 577.852 774.433 982.075 1209.831 1436.476 1646.586 1831.649 2025.812 2167.245 2293.788 2405.389 2468.317 2484.405 2473.537 2399.197 2286.331 2152.242 1945.435 1718.181 1440.301 1113.292 777.604 496.271 244.141
0.000 0.000 0.000 0.000 0.000 0.000 0.000 0.000 0.000 0.000 0.000 0.000 0.449 1.062 2.263 4.572 8.905 16.574 30.085 53.212 89.776 144.374 224.041 338.475 487.605 677.846 914.349 1197.932 1493.541 1815.888 2123.047 2417.005 2680.249 2936.766 3119.923 3291.763 3426.380 3501.649 3512.657 3493.884 3383.671 3239.279 3044.289 2756.258 2422.126 2030.511 1562.978 1096.649 702.497 348.204
0.000 0.000 0.000 0.000 0.000 0.000 0.000 0.000 0.000 0.000 0.208 0.521 1.148 2.376 4.787 9.375 17.373 31.180 55.382 95.379 157.764 249.586 385.310 575.259 818.068 1117.716 1480.521 1908.087 2355.489 2833.508 3292.349 3710.210 4110.613 4460.455 4708.609 4941.661 5101.458 5182.441 5182.299 5133.667 4975.733 4760.093 4457.331 4038.926 3531.346 2962.019 2277.385 1604.868 1028.910 513.944
0.000 0.000 0.000 0.000 0.000 0.000 0.000 0.000 0.000 0.227 0.566 1.203 2.414 4.810 9.358 17.412 31.133 54.945 95.538 160.936 260.606 408.311 627.833 924.668 1299.311 1749.534 2292.675 2911.006 3574.014 4255.842 4925.069 5497.825 6079.038 6544.794 6871.773 7168.615 7359.015 7438.136 7427.700 7326.755 7114.249 6784.442 6326.890 5735.441 4998.064 4202.893 3233.698 2291.748 1471.271 738.285
0.000 0.000 0.000 0.000 0.000 0.000 0.000 0.000 0.256 0.597 1.228 2.375 4.682 9.102 16.936 30.176 52.695 91.394 155.714 257.244 409.849 637.385 970.885 1411.201 1964.987 2618.015 3404.037 4281.662 5237.870 6189.449 7123.449 7887.296 8679.273 9293.616 9711.632 10077.104 10311.540 10375.919 10341.920 10174.438 9884.882 9398.161 8741.105 7921.915 6884.332 5808.663 4476.317 3194.960 2053.296 1042.555
0.000 0.000 0.000 0.000 0.000 0.000 0.000 0.264 0.590 1.202 2.283 4.341 8.428 15.869 28.455 49.297 84.572 144.133 241.637 392.036 618.159 953.880 1433.115 2059.605 2850.859 3765.983 4865.776 6086.663 7419.522 8713.075 9976.825 10982.519 11998.703 12802.235 13318.500 13774.841 14058.611 14094.479 14018.749 13781.487 13383.224 12679.744 11780.768 10681.839 9264.172 7840.619 6059.140 4361.661 2807.640 1435.398
0.000 0.000 0.000 0.000 0.000 0.000 0.240 0.526 1.103 2.112 3.941 7.387 13.975 25.547 44.752 76.463 129.259 217.287 357.839 573.807 898.245 1373.817 2034.259 2892.670 3989.680 5240.645 6728.309 8372.218 10171.967 11884.908 13538.672 14864.516 16116.580 17141.404 17773.469 18316.102 18659.580 18666.756 18518.701 18209.416 17654.562 16697.934 15514.628 14071.878 12210.309 10357.468 8038.591 5825.484 3755.367 1938.756
0.000 0.000 0.000 0.000 0.000 0.000 0.415 0.896 1.822 3.429 6.335 11.684 21.448 38.399 66.603 113.003 189.264 314.234 509.364 809.177 1259.206 1910.867 2793.490 3931.844 5404.425 7073.018 9021.750 11150.088 13499.899 15717.216 17811.850 19540.424 21049.150 22339.830 23106.070 23700.623 24121.705 24107.658 23874.842 23496.725 22725.756 21496.408 20000.383 18141.561 15752.027 13379.735 10450.679 7632.557 4933.820 2567.745
0.000 0.000 0.000 0.000 0.000 0.313 0.646 1.360 2.754 5.170 9.497 17.298 30.921 54.598 94.425 159.762 266.068 437.221 700.872 1103.014 1705.101 2574.551 3732.699 5198.163 7103.141 9265.589 11753.138 14404.411 17364.295 20174.844 22724.172 24929.475 26776.844 28331.311 29268.938 29904.279 30396.646 30387.320 30044.271 29618.928 28618.420 27093.295 25231.912 22910.734 19918.891 16929.676 13329.170 9812.822 6376.755 3343.683
0.000 0.000 0.000 0.000 0.220 0.456 0.932 1.902 3.846 7.266 13.376 24.141 42.550 74.397 128.204 216.529 359.379 587.163 935.508 1459.559 2237.897 3364.412 4863.253 6712.453 9082.492 11796.913 14894.783 18120.305 21682.070 25179.760 28214.781 30926.211 33212.273 35008.793 36143.000 36854.137 37367.254 37386.121 36982.930 36450.973 35253.566 33407.668 31158.959 28354.268 24722.717 21051.445 16703.045 12372.019 8104.247 4291.646
0.000 0.000 0.000 0.000 0.298 0.628 1.270 2.502 5.021 9.616 17.788 32.064 56.379 97.981 167.986 282.675 467.643 762.460 1214.239 1883.232 2863.369 4276.855 6175.359 8482.294 11349.611 14636.558 18392.410 22271.342 26378.268 30630.074 34218.074 37403.074 40192.840 42236.910 43574.148 44432.371 44959.312 44935.520 44586.984 43898.160 42508.340 40349.176 37773.902 34429.730 30131.838 25715.057 20554.223 15350.911 10160.185 5428.328
0.000 0.000 0.000 0.000 0.380 0.809 1.637 3.160 6.231 12.061 22.532 40.807 72.071 125.097 213.680 358.171 590.488 960.164 1532.746 2376.470 3590.959 5316.228 7640.163 10485.764 13899.656 17766.078 22165.061 26825.146 31452.883 36381.938 40681.641 44286.258 47556.195 49940.020 51451.121 52540.328 53092.863 52999.727 52721.305 51910.977 50270.965 47894.766 44850.062 41009.195 36092.953 30908.783 24901.139 18724.506 12526.866 6794.363
0.000 0.000 0.000 0.218 0.463 0.993 2.012 3.852 7.462 14.495 27.387 50.044 88.947 154.878 264.489 442.692 728.490 1180.774 1884.917 2933.653 4426.481 6491.665 9245.920 12669.751 16688.746 21176.301 26150.906 31615.199 36899.758 42353.070 47430.629 51480.996 55156.121 57991.836 59645.246 60984.926 61609.891 61470.805 61290.395 60337.668 58461.105 55851.980 52400.090 48093.609 42558.805 36569.348 29701.900 22512.256 15251.415 8389.130
0.000 0.000 0.000 0.242 0.522 1.129 2.370 4.555 8.718 16.853 32.177 59.378 106.252 185.939 318.178 533.623 879.738 1425.890 2269.293 3538.679 5351.096 7801.225 10985.604 14967.635 19594.387 24748.758 30250.805 36463.199 42518.625 48441.383 54108.805 58787.887 62754.828 66039.164 67982.398 69527.266 70367.391 70159.062 70033.820 69036.180 66930.227 64196.559 60338.668 55556.402 49408.383 42672.680 34916.699 26677.480 18304.650 10241.118
0.000 0.000 0.000 0.248 0.540 1.160 2.503 5.143 9.994 19.078 36.299 67.625 122.524 215.904 371.630 626.879 1038.989 1688.883 2687.375 4175.431 6303.417 9183.318 12809.110 17301.873 22470.762 28288.418 34459.961 41206.668 47970.578 54468.664 60577.414 65836.953 70073.391 73560.609 76093.023 77757.781 78860.438 78828.188 78698.547 77713.789 75547.336 72604.688 68445.062 63250.027 56603.141 49163.102 40512.441 31181.365 21687.385 12364.812
0.000 0.000 0.000 0.246 0.542 1.168 2.490 5.299 10.684 20.778 39.405 73.433 134.279 238.814 416.453 711.048 1187.758 1943.024 3099.790 4807.324 7219.416 10456.068 14473.440 19409.504 25028.652 31344.395 38284.855 45534.992 52972.926 60187.973 66666.125 72199.398 76851.969 80403.461 83461.688 85427.156 86787.836 87093.242 86882.547 85784.875 83937.438 80866.758 76560.039 71082.414 63961.988 55925.324 46413.133 36012.051 25382.045 14746.379
0.000 0.000 0.000 0.218 0.496 1.106 2.414 5.221 10.815 21.233 40.723 76.666 141.833 257.055 454.052 784.135 1323.645 2176.585 3480.336 5403.575 8080.602 11569.297 15920.046 21170.721 27113.773 33703.617 41069.973 48801.129 56692.395 64565.402 71580.234 77533.812 82921.633 86481.570 89811.805 92139.602 93609.477 94384.406 94412.688 93401.469 91866.094 88847.969 84456.625 78832.688 71305.453 62876.242 52593.957 41165.262 29336.572 17390.322
0.000 0.000 0.000 0.000 0.420 0.954 2.115 4.599 9.925 20.711 40.765 77.604 144.884 265.817 478.069 837.354 1427.869 2362.508 3793.161 5889.087 8781.605 12491.312 17099.805 22542.615 28756.736 35734.855 43398.977 51397.918 59669.840 67776.594 75068.750 81353.070 87148.594 91202.609 94959.680 97692.367 99535.508 100673.383 100952.070 99927.508 98761.898 96141.766 91808.336 86226.211 78547.883 69823.195 58891.863 46590.477 33565.195 20269.285
0.000 0.000 0.000 0.000 0.344 0.801 1.821 4.037 8.731 18.471 37.592 73.984 141.921 265.587 484.960 862.822 1483.262 2471.754 3978.551 6168.927 9159.828 12984.109 17728.662 23317.602 29717.354 36891.047 44838.406 53108.000 61688.238 69952.055 77439.367 84036.039 89817.359 94437.344 98541.992 101809.102 103996.164 105616.273 106277.492 105703.930 104850.344 102617.734 98751.719 93216.930 85461.961 76498.688 65236.055 52216.664 38023.191 23383.410
0.000 0.000 0.000 0.000 0.267 0.642 1.501 3.414 7.545 16.183 33.887 68.833 135.643 259.335 479.430 859.572 1494.096 2503.351 4045.883 6244.083 9228.293 13065.711 17802.957 23359.049 29762.947 37003.973 45027.781 53467.879 62180.160 70438.664 77988.945 85219.016 91008.969 96184.023 100740.070 104279.641 107158.000 109264.383 110265.484 110280.359 109819.086 107837.836 104553.906 99413.641 91900.320 82895.984 71372.234 57935.871 42688.406 26712.982
0.000 0.000 0.000 0.000 0.000 0.483 1.169 2.740 6.219 13.708 29.557 61.702 124.804 244.109 460.389 835.150 1461.049 2472.379 3998.969 6152.407 9035.026 12766.028 17410.934 22837.844 29203.426 36428.102 44336.625 52697.152 61378.699 69498.883 76943.773 84584.711 90573.992 96234.516 101590.234 105527.938 109058.250 111501.523 112861.008 113565.461 113530.430 112031.133 109483.258 104958.500 97898.008 88980.422 77160.469 63585.461 47552.355 30184.625
0.000 0.000 0.000 0.000 0.000 0.334 0.847 2.062 4.840 11.038 24.552 53.303 110.873 221.460 425.519 782.687 1383.782 2350.394 3801.714 5855.534 8601.152 12117.065 16546.717 21822.895 28003.740 35081.160 42793.398 51008.859 59419.363 67388.578 74964.766 82184.078 88875.484 94787.359 100814.508 105674.500 109830.023 112673.938 114538.086 115726.656 116074.188 114997.250 113001.891 109337.977 102986.312 94455.656 82666.906 69031.125 52412.160 33820.344
0.000 0.000 0.000 0.000 0.000 0.217 0.574 1.462 3.583 8.440 19.353 43.642 94.243 193.518 377.152 704.666 1264.485 2155.696 3486.902 5364.840 7891.270 11182.806 15308.638 20294.660 26198.229 33010.145 40518.859 48498.652 56358.184 64090.262 71910.836 78785.641 85911.789 92497.602 98498.961 104076.844 108828.273 112590.422 115181.344 116744.750 117417.359 116836.766 115445.273 112551.492 107181.898 99264.297 87772.484 74055.383 57353.309 37561.031
0.000 0.000 0.000 0.000 0.000 0.000 0.385 0.998 2.508 6.157 14.780 34.019 75.145 160.075 319.343 608.283 1105.767 1894.599 3068.243 4740.339 7013.293 9996.769 13756.535 18399.980 23984.109 30389.189 37393.895 45003.945 52412.379 59942.840 67560.602 74862.953 81803.039 89087.836 95461.039 101371.633 106922.750 111185.953 114484.438 116601.461 117621.719 117838.773 116763.266 114546.117 110127.688 103006.430 92194.758 78818.672 62044.883 41316.820
0.000 0.000 0.000 0.000 0.000 0.000 0.286 0.728 1.803 4.391 10.562 24.897 57.211 124.984 254.414 496.017 917.132 1582.599 2583.748 4021.930 6010.282 8652.155 12038.696 16243.317 21353.795 27231.848 33789.676 40602.418 47877.457 55252.477 62512.211 70017.727 77390.273 84624.086 91713.891 98013.422 104016.023 108948.383 112956.805 115487.398 117151.836 117693.383 117152.188 115574.977 112049.117 105945.930 96067.516 82912.336 66590.211 45141.000
0.000 0.000 0.000 0.000 0.000 0.000 0.205 0.543 1.357 3.284 7.758 17.939 40.709 91.016 191.258 380.675 715.678 1251.374 2074.570 3280.053 4958.336 7231.789 10217.036 13971.282 18513.188 23779.787 29644.334 36060.164 42725.645 49983.461 57318.250 64749.242 72503.961 79944.984 87272.172 94274.273 100453.977 105936.148 110611.453 113687.180 115903.594 116772.484 116614.641 115502.906 112897.609 107882.875 99212.227 86538.109 70713.969 48886.309
0.000 0.000 0.000 0.000 0.000 0.000 0.000 0.387 1.015 2.510 5.819 12.958 28.388 62.123 134.650 272.547 524.494 938.771 1586.289 2557.442 3941.066 5856.289 8389.114 11631.631 15588.156 20172.320 25428.449 31323.551 37704.031 44579.273 51929.680 59566.164 67304.539 75048.953 82413.742 89701.109 96326.648 102168.906 107440.797 111002.117 113894.789 115234.039 115438.477 114807.391 112891.898 108896.133 101428.375 89727.828 74335.039 52605.398
0.000 0.000 0.000 0.000 0.000 0.000 0.000 0.278 0.776 1.903 4.306 9.180 19.346 40.847 87.990 185.774 362.743 671.052 1160.757 1920.477 3026.896 4585.983 6688.072 9372.832 12658.188 16690.322 21375.982 26678.844 32835.613 39489.805 46633.430 54253.215 61909.492 69489.906 77123.922 84414.312 91415.469 97486.469 103040.836 107363.531 110877.922 112798.703 113570.719 113413.023 112090.758 108927.672 102884.641 92322.664 77500.625 56244.410
0.000 0.000 0.000 0.000 0.000 0.000 0.000 0.000 0.473 1.248 2.954 6.308 13.083 27.042 57.084 120.417 242.268 458.761 824.587 1393.004 2248.959 3462.342 5126.066 7321.649 10120.045 13561.288 17716.596 22625.895 28281.230 34545.344 41251.668 48455.934 55919.367 63476.391 70913.016 78050.344 84839.969 91542.539 97441.539 102467.195 106445.273 109097.047 110639.367 110948.617 110368.773 108199.836 103344.328 94263.773 80245.109 59725.996
0.000 0.000 0.000 0.000 0.000 0.000 0.000 0.000 0.245 0.672 1.697 3.965 8.678 18.553 38.797 80.526 162.595 309.766 562.359 974.034 1612.557 2553.710 3875.446 5674.426 8043.743 11022.147 14675.630 19040.775 24040.303 29636.025 35854.992 42363.230 49128.332 56269.000 63439.078 70404.867 77342.344 84046.797 90153.789 95501.398 100311.203 103635.109 106194.586 107330.156 107405.992 106204.727 102727.102 95282.594 82261.133 62972.785
0.000 0.000 0.000 0.000 0.000 0.000 0.000 0.000 0.000 0.413 1.016 2.360 5.418 12.180 26.720 57.266 114.430 215.664 391.987 692.332 1175.121 1913.222 2979.731 4458.410 6425.227 8930.427 12022.940 15717.516 19954.068 24734.904 29987.900 35705.566 41777.914 48297.625 54907.797 61431.375 68171.367 74725.516 81005.359 86984.789 92437.523 96663.719 99841.188 101832.812 102980.641 102778.117 100562.047 95196.375 83814.234 65872.867
0.000 0.000 0.000 0.000 0.000 0.000 0.000 0.000 0.000 0.264 0.671 1.632 3.822 8.618 19.189 42.185 86.085 164.618 300.708 532.348 909.908 1491.441 2336.733 3505.503 5063.966 7062.888 9518.149 12442.063 15849.941 19729.639 24037.152 28655.332 33764.719 39410.344 45460.488 51700.414 58066.914 64509.441 70746.250 76907.891 82615.492 87610.789 91702.148 94634.570 96816.672 97899.250 97088.797 93422.672 84329.867 68004.242
0.000 0.000 0.000 0.000 0.000 0.000 0.000 0.000 0.000 0.000 0.406 1.182 3.022 6.972 15.313 33.427 69.886 136.909 252.997 446.028 752.363 1214.383 1877.691 2773.610 3929.168 5383.561 7192.425 9384.395 11944.074 14916.742 18294.338 22053.301 26244.721 30963.492 36127.359 41681.918 47448.422 53486.418 59591.406 65630.383 71704.938 77298.359 82213.156 86060.758 88985.953 91082.414 91903.570 90054.711 83309.148 69150.094
0.000 0.000 0.000 0.000 0.000 0.000 0.000 0.000 0.000 0.000 0.277 0.874 2.429 5.900 13.359 29.290 60.910 119.825 221.042 384.798 636.684 999.834 1495.574 2151.378 3004.158 4069.857 5367.147 6921.946 8816.321 11065.081 13640.857 16565.711 19905.213 23730.785 27998.533 32619.727 37664.418 43150.660 48785.715 54532.660 60435.559 66314.633 71596.164 76138.008 79864.070 82852.188 84674.773 84555.977 80481.242 69312.805
0.000 0.000 0.000 0.000 0.000 0.000 0.000 0.000 0.000 0.000 0.250 0.759 2.075 5.183 12.429 27.611 56.685 108.971 195.073 326.557 519.887 796.636 1174.617 1663.613 2285.195 3075.042 4053.809 5238.500 6687.172 8396.147 10352.035 12607.165 15195.178 18228.965 21685.234 25484.959 29777.719 34406.457 39188.906 44317.223 49786.000 55411.391 60843.777 65798.906 70178.977 73894.438 76701.805 78083.781 76259.109 68024.203
0.000 0.000 0.000 0.000 0.000 0.000 0.000 0.000 0.000 0.000 0.244 0.761 2.056 5.189 12.446 26.818 52.145 94.800 163.723 268.134 416.819 624.603 914.158 1298.454 1789.485 2402.483 3144.983 4052.120 5178.851 6528.632 8101.686 9914.039 11980.228 14411.478 17138.678 20252.473 23748.682 27528.430 31634.664 36124.996 40938.590 46029.680 51097.180 55880.266 60305.391 64168.133 67445.531 69806.195 70070.000 65127.219
0.000 0.000 0.000 0.000 0.000 0.000 0.000 0.000 0.000 0.000 0.242 0.769 2.119 5.404 12.421 25.563 47.956 83.808 138.721 220.621 339.117 504.458 733.863 1037.327 1421.843 1905.164 2503.432 3244.718 4148.965 5220.465 6457.684 7891.699 9566.408 11523.485 13810.561 16447.926 19397.363 22537.842 25929.311 29637.162 33636.617 37986.512 42447.113 46826.344 51118.547 55109.859 58711.168 61689.000 63292.250 60915.094
0.000 0.000 0.000 0.000 0.000 0.000 0.000 0.000 0.000 0.000 0.242 0.774 2.160 5.422 12.061 23.556 43.027 74.365 121.664 191.334 287.239 417.524 596.698 840.507 1150.704 1537.328 2012.163 2604.562 3344.489 4223.015 5272.567 6491.304 7912.054 9546.343 11419.661 13516.284 15839.564 18409.924 21276.389 24445.566 27884.541 31648.980 35558.242 39446.992 43242.438 46860.734 50236.742 53187.801 55319.340 55453.172
0.000 0.000 0.000 0.000 0.000 0.000 0.000 0.000 0.000 0.000 0.268 0.844 2.246 5.188 10.891 21.351 38.756 65.354 103.741 161.783 244.683 355.036 502.602 697.178 942.960 1251.770 1645.328 2148.214 2761.989 3495.630 4365.307 5358.427 6532.781 7904.143 9477.614 11236.840 13180.919 15353.255 17791.697 20453.566 23355.762 26476.285 29690.584 32899.082 36118.789 39386.676 42507.480 45330.621 47674.012 49025.723
