tests/test_03/output10/CloudConcentration_010.00hrs.dat
NCOLS    50
NROWS    50
XLLCORNER    -2289770.000
YLLCORNER     2591270.000
CELLSIZE        2000.000       2000.000
NODATA_VALUE -9999.
[rows 0 to 28 of 50, columns 0 to 49 of 50]
0.000000 0.000000 0.000000 0.000000 0.000000 0.000000 0.000000 0.000000 0.000000 0.000000 0.000000 0.000000 0.000000 0.864078 2.059124 4.284637 8.319323 15.714012 28.633022 49.827854 81.132339 123.806602 176.282242 248.485703 322.516449 406.865906 503.738525 639.967224 778.476440 904.926697 1027.964111 1159.216309 1303.106323 1401.731812 1453.448975 1524.711060 1604.976929 1611.726074 1561.633789 1579.075195 1505.736084 1390.677002 1279.618164 1193.338501 1044.894775 855.443848 712.578125 477.850800 316.814148 149.426315
0.000000 0.000000 0.000000 0.000000 0.000000 0.000000 0.000000 0.000000 0.000000 0.000000 0.000000 0.000000 0.884033 2.084894 4.415154 8.850492 17.048666 31.225283 55.492420 95.331329 152.885696 229.404602 326.694489 442.041870 558.818420 690.492188 827.223877 981.169250 1190.691772 1356.717041 1509.649902 1645.766846 1865.109375 1997.036865 2054.214111 2124.372559 2243.220459 2249.971680 2176.956787 2178.847412 2089.172852 1944.611206 1786.400024 1671.870605 1469.034790 1205.719727 1003.327271 674.149536 448.302704 212.854370
0.000000 0.000000 0.000000 0.000000 0.000000 0.000000 0.000000 0.000000 0.000000 0.000000 0.413543 1.032233 2.271320 4.682956 9.391954 18.274387 33.527752 59.343147 103.513023 173.359909 274.066925 407.919647 581.240845 767.717468 969.253296 1172.032959 1365.903931 1564.897461 1891.132935 2123.477539 2342.538574 2489.505127 2824.307617 3002.758789 3059.438477 3112.219971 3292.635498 3292.474854 3174.077637 3141.434814 3031.363281 2840.597900 2616.541016 2443.775635 2152.812988 1767.488647 1470.070801 989.407349 657.214783 313.361359
0.000000 0.000000 0.000000 0.000000 0.000000 0.000000 0.000000 0.000000 0.000000 0.452479 1.126563 2.390521 4.786085 9.507506 18.420397 34.059937 60.353283 105.259773 179.974503 295.227509 459.996765 682.857605 967.639404 1259.516235 1591.035645 1881.738159 2155.594238 2429.374512 2862.228027 3194.605225 3489.205322 3684.287354 4101.315918 4351.731445 4417.545410 4482.680664 4681.985840 4657.575684 4487.715332 4401.636719 4273.623047 4020.830322 3709.657227 3456.400391 3054.135254 2515.546387 2097.910645 1417.676025 941.023071 449.532532
0.000000 0.000000 0.000000 0.000000 0.000000 0.000000 0.000000 0.000000 0.510118 1.190976 2.447686 4.725080 9.297033 18.026966 33.406590 59.166691 102.486740 175.835968 294.791107 475.151917 731.235107 1080.580444 1519.020752 1959.852173 2465.860107 2872.423828 3248.375244 3621.490967 4182.898926 4636.298340 5012.963379 5254.342285 5760.035156 6087.880859 6168.783691 6234.916504 6453.463867 6395.911133 6173.536621 6008.405273 5856.944824 5532.929688 5101.874023 4738.042969 4207.501465 3481.487061 2916.956055 1982.517944 1313.665161 632.453125
0.000000 0.000000 0.000000 0.000000 0.000000 0.000000 0.000000 0.527700 1.178626 2.398901 4.552796 8.645417 16.755358 31.471251 56.212212 96.836166 164.866196 278.051758 458.987915 727.569885 1110.329956 1629.475220 2265.322998 2918.058350 3630.255127 4190.085449 4695.300781 5197.187500 5905.810059 6499.991699 6967.682129 7250.274414 7847.256836 8243.469727 8340.954102 8406.837891 8645.412109 8547.874023 8254.251953 8002.439941 7806.545898 7393.663574 6822.786621 6337.208984 5647.274902 4695.062500 3951.083984 2702.392822 1792.838257 867.560547
0.000000 0.000000 0.000000 0.000000 0.000000 0.000000 0.479006 1.051694 2.204318 4.217851 7.862302 14.718928 27.803701 50.707981 88.503136 150.404221 252.365189 419.876251 681.072754 1068.166870 1619.444946 2356.347412 3232.096680 4158.137695 5125.642578 5882.241211 6543.466797 7183.952148 8055.708496 8809.521484 9376.207031 9690.714844 10390.734375 10840.271484 10950.404297 11006.542969 11262.973633 11124.867188 10730.074219 10393.578125 10124.066406 9603.193359 8888.854492 8263.150391 7385.169434 6173.993652 5222.129883 3597.297852 2391.991455 1165.563477
0.000000 0.000000 0.000000 0.000000 0.000000 0.000000 0.829629 1.790330 3.641961 6.849139 12.643741 23.293167 42.692387 76.257858 131.808701 222.482407 369.876740 607.748840 970.378235 1508.685791 2273.911621 3279.704346 4448.105957 5693.279297 6962.068359 7948.066406 8784.432617 9566.210938 10614.341797 11530.056641 12194.965820 12557.853516 13396.536133 13869.299805 13984.758789 14000.803711 14279.315430 14093.538086 13580.285156 13185.747070 12796.789062 12144.298828 11288.433594 10513.164062 9416.097656 7912.804688 6746.583008 4681.703125 3123.257080 1534.515869
0.000000 0.000000 0.000000 0.000000 0.000000 0.625911 1.290852 2.718817 5.503269 10.327659 18.957788 34.493980 61.564762 108.459213 186.943085 314.704468 520.240234 845.839661 1335.212891 2056.373047 3077.794189 4410.272461 5933.182617 7515.988281 9116.740234 10341.360352 11367.095703 12287.486328 13520.834961 14586.316406 15359.310547 15780.178711 16792.037109 17263.400391 17374.587891 17330.335938 17636.101562 17390.228516 16762.730469 16360.029297 15803.227539 14994.898438 13994.422852 13078.402344 11734.828125 9907.627930 8528.230469 5968.072754 4006.962891 1984.444946
0.000000 0.000000 0.000000 0.000000 0.439577 0.910946 1.863434 3.801924 7.687600 14.516623 26.705650 48.149166 84.732590 147.809921 253.847992 426.573669 702.704102 1135.574829 1780.599365 2716.118164 4028.997559 5736.451660 7677.189941 9593.681641 11543.269531 12987.986328 14202.885742 15266.736328 16691.025391 17885.144531 18777.896484 19259.154297 20393.699219 20915.601562 21016.050781 20894.691406 21258.654297 20922.615234 20235.056641 19810.591797 19082.587891 18114.457031 16958.945312 15911.363281 14317.084961 12152.416992 10554.794922 7475.126465 5038.235840 2533.355957
0.000000 0.000000 0.000000 0.000000 0.595064 1.255129 2.538652 5.002312 10.035594 19.212229 35.519188 63.959629 112.282158 194.665451 332.565094 556.684814 913.815247 1473.002197 2306.629639 3491.922363 5128.141113 7236.173828 9651.055664 11882.572266 14183.495117 15799.175781 17197.847656 18394.748047 20042.281250 21315.482422 22319.882812 22871.580078 24114.558594 24707.722656 24791.718750 24804.923828 25053.777344 24591.015625 23917.042969 23290.333984 22523.230469 21402.427734 20073.462891 18942.257812 17106.943359 14621.523438 12794.533203 9219.708984 6263.647461 3184.943604
0.000000 0.000000 0.000000 0.000000 0.759081 1.618256 3.272676 6.316831 12.455285 24.098738 44.994171 81.402367 143.531097 248.499924 422.855225 704.795654 1152.314575 1851.061890 2902.572998 4383.987793 6380.080566 8893.841797 11747.803711 14309.807617 16962.628906 18684.197266 20245.117188 21576.783203 23436.035156 24783.607422 25876.373047 26514.753906 27871.419922 28538.322266 28663.960938 28919.556641 28948.541016 28355.660156 27616.773438 26931.775391 26023.011719 24755.066406 23302.341797 22119.515625 20072.955078 17432.144531 15231.593750 11221.861328 7644.623047 3943.050293
0.000000 0.000000 0.000000 0.436710 0.925513 1.986288 4.022901 7.701222 14.914701 28.961721 54.685490 99.821373 177.114105 307.561584 523.063477 870.088074 1418.835449 2269.305908 3553.132324 5375.146484 7777.468750 10691.536133 13912.403320 16807.000000 19774.750000 21555.681641 23230.820312 24696.064453 26729.824219 28214.621094 29353.789062 30309.023438 31611.117188 32298.376953 32489.453125 32812.523438 32870.839844 32124.673828 31257.998047 30608.048828 29525.968750 28144.457031 26768.181641 25358.777344 23146.875000 20415.878906 17816.818359 13446.443359 9187.726562 4804.351562
0.000000 0.000000 0.000000 0.483881 1.044180 2.258290 4.738754 9.106881 17.424700 33.671432 64.244728 118.420761 211.512558 369.050201 628.641602 1047.112305 1708.949463 2729.080566 4250.067383 6421.392090 9268.685547 12583.705078 16072.125977 19314.283203 22345.470703 24283.400391 26015.873047 27567.710938 29802.115234 31426.486328 32573.275391 34062.332031 35132.210938 35798.351562 36092.261719 36524.375000 36650.796875 35797.636719 35195.167969 34241.289062 32967.464844 31520.210938 30061.343750 28583.802734 26233.689453 23477.550781 20484.156250 15861.841797 10876.135742 5766.271973
0.000000 0.000000 0.000000 0.495826 1.079747 2.319926 5.004563 10.282207 19.974615 38.114460 72.461441 134.825516 243.779358 428.161438 733.211060 1227.275635 2011.030029 3214.462158 4989.784180 7475.086426 10706.243164 14421.421875 18084.550781 21608.927734 24546.537109 26676.191406 28475.953125 30253.423828 32480.005859 34241.644531 35459.109375 37115.964844 38257.449219 38890.867188 39253.378906 39894.261719 40033.601562 39294.406250 38717.316406 37697.511719 36290.066406 34656.914062 33240.609375 31693.802734 29250.261719 26541.804688 23186.525391 18444.970703 12697.157227 6822.368652
0.000000 0.000000 0.000000 0.492635 1.084314 2.335405 4.979286 10.594201 21.353319 41.503208 78.638794 146.325333 266.929993 472.915161 819.806580 1387.218750 2286.620605 3668.870605 5689.080078 8455.629883 11925.024414 15841.308594 19488.416016 23195.455078 25940.373047 28214.048828 30105.574219 32425.347656 34660.820312 36558.332031 37892.484375 39642.394531 40892.218750 41424.011719 42230.117188 42817.726562 42944.992188 42406.257812 41939.214844 40779.578125 39312.863281 37564.753906 36208.894531 34584.531250 32168.484375 29600.746094 25887.533203 21124.580078 14626.838867 7986.088867
0.000000 0.000000 0.000000 0.435268 0.992617 2.212426 4.825624 10.436993 21.610376 42.400036 81.227119 152.637497 281.563080 507.999573 891.040039 1522.524048 2529.976807 4066.416992 6291.596680 9299.775391 12898.193359 16715.267578 20279.437500 23892.269531 26415.082031 28707.591797 30715.812500 33243.156250 35614.503906 37600.835938 39262.312500 41533.777344 43068.335938 43542.359375 44478.941406 45195.203125 45314.390625 44878.816406 44754.761719 43452.941406 42022.492188 40394.835938 38914.273438 37168.339844 34793.574219 32471.554688 28541.162109 23850.279297 16627.552734 9241.804688
0.000000 0.000000 0.000000 0.000000 0.840616 1.907311 4.229087 9.191744 19.824764 41.337040 81.247818 154.307724 287.030609 523.658997 933.857422 1615.023315 2702.905029 4352.088379 6716.433594 9854.585938 13492.824219 17131.095703 20726.533203 24073.171875 26453.183594 28733.056641 30807.962891 33453.777344 35894.234375 37871.320312 40008.824219 42289.667969 44004.843750 44920.468750 46267.882812 47029.632812 47145.140625 47013.062500 47029.445312 45738.125000 44327.257812 42886.144531 41316.460938 39461.191406 37036.933594 35034.457031 31090.792969 26543.513672 18667.037109 10582.324219
0.000000 0.000000 0.000000 0.000000 0.688357 1.602183 3.639168 8.065061 17.429579 36.830265 74.814980 146.790710 280.252045 520.699097 940.721008 1648.020264 2769.818604 4468.166504 6856.074707 9896.495117 13343.857422 16731.625000 20199.125000 23242.568359 25614.058594 27915.705078 30163.515625 33091.851562 35627.832031 37734.667969 40167.882812 42478.132812 44185.968750 45522.566406 47148.234375 48043.363281 48327.718750 48637.570312 48793.000000 47676.347656 46329.417969 44985.605469 43358.339844 41412.492188 39216.492188 37161.066406 33444.050781 29046.322266 20712.976562 12008.175781
0.000000 0.000000 0.000000 0.000000 0.533835 1.283603 2.998389 6.816135 15.048036 32.220203 67.288239 136.118973 266.565521 504.934021 920.798035 1618.958496 2737.597900 4409.658691 6724.998047 9540.257812 12614.970703 15724.368164 18940.244141 21707.041016 24078.113281 26257.585938 28871.236328 31644.849609 34194.242188 36498.238281 39328.542969 41898.335938 43867.558594 45696.753906 47384.132812 48286.253906 48734.667969 49393.421875 49548.691406 48987.964844 48262.726562 46679.062500 45019.113281 43043.062500 41029.636719 38927.605469 35412.679688 31279.101562 23011.095703 13535.579102
0.000000 0.000000 0.000000 0.000000 0.000000 0.964302 2.334748 5.464835 12.383698 27.224478 58.473442 121.367355 243.429688 470.392578 871.936035 1543.207031 2607.689453 4197.012207 6324.094238 8861.851562 11506.530273 14320.254883 17224.226562 19728.994141 22066.738281 24202.273438 26994.175781 29729.761719 32200.828125 34835.175781 37729.441406 40223.277344 42477.519531 44961.496094 47085.433594 48073.617188 48969.777344 49626.023438 49754.171875 49455.156250 49387.410156 47975.140625 46276.945312 44325.585938 42514.953125 40347.550781 37025.722656 33093.703125 25322.857422 15231.011719
0.000000 0.000000 0.000000 0.000000 0.000000 0.667595 1.689339 4.103440 9.608149 21.823372 48.263584 103.944756 213.746704 420.140259 789.593750 1408.333618 2385.893311 3811.166748 5650.319336 7791.548828 10113.609375 12623.050781 15194.449219 17419.386719 19615.929688 21790.490234 24684.382812 27360.484375 29811.583984 32796.996094 35697.105469 38165.839844 40704.703125 43441.570312 45658.070312 47289.183594 48912.230469 49626.902344 49745.660156 49626.367188 49771.933594 48607.488281 46997.199219 45411.910156 43675.062500 41460.003906 38258.785156 34668.804688 27585.203125 16966.765625
0.000000 0.000000 0.000000 0.000000 0.000000 0.432066 1.141021 2.899665 7.073033 16.553505 37.617924 83.859154 178.315918 358.526581 678.825867 1220.257690 2075.637207 3290.980957 4824.062012 6564.625977 8547.002930 10718.651367 12942.167969 14951.838867 16934.449219 19424.037109 22068.939453 24615.660156 27247.595703 30380.146484 33232.000000 35768.496094 38751.835938 41454.300781 43658.449219 45714.097656 47785.027344 48869.121094 49240.816406 49670.945312 49792.925781 48721.316406 47326.359375 46001.652344 44293.031250 42107.519531 39638.750000 35925.925781 29639.103516 18764.261719
0.000000 0.000000 0.000000 0.000000 0.000000 0.000000 0.762096 1.964355 4.898518 11.901070 28.178051 63.719898 137.673355 285.639771 549.930237 998.894043 1695.645264 2654.724854 3863.965332 5285.440918 6933.491699 8745.013672 10530.245117 12351.180664 14208.189453 16762.417969 19253.724609 21683.259766 24680.937500 27666.289062 30409.466797 33330.664062 36409.695312 39078.609375 41434.703125 43984.351562 46134.648438 47461.812500 48362.457031 48969.640625 49099.593750 48511.503906 47534.406250 46179.304688 44452.242188 42353.640625 40288.140625 36900.089844 31338.203125 20464.171875
0.000000 0.000000 0.000000 0.000000 0.000000 0.000000 0.562471 1.419089 3.461474 8.266412 19.407131 44.472198 99.259911 209.956146 408.729553 751.586914 1285.101562 2006.597900 2893.047363 4004.645996 5334.097656 6798.909668 8249.525391 9773.024414 11849.847656 14080.861328 16315.137695 18964.367188 21861.523438 24709.183594 27405.373047 30738.158203 33758.449219 36413.542969 39211.101562 41915.996094 44095.707031 45672.296875 47268.453125 47925.960938 48070.679688 47913.835938 47467.933594 46132.808594 44415.835938 42429.234375 40525.816406 37399.472656 32565.554688 21953.406250
0.000000 0.000000 0.000000 0.000000 0.000000 0.000000 0.399777 1.040789 2.541291 5.940447 13.431380 29.568565 63.956745 137.881973 277.857941 516.262024 880.231445 1376.035889 2025.017334 2861.371826 3842.118164 4911.455566 6114.514160 7646.167480 9460.960938 11409.127930 13613.316406 16283.403320 18966.470703 21646.669922 24805.609375 27972.687500 30908.849609 33830.691406 36960.230469 39632.058594 41844.871094 44045.617188 45875.949219 46596.253906 46862.417969 47134.738281 46765.015625 45574.949219 43986.039062 42484.945312 40551.343750 37577.031250 33484.394531 23167.070312
0.000000 0.000000 0.000000 0.000000 0.000000 0.000000 0.000000 0.724034 1.832977 4.285747 9.216578 18.855883 38.197521 79.456192 166.305298 310.753815 539.451721 863.289856 1298.784058 1871.891968 2544.991455 3345.948486 4440.550781 5777.719238 7306.494141 9092.023438 11314.270508 13695.395508 16130.327148 19073.757812 22124.279297 25131.425781 28099.691406 31457.037109 34485.917969 37124.953125 39608.449219 42074.066406 44020.210938 44963.820312 45792.613281 46082.968750 45828.761719 44841.675781 43669.734375 42137.523438 40244.742188 37505.531250 33944.460938 23937.490234
0.000000 0.000000 0.000000 0.000000 0.000000 0.000000 0.000000 0.505365 1.344376 3.020243 5.890235 10.687614 20.053055 39.686771 82.543472 162.658829 287.297424 482.876587 745.023438 1107.691528 1576.166626 2274.604492 3152.611572 4192.751465 5602.146484 7259.206055 9168.545898 11237.040039 13888.231445 16669.683594 19495.156250 22417.173828 25694.470703 28818.587891 31701.710938 34339.683594 37221.316406 39597.839844 41548.941406 42991.402344 44230.394531 44582.027344 44424.621094 44102.867188 43094.136719 41595.441406 39728.343750 37526.472656 34223.312500 24647.929688
0.000000 0.000000 0.000000 0.000000 0.000000 0.000000 0.000000 0.000000 0.757204 1.813289 3.568193 6.115835 10.185325 18.107506 34.723400 69.437088 131.232071 228.071548 393.525024 641.765564 1005.449463 1491.336060 2210.601807 3135.023682 4287.846191 5661.187012 7411.662598 9490.409180 11804.026367 14249.757812 16953.898438 19941.216797 22912.029297 25772.410156 28442.646484 31387.658203 34087.226562 36419.804688 38415.671875 40347.445312 41851.820312 42386.753906 42548.531250 42722.347656 41997.750000 40681.605469 39001.687500 37173.644531 34251.820312 25285.785156
