tests/test_03/output10/CloudLoad_010.00hrs.dat
NCOLS    50
NROWS    50
XLLCORNER    -2289770.000
YLLCORNER     2591270.000
CELLSIZE        2000.000       2000.000
NODATA_VALUE -9999.
[rows 0 to 27 of 50, columns 0 to 49 of 50]
0.000000 0.000000 0.000000 0.000000 0.000000 0.000000 0.000000 0.000000 0.000000 0.000000 0.000000 0.000000 0.000000 0.442524 1.062170 2.236006 4.410610 8.500266 15.914791 28.736923 49.523155 81.802307 128.658752 197.992859 293.331451 417.276154 577.852539 774.433716 982.075806 1209.831543 1436.477173 1646.586914 1831.650635 2025.813843 2167.246826 2293.789307 2405.390625 2468.318604 2484.406006 2473.538818 2399.197998 2286.332275 2152.243408 1945.436279 1718.181763 1440.301392 1113.292969 777.603943 496.271545 244.140762
0.000000 0.000000 0.000000 0.000000 0.000000 0.000000 0.000000 0.000000 0.000000 0.000000 0.000000 0.000000 0.448822 1.062441 2.262785 4.571893 8.904883 16.574425 30.084862 53.211517 89.776482 144.374390 224.041214 338.475677 487.604919 677.846741 914.349670 1197.933105 1493.541748 1815.888794 2123.048096 2417.006592 2680.250244 2936.768311 3119.925293 3291.764893 3426.381592 3501.651367 3512.658691 3493.886475 3383.673096 3239.280762 3044.291016 2756.259766 2422.127441 2030.511963 1562.978271 1096.649048 702.497559 348.203918
0.000000 0.000000 0.000000 0.000000 0.000000 0.000000 0.000000 0.000000 0.000000 0.000000 0.208249 0.520519 1.148210 2.375807 4.787140 9.375222 17.373228 31.179668 55.381817 95.378944 157.764206 249.585678 385.309845 575.258850 818.068054 1117.717041 1480.521606 1908.088379 2355.490234 2833.509766 3292.350830 3710.212891 4110.616211 4460.457520 4708.612305 4941.664062 5101.461426 5182.443848 5182.301758 5133.669922 4975.736328 4760.095215 4457.333496 4038.927734 3531.347900 2962.020508 2277.385742 1604.868896 1028.910767 513.943848
0.000000 0.000000 0.000000 0.000000 0.000000 0.000000 0.000000 0.000000 0.000000 0.227178 0.566009 1.202944 2.414063 4.809989 9.358283 17.412292 31.132616 54.944607 95.538513 160.936539 260.605804 408.311493 627.833801 924.668213 1299.311768 1749.534790 2292.676758 2911.007812 3574.016602 4255.844238 4925.072754 5497.828125 6079.041504 6544.798340 6871.777344 7168.619141 7359.019043 7438.140137 7427.704102 7326.758789 7114.252930 6784.444824 6326.892578 5735.443848 4998.066895 4202.894531 3233.699707 2291.748779 1471.271973 738.284912
0.000000 0.000000 0.000000 0.000000 0.000000 0.000000 0.000000 0.000000 0.255583 0.597037 1.228283 2.374869 4.681867 9.102223 16.935860 30.175610 52.695168 91.393738 155.713562 257.244263 409.849518 637.385071 970.885132 1411.201416 1964.988281 2618.015869 3404.038574 4281.664062 5237.873047 6189.452148 7123.453613 7887.300293 8679.279297 9293.621094 9711.637695 10077.110352 10311.546875 10375.924805 10341.925781 10174.442383 9884.886719 9398.166016 8741.109375 7921.918457 6884.334473 5808.665039 4476.318848 3194.961670 2053.296387 1042.554932
0.000000 0.000000 0.000000 0.000000 0.000000 0.000000 0.000000 0.264108 0.590100 1.201790 2.283132 4.341402 8.428118 15.869408 28.454556 49.297256 84.572433 144.133057 241.637482 392.036102 618.158875 953.880493 1433.115112 2059.605713 2850.860840 3765.985352 4865.778320 6086.666504 7419.526367 8713.080078 9976.831055 10982.525391 11998.709961 12802.243164 13318.507812 13774.848633 14058.619141 14094.487305 14018.755859 13781.494141 13383.229492 12679.750000 11780.772461 10681.842773 9264.175781 7840.621582 6059.142090 4361.662109 2807.641357 1435.398804
0.000000 0.000000 0.000000 0.000000 0.000000 0.000000 0.239619 0.526209 1.103274 2.112275 3.940863 7.386526 13.974918 25.547239 44.752445 76.463120 129.258957 217.286606 357.838623 573.806702 898.244934 1373.817261 2034.259521 2892.671875 3989.682373 5240.647461 6728.312500 8372.221680 10171.972656 11884.915039 13538.679688 14864.524414 16116.589844 17141.414062 17773.478516 18316.111328 18659.589844 18666.765625 18518.708984 18209.425781 17654.570312 16697.941406 15514.633789 14071.883789 12210.313477 10357.471680 8038.593750 5825.485840 3755.368652 1938.756714
0.000000 0.000000 0.000000 0.000000 0.000000 0.000000 0.414968 0.895651 1.822494 3.429158 6.335281 11.684239 21.448349 38.399071 66.603043 113.003448 189.264450 314.234314 509.364441 809.177124 1259.206543 1910.867310 2793.490967 3931.845215 5404.427246 7073.021484 9021.754883 11150.093750 13499.906250 15717.223633 17811.859375 19540.435547 21049.162109 22339.841797 23106.083984 23700.634766 24121.716797 24107.669922 23874.851562 23496.734375 22725.765625 21496.416016 20000.390625 18141.568359 15752.033203 13379.739258 10450.682617 7632.559082 4933.821289 2567.745850
0.000000 0.000000 0.000000 0.000000 0.000000 0.313015 0.645621 1.360036 2.753608 5.169860 9.496703 17.297604 30.921051 54.597912 94.424782 159.761810 266.067810 437.221161 700.872498 1103.014282 1705.101685 2574.551758 3732.700439 5198.165527 7103.144531 9265.593750 11753.144531 14404.417969 17364.302734 20174.855469 22724.183594 24929.488281 26776.857422 28331.326172 29268.951172 29904.292969 30396.662109 30387.333984 30044.285156 29618.939453 28618.431641 27093.306641 25231.921875 22910.742188 19918.896484 16929.679688 13329.173828 9812.825195 6376.756836 3343.683350
0.000000 0.000000 0.000000 0.000000 0.219809 0.455545 0.931958 1.901744 3.846280 7.265957 13.375683 24.140577 42.549809 74.397255 128.204041 216.529434 359.378601 587.163330 935.507935 1459.559692 2237.897705 3364.413086 4863.254883 6712.455566 9082.497070 11796.918945 14894.790039 18120.314453 21682.080078 25179.773438 28214.796875 30926.226562 33212.289062 35008.812500 36143.015625 36854.152344 37367.269531 37386.136719 36982.945312 36450.988281 35253.578125 33407.679688 31158.970703 28354.277344 24722.724609 21051.451172 16703.050781 12372.021484 8104.249023 4291.645996
0.000000 0.000000 0.000000 0.000000 0.297556 0.627649 1.269613 2.502103 5.020827 9.615550 17.788202 32.063889 56.379230 97.981461 167.985855 282.675079 467.642822 762.460449 1214.239136 1883.232544 2863.370605 4276.856934 6175.361816 8482.297852 11349.616211 14636.564453 18392.419922 22271.353516 26378.281250 30630.089844 34218.089844 37403.093750 40192.859375 42236.929688 43574.167969 44432.390625 44959.332031 44935.539062 44587.003906 43898.179688 42508.355469 40349.187500 37773.914062 34429.742188 30131.845703 25715.064453 20554.226562 15350.915039 10160.187500 5428.329102
0.000000 0.000000 0.000000 0.000000 0.379568 0.809225 1.636673 3.159538 6.231286 12.060870 22.532478 40.807007 72.070984 125.096703 213.680557 358.170898 590.488159 960.163879 1532.746216 2376.471191 3590.960205 5316.230469 7640.166016 10485.768555 13899.662109 17766.087891 22165.072266 26825.160156 31452.900391 36381.957031 40681.664062 44286.277344 47556.218750 49940.042969 51451.144531 52540.351562 53092.882812 52999.746094 52721.324219 51910.992188 50270.984375 47894.781250 44850.074219 41009.207031 36092.964844 30908.791016 24901.144531 18724.509766 12526.868164 6794.364258
0.000000 0.000000 0.000000 0.218363 0.462786 0.993252 2.011834 3.851928 7.461716 14.494887 27.386560 50.043594 88.946587 154.877563 264.489227 442.692291 728.490356 1180.774292 1884.917725 2933.653809 4426.482422 6491.667480 9245.923828 12669.756836 16688.753906 21176.312500 26150.919922 31615.214844 36899.777344 42353.089844 47430.652344 51481.023438 55156.148438 57991.863281 59645.273438 60984.953125 61609.914062 61470.828125 61290.417969 60337.687500 58461.125000 55852.000000 52400.105469 48093.621094 42558.816406 36569.355469 29701.906250 22512.261719 15251.417969 8389.131836
0.000000 0.000000 0.000000 0.241949 0.522122 1.129265 2.369814 4.554980 8.717584 16.852896 32.176880 59.377754 106.252419 185.938919 318.177673 533.622803 879.738647 1425.890381 2269.293701 3538.680664 5351.097656 7801.227539 10985.609375 14967.641602 19594.396484 24748.769531 30250.820312 36463.218750 42518.644531 48441.406250 54108.832031 58787.914062 62754.855469 66039.187500 67982.429688 69527.289062 70367.421875 70159.093750 70033.843750 69036.203125 66930.250000 64196.578125 60338.683594 55556.414062 49408.394531 42672.687500 34916.707031 26677.486328 18304.654297 10241.120117
0.000000 0.000000 0.000000 0.247922 0.539908 1.160096 2.502779 5.142905 9.993591 19.078329 36.298870 67.624596 122.523560 215.903900 371.629700 626.879028 1038.988892 1688.883789 2687.376465 4175.432617 6303.420410 9183.322266 12809.116211 17301.880859 22470.773438 28288.431641 34459.980469 41206.687500 47970.601562 54468.691406 60577.441406 65836.984375 70073.421875 73560.640625 76093.062500 77757.812500 78860.460938 78828.218750 78698.578125 77713.812500 75547.359375 72604.703125 68445.078125 63250.042969 56603.156250 49163.113281 40512.449219 31181.369141 21687.388672 12364.812500
0.000000 0.000000 0.000000 0.246327 0.542196 1.167854 2.490222 5.299241 10.684285 20.777729 39.405209 73.432602 134.279068 238.814545 416.452911 711.048035 1187.758301 1943.025146 3099.791504 4807.326172 7219.418945 10456.073242 14473.447266 19409.513672 25028.666016 31344.410156 38284.875000 45535.015625 52972.953125 60188.000000 66666.156250 72199.429688 76852.007812 80403.500000 83461.726562 85427.187500 86787.867188 87093.273438 86882.578125 85784.898438 83937.460938 80866.781250 76560.054688 71082.429688 63962.000000 55925.335938 46413.140625 36012.054688 25382.046875 14746.379883
0.000000 0.000000 0.000000 0.217645 0.496354 1.106395 2.413515 5.221129 10.814696 21.232990 40.722973 76.665604 141.832947 257.055389 454.052216 784.135437 1323.645874 2176.585938 3480.337646 5403.577148 8080.605957 11569.302734 15920.054688 21170.730469 27113.787109 33703.632812 41069.992188 48801.152344 56692.421875 64565.433594 71580.273438 77533.851562 82921.671875 86481.609375 89811.843750 92139.632812 93609.507812 94384.437500 94412.718750 93401.500000 91866.117188 88847.992188 84456.640625 78832.703125 71305.468750 62876.253906 52593.964844 41165.265625 29336.574219 17390.324219
0.000000 0.000000 0.000000 0.000000 0.420365 0.953884 2.115437 4.599242 9.924607 20.711052 40.765438 77.603889 144.883911 265.816681 478.069489 837.354614 1427.869629 2362.509277 3793.163086 5889.090332 8781.610352 12491.318359 17099.812500 22542.628906 28756.751953 35734.875000 43398.996094 51397.941406 59669.867188 67776.625000 75068.789062 81353.101562 87148.632812 91202.648438 94959.718750 97692.398438 99535.546875 100673.414062 100952.101562 99927.531250 98761.921875 96141.789062 91808.351562 86226.234375 78547.898438 69823.203125 58891.871094 46590.480469 33565.199219 20269.287109
0.000000 0.000000 0.000000 0.000000 0.344252 0.801390 1.820754 4.036948 8.730797 18.470722 37.592361 73.984070 141.921173 265.587494 484.960083 862.822205 1483.262573 2471.755371 3978.552734 6168.931152 9159.833008 12984.117188 17728.671875 23317.613281 29717.369141 36891.066406 44838.429688 53108.027344 61688.265625 69952.085938 77439.406250 84036.078125 89817.398438 94437.382812 98542.031250 101809.140625 103996.203125 105616.304688 106277.523438 105703.960938 104850.367188 102617.757812 98751.734375 93216.945312 85461.968750 76498.695312 65236.062500 52216.667969 38023.195312 23383.412109
0.000000 0.000000 0.000000 0.000000 0.267013 0.642192 1.500734 3.413883 7.545077 16.183142 33.886955 68.833397 135.642670 259.335236 479.429840 859.572754 1494.096558 2503.352051 4045.885498 6244.086426 9228.298828 13065.718750 17802.966797 23359.062500 29762.964844 37003.996094 45027.804688 53467.906250 62180.191406 70438.703125 77988.976562 85219.054688 91009.007812 96184.062500 100740.109375 104279.679688 107158.039062 109264.414062 110265.515625 110280.390625 109819.117188 107837.859375 104553.929688 99413.656250 91900.335938 82895.992188 71372.242188 57935.875000 42688.406250 26712.982422
0.000000 0.000000 0.000000 0.000000 0.000000 0.482656 1.169372 2.740011 6.219479 13.708375 29.556719 61.701908 124.804131 244.109528 460.389740 835.150818 1461.050049 2472.380615 3998.971436 6152.410645 9035.032227 12766.036133 17410.945312 22837.857422 29203.441406 36428.125000 44336.648438 52697.179688 61378.730469 69498.914062 76943.812500 84584.750000 90574.031250 96234.554688 101590.273438 105527.976562 109058.289062 111501.554688 112861.039062 113565.492188 113530.453125 112031.156250 109483.273438 104958.515625 97898.023438 88980.429688 77160.468750 63585.464844 47552.359375 30184.625000
0.000000 0.000000 0.000000 0.000000 0.000000 0.334437 0.847223 2.061519 4.840044 11.037668 24.551922 53.303474 110.873238 221.459976 425.518982 782.687561 1383.782837 2350.395996 3801.717041 5855.538086 8601.159180 12117.073242 16546.726562 21822.908203 28003.757812 35081.179688 42793.421875 51008.886719 59419.394531 67388.609375 74964.804688 82184.117188 88875.523438 94787.398438 100814.546875 105674.531250 109830.054688 112673.968750 114538.117188 115726.679688 116074.210938 114997.273438 113001.906250 109337.992188 102986.328125 94455.664062 82666.914062 69031.132812 52412.164062 33820.343750
0.000000 0.000000 0.000000 0.000000 0.000000 0.216828 0.573727 1.462320 3.582769 8.439741 19.352991 43.642391 94.242973 193.517914 377.152130 704.666931 1264.485718 2155.697510 3486.904785 5364.843750 7891.275879 11182.814453 15308.648438 20294.673828 26198.246094 33010.164062 40518.882812 48498.679688 56358.214844 64090.292969 71910.867188 78785.679688 85911.828125 92497.640625 98499.000000 104076.875000 108828.312500 112590.453125 115181.367188 116744.781250 117417.382812 116836.789062 115445.289062 112551.507812 107181.906250 99264.304688 87772.492188 74055.382812 57353.308594 37561.031250
0.000000 0.000000 0.000000 0.000000 0.000000 0.000000 0.385011 0.997775 2.507639 6.157453 14.780025 34.019356 75.144676 160.075439 319.343170 608.283264 1105.768066 1894.600708 3068.245605 4740.342773 7013.298828 9996.776367 13756.544922 18399.992188 23984.125000 30389.208984 37393.917969 45003.972656 52412.406250 59942.875000 67560.640625 74862.984375 81803.070312 89087.875000 95461.078125 101371.664062 106922.781250 111185.984375 114484.468750 116601.484375 117621.742188 117838.796875 116763.281250 114546.132812 110127.695312 103006.437500 92194.765625 78818.671875 62044.878906 41316.820312
0.000000 0.000000 0.000000 0.000000 0.000000 0.000000 0.285956 0.728462 1.802727 4.390618 10.562472 24.897125 57.211388 124.984505 254.414352 496.017731 917.132812 1582.600586 2583.750244 4021.933350 6010.287598 8652.163086 12038.706055 16243.329102 21353.808594 27231.865234 33789.699219 40602.445312 47877.484375 55252.503906 62512.246094 70017.765625 77390.304688 84624.117188 91713.921875 98013.460938 104016.054688 108948.414062 112956.828125 115487.421875 117151.851562 117693.406250 117152.203125 115574.992188 112049.125000 105945.937500 96067.515625 82912.335938 66590.210938 45140.996094
0.000000 0.000000 0.000000 0.000000 0.000000 0.000000 0.205316 0.542689 1.357438 3.284226 7.757762 17.939137 40.709072 91.015991 191.258453 380.675873 715.679138 1251.375732 2074.572510 3280.056396 4958.340332 7231.795410 10217.044922 13971.292969 18513.201172 23779.804688 29644.355469 36060.187500 42725.667969 49983.488281 57318.277344 64749.273438 72503.992188 79945.015625 87272.203125 94274.304688 100454.007812 105936.171875 110611.476562 113687.203125 115903.617188 116772.500000 116614.656250 115502.914062 112897.617188 107882.875000 99212.226562 86538.109375 70713.960938 48886.304688
0.000000 0.000000 0.000000 0.000000 0.000000 0.000000 0.000000 0.386642 1.015055 2.509975 5.819385 12.957936 28.388128 62.122978 134.650497 272.547150 524.495056 938.772095 1586.290405 2557.444824 3941.070312 5856.293945 8389.121094 11631.640625 15588.168945 20172.335938 25428.468750 31323.572266 37704.054688 44579.300781 51929.707031 59566.191406 67304.562500 75048.984375 82413.773438 89701.132812 96326.671875 102168.929688 107440.820312 111002.132812 113894.804688 115234.054688 115438.484375 114807.398438 112891.898438 108896.132812 101428.375000 89727.820312 74335.031250 52605.394531
0.000000 0.000000 0.000000 0.000000 0.000000 0.000000 0.000000 0.278433 0.775927 1.902802 4.306410 9.179832 19.346466 40.847347 87.989899 185.773987 362.743317 671.052917 1160.758057 1920.479126 3026.899658 4585.987305 6688.078125 9372.839844 12658.199219 16690.335938 21375.998047 26678.863281 32835.632812 39489.828125 46633.453125 54253.238281 61909.519531 69489.929688 77123.945312 84414.335938 91415.492188 97486.492188 103040.859375 107363.546875 110877.937500 112798.718750 113570.726562 113413.031250 112090.757812 108927.671875 102884.640625 92322.656250 77500.617188 56244.402344
