tests/test_03/output10/CloudLoad_010.00hrs.dat
NCOLS    50
NROWS    50
XLLCORNER    -2289770.000
YLLCORNER     2591270.000
CELLSIZE        2000.000       2000.000
NODATA_VALUE  0.000
[rows 0 to 27 of 50, columns 0 to 49 of 50]
0.000000 0.000000 0.000000 0.000000 0.000000 0.000000 0.000000 0.000000 0.000000 0.000000 0.000000 0.000000 0.000000 0.442523 1.062167 2.236001 4.410602 8.500250 15.914762 28.736874 49.523071 81.802177 128.658554 197.992584 293.331055 417.275604 577.851807 774.432861 982.074768 1209.830444 1436.475830 1646.585327 1831.649170 2025.812134 2167.244873 2293.787598 2405.388672 2468.316650 2484.404297 2473.537109 2399.196289 2286.330566 2152.241943 1945.434814 1718.180542 1440.300415 1113.292114 777.603333 496.271179 244.140564
0.000000 0.000000 0.000000 0.000000 0.000000 0.000000 0.000000 0.000000 0.000000 0.000000 0.000000 0.000000 0.448821 1.062439 2.262781 4.571884 8.904867 16.574394 30.084812 53.211437 89.776344 144.374161 224.040909 338.475250 487.604309 677.845947 914.348694 1197.931885 1493.540405 1815.887329 2123.046387 2417.004639 2680.248535 2936.766113 3119.923096 3291.762695 3426.379395 3501.649170 3512.656250 3493.884033 3383.670898 3239.278564 3044.289062 2756.258057 2422.125732 2030.510620 1562.977051 1096.648315 702.497070 348.203613
0.000000 0.000000 0.000000 0.000000 0.000000 0.000000 0.000000 0.000000 0.000000 0.000000 0.208249 0.520518 1.148207 2.375802 4.787131 9.375206 17.373198 31.179617 55.381737 95.378807 157.763977 249.585327 385.309357 575.258179 818.067139 1117.715820 1480.520142 1908.086548 2355.488281 2833.507568 3292.348633 3710.210205 4110.613770 4460.454590 4708.608887 4941.661133 5101.458008 5182.440430 5182.298340 5133.666504 4975.732910 4760.092285 4457.330566 4038.925293 3531.345703 2962.018555 2277.384277 1604.867798 1028.910034 513.943420
0.000000 0.000000 0.000000 0.000000 0.000000 0.000000 0.000000 0.000000 0.000000 0.227178 0.566008 1.202941 2.414059 4.809981 9.358269 17.412266 31.132566 54.944527 95.538383 160.936325 260.605469 408.311005 627.833130 924.667175 1299.310425 1749.533081 2292.674561 2911.005127 3574.013916 4255.841309 4925.069336 5497.824219 6079.037598 6544.794434 6871.773438 7168.615234 7359.014648 7438.135742 7427.700195 7326.754395 7114.249023 6784.441406 6326.889160 5735.440918 4998.063965 4202.892090 3233.697510 2291.747314 1471.270996 738.284363
0.000000 0.000000 0.000000 0.000000 0.000000 0.000000 0.000000 0.000000 0.255583 0.597036 1.228280 2.374865 4.681859 9.102210 16.935833 30.175560 52.695091 91.393616 155.713364 257.243927 409.848999 637.384338 970.884094 1411.199951 1964.986328 2618.013672 3404.035645 4281.660645 5237.869141 6189.448242 7123.449219 7887.295410 8679.274414 9293.616211 9711.631836 10077.105469 10311.541016 10375.918945 10341.919922 10174.437500 9884.881836 9398.161133 8741.105469 7921.914551 6884.330566 5808.661621 4476.315918 3194.959961 2053.295166 1042.554199
0.000000 0.000000 0.000000 0.000000 0.000000 0.000000 0.000000 0.264108 0.590099 1.201788 2.283128 4.341396 8.428106 15.869386 28.454514 49.297184 84.572319 144.132874 241.637177 392.035614 618.158142 953.879456 1433.113647 2059.603760 2850.858398 3765.982178 4865.774902 6086.662109 7419.521484 8713.074219 9976.825195 10982.519531 11998.704102 12802.237305 13318.500977 13774.842773 14058.612305 14094.480469 14018.749023 13781.487305 13383.223633 12679.744141 11780.767578 10681.837891 9264.170898 7840.617676 6059.138672 4361.659668 2807.639648 1435.397827
0.000000 0.000000 0.000000 0.000000 0.000000 0.000000 0.239618 0.526208 1.103272 2.112272 3.940856 7.386516 13.974901 25.547205 44.752384 76.463013 129.258804 217.286346 357.838196 573.806030 898.243896 1373.815674 2034.257568 2892.669189 3989.679199 5240.643555 6728.307617 8372.216797 10171.966797 11884.908203 13538.672852 14864.517578 16116.582031 17141.406250 17773.470703 18316.105469 18659.582031 18666.757812 18518.703125 18209.417969 17654.564453 16697.933594 15514.626953 14071.876953 12210.307617 10357.466797 8038.589355 5825.482910 3755.366455 1938.755493
0.000000 0.000000 0.000000 0.000000 0.000000 0.000000 0.414967 0.895650 1.822491 3.429153 6.335272 11.684225 21.448324 38.399025 66.602959 113.003311 189.264221 314.233978 509.363831 809.176208 1259.205200 1910.865479 2793.488281 3931.842041 5404.423340 7073.016602 9021.749023 11150.086914 13499.899414 15717.215820 17811.851562 19540.425781 21049.154297 22339.833984 23106.074219 23700.626953 24121.707031 24107.660156 23874.843750 23496.726562 22725.755859 21496.408203 20000.382812 18141.560547 15752.026367 13379.733398 10450.676758 7632.555664 4933.818848 2567.744385
0.000000 0.000000 0.000000 0.000000 0.000000 0.313015 0.645621 1.360035 2.753605 5.169854 9.496693 17.297583 30.921015 54.597847 94.424667 159.761627 266.067535 437.220673 700.871704 1103.013062 1705.100098 2574.549561 3732.697266 5198.161621 7103.139648 9265.587891 11753.136719 14404.410156 17364.294922 20174.845703 22724.173828 24929.478516 26776.847656 28331.316406 29268.941406 29904.283203 30396.652344 30387.324219 30044.275391 29618.929688 28618.421875 27093.296875 25231.912109 22910.732422 19918.888672 16929.673828 13329.167969 9812.821289 6376.753418 3343.681396
0.000000 0.000000 0.000000 0.000000 0.219809 0.455544 0.931956 1.901743 3.846276 7.265948 13.375669 24.140549 42.549759 74.397171 128.203903 216.529205 359.378235 587.162720 935.506897 1459.558228 2237.895752 3364.410400 4863.250977 6712.450195 9082.491211 11796.912109 14894.782227 18120.304688 21682.072266 25179.761719 28214.785156 30926.216797 33212.277344 35008.800781 36143.003906 36854.144531 37367.257812 37386.128906 36982.933594 36450.976562 35253.570312 33407.671875 31158.960938 28354.267578 24722.716797 21051.443359 16703.042969 12372.016602 8104.245117 4291.644043
0.000000 0.000000 0.000000 0.000000 0.297556 0.627648 1.269612 2.502100 5.020822 9.615541 17.788185 32.063854 56.379166 97.981354 167.985687 282.674805 467.642365 762.459717 1214.237915 1883.230835 2863.368164 4276.853516 6175.357422 8482.291992 11349.609375 14636.556641 18392.410156 22271.343750 26378.271484 30630.080078 34218.078125 37403.085938 40192.847656 42236.917969 43574.160156 44432.378906 44959.324219 44935.527344 44586.992188 43898.167969 42508.347656 40349.179688 37773.906250 34429.730469 30131.835938 25715.056641 20554.218750 15350.909180 10160.182617 5428.326660
0.000000 0.000000 0.000000 0.000000 0.379567 0.809224 1.636671 3.159535 6.231280 12.060860 22.532457 40.806969 72.070915 125.096581 213.680359 358.170563 590.487610 960.163086 1532.744995 2376.469238 3590.957275 5316.226562 7640.161133 10485.761719 13899.655273 17766.078125 22165.064453 26825.148438 31452.888672 36381.945312 40681.652344 44286.269531 47556.207031 49940.031250 51451.132812 52540.339844 53092.871094 52999.734375 52721.312500 51910.980469 50270.972656 47894.769531 44850.066406 41009.195312 36092.953125 30908.781250 24901.136719 18724.503906 12526.863281 6794.360840
0.000000 0.000000 0.000000 0.218363 0.462785 0.993251 2.011832 3.851924 7.461709 14.494876 27.386538 50.043552 88.946510 154.877426 264.488983 442.691895 728.489746 1180.773315 1884.916382 2933.651123 4426.479004 6491.663086 9245.918945 12669.750000 16688.746094 21176.302734 26150.910156 31615.203125 36899.761719 42353.078125 47430.640625 51481.011719 55156.136719 57991.851562 59645.261719 60984.941406 61609.902344 61470.816406 61290.406250 60337.675781 58461.109375 55851.988281 52400.093750 48093.609375 42558.804688 36569.343750 29701.896484 22512.253906 15251.412109 8389.127930
0.000000 0.000000 0.000000 0.241948 0.522121 1.129264 2.369811 4.554974 8.717576 16.852884 32.176857 59.377708 106.252335 185.938766 318.177399 533.622375 879.737976 1425.889282 2269.291992 3538.678223 5351.093750 7801.222656 10985.603516 14967.634766 19594.388672 24748.759766 30250.810547 36463.207031 42518.632812 48441.394531 54108.820312 58787.902344 62754.847656 66039.179688 67982.421875 69527.281250 70367.406250 70159.078125 70033.835938 69036.195312 66930.234375 64196.566406 60338.671875 55556.402344 49408.382812 42672.675781 34916.699219 26677.478516 18304.648438 10241.115234
0.000000 0.000000 0.000000 0.247922 0.539908 1.160095 2.502778 5.142900 9.993581 19.078314 36.298847 67.624542 122.523476 215.903748 371.629395 626.878540 1038.988159 1688.882568 2687.374512 4175.430176 6303.416504 9183.317383 12809.109375 17301.873047 22470.765625 28288.423828 34459.968750 41206.679688 47970.589844 54468.679688 60577.433594 65836.976562 70073.414062 73560.632812 76093.046875 77757.804688 78860.453125 78828.210938 78698.570312 77713.804688 75547.343750 72604.695312 68445.062500 63250.031250 56603.144531 49163.101562 40512.437500 31181.361328 21687.380859 12364.807617
0.000000 0.000000 0.000000 0.246327 0.542195 1.167854 2.490221 5.299237 10.684278 20.777712 39.405178 73.432556 134.278976 238.814392 416.452637 711.047607 1187.757446 1943.023926 3099.789551 4807.323242 7219.415527 10456.068359 14473.442383 19409.505859 25028.658203 31344.402344 38284.863281 45535.003906 52972.941406 60187.992188 66666.148438 72199.421875 76852.000000 80403.492188 83461.718750 85427.179688 86787.859375 87093.265625 86882.562500 85784.890625 83937.453125 80866.773438 76560.046875 71082.421875 63961.988281 55925.324219 46413.128906 36012.046875 25382.041016 14746.375000
0.000000 0.000000 0.000000 0.217645 0.496354 1.106394 2.413514 5.221127 10.814689 21.232975 40.722946 76.665558 141.832855 257.055237 454.051971 784.135010 1323.645020 2176.584473 3480.335693 5403.574707 8080.602539 11569.298828 15920.048828 21170.724609 27113.781250 33703.628906 41069.984375 48801.144531 56692.414062 64565.425781 71580.265625 77533.851562 82921.664062 86481.601562 89811.835938 92139.632812 93609.500000 94384.429688 94412.710938 93401.492188 91866.109375 88847.976562 84456.632812 78832.687500 71305.453125 62876.242188 52593.953125 41165.257812 29336.566406 17390.318359
0.000000 0.000000 0.000000 0.000000 0.420364 0.953884 2.115436 4.599240 9.924605 20.711044 40.765415 77.603844 144.883835 265.816559 478.069275 837.354187 1427.868896 2362.508057 3793.161377 5889.087891 8781.606445 12491.314453 17099.808594 22542.623047 28756.746094 35734.871094 43398.992188 51397.937500 59669.863281 67776.625000 75068.789062 81353.101562 87148.632812 91202.640625 94959.718750 97692.398438 99535.539062 100673.406250 100952.093750 99927.523438 98761.914062 96141.781250 91808.343750 86226.218750 78547.882812 69823.195312 58891.859375 46590.472656 33565.191406 20269.279297
0.000000 0.000000 0.000000 0.000000 0.344252 0.801390 1.820753 4.036946 8.730793 18.470716 37.592346 73.984039 141.921097 265.587402 484.959869 862.821899 1483.261963 2471.754395 3978.551514 6168.929199 9159.831055 12984.114258 17728.667969 23317.611328 29717.365234 36891.062500 44838.425781 53108.023438 61688.265625 69952.085938 77439.406250 84036.070312 89817.406250 94437.382812 98542.031250 101809.140625 103996.203125 105616.304688 106277.523438 105703.953125 104850.359375 102617.750000 98751.726562 93216.937500 85461.960938 76498.679688 65236.050781 52216.656250 38023.187500 23383.404297
0.000000 0.000000 0.000000 0.000000 0.267013 0.642192 1.500733 3.413882 7.545074 16.183136 33.886944 68.833382 135.642624 259.335114 479.429657 859.572510 1494.096069 2503.351318 4045.884277 6244.084961 9228.297852 13065.716797 17802.964844 23359.060547 29762.962891 37003.992188 45027.804688 53467.902344 62180.187500 70438.703125 77988.984375 85219.054688 91009.007812 96184.070312 100740.109375 104279.679688 107158.039062 109264.414062 110265.507812 110280.382812 109819.109375 107837.851562 104553.921875 99413.648438 91900.320312 82895.976562 71372.234375 57935.863281 42688.398438 26712.976562
0.000000 0.000000 0.000000 0.000000 0.000000 0.482656 1.169372 2.740011 6.219478 13.708372 29.556713 61.701893 124.804100 244.109467 460.389648 835.150635 1461.049805 2472.380371 3998.970703 6152.409668 9035.031250 12766.035156 17410.943359 22837.857422 29203.441406 36428.121094 44336.648438 52697.179688 61378.730469 69498.914062 76943.812500 84584.750000 90574.031250 96234.562500 101590.273438 105527.976562 109058.289062 111501.554688 112861.031250 113565.484375 113530.445312 112031.156250 109483.273438 104958.507812 97898.015625 88980.421875 77160.460938 63585.453125 47552.347656 30184.617188
0.000000 0.000000 0.000000 0.000000 0.000000 0.334437 0.847223 2.061519 4.840044 11.037667 24.551920 53.303467 110.873222 221.459946 425.518951 782.687439 1383.782593 2350.395508 3801.716553 5855.537598 8601.158203 12117.073242 16546.726562 21822.908203 28003.757812 35081.179688 42793.421875 51008.886719 59419.398438 67388.617188 74964.804688 82184.125000 88875.531250 94787.406250 100814.554688 105674.539062 109830.054688 112673.968750 114538.117188 115726.679688 116074.210938 114997.273438 113001.906250 109337.984375 102986.320312 94455.656250 82666.898438 69031.117188 52412.152344 33820.335938
0.000000 0.000000 0.000000 0.000000 0.000000 0.216828 0.573727 1.462320 3.582769 8.439740 19.352991 43.642395 94.242966 193.517899 377.152100 704.666931 1264.485718 2155.697266 3486.904785 5364.844238 7891.275879 11182.814453 15308.649414 20294.675781 26198.248047 33010.167969 40518.886719 48498.683594 56358.222656 64090.300781 71910.875000 78785.687500 85911.835938 92497.640625 98499.007812 104076.882812 108828.312500 112590.460938 115181.367188 116744.781250 117417.382812 116836.789062 115445.289062 112551.507812 107181.906250 99264.296875 87772.476562 74055.375000 57353.300781 37561.023438
0.000000 0.000000 0.000000 0.000000 0.000000 0.000000 0.385011 0.997775 2.507640 6.157454 14.780028 34.019356 75.144684 160.075470 319.343201 608.283325 1105.768188 1894.600952 3068.246094 4740.343262 7013.299316 9996.777344 13756.546875 18399.994141 23984.128906 30389.212891 37393.921875 45003.976562 52412.417969 59942.878906 67560.648438 74862.992188 81803.078125 89087.882812 95461.085938 101371.671875 106922.789062 111185.984375 114484.468750 116601.484375 117621.742188 117838.796875 116763.281250 114546.132812 110127.695312 103006.429688 92194.757812 78818.664062 62044.871094 41316.812500
0.000000 0.000000 0.000000 0.000000 0.000000 0.000000 0.285956 0.728463 1.802727 4.390619 10.562476 24.897135 57.211411 124.984535 254.414398 496.017853 917.132996 1582.600830 2583.750732 4021.934082 6010.289062 8652.164062 12038.708008 16243.332031 21353.812500 27231.871094 33789.703125 40602.453125 47877.492188 55252.515625 62512.253906 70017.773438 77390.312500 84624.125000 91713.929688 98013.460938 104016.062500 108948.414062 112956.835938 115487.421875 117151.851562 117693.406250 117152.203125 115574.984375 112049.117188 105945.929688 96067.507812 82912.328125 66590.203125 45140.988281
0.000000 0.000000 0.000000 0.000000 0.000000 0.000000 0.205316 0.542689 1.357438 3.284227 7.757765 17.939142 40.709087 91.016037 191.258530 380.676025 715.679382 1251.375977 2074.573242 3280.057373 4958.341797 7231.797363 10217.047852 13971.296875 18513.207031 23779.808594 29644.361328 36060.195312 42725.675781 49983.500000 57318.285156 64749.281250 72504.000000 79945.023438 87272.210938 94274.312500 100454.015625 105936.179688 110611.484375 113687.203125 115903.617188 116772.500000 116614.656250 115502.914062 112897.609375 107882.867188 99212.218750 86538.101562 70713.953125 48886.296875
0.000000 0.000000 0.000000 0.000000 0.000000 0.000000 0.000000 0.386642 1.015056 2.509976 5.819387 12.957941 28.388142 62.123013 134.650574 272.547302 524.495300 938.772461 1586.291138 2557.445801 3941.071533 5856.295898 8389.124023 11631.643555 15588.172852 20172.341797 25428.474609 31323.580078 37704.062500 44579.308594 51929.714844 59566.199219 67304.570312 75048.992188 82413.773438 89701.140625 96326.679688 102168.929688 107440.820312 111002.140625 113894.804688 115234.054688 115438.484375 114807.398438 112891.898438 108896.132812 101428.367188 89727.812500 74335.031250 52605.386719
0.000000 0.000000 0.000000 0.000000 0.000000 0.000000 0.000000 0.278433 0.775928 1.902803 4.306412 9.179836 19.346476 40.847374 87.989960 185.774094 362.743530 671.053284 1160.758545 1920.479980 3026.900879 4585.989258 6688.080566 9372.843750 12658.203125 16690.339844 21376.003906 26678.869141 32835.640625 39489.835938 46633.460938 54253.246094 61909.527344 69489.937500 77123.953125 84414.343750 91415.500000 97486.500000 103040.859375 107363.546875 110877.937500 112798.718750 113570.726562 113413.031250 112090.757812 108927.671875 102884.632812 92322.656250 77500.609375 56244.398438
