tests/test_03/output10/CloudConcentration_010.00hrs.dat
NCOLS    50
NROWS    50
XLLCORNER    -2289770.000
YLLCORNER     2591270.000
CELLSIZE        2000.000       2000.000
NODATA_VALUE  0.000
[rows 0 to 39 of 50, columns 0 to 49 of 50]
0.000 0.000 0.000 0.000 0.000 0.000 0.000 0.000 0.000 0.000 0.000 0.000 0.000 0.864 2.059 4.285 8.319 15.714 28.633 49.828 81.132 123.807 176.282 248.485 322.516 406.866 503.738 639.967 778.476 904.926 1027.963 1159.215 1303.105 1401.731 1453.448 1524.710 1604.976 1611.725 1561.633 1579.074 1505.735 1390.676 1279.617 1193.338 1044.894 855.443 712.578 477.851 316.814 149.426
0.000 0.000 0.000 0.000 0.000 0.000 0.000 0.000 0.000 0.000 0.000 0.000 0.884 2.085 4.415 8.850 17.049 31.225 55.492 95.331 152.886 229.404 326.694 442.042 558.818 690.492 827.223 981.169 1190.691 1356.716 1509.649 1645.766 1865.108 1997.036 2054.213 2124.371 2243.219 2249.970 2176.956 2178.846 2089.172 1944.610 1786.399 1671.870 1469.034 1205.719 1003.327 674.149 448.302 212.854
0.000 0.000 0.000 0.000 0.000 0.000 0.000 0.000 0.000 0.000 0.414 1.032 2.271 4.683 9.392 18.274 33.528 59.343 103.513 173.360 274.067 407.919 581.240 767.717 969.253 1172.032 1365.903 1564.896 1891.131 2123.476 2342.537 2489.503 2824.306 3002.757 3059.437 3112.218 3292.634 3292.473 3174.076 3141.433 3031.362 2840.597 2616.540 2443.775 2152.812 1767.488 1470.070 989.407 657.215 313.361
0.000 0.000 0.000 0.000 0.000 0.000 0.000 0.000 0.000 0.452 1.127 2.391 4.786 9.508 18.420 34.060 60.353 105.260 179.974 295.227 459.997 682.857 967.639 1259.516 1591.034 1881.737 2155.593 2429.373 2862.226 3194.603 3489.203 3684.285 4101.313 4351.729 4417.543 4482.678 4681.984 4657.573 4487.713 4401.635 4273.621 4020.829 3709.656 3456.399 3054.134 2515.545 2097.910 1417.676 941.023 449.532
0.000 0.000 0.000 0.000 0.000 0.000 0.000 0.000 0.510 1.191 2.448 4.725 9.297 18.027 33.407 59.167 102.487 175.836 294.791 475.152 731.235 1080.580 1519.020 1959.851 2465.858 2872.422 3248.373 3621.488 4182.896 4636.295 5012.960 5254.339 5760.032 6087.878 6168.780 6234.913 6453.461 6395.908 6173.534 6008.402 5856.942 5532.928 5101.872 4738.041 4207.500 3481.486 2916.955 1982.517 1313.665 632.453
0.000 0.000 0.000 0.000 0.000 0.000 0.000 0.528 1.179 2.399 4.553 8.645 16.755 31.471 56.212 96.836 164.866 278.052 458.988 727.570 1110.329 1629.474 2265.322 2918.056 3630.253 4190.083 4695.297 5197.184 5905.807 6499.988 6967.678 7250.270 7847.253 8243.466 8340.950 8406.834 8645.408 8547.871 8254.248 8002.437 7806.543 7393.661 6822.784 6337.207 5647.273 4695.061 3951.083 2702.392 1792.838 867.560
0.000 0.000 0.000 0.000 0.000 0.000 0.479 1.052 2.204 4.218 7.862 14.719 27.804 50.708 88.503 150.404 252.365 419.876 681.073 1068.167 1619.444 2356.346 3232.095 4158.135 5125.639 5882.237 6543.462 7183.947 8055.704 8809.516 9376.202 9690.710 10390.729 10840.267 10950.398 11006.538 11262.970 11124.863 10730.070 10393.574 10124.062 9603.190 8888.852 8263.148 7385.167 6173.992 5222.128 3597.297 2391.991 1165.563
0.000 0.000 0.000 0.000 0.000 0.000 0.830 1.790 3.642 6.849 12.644 23.293 42.692 76.258 131.809 222.482 369.877 607.749 970.378 1508.685 2273.911 3279.703 4448.104 5693.276 6962.064 7948.062 8784.427 9566.205 10614.336 11530.050 12194.959 12557.847 13396.529 13869.293 13984.752 14000.798 14279.311 14093.533 13580.280 13185.743 12796.784 12144.295 11288.430 10513.161 9416.096 7912.803 6746.581 4681.702 3123.256 1534.515
0.000 0.000 0.000 0.000 0.000 0.626 1.291 2.719 5.503 10.328 18.958 34.494 61.565 108.459 186.943 314.704 520.240 845.839 1335.213 2056.373 3077.793 4410.271 5933.180 7515.983 9116.735 10341.354 11367.089 12287.479 13520.827 14586.308 15359.302 15780.171 16792.029 17263.393 17374.580 17330.330 17636.096 17390.223 16762.725 16360.023 15803.223 14994.895 13994.419 13078.398 11734.825 9907.626 8528.229 5968.071 4006.962 1984.444
0.000 0.000 0.000 0.000 0.440 0.911 1.863 3.802 7.688 14.517 26.706 48.149 84.733 147.810 253.848 426.574 702.704 1135.574 1780.599 2716.117 4028.996 5736.449 7677.186 9593.676 11543.262 12987.978 14202.877 15266.727 16691.018 17885.135 18777.887 19259.145 20393.691 20915.592 21016.041 20894.684 21258.648 20922.609 20235.049 19810.586 19082.582 18114.453 16958.941 15911.359 14317.082 12152.414 10554.792 7475.125 5038.235 2533.355
0.000 0.000 0.000 0.000 0.595 1.255 2.539 5.002 10.036 19.212 35.519 63.960 112.282 194.665 332.565 556.685 913.815 1473.002 2306.629 3491.921 5128.139 7236.170 9651.051 11882.564 14183.486 15799.166 17197.838 18394.738 20042.270 21315.471 22319.871 22871.568 24114.547 24707.711 24791.709 24804.914 25053.768 24591.010 23917.035 23290.326 22523.223 21402.422 20073.457 18942.252 17106.939 14621.521 12794.530 9219.708 6263.646 3184.943
0.000 0.000 0.000 0.000 0.759 1.618 3.273 6.317 12.455 24.099 44.994 81.402 143.531 248.500 422.855 704.795 1152.314 1851.061 2902.572 4383.986 6380.078 8893.837 11747.797 14309.799 16962.619 18684.186 20245.105 21576.770 23436.021 24783.594 25876.359 26514.740 27871.408 28538.312 28663.949 28919.547 28948.531 28355.652 27616.766 26931.768 26023.004 24755.061 23302.336 22119.512 20072.951 17432.141 15231.591 11221.859 7644.622 3943.050
0.000 0.000 0.000 0.437 0.926 1.986 4.023 7.701 14.915 28.962 54.685 99.821 177.114 307.561 523.063 870.088 1418.835 2269.305 3553.131 5375.145 7777.465 10691.530 13912.396 16806.990 19774.738 21555.668 23230.807 24696.049 26729.809 28214.605 29353.773 30309.012 31611.104 32298.365 32489.441 32812.512 32870.832 32124.664 31257.988 30608.039 29525.961 28144.451 26768.176 25358.773 23146.871 20415.875 17816.814 13446.441 9187.726 4804.351
0.000 0.000 0.000 0.484 1.044 2.258 4.739 9.107 17.425 33.671 64.245 118.421 211.512 369.050 628.641 1047.112 1708.949 2729.080 4250.066 6421.389 9268.681 12583.698 16072.117 19314.271 22345.457 24283.385 26015.857 27567.695 29802.100 31426.471 32573.260 34062.320 35132.199 35798.336 36092.250 36524.363 36650.785 35797.625 35195.156 34241.281 32967.457 31520.203 30061.338 28583.797 26233.686 23477.547 20484.154 15861.840 10876.134 5766.271
0.000 0.000 0.000 0.496 1.080 2.320 5.005 10.282 19.975 38.114 72.461 134.825 243.779 428.161 733.211 1227.275 2011.029 3214.461 4989.782 7475.083 10706.237 14421.414 18084.541 21608.916 24546.521 26676.174 28475.938 30253.408 32479.988 34241.629 35459.094 37115.949 38257.434 38890.855 39253.367 39894.250 40033.590 39294.398 38717.305 37697.500 36290.059 34656.906 33240.602 31693.797 29250.256 26541.801 23186.521 18444.969 12697.156 6822.368
0.000 0.000 0.000 0.493 1.084 2.335 4.979 10.594 21.353 41.503 78.639 146.325 266.930 472.915 819.806 1387.218 2286.620 3668.869 5689.077 8455.626 11925.019 15841.300 19488.404 23195.441 25940.357 28214.031 30105.557 32425.332 34660.805 36558.316 37892.469 39642.379 40892.203 41423.996 42230.105 42817.715 42944.980 42406.246 41939.207 40779.570 39312.855 37564.746 36208.891 34584.527 32168.480 29600.740 25887.529 21124.576 14626.838 7986.088
0.000 0.000 0.000 0.435 0.993 2.212 4.826 10.437 21.610 42.400 81.227 152.637 281.563 507.999 891.040 1522.523 2529.976 4066.415 6291.594 9299.771 12898.186 16715.256 20279.424 23892.254 26415.066 28707.574 30715.795 33243.141 35614.484 37600.816 39262.297 41533.762 43068.320 43542.348 44478.926 45195.191 45314.379 44878.805 44754.750 43452.930 42022.484 40394.832 38914.266 37168.332 34793.570 32471.551 28541.158 23850.275 16627.551 9241.805
0.000 0.000 0.000 0.000 0.841 1.907 4.229 9.192 19.825 41.337 81.248 154.308 287.030 523.659 933.857 1615.023 2702.904 4352.086 6716.430 9854.580 13492.816 17131.084 20726.520 24073.156 26453.168 28733.039 30807.945 33453.762 35894.215 37871.301 40008.809 42289.652 44004.828 44920.453 46267.867 47029.621 47145.129 47013.051 47029.434 45738.117 44327.250 42886.137 41316.457 39461.184 37036.930 35034.449 31090.789 26543.512 18667.037 10582.324
0.000 0.000 0.000 0.000 0.688 1.602 3.639 8.065 17.430 36.830 74.815 146.791 280.252 520.699 940.720 1648.019 2769.817 4468.164 6856.071 9896.489 13343.849 16731.613 20199.113 23242.553 25614.043 27915.688 30163.496 33091.836 35627.812 37734.648 40167.867 42478.117 44185.953 45522.551 47148.223 48043.352 48327.707 48637.559 48792.988 47676.340 46329.410 44985.598 43358.332 41412.488 39216.488 37161.062 33444.047 29046.320 20712.977 12008.175
0.000 0.000 0.000 0.000 0.534 1.284 2.998 6.816 15.048 32.220 67.288 136.119 266.565 504.934 920.797 1618.957 2737.596 4409.656 6724.993 9540.252 12614.962 15724.357 18940.232 21707.025 24078.098 26257.568 28871.221 31644.832 34194.223 36498.219 39328.527 41898.320 43867.543 45696.742 47384.121 48286.242 48734.660 49393.410 49548.684 48987.957 48262.719 46679.055 45019.105 43043.059 41029.633 38927.602 35412.676 31279.100 23011.094 13535.579
0.000 0.000 0.000 0.000 0.000 0.964 2.335 5.465 12.384 27.224 58.473 121.367 243.430 470.392 871.935 1543.206 2607.688 4197.009 6324.090 8861.846 11506.521 14320.245 17224.215 19728.979 22066.723 24202.258 26994.160 29729.744 32200.812 34835.164 37729.426 40223.262 42477.504 44961.480 47085.422 48073.605 48969.766 49626.012 49754.160 49455.148 49387.402 47975.137 46276.941 44325.582 42514.945 40347.551 37025.719 33093.703 25322.857 15231.012
0.000 0.000 0.000 0.000 0.000 0.668 1.689 4.103 9.608 21.823 48.264 103.945 213.747 420.140 789.593 1408.333 2385.891 3811.164 5650.315 7791.542 10113.602 12623.041 15194.438 17419.375 19615.916 21790.475 24684.367 27360.469 29811.570 32796.984 35697.090 38165.824 40704.691 43441.559 45658.059 47289.172 48912.223 49626.891 49745.652 49626.359 49771.926 48607.484 46997.195 45411.902 43675.059 41460.000 38258.781 34668.801 27585.203 16966.768
0.000 0.000 0.000 0.000 0.000 0.432 1.141 2.900 7.073 16.553 37.618 83.859 178.316 358.526 678.825 1220.257 2075.635 3290.978 4824.058 6564.621 8546.996 10718.643 12942.157 14951.827 16934.438 19424.025 22068.926 24615.646 27247.584 30380.133 33231.988 35768.480 38751.824 41454.289 43658.438 45714.086 47785.016 48869.109 49240.809 49670.938 49792.918 48721.309 47326.355 46001.648 44293.027 42107.516 39638.750 35925.926 29639.104 18764.264
0.000 0.000 0.000 0.000 0.000 0.000 0.762 1.964 4.899 11.901 28.178 63.720 137.673 285.639 549.930 998.893 1695.644 2654.722 3863.962 5285.436 6933.485 8745.006 10530.235 12351.171 14208.178 16762.406 19253.711 21683.248 24680.926 27666.275 30409.453 33330.656 36409.684 39078.598 41434.691 43984.340 46134.637 47461.805 48362.449 48969.633 49099.586 48511.496 47534.398 46179.301 44452.238 42353.641 40288.141 36900.090 31338.205 20464.172
0.000 0.000 0.000 0.000 0.000 0.000 0.562 1.419 3.461 8.266 19.407 44.472 99.260 209.956 408.729 751.586 1285.100 2006.596 2893.044 4004.642 5334.092 6798.903 8249.518 9773.016 11849.839 14080.852 16315.127 18964.357 21861.514 24709.172 27405.361 30738.146 33758.441 36413.531 39211.090 41915.984 44095.699 45672.285 47268.445 47925.953 48070.672 47913.828 47467.930 46132.805 44415.836 42429.234 40525.816 37399.477 32565.557 21953.408
0.000 0.000 0.000 0.000 0.000 0.000 0.400 1.041 2.541 5.940 13.431 29.569 63.957 137.882 277.858 516.261 880.230 1376.034 2025.015 2861.369 3842.114 4911.450 6114.508 7646.161 9460.953 11409.120 13613.309 16283.394 18966.461 21646.660 24805.600 27972.678 30908.838 33830.684 36960.219 39632.051 41844.863 44045.609 45875.941 46596.250 46862.414 47134.730 46765.012 45574.945 43986.039 42484.945 40551.344 37577.035 33484.398 23167.072
0.000 0.000 0.000 0.000 0.000 0.000 0.000 0.724 1.833 4.286 9.217 18.856 38.197 79.456 166.305 310.753 539.451 863.289 1298.782 1871.890 2544.988 3345.945 4440.546 5777.714 7306.488 9092.018 11314.264 13695.388 16130.318 19073.748 22124.271 25131.416 28099.684 31457.027 34485.910 37124.945 39608.438 42074.059 44020.203 44963.812 45792.609 46082.965 45828.758 44841.676 43669.734 42137.523 40244.742 37505.535 33944.461 23937.492
0.000 0.000 0.000 0.000 0.000 0.000 0.000 0.505 1.344 3.020 5.890 10.688 20.053 39.687 82.543 162.659 287.297 482.876 745.022 1107.690 1576.165 2274.602 3152.608 4192.748 5602.143 7259.201 9168.539 11237.034 13888.225 16669.676 19495.148 22417.166 25694.463 28818.580 31701.701 34339.676 37221.309 39597.832 41548.934 42991.395 44230.391 44582.020 44424.617 44102.863 43094.137 41595.445 39728.348 37526.477 34223.316 24647.934
0.000 0.000 0.000 0.000 0.000 0.000 0.000 0.000 0.757 1.813 3.568 6.116 10.185 18.107 34.723 69.437 131.232 228.071 393.524 641.765 1005.448 1491.334 2210.600 3135.021 4287.843 5661.183 7411.658 9490.403 11804.021 14249.751 16953.893 19941.209 22912.021 25772.402 28442.641 31387.652 34087.223 36419.801 38415.668 40347.441 41851.816 42386.750 42548.527 42722.348 41997.750 40681.609 39001.691 37173.648 34251.824 25285.789
0.000 0.000 0.000 0.000 0.000 0.000 0.000 0.000 0.311 0.734 1.547 2.889 5.143 9.985 19.100 38.145 71.831 130.664 231.230 396.626 656.978 1043.266 1582.063 2317.436 3319.683 4569.689 6070.478 7799.767 9716.971 12007.572 14490.415 17065.568 19642.434 22163.164 24998.008 27714.031 30241.787 32467.078 34751.000 36866.238 38518.535 39429.207 40226.461 40526.977 40237.699 39276.977 38111.602 36484.012 33724.000 25833.332
0.000 0.000 0.000 0.000 0.000 0.000 0.000 0.000 0.000 0.308 0.616 1.267 2.709 5.704 12.497 26.133 52.078 96.149 167.931 286.261 476.536 772.572 1207.440 1810.262 2605.024 3594.426 4851.497 6330.713 7999.496 9812.722 11769.494 13820.500 16074.933 18559.707 21073.010 23497.070 25745.027 28163.111 30524.814 32635.082 34431.758 35833.395 37060.230 37589.883 37705.684 37414.348 36616.512 35301.641 32996.430 26260.469
0.000 0.000 0.000 0.000 0.000 0.000 0.000 0.000 0.000 0.177 0.390 0.976 2.030 4.425 9.069 19.002 38.320 73.678 134.128 232.204 385.872 618.126 955.166 1422.473 2046.387 2841.631 3804.462 4927.007 6177.628 7582.414 9216.871 10975.334 12827.047 14786.086 16814.691 19023.045 21375.867 23710.117 25906.012 27881.938 29825.941 31720.094 33151.441 34021.297 34548.715 34860.742 34523.137 33533.156 31950.174 26339.670
0.000 0.000 0.000 0.000 0.000 0.000 0.000 0.000 0.000 0.000 0.215 0.617 1.657 3.637 8.065 16.431 32.262 61.375 112.215 195.529 326.012 516.988 778.112 1123.052 1566.259 2125.255 2815.394 3648.042 4620.956 5714.023 6925.792 8247.925 9789.725 11502.510 13311.418 15187.038 17116.168 19071.008 21135.100 23261.047 25331.906 27246.939 28796.479 29990.938 31057.699 31661.346 31799.178 31313.508 30412.760 26154.510
0.000 0.000 0.000 0.000 0.000 0.000 0.000 0.000 0.000 0.000 0.150 0.451 1.212 2.983 6.705 14.957 30.291 57.382 103.050 175.629 283.699 435.515 637.200 893.772 1210.876 1606.477 2104.727 2703.441 3409.703 4224.821 5149.935 6192.749 7366.645 8676.691 10136.812 11757.704 13495.879 15295.842 17131.086 18984.020 20813.855 22656.695 24487.516 26010.979 27209.467 28083.535 28632.891 28804.158 28298.727 25402.596
0.000 0.000 0.000 0.000 0.000 0.000 0.000 0.000 0.000 0.000 0.140 0.405 1.110 2.678 6.289 13.908 27.898 52.498 91.529 149.626 232.846 349.449 505.932 705.581 954.655 1258.079 1616.070 2050.181 2593.142 3237.593 3960.441 4776.577 5695.550 6719.866 7850.398 9095.367 10501.915 12014.370 13576.500 15233.343 16996.992 18806.328 20504.785 22024.680 23309.611 24474.207 25405.266 25900.816 25747.928 24029.604
0.000 0.000 0.000 0.000 0.000 0.000 0.000 0.000 0.000 0.000 0.128 0.413 1.111 2.874 6.662 13.777 26.446 46.883 77.967 123.262 186.686 276.080 402.365 562.140 758.895 1001.162 1289.489 1623.371 2022.833 2510.607 3088.113 3739.508 4460.830 5271.264 6194.840 7237.671 8378.415 9591.839 10877.181 12238.601 13727.129 15369.888 16985.570 18533.912 19898.797 21037.410 22052.289 22769.646 23025.523 22207.734
0.000 0.000 0.000 0.000 0.000 0.000 0.000 0.000 0.000 0.000 0.126 0.411 1.129 3.048 6.883 13.191 24.231 41.732 67.749 104.786 155.828 227.443 325.309 447.958 595.819 781.119 1007.504 1278.800 1616.190 2018.504 2474.452 2979.694 3533.754 4171.781 4938.080 5795.263 6737.753 7748.152 8836.097 10000.293 11262.681 12649.169 14036.769 15392.105 16664.002 17767.291 18721.387 19504.561 20008.900 20281.232
0.000 0.000 0.000 0.000 0.000 0.000 0.000 0.000 0.000 0.000 0.142 0.426 1.130 2.889 6.579 12.844 22.431 36.823 58.245 88.920 129.508 186.603 264.225 364.099 484.306 625.385 793.895 1002.211 1273.296 1596.355 1969.612 2391.857 2861.958 3385.727 4001.488 4688.428 5439.564 6249.400 7138.270 8100.944 9129.448 10269.469 11435.801 12589.203 13681.247 14791.012 15815.296 16696.496 17415.947 18028.666
0.000 0.000 0.000 0.000 0.000 0.000 0.000 0.000 0.000 0.000 0.159 0.487 1.242 2.857 5.840 11.072 19.872 32.125 49.685 75.144 108.478 151.974 210.748 288.716 384.898 501.740 636.130 809.660 1024.132 1275.896 1570.851 1905.633 2283.939 2700.948 3188.644 3727.426 4317.422 4977.577 5728.604 6567.862 7478.106 8473.044 9496.633 10524.775 11539.464 12483.028 13322.542 14051.449 14661.935 15304.801
0.000 0.000 0.000 0.000 0.000 0.000 0.000 0.000 0.000 0.000 0.184 0.519 1.275 2.697 5.264 9.525 16.277 26.115 40.269 62.050 89.724 126.180 172.015 233.105 308.922 399.458 507.191 641.879 808.985 1004.857 1237.151 1508.453 1834.213 2204.479 2613.605 3064.417 3562.530 4103.084 4696.847 5345.444 6065.421 6850.158 7654.551 8463.605 9263.403 10031.823 10749.091 11403.761 11991.585 12667.800
