tests/test_03/output10/DepositFile_____final.dat
NCOLS    50
NROWS    50
XLLCORNER    -2289770.000
YLLCORNER     2591270.000
CELLSIZE        2000.000       2000.000
NODATA_VALUE  0.000
[rows 0 to 34 of 50, columns 0 to 49 of 50]
0.000000 0.000000 0.000000 0.000000 0.000000 0.000000 0.000000 0.012972 0.019434 0.029105 0.043565 0.065169 0.097401 0.145399 0.216681 0.322142 0.477272 0.703558 1.029605 1.491957 2.133790 3.000856 4.134467 5.559045 7.272478 9.240572 11.394465 13.628738 15.796624 17.686403 19.041639 19.505329 18.986061 17.515711 15.086082 11.212708 6.429606 3.054379 0.725192 0.185855 0.039672 0.000000 0.000000 0.000000 0.000000 0.000000 0.000000 0.000000 0.000000 0.000000
0.000000 0.000000 0.000000 0.000000 0.000000 0.000000 0.011602 0.017394 0.026070 0.039059 0.058492 0.087536 0.130888 0.195472 0.291416 0.433364 0.642119 0.946394 1.384012 2.002500 2.856413 4.000717 5.478482 7.313707 9.490835 11.961331 14.627955 17.352333 19.938925 22.127199 23.620106 24.016386 23.223913 21.301605 18.233156 13.456883 7.690032 3.605012 0.863448 0.220099 0.047055 0.000000 0.000000 0.000000 0.000000 0.000000 0.000000 0.000000 0.000000 0.000000
0.000000 0.000000 0.000000 0.000000 0.000000 0.011083 0.016626 0.024936 0.037387 0.056035 0.083942 0.125666 0.187959 0.280772 0.418650 0.622597 0.922393 1.358893 1.985387 2.867515 4.077489 5.683771 7.731580 10.237498 13.163535 16.427362 19.887522 23.341774 26.532875 29.144453 30.776808 31.019491 29.759882 27.098927 23.020483 16.837515 9.584631 4.423959 1.070436 0.271712 0.058110 0.010437 0.000000 0.000000 0.000000 0.000000 0.000000 0.000000 0.000000 0.000000
0.000000 0.000000 0.000000 0.000000 0.010429 0.015656 0.023497 0.035257 0.052884 0.079294 0.118833 0.177967 0.266275 0.397860 0.593332 0.882426 1.307143 1.924841 2.809809 4.051666 5.744864 7.971792 10.775383 14.154055 18.035862 22.280388 26.685835 30.980679 34.834820 37.871330 39.587269 39.531288 37.636612 34.041527 28.678427 20.807848 11.794922 5.355287 1.308875 0.331358 0.070937 0.012765 0.000000 0.000000 0.000000 0.000000 0.000000 0.000000 0.000000 0.000000
0.000000 0.000000 0.000000 0.000000 0.014522 0.021811 0.032751 0.049166 0.073784 0.110685 0.165955 0.248647 0.372152 0.556211 0.829637 1.233884 1.827302 2.689156 3.921468 5.644304 7.979512 11.022845 14.808315 19.297604 24.370106 29.804028 35.309906 40.536812 45.072315 48.485962 50.182892 49.667255 46.965496 42.173244 35.261768 25.350525 14.318844 6.391961 1.577983 0.398831 0.085509 0.015429 0.000000 0.000000 0.000000 0.000000 0.000000 0.000000 0.000000 0.000000
0.000000 0.000000 0.000000 0.013246 0.019911 0.029924 0.044962 0.067538 0.101415 0.152225 0.228365 0.342320 0.512570 0.766348 1.143325 1.700459 2.517548 3.702303 5.392030 7.744435 10.912908 15.003297 20.032009 25.901815 32.420864 39.253677 46.001083 52.220535 57.409073 61.118164 62.645805 61.457382 57.750793 51.504910 42.737049 30.464415 17.141329 7.521654 1.875146 0.473649 0.101708 0.018409 0.000000 0.000000 0.000000 0.000000 0.000000 0.000000 0.000000 0.000000
0.000000 0.000000 0.011865 0.017852 0.026853 0.040386 0.060724 0.091277 0.137156 0.206007 0.309237 0.463808 0.694825 1.039265 1.550943 2.306881 3.414634 5.018214 7.298696 10.458301 14.682628 20.082073 26.643877 34.184113 42.404606 50.825027 58.919380 66.148224 71.924164 75.767616 76.904579 74.834381 69.888527 61.940353 51.022968 36.084663 20.223625 8.719186 2.194603 0.554532 0.119250 0.021666 0.000000 0.000000 0.000000 0.000000 0.000000 0.000000 0.000000 0.000000
0.000000 0.010428 0.015705 0.023647 0.035599 0.053581 0.080626 0.121283 0.182378 0.274123 0.411751 0.617929 0.926212 1.385945 2.068873 3.077523 4.554507 6.689433 9.716732 13.888655 19.420206 26.414558 34.807961 44.301548 54.451374 64.615372 74.111458 82.303886 88.513878 92.275330 92.794479 89.592171 83.199722 73.293701 59.995529 42.107300 23.509424 9.954170 2.530185 0.639108 0.137784 0.025137 0.000000 0.000000 0.000000 0.000000 0.000000 0.000000 0.000000 0.000000
0.000000 0.013558 0.020434 0.030792 0.046392 0.069879 0.105231 0.158415 0.238385 0.358550 0.538904 0.809213 1.213543 1.816564 2.712265 4.034629 5.969384 8.761826 12.709729 18.119791 25.229509 34.115707 44.627411 56.318024 68.582794 80.567856 91.433762 100.457047 106.925087 110.354065 109.997536 105.389099 97.329468 85.315010 69.420059 48.373802 26.916054 11.198749 2.876106 0.725884 0.156969 0.028757 0.000000 0.000000 0.000000 0.000000 0.000000 0.000000 0.000000 0.000000
0.011789 0.017348 0.026164 0.039455 0.059485 0.089665 0.135120 0.203551 0.306497 0.461264 0.693649 1.042046 1.563265 2.340562 3.494712 5.197545 7.686120 11.271252 16.323908 23.208141 32.169598 43.226521 56.100731 70.176018 84.647484 98.449608 110.588417 120.255341 126.719513 129.549973 128.024353 121.857399 111.926414 97.658150 79.028740 54.718578 30.366089 12.417449 3.224036 0.812745 0.176293 0.032446 0.000000 0.000000 0.000000 0.000000 0.000000 0.000000 0.000000 0.000000
0.014857 0.021878 0.033017 0.049819 0.075158 0.113356 0.170922 0.257629 0.388124 0.584365 0.879095 1.320992 1.982003 2.967443 4.429674 6.584718 9.729095 14.248016 20.593006 29.183868 40.248211 53.708763 69.120537 85.679123 102.363243 117.882896 131.094513 141.136429 147.340454 149.328476 146.424927 138.569565 126.631180 110.049385 88.654839 60.989059 33.753876 13.582108 3.564722 0.897203 0.195156 0.036093 0.000000 0.000000 0.000000 0.000000 0.000000 0.000000 0.000000 0.000000
0.018481 0.027229 0.041115 0.062073 0.093694 0.141385 0.213288 0.321629 0.484726 0.730014 1.098404 1.650639 2.476324 3.706427 5.529734 8.212775 12.118917 17.715086 25.536343 36.047977 49.423397 65.449997 83.491661 102.537003 121.326645 138.372849 152.434860 162.567474 168.251663 169.130493 164.700806 155.007278 141.038345 122.112892 97.981636 67.024300 37.031490 14.664527 3.887940 0.976699 0.212968 0.039575 0.000000 0.000000 0.000000 0.000000 0.000000 0.000000 0.000000 0.000000
0.022700 0.033464 0.050559 0.076373 0.115339 0.174130 0.262797 0.396428 0.597623 0.900171 1.354432 2.035045 3.051849 4.564917 6.804117 10.092098 14.865211 21.676950 31.144291 43.758400 59.592842 78.253792 98.904663 120.325111 140.982147 159.259827 173.835770 183.746307 188.613953 188.181015 182.101746 170.500137 154.567795 133.436310 106.697464 72.632683 40.091072 15.639487 4.188070 1.050323 0.229200 0.042782 0.000000 0.000000 0.000000 0.000000 0.000000 0.000000 0.000000 0.000000
0.027503 0.040576 0.061345 0.092725 0.140117 0.211657 0.319580 0.482269 0.727229 1.095527 1.648240 2.475736 3.710567 5.545108 8.254294 12.221075 17.958282 26.106047 37.355659 52.195801 70.540520 91.782448 114.853966 138.339813 160.492081 179.597397 194.267532 203.602539 207.402435 205.496857 197.780472 184.374100 166.590347 143.461807 114.379463 77.580154 42.836029 16.482100 4.455126 1.116918 0.243780 0.045673 0.000000 0.000000 0.000000 0.000000 0.000000 0.000000 0.000000 0.000000
0.032848 0.048499 0.073371 0.110969 0.167780 0.253572 0.383028 0.578186 0.872017 1.313658 1.976014 2.966629 4.442677 6.631282 9.854627 14.557872 21.329523 30.889706 43.985035 61.064953 81.821281 105.422089 130.582550 155.704620 178.854385 198.281540 212.609146 221.021072 223.478973 220.012894 210.681061 195.665115 176.337296 151.489914 120.499031 81.557152 45.120445 17.159317 4.682170 1.174954 0.256441 0.048223 0.000000 0.000000 0.000000 0.000000 0.000000 0.000000 0.000000 0.000000
0.038659 0.057121 0.086465 0.130842 0.197921 0.299239 0.452130 0.682565 1.029349 1.550164 2.330378 3.495333 5.227322 7.788073 11.545563 17.002443 24.811817 35.749866 50.571529 69.603127 92.289070 117.588608 144.145950 170.274292 193.921906 213.368042 227.231842 234.685593 235.753235 230.733185 219.807419 203.567810 182.958557 156.957321 124.683777 84.270134 46.807117 17.651691 4.854616 1.222463 0.266818 0.050346 0.000000 0.000000 0.000000 0.000000 0.000000 0.000000 0.000000 0.000000
0.044879 0.066361 0.100509 0.152171 0.230281 0.348270 0.526290 0.794481 1.197755 1.802684 2.707330 4.054982 6.052653 8.994852 13.291621 19.494438 28.304852 40.525772 56.867584 77.439407 101.418762 127.616478 154.633163 180.740311 203.990494 222.753738 235.727600 242.235764 242.269745 236.011230 223.689285 206.634155 185.320084 158.885025 126.070137 85.338951 47.584381 17.938078 4.953144 1.252109 0.273838 0.051885 0.000000 0.000000 0.000000 0.000000 0.000000 0.000000 0.000000 0.000000
0.051335 0.075967 0.115117 0.174366 0.263952 0.399257 0.603322 0.910510 1.371840 2.062623 3.093199 4.623670 6.883443 10.195587 15.003794 21.894615 31.594372 44.896427 62.419830 84.014969 108.700310 135.150803 162.032791 187.498123 209.652115 227.024338 238.489960 243.641998 242.419495 235.135025 222.119354 204.731674 183.025421 156.909698 124.539276 84.313690 47.284904 17.905216 4.953544 1.260873 0.276729 0.052679 0.000000 0.000000 0.000000 0.000000 0.000000 0.000000 0.000000 0.000000
0.057887 0.085719 0.129946 0.196875 0.298053 0.450793 0.680950 1.026971 1.545675 2.320426 3.472424 5.175959 7.678047 11.321880 16.570833 24.023052 34.394176 48.415379 66.541130 88.290428 112.712700 138.491913 164.387497 188.662155 209.565659 225.655487 235.803436 239.677704 237.439545 229.526688 216.162567 198.700394 177.201752 151.851669 120.597244 81.831436 46.248531 17.559731 4.861655 1.246778 0.274660 0.052507 0.000000 0.000000 0.000000 0.000000 0.000000 0.000000 0.000000 0.000000
0.064390 0.095413 0.144690 0.219256 0.331924 0.501853 0.757561 1.141245 1.714927 2.568919 3.833322 5.692968 8.406152 12.325697 17.917557 25.765900 36.539017 50.853104 68.935455 90.037163 113.287895 137.516754 161.563080 183.871979 202.932068 217.490417 226.490250 229.580811 227.108856 218.804611 205.685059 188.384094 167.693100 143.458359 114.065201 77.896957 44.432430 17.127256 4.705671 1.218435 0.268182 0.051458 0.000000 0.000000 0.000000 0.000000 0.000000 0.000000 0.000000 0.000000
0.070467 0.104508 0.158544 0.240287 0.363724 0.549669 0.828949 1.246892 1.869608 2.792542 4.151547 6.137133 9.010574 13.121385 18.919830 26.950075 37.793884 51.912354 69.275650 89.084480 110.517067 132.606613 154.303116 174.239349 191.111801 203.779068 211.290955 213.331528 210.417343 202.371109 190.138229 173.322220 153.993423 131.718124 104.887039 72.385483 41.393612 16.564302 4.482419 1.175303 0.258647 0.049746 0.000000 0.000000 0.000000 0.000000 0.000000 0.000000 0.000000 0.000000
0.075625 0.112281 0.170407 0.258303 0.390900 0.590340 0.889165 1.334846 1.995914 2.970099 4.394738 6.459102 9.417725 13.602633 19.427429 27.370626 37.905285 51.319942 67.350197 85.324577 104.517807 124.115105 143.235886 160.743347 175.407318 186.240311 192.448853 193.916855 190.715637 183.077103 171.555405 155.906982 137.914383 117.739281 94.109177 65.708458 37.756638 15.571136 4.191668 1.112342 0.245728 0.047525 0.000000 0.000000 0.000000 0.000000 0.000000 0.000000 0.000000 0.000000
0.079324 0.117938 0.179068 0.271447 0.410640 0.619558 0.931647 1.395125 2.078668 3.078711 4.528377 6.607716 9.553686 13.666487 19.306822 26.868465 36.704315 48.941963 63.208813 78.962082 95.612709 112.602303 129.118637 144.161987 156.673645 165.803802 170.924286 171.894043 168.506775 161.523682 150.552078 136.548233 120.364517 102.672958 82.455475 58.348774 33.866375 14.352585 3.884929 1.032203 0.227996 0.044392 0.000000 0.000000 0.000000 0.000000 0.000000 0.000000 0.000000 0.000000
0.080909 0.120500 0.183043 0.277476 0.419517 0.632150 0.948596 1.416189 2.101208 3.094782 4.519916 6.538963 9.360373 13.240932 18.478548 25.377472 34.164555 44.831905 57.054344 70.428551 84.564476 98.967140 112.942825 125.602058 136.036255 143.586380 147.656693 147.903061 144.671051 138.023239 128.265717 115.979263 101.974876 86.998459 70.260590 50.555695 29.731007 13.005579 3.581728 0.941986 0.207927 0.040572 0.000000 0.000000 0.000000 0.000000 0.000000 0.000000 0.000000 0.000000
0.079805 0.119066 0.180956 0.274299 0.414396 0.623396 0.932929 1.387388 2.047859 2.996525 4.341261 6.220256 8.804881 12.298697 16.929684 22.919283 30.408974 39.333546 49.459862 60.490200 72.205704 84.118492 95.628922 105.975204 114.420624 120.395584 123.389435 123.077690 119.765656 113.684196 105.343285 95.148911 83.560173 71.245392 58.003078 42.495678 25.436865 11.541864 3.266317 0.843227 0.186168 0.036374 0.000000 0.000000 0.000000 0.000000 0.000000 0.000000 0.000000 0.000000
0.075521 0.112894 0.171687 0.260222 0.392740 0.589616 0.879492 1.301923 1.910113 2.773453 3.980194 5.639770 7.885811 10.874881 14.776624 19.740019 25.829420 32.988369 41.065666 49.923435 59.310463 68.802292 77.893639 86.007706 92.520142 96.969353 98.830948 98.074486 94.794380 89.654747 82.866013 74.810738 65.663200 56.073872 45.933655 34.216835 21.002481 9.904917 2.896879 0.733429 0.162147 0.031811 0.000000 0.000000 0.000000 0.000000 0.000000 0.000000 0.000000 0.000000
0.068055 0.101954 0.155155 0.235114 0.354357 0.530505 0.787823 1.158945 1.686721 2.426011 3.444834 4.826571 6.671990 9.097373 12.218164 16.122009 20.835711 26.323820 32.521576 39.310555 46.452030 53.606937 60.395805 66.370125 71.030922 73.968163 74.951157 73.807838 71.010101 66.875778 61.665291 55.624790 48.910515 41.772636 34.382107 26.063122 16.464182 8.031541 2.443250 0.607022 0.134954 0.026748 0.000000 0.000000 0.000000 0.000000 0.000000 0.000000 0.000000 0.000000
0.057628 0.086512 0.131773 0.199620 0.300323 0.448076 0.662028 0.967280 1.395744 1.986765 2.788361 3.859599 5.272567 7.107378 9.439137 12.319963 15.760933 19.742413 24.209625 29.055229 34.098217 39.084713 43.747353 47.685246 50.630558 52.282074 52.534504 51.437328 49.239079 46.143997 42.316170 38.045078 33.385624 28.502031 23.502068 18.105288 11.824997 5.934255 1.903024 0.465477 0.104495 0.021069 0.000000 0.000000 0.000000 0.000000 0.000000 0.000000 0.000000 0.000000
0.044791 0.067446 0.102915 0.155941 0.234217 0.348083 0.511091 0.740528 1.057879 1.489139 2.066062 2.826917 3.816456 5.082360 6.668829 8.602700 10.887714 13.503524 16.402290 19.492479 22.647738 25.685720 28.413263 30.595964 32.073177 32.776100 32.597057 31.602379 29.900009 27.684381 25.077744 22.229923 19.327507 16.428902 13.496927 10.460514 7.120371 3.690439 1.245947 0.305700 0.070847 0.014750 0.000000 0.000000 0.000000 0.000000 0.000000 0.000000 0.000000 0.000000
0.031092 0.046975 0.071810 0.108785 0.162953 0.240807 0.350443 0.501911 0.707629 0.983142 1.346956 1.819233 2.420548 3.171071 4.088941 5.184832 6.459385 7.895836 9.453064 11.058928 12.624596 14.040710 15.211483 16.050701 16.494335 16.475622 15.989484 15.063511 13.824879 12.378468 10.843024 9.231955 7.697868 6.297160 5.013071 3.801434 2.622727 1.401192 0.514265 0.136102 0.035941 0.000000 0.000000 0.000000 0.000000 0.000000 0.000000 0.000000 0.000000 0.000000
0.018483 0.028000 0.042792 0.064609 0.096136 0.140589 0.201646 0.283717 0.392383 0.534254 0.716634 0.946378 1.229009 1.567679 1.965384 2.422887 2.935678 3.490833 4.067810 4.621008 5.110473 5.494734 5.724646 5.782023 5.656710 5.346470 4.884102 4.333123 3.753953 3.187805 2.657906 2.159523 1.691982 1.284480 0.952595 0.675937 0.432931 0.211213 0.074616 0.028714 0.010894 0.000000 0.000000 0.000000 0.000000 0.000000 0.000000 0.000000 0.000000 0.000000
0.000000 0.013838 0.021018 0.031376 0.045933 0.065805 0.092213 0.126317 0.169207 0.222137 0.286963 0.365237 0.457188 0.562213 0.680343 0.809110 0.942595 1.073403 1.193691 1.292555 1.353545 1.371226 1.333987 1.255142 1.142297 1.021914 0.899308 0.778820 0.664165 0.557049 0.455790 0.359896 0.275108 0.204193 0.146255 0.098102 0.057207 0.028523 0.012396 0.000000 0.000000 0.000000 0.000000 0.000000 0.000000 0.000000 0.000000 0.000000 0.000000 0.000000
0.000000 0.000000 0.000000 0.012217 0.017264 0.023886 0.032349 0.042777 0.055183 0.069385 0.085437 0.103134 0.122772 0.143967 0.166169 0.188392 0.209133 0.226765 0.240726 0.249119 0.250072 0.242335 0.226184 0.204752 0.179436 0.158829 0.142510 0.128538 0.114737 0.099267 0.083493 0.068746 0.055453 0.043477 0.032645 0.022210 0.012739 0.000000 0.000000 0.000000 0.000000 0.000000 0.000000 0.000000 0.000000 0.000000 0.000000 0.000000 0.000000 0.000000
0.000000 0.000000 0.000000 0.000000 0.000000 0.000000 0.000000 0.011010 0.013500 0.016238 0.019030 0.021813 0.024818 0.027888 0.031046 0.034261 0.037320 0.040119 0.042956 0.045678 0.047242 0.047207 0.046099 0.043775 0.040999 0.038222 0.035317 0.032396 0.029185 0.025698 0.022177 0.018860 0.015726 0.012667 0.000000 0.000000 0.000000 0.000000 0.000000 0.000000 0.000000 0.000000 0.000000 0.000000 0.000000 0.000000 0.000000 0.000000 0.000000 0.000000
0.000000 0.000000 0.000000 0.000000 0.000000 0.000000 0.000000 0.000000 0.000000 0.000000 0.000000 0.000000 0.000000 0.000000 0.000000 0.000000 0.000000 0.000000 0.000000 0.010452 0.011045 0.011390 0.011447 0.011271 0.010845 0.010275 0.000000 0.000000 0.000000 0.000000 0.000000 0.000000 0.000000 0.000000 0.000000 0.000000 0.000000 0.000000 0.000000 0.000000 0.000000 0.000000 0.000000 0.000000 0.000000 0.000000 0.000000 0.000000 0.000000 0.000000
