tests/test_03/output10/DepositFile_010.00hrs.dat
NCOLS    50
NROWS    50
XLLCORNER    -2289770.000
YLLCORNER     2591270.000
CELLSIZE        2000.000       2000.000
NODATA_VALUE -9999.
[rows 0 to 34 of 50, columns 0 to 49 of 50]
0.000000 0.000000 0.000000 0.000000 0.000000 0.000001 0.000001 0.000003 0.000008 0.000018 0.000041 0.000094 0.000218 0.000513 0.001199 0.002669 0.005534 0.010720 0.019260 0.032369 0.050928 0.076038 0.106904 0.143287 0.179863 0.204870 0.207169 0.184517 0.146390 0.097824 0.049448 0.025654 0.014181 0.006879 0.003231 0.001507 0.000641 0.000263 0.000101 0.000036 0.000012 0.000003 0.000001 0.000000 0.000000 0.000000 0.000000 0.000000 0.000000 0.000000
0.000000 0.000000 0.000000 0.000000 0.000001 0.000001 0.000003 0.000008 0.000017 0.000039 0.000090 0.000213 0.000514 0.001228 0.002790 0.005982 0.012136 0.023145 0.041261 0.069139 0.108109 0.158908 0.219948 0.287090 0.351694 0.401230 0.408196 0.372560 0.297344 0.209498 0.117819 0.055690 0.030421 0.015041 0.007046 0.003316 0.001452 0.000593 0.000236 0.000085 0.000028 0.000008 0.000002 0.000000 0.000000 0.000000 0.000000 0.000000 0.000000 0.000000
0.000000 0.000000 0.000000 0.000001 0.000001 0.000003 0.000008 0.000018 0.000042 0.000100 0.000241 0.000594 0.001403 0.003143 0.006727 0.013817 0.027038 0.050173 0.088020 0.145495 0.224159 0.323018 0.439618 0.561658 0.677037 0.764512 0.779239 0.712347 0.567812 0.408167 0.247936 0.120480 0.060777 0.031390 0.014604 0.006880 0.003135 0.001303 0.000530 0.000197 0.000067 0.000020 0.000005 0.000001 0.000000 0.000000 0.000000 0.000000 0.000000 0.000000
0.000000 0.000000 0.000001 0.000001 0.000003 0.000008 0.000018 0.000043 0.000103 0.000256 0.000639 0.001506 0.003340 0.007110 0.014613 0.028889 0.054711 0.099219 0.171435 0.279912 0.426472 0.606777 0.814782 1.025391 1.222301 1.364855 1.388521 1.261327 1.015408 0.741238 0.471304 0.237156 0.112000 0.060031 0.028440 0.013320 0.006197 0.002635 0.001085 0.000420 0.000146 0.000043 0.000010 0.000002 0.000000 0.000000 0.000000 0.000000 0.000000 0.000000
0.000000 0.000001 0.000001 0.000003 0.000008 0.000019 0.000048 0.000120 0.000295 0.000711 0.001630 0.003528 0.007383 0.015055 0.029764 0.056742 0.104296 0.184772 0.313721 0.504755 0.760360 1.069553 1.418256 1.764862 2.080705 2.303668 2.333369 2.112955 1.709711 1.247407 0.819062 0.437817 0.200515 0.105700 0.051113 0.024011 0.011331 0.004944 0.002057 0.000814 0.000282 0.000082 0.000019 0.000004 0.000000 0.000000 0.000000 0.000000 0.000000 0.000000
0.000001 0.000001 0.000003 0.000008 0.000021 0.000055 0.000136 0.000325 0.000756 0.001691 0.003595 0.007381 0.014864 0.029312 0.056144 0.104086 0.186881 0.324496 0.541816 0.859080 1.279416 1.779123 2.330181 2.872940 3.354159 3.683018 3.714653 3.355874 2.717888 1.995604 1.324291 0.745218 0.345348 0.174480 0.086743 0.040567 0.019215 0.008640 0.003609 0.001443 0.000495 0.000141 0.000032 0.000006 0.000001 0.000000 0.000000 0.000000 0.000000 0.000000
0.000001 0.000003 0.000009 0.000022 0.000057 0.000136 0.000316 0.000717 0.001591 0.003382 0.006923 0.013815 0.027106 0.052136 0.097669 0.177760 0.314179 0.537960 0.886152 1.387915 2.044048 2.811546 3.638118 4.446088 5.140965 5.595419 5.615890 5.064254 4.116060 3.031375 2.009550 1.161169 0.544947 0.269527 0.136825 0.063866 0.030670 0.014115 0.005935 0.002370 0.000806 0.000225 0.000050 0.000009 0.000001 0.000000 0.000000 0.000000 0.000000 0.000000
0.000003 0.000008 0.000020 0.000050 0.000120 0.000273 0.000607 0.001331 0.002867 0.005946 0.011939 0.023429 0.045135 0.085266 0.157380 0.283170 0.495793 0.841723 1.373997 2.131775 3.109117 4.233386 5.419270 6.561020 7.510323 8.106323 8.089624 7.285129 5.918555 4.363036 2.885339 1.716918 0.815573 0.392658 0.203720 0.096019 0.046194 0.021551 0.009163 0.003649 0.001237 0.000340 0.000075 0.000013 0.000002 0.000000 0.000000 0.000000 0.000000 0.000000
0.000006 0.000016 0.000038 0.000091 0.000209 0.000464 0.001009 0.002166 0.004582 0.009395 0.018698 0.036368 0.069265 0.129332 0.236577 0.422829 0.736411 1.244120 2.019934 3.112871 4.503660 6.081571 7.716320 9.249102 10.490644 11.216130 11.114418 9.974651 8.115360 5.980897 3.961283 2.372581 1.152606 0.538972 0.283542 0.135564 0.065712 0.030908 0.013313 0.005311 0.001796 0.000489 0.000107 0.000019 0.000003 0.000000 0.000000 0.000000 0.000000 0.000000
0.000010 0.000025 0.000061 0.000141 0.000319 0.000702 0.001511 0.003200 0.006684 0.013616 0.027005 0.052316 0.099087 0.183892 0.334597 0.595668 1.034220 1.742437 2.820925 4.328260 6.219670 8.332301 10.493161 12.464451 14.011152 14.842100 14.596921 13.030940 10.589884 7.784492 5.144233 3.096365 1.519837 0.700563 0.371568 0.179563 0.087928 0.041869 0.018262 0.007295 0.002476 0.000672 0.000147 0.000025 0.000003 0.000000 0.000000 0.000000 0.000000 0.000000
0.000015 0.000037 0.000086 0.000199 0.000445 0.000976 0.002096 0.004392 0.009076 0.018409 0.036476 0.070615 0.133624 0.247594 0.449555 0.798572 1.383655 2.326900 3.761203 5.752903 8.212659 10.909762 13.643563 16.076857 17.925430 18.833408 18.358765 16.284649 13.204512 9.638677 6.355484 3.850802 1.892805 0.866143 0.462001 0.224866 0.111012 0.053415 0.023584 0.009484 0.003240 0.000881 0.000192 0.000033 0.000005 0.000000 0.000000 0.000000 0.000000 0.000000
0.000020 0.000048 0.000113 0.000258 0.000576 0.001264 0.002717 0.005672 0.011634 0.023511 0.046600 0.090362 0.171357 0.318040 0.577813 1.026123 1.776250 2.982847 4.814259 7.342332 10.410599 13.712332 17.023260 19.906082 22.040709 22.978964 22.221905 19.575191 15.815308 11.466572 7.554658 4.578184 2.254492 1.037868 0.550101 0.268851 0.133777 0.064880 0.028944 0.011728 0.004032 0.001101 0.000242 0.000042 0.000006 0.000001 0.000000 0.000000 0.000000 0.000000
0.000025 0.000059 0.000139 0.000317 0.000708 0.001555 0.003346 0.006978 0.014249 0.028701 0.056912 0.110652 0.210548 0.392054 0.714075 1.270034 2.199637 3.691484 5.947802 9.041391 12.730332 16.627897 20.492632 23.794062 26.174818 27.112610 26.022848 22.776287 18.311476 13.180222 8.665495 5.237256 2.575960 1.187392 0.629216 0.308677 0.154639 0.075472 0.033976 0.013895 0.004816 0.001323 0.000293 0.000052 0.000007 0.000001 0.000000 0.000000 0.000000 0.000000
0.000027 0.000064 0.000151 0.000348 0.000787 0.001750 0.003830 0.008092 0.016618 0.033545 0.066723 0.130314 0.249142 0.465971 0.851844 1.519352 2.636545 4.427569 7.124128 10.785840 15.067165 19.526331 23.874901 27.529329 30.100042 30.992998 29.503794 25.665876 20.505278 14.638311 9.586545 5.760470 2.816511 1.295514 0.689750 0.339751 0.171063 0.084121 0.038299 0.015841 0.005550 0.001538 0.000343 0.000061 0.000008 0.000001 0.000000 0.000000 0.000000 0.000000
0.000027 0.000065 0.000153 0.000355 0.000807 0.001801 0.003974 0.008608 0.018091 0.037004 0.074185 0.145945 0.281205 0.529779 0.974461 1.747088 3.043980 5.124038 8.244225 12.431563 17.210531 22.161053 26.905489 30.836679 33.509510 34.274597 32.348709 27.931660 22.064995 15.561026 10.090582 5.936562 2.885328 1.341778 0.711367 0.350262 0.177057 0.087829 0.040451 0.017066 0.006136 0.001731 0.000390 0.000070 0.000010 0.000001 0.000000 0.000000 0.000000 0.000000
0.000025 0.000061 0.000147 0.000346 0.000797 0.001794 0.003968 0.008670 0.018539 0.038591 0.078334 0.155399 0.301648 0.572223 1.059635 1.911619 3.345854 5.644203 9.067708 13.569954 18.564934 23.721661 28.589476 32.676067 35.393040 36.033848 33.804905 28.950375 22.545944 15.630035 10.061305 5.770913 2.776942 1.322964 0.694282 0.340982 0.172856 0.086686 0.040456 0.017391 0.006375 0.001853 0.000427 0.000078 0.000011 0.000001 0.000000 0.000000 0.000000 0.000000
0.000020 0.000050 0.000122 0.000294 0.000695 0.001612 0.003666 0.008195 0.017926 0.038000 0.078262 0.157226 0.308636 0.591943 1.107014 2.012859 3.542973 5.989743 9.595592 14.211529 19.222153 24.350218 29.096941 33.106728 35.747326 36.194080 33.738007 28.691158 22.071787 15.089710 9.519934 5.224275 2.442160 1.212912 0.624274 0.309498 0.158108 0.079618 0.037659 0.016715 0.006306 0.001889 0.000446 0.000083 0.000012 0.000001 0.000000 0.000000 0.000000 0.000000
0.000015 0.000037 0.000095 0.000234 0.000565 0.001338 0.003098 0.007028 0.015674 0.034280 0.072691 0.149324 0.298175 0.579954 1.098299 2.018398 3.579530 6.071674 9.703337 14.210981 19.117065 24.065882 28.688601 32.534512 34.882469 34.915760 32.119873 26.913282 20.285082 13.579978 8.437088 4.329776 1.997132 1.026850 0.519662 0.262699 0.134605 0.067228 0.032505 0.014911 0.005861 0.001838 0.000448 0.000085 0.000013 0.000001 0.000000 0.000000 0.000000 0.000000
0.000010 0.000026 0.000068 0.000175 0.000437 0.001066 0.002533 0.005883 0.013348 0.029603 0.063885 0.133903 0.272647 0.539284 1.034808 1.920446 3.424780 5.811379 9.222351 13.247560 17.738100 22.253645 26.547340 30.168921 32.315601 32.073483 29.001526 23.660152 17.308302 11.378556 6.839645 3.267788 1.512824 0.806430 0.404597 0.209005 0.107797 0.053807 0.026468 0.012408 0.005019 0.001655 0.000423 0.000084 0.000013 0.000001 0.000000 0.000000 0.000000 0.000000
0.000006 0.000016 0.000045 0.000121 0.000316 0.000800 0.001966 0.004699 0.010935 0.024756 0.054549 0.116774 0.242538 0.487893 0.947710 1.770746 3.163955 5.346956 8.380458 11.839560 15.751505 19.730984 23.571962 26.774637 28.543221 28.000799 24.852289 19.742632 13.993033 8.912604 4.991849 2.310214 1.147090 0.591672 0.301036 0.157148 0.080970 0.040837 0.020529 0.009738 0.004061 0.001400 0.000375 0.000078 0.000012 0.000001 0.000000 0.000000 0.000000 0.000000
0.000003 0.000009 0.000027 0.000077 0.000211 0.000560 0.001432 0.003541 0.008484 0.019713 0.044513 0.097550 0.206739 0.422872 0.831792 1.565169 2.796678 4.687148 7.191022 10.104691 13.388000 16.794476 20.101652 22.781618 24.075855 23.196726 20.066628 15.335719 10.514441 6.558071 3.303898 1.503764 0.806143 0.407488 0.212911 0.112202 0.057622 0.029503 0.014957 0.007204 0.003134 0.001123 0.000313 0.000068 0.000011 0.000001 0.000000 0.000000 0.000000 0.000000
0.000001 0.000005 0.000015 0.000044 0.000129 0.000360 0.000963 0.002481 0.006153 0.014742 0.034219 0.077060 0.167201 0.348038 0.692796 1.311375 2.341704 3.887343 5.834783 8.184134 10.857031 13.671597 16.382151 18.471313 19.213701 18.062393 15.078393 11.082657 7.278415 4.241460 1.990278 0.999043 0.525919 0.270884 0.143891 0.075577 0.039144 0.020370 0.010345 0.005061 0.002292 0.000853 0.000248 0.000056 0.000010 0.000001 0.000000 0.000000 0.000000 0.000000
0.000001 0.000002 0.000008 0.000025 0.000075 0.000218 0.000608 0.001629 0.004196 0.010381 0.024726 0.057024 0.126753 0.268780 0.540896 1.028161 1.830706 2.998227 4.463919 6.285311 8.378323 10.595918 12.673113 14.135054 14.341257 13.034103 10.348987 7.313462 4.606369 2.362269 1.105111 0.611540 0.319154 0.171489 0.092666 0.048677 0.025808 0.013485 0.006843 0.003387 0.001575 0.000616 0.000187 0.000044 0.000008 0.000001 0.000000 0.000000 0.000000 0.000000
0.000000 0.000001 0.000005 0.000016 0.000048 0.000141 0.000396 0.001069 0.002781 0.006987 0.017003 0.039886 0.089530 0.191901 0.389559 0.744041 1.321334 2.131911 3.196647 4.542674 6.106219 7.747406 9.201828 10.057936 9.828473 8.529417 6.357859 4.314451 2.489009 1.193413 0.637841 0.346471 0.187348 0.103093 0.055481 0.029804 0.016143 0.008517 0.004379 0.002205 0.001040 0.000424 0.000134 0.000033 0.000006 0.000001 0.000000 0.000000 0.000000 0.000000
0.000000 0.000001 0.000003 0.000011 0.000035 0.000103 0.000290 0.000773 0.001969 0.004823 0.011424 0.026220 0.058345 0.124972 0.254028 0.486748 0.862066 1.394370 2.121925 3.045311 4.130766 5.238111 6.133554 6.458001 6.015346 4.835344 3.490104 2.160655 1.099560 0.591841 0.337365 0.187719 0.106301 0.059327 0.032504 0.017961 0.009715 0.005150 0.002703 0.001375 0.000657 0.000275 0.000091 0.000023 0.000004 0.000001 0.000000 0.000000 0.000000 0.000000
0.000000 0.000001 0.000002 0.000006 0.000020 0.000064 0.000190 0.000527 0.001365 0.003314 0.007593 0.016544 0.034836 0.072668 0.148589 0.286665 0.504327 0.829473 1.284487 1.870739 2.538680 3.168749 3.571869 3.558863 3.055382 2.352459 1.586851 0.847768 0.468986 0.285938 0.167747 0.098955 0.057489 0.032557 0.018514 0.010350 0.005668 0.003052 0.001607 0.000821 0.000399 0.000174 0.000060 0.000016 0.000003 0.000000 0.000000 0.000000 0.000000 0.000000
0.000000 0.000000 0.000001 0.000003 0.000011 0.000035 0.000111 0.000326 0.000877 0.002141 0.004682 0.009402 0.018574 0.037381 0.076490 0.147490 0.264963 0.447047 0.702286 1.021690 1.358497 1.610908 1.678094 1.527838 1.234737 0.910175 0.523289 0.310928 0.202515 0.127733 0.080559 0.049819 0.029598 0.017473 0.010114 0.005718 0.003177 0.001741 0.000936 0.000485 0.000235 0.000103 0.000038 0.000010 0.000002 0.000000 0.000000 0.000000 0.000000 0.000000
0.000000 0.000000 0.000000 0.000002 0.000006 0.000023 0.000073 0.000215 0.000588 0.001389 0.002772 0.005050 0.009079 0.016806 0.032278 0.063777 0.119433 0.207825 0.325417 0.456927 0.559184 0.594314 0.567135 0.494869 0.372935 0.229319 0.162520 0.116678 0.081853 0.056337 0.037487 0.023905 0.014947 0.009083 0.005363 0.003111 0.001771 0.000980 0.000524 0.000272 0.000137 0.000063 0.000023 0.000006 0.000001 0.000000 0.000000 0.000000 0.000000 0.000000
0.000000 0.000000 0.000000 0.000001 0.000003 0.000012 0.000038 0.000111 0.000307 0.000760 0.001571 0.002773 0.004610 0.006761 0.011355 0.021922 0.042342 0.070870 0.103265 0.128611 0.140815 0.144084 0.130729 0.095723 0.077312 0.065472 0.053647 0.042639 0.033072 0.024168 0.016853 0.011356 0.007358 0.004601 0.002805 0.001661 0.000956 0.000533 0.000288 0.000152 0.000078 0.000035 0.000013 0.000004 0.000001 0.000000 0.000000 0.000000 0.000000 0.000000
0.000000 0.000000 0.000000 0.000000 0.000001 0.000004 0.000014 0.000041 0.000108 0.000259 0.000570 0.001111 0.001615 0.001825 0.002591 0.004486 0.007972 0.013741 0.020873 0.024483 0.022749 0.020624 0.022034 0.022900 0.022579 0.021394 0.019072 0.016226 0.013191 0.010249 0.007573 0.005304 0.003544 0.002289 0.001434 0.000868 0.000503 0.000281 0.000155 0.000084 0.000043 0.000019 0.000008 0.000002 0.000001 0.000000 0.000000 0.000000 0.000000 0.000000
0.000000 0.000000 0.000000 0.000000 0.000001 0.000002 0.000007 0.000021 0.000050 0.000104 0.000149 0.000216 0.000329 0.000538 0.000879 0.001425 0.002295 0.003436 0.004864 0.005381 0.005628 0.006069 0.006765 0.007449 0.007731 0.007642 0.007177 0.006398 0.005427 0.004383 0.003366 0.002453 0.001697 0.001123 0.000717 0.000443 0.000263 0.000150 0.000083 0.000045 0.000023 0.000011 0.000004 0.000001 0.000000 0.000000 0.000000 0.000000 0.000000 0.000000
0.000000 0.000000 0.000000 0.000000 0.000000 0.000001 0.000004 0.000012 0.000027 0.000030 0.000031 0.000052 0.000102 0.000233 0.000414 0.000659 0.000961 0.001373 0.001997 0.002685 0.002927 0.002530 0.002496 0.002774 0.002954 0.002977 0.002872 0.002621 0.002279 0.001888 0.001490 0.001117 0.000796 0.000540 0.000353 0.000223 0.000136 0.000079 0.000043 0.000023 0.000012 0.000006 0.000002 0.000001 0.000000 0.000000 0.000000 0.000000 0.000000 0.000000
0.000000 0.000000 0.000000 0.000000 0.000000 0.000000 0.000001 0.000003 0.000007 0.000008 0.000012 0.000022 0.000054 0.000114 0.000207 0.000327 0.000461 0.000583 0.000819 0.001157 0.001385 0.001375 0.001071 0.001124 0.001201 0.001220 0.001188 0.001096 0.000965 0.000810 0.000650 0.000498 0.000364 0.000254 0.000170 0.000109 0.000068 0.000040 0.000023 0.000013 0.000007 0.000003 0.000001 0.000000 0.000000 0.000000 0.000000 0.000000 0.000000 0.000000
0.000000 0.000000 0.000000 0.000000 0.000000 0.000000 0.000000 0.000001 0.000001 0.000003 0.000007 0.000014 0.000027 0.000050 0.000092 0.000152 0.000218 0.000274 0.000354 0.000493 0.000630 0.000669 0.000617 0.000493 0.000503 0.000510 0.000496 0.000458 0.000405 0.000343 0.000278 0.000216 0.000161 0.000115 0.000079 0.000052 0.000033 0.000020 0.000012 0.000007 0.000003 0.000002 0.000001 0.000000 0.000000 0.000000 0.000000 0.000000 0.000000 0.000000
0.000000 0.000000 0.000000 0.000000 0.000000 0.000000 0.000000 0.000000 0.000001 0.000001 0.000003 0.000006 0.000012 0.000022 0.000041 0.000069 0.000100 0.000129 0.000154 0.000211 0.000276 0.000310 0.000309 0.000275 0.000230 0.000210 0.000203 0.000187 0.000165 0.000141 0.000115 0.000091 0.000069 0.000050 0.000035 0.000024 0.000015 0.000010 0.000006 0.000003 0.000002 0.000001 0.000000 0.000000 0.000000 0.000000 0.000000 0.000000 0.000000 0.000000
