tests/test_03/output10/DepositArrivalTime.dat
NCOLS    50
NROWS    50
XLLCORNER    -2289770.000
YLLCORNER     2591270.000
CELLSIZE        2000.000       2000.000
NODATA_VALUE -1.000
[rows 0 to 45 of 50, columns 0 to 49 of 50]
-1.000 -1.000 -1.000 -1.000 -1.000 -1.000 -1.000 15.497 13.976 13.158 12.573 12.105 11.637 11.286 10.936 10.585 10.234 10.000 9.795 9.678 9.444 9.327 9.210 9.210 9.210 9.210 9.210 9.327 9.444 9.561 9.678 9.795 10.000 10.117 10.351 10.468 10.585 10.819 11.053 11.403 12.339 -1.000 -1.000 -1.000 -1.000 -1.000 -1.000 -1.000 -1.000 -1.000
-1.000 -1.000 -1.000 -1.000 -1.000 -1.000 16.198 14.327 13.275 12.690 12.105 11.637 11.286 10.936 10.585 10.234 10.000 9.678 9.561 9.327 9.210 9.093 8.976 8.976 8.976 8.976 9.093 9.210 9.327 9.327 9.444 9.678 9.795 9.912 10.117 10.351 10.468 10.702 10.936 11.286 12.105 -1.000 -1.000 -1.000 -1.000 -1.000 -1.000 -1.000 -1.000 -1.000
-1.000 -1.000 -1.000 -1.000 -1.000 16.666 14.327 13.392 12.690 12.105 11.637 11.286 10.819 10.585 10.234 9.912 9.678 9.444 9.210 9.093 8.976 8.742 8.742 8.742 8.742 8.742 8.859 8.976 9.093 9.210 9.327 9.444 9.678 9.795 9.912 10.117 10.351 10.468 10.702 11.053 11.754 16.081 -1.000 -1.000 -1.000 -1.000 -1.000 -1.000 -1.000 -1.000
-1.000 -1.000 -1.000 -1.000 17.719 14.561 13.509 12.690 12.222 11.637 11.286 10.819 10.468 10.234 9.912 9.561 9.327 9.093 8.976 8.742 8.625 8.509 8.509 8.509 8.509 8.625 8.742 8.742 8.859 8.976 9.093 9.327 9.444 9.678 9.795 10.000 10.234 10.351 10.585 10.936 11.637 13.976 -1.000 -1.000 -1.000 -1.000 -1.000 -1.000 -1.000 -1.000
-1.000 -1.000 -1.000 -1.000 14.795 13.625 12.807 12.222 11.754 11.286 10.936 10.468 10.234 9.912 9.561 9.327 9.093 8.859 8.742 8.509 8.392 8.275 8.275 8.275 8.275 8.392 8.509 8.625 8.625 8.859 8.976 9.093 9.327 9.444 9.678 9.795 10.000 10.234 10.468 10.819 11.403 13.275 -1.000 -1.000 -1.000 -1.000 -1.000 -1.000 -1.000 -1.000
-1.000 -1.000 -1.000 15.263 13.859 12.924 12.339 11.754 11.286 10.936 10.585 10.234 9.912 9.561 9.327 8.976 8.742 8.625 8.392 8.275 8.158 8.041 8.041 8.041 8.041 8.158 8.275 8.392 8.509 8.625 8.742 8.976 9.093 9.327 9.444 9.678 9.912 10.117 10.351 10.702 11.170 12.807 -1.000 -1.000 -1.000 -1.000 -1.000 -1.000 -1.000 -1.000
-1.000 -1.000 15.964 14.093 13.158 12.456 11.871 11.403 10.936 10.585 10.234 9.912 9.561 9.327 8.976 8.742 8.509 8.275 8.158 8.041 7.924 7.807 7.807 7.807 7.924 7.924 8.041 8.158 8.275 8.509 8.625 8.859 8.976 9.210 9.327 9.561 9.795 9.912 10.234 10.468 11.053 12.456 -1.000 -1.000 -1.000 -1.000 -1.000 -1.000 -1.000 -1.000
-1.000 17.602 14.561 13.392 12.690 12.105 11.520 11.053 10.702 10.351 9.912 9.678 9.327 8.976 8.742 8.509 8.275 8.041 7.924 7.807 7.690 7.573 7.573 7.573 7.690 7.807 7.924 8.041 8.158 8.275 8.509 8.625 8.859 9.093 9.210 9.444 9.678 9.795 10.117 10.351 10.936 12.222 -1.000 -1.000 -1.000 -1.000 -1.000 -1.000 -1.000 -1.000
-1.000 15.146 13.859 12.924 12.339 11.754 11.286 10.819 10.468 10.117 9.795 9.444 9.093 8.859 8.509 8.275 8.041 7.807 7.690 7.456 7.339 7.339 7.339 7.339 7.456 7.573 7.690 7.807 8.041 8.158 8.392 8.509 8.742 8.859 9.093 9.327 9.561 9.795 10.000 10.234 10.819 11.988 -1.000 -1.000 -1.000 -1.000 -1.000 -1.000 -1.000 -1.000
16.081 14.327 13.275 12.573 11.988 11.520 11.053 10.585 10.234 9.912 9.561 9.210 8.976 8.625 8.392 8.041 7.807 7.690 7.456 7.339 7.222 7.105 7.105 7.105 7.222 7.456 7.573 7.690 7.807 8.041 8.158 8.392 8.625 8.859 8.976 9.210 9.444 9.678 9.912 10.117 10.702 11.754 -1.000 -1.000 -1.000 -1.000 -1.000 -1.000 -1.000 -1.000
14.912 13.742 12.924 12.339 11.754 11.286 10.819 10.468 10.117 9.795 9.444 9.093 8.742 8.509 8.275 7.924 7.690 7.456 7.339 7.105 6.988 6.871 6.871 6.988 7.105 7.222 7.339 7.573 7.690 7.924 8.158 8.275 8.509 8.742 8.976 9.093 9.327 9.561 9.795 10.117 10.585 11.637 -1.000 -1.000 -1.000 -1.000 -1.000 -1.000 -1.000 -1.000
14.327 13.392 12.690 12.105 11.520 11.170 10.702 10.351 10.000 9.678 9.327 8.976 8.625 8.392 8.158 7.807 7.573 7.339 7.105 6.988 6.871 6.754 6.754 6.871 6.988 7.105 7.222 7.456 7.573 7.807 8.041 8.275 8.392 8.625 8.859 9.093 9.327 9.444 9.678 10.000 10.468 11.520 -1.000 -1.000 -1.000 -1.000 -1.000 -1.000 -1.000 -1.000
13.859 13.041 12.456 11.871 11.403 11.053 10.585 10.234 9.912 9.561 9.210 8.859 8.625 8.275 8.041 7.807 7.456 7.222 7.105 6.871 6.754 6.637 6.637 6.754 6.871 6.988 7.222 7.339 7.573 7.807 7.924 8.158 8.392 8.625 8.859 8.976 9.210 9.444 9.678 9.912 10.351 11.403 -1.000 -1.000 -1.000 -1.000 -1.000 -1.000 -1.000 -1.000
13.509 12.924 12.339 11.754 11.286 10.936 10.585 10.117 9.795 9.444 9.093 8.859 8.509 8.275 7.924 7.690 7.456 7.222 6.988 6.754 6.637 6.520 6.520 6.637 6.871 6.988 7.105 7.339 7.456 7.690 7.924 8.158 8.275 8.509 8.742 8.976 9.210 9.444 9.678 9.912 10.351 11.286 -1.000 -1.000 -1.000 -1.000 -1.000 -1.000 -1.000 -1.000
13.392 12.690 12.222 11.637 11.286 10.819 10.468 10.117 9.795 9.444 9.093 8.859 8.509 8.275 7.924 7.690 7.456 7.222 6.988 6.754 6.637 6.403 6.403 6.520 6.754 6.871 7.105 7.222 7.456 7.690 7.924 8.041 8.275 8.509 8.742 8.976 9.210 9.444 9.561 9.912 10.234 11.286 -1.000 -1.000 -1.000 -1.000 -1.000 -1.000 -1.000 -1.000
13.158 12.573 12.105 11.637 11.170 10.819 10.468 10.117 9.795 9.444 9.093 8.859 8.509 8.275 7.924 7.690 7.456 7.105 6.988 6.754 6.520 6.403 6.403 6.520 6.754 6.871 7.105 7.222 7.456 7.690 7.807 8.041 8.275 8.509 8.742 8.976 9.210 9.444 9.561 9.912 10.234 11.170 -1.000 -1.000 -1.000 -1.000 -1.000 -1.000 -1.000 -1.000
13.158 12.573 12.105 11.637 11.286 10.819 10.468 10.117 9.795 9.444 9.210 8.859 8.509 8.275 8.041 7.690 7.456 7.222 6.988 6.754 6.520 6.403 6.403 6.520 6.754 6.871 7.105 7.222 7.456 7.690 7.924 8.158 8.275 8.509 8.742 8.976 9.210 9.444 9.678 9.912 10.234 11.170 -1.000 -1.000 -1.000 -1.000 -1.000 -1.000 -1.000 -1.000
13.041 12.573 12.105 11.637 11.286 10.936 10.585 10.234 9.912 9.561 9.210 8.976 8.625 8.392 8.041 7.807 7.573 7.222 6.988 6.754 6.637 6.403 6.403 6.520 6.754 6.988 7.105 7.339 7.456 7.690 7.924 8.158 8.392 8.625 8.742 8.976 9.210 9.444 9.678 9.912 10.234 11.170 -1.000 -1.000 -1.000 -1.000 -1.000 -1.000 -1.000 -1.000
13.041 12.573 12.105 11.637 11.286 10.936 10.585 10.234 9.912 9.678 9.327 8.976 8.742 8.392 8.158 7.924 7.573 7.339 7.105 6.871 6.754 6.520 6.520 6.637 6.871 7.105 7.222 7.456 7.573 7.807 8.041 8.275 8.392 8.625 8.859 9.093 9.327 9.561 9.678 10.000 10.351 11.170 -1.000 -1.000 -1.000 -1.000 -1.000 -1.000 -1.000 -1.000
13.041 12.573 12.105 11.754 11.403 11.053 10.702 10.351 10.000 9.678 9.444 9.093 8.859 8.509 8.275 8.041 7.807 7.456 7.222 7.105 6.871 6.637 6.637 6.871 7.105 7.222 7.456 7.573 7.690 7.924 8.158 8.275 8.509 8.742 8.976 9.210 9.327 9.561 9.795 10.117 10.351 11.170 -1.000 -1.000 -1.000 -1.000 -1.000 -1.000 -1.000 -1.000
13.041 12.573 12.222 11.754 11.403 11.053 10.702 10.468 10.117 9.795 9.561 9.210 8.976 8.625 8.392 8.158 7.924 7.690 7.456 7.222 7.105 6.871 6.871 7.105 7.339 7.456 7.573 7.690 7.924 8.041 8.275 8.392 8.625 8.859 9.093 9.210 9.444 9.678 9.912 10.117 10.468 11.286 -1.000 -1.000 -1.000 -1.000 -1.000 -1.000 -1.000 -1.000
13.041 12.690 12.222 11.871 11.520 11.170 10.819 10.585 10.234 9.912 9.678 9.327 9.093 8.859 8.509 8.275 8.041 7.807 7.573 7.456 7.222 7.105 7.222 7.456 7.573 7.690 7.807 7.924 8.041 8.275 8.392 8.625 8.742 8.976 9.210 9.444 9.561 9.795 10.000 10.234 10.585 11.403 -1.000 -1.000 -1.000 -1.000 -1.000 -1.000 -1.000 -1.000
13.158 12.690 12.339 11.988 11.637 11.286 10.936 10.585 10.351 10.000 9.795 9.444 9.210 8.976 8.742 8.509 8.275 8.041 7.807 7.690 7.456 7.456 7.573 7.690 7.807 7.924 8.041 8.158 8.275 8.392 8.625 8.742 8.976 9.093 9.327 9.561 9.795 9.912 10.234 10.468 10.702 11.520 -1.000 -1.000 -1.000 -1.000 -1.000 -1.000 -1.000 -1.000
13.158 12.690 12.339 11.988 11.637 11.403 11.053 10.702 10.468 10.117 9.912 9.678 9.327 9.093 8.859 8.742 8.509 8.275 8.158 7.924 7.807 7.807 7.924 8.041 8.158 8.158 8.275 8.392 8.509 8.625 8.742 8.976 9.093 9.327 9.444 9.678 9.912 10.117 10.351 10.585 10.819 11.637 -1.000 -1.000 -1.000 -1.000 -1.000 -1.000 -1.000 -1.000
13.158 12.807 12.456 12.105 11.754 11.403 11.170 10.819 10.585 10.234 10.000 9.795 9.561 9.327 9.093 8.859 8.742 8.625 8.392 8.275 8.158 8.158 8.275 8.392 8.392 8.509 8.509 8.625 8.742 8.859 8.976 9.093 9.327 9.444 9.678 9.912 10.117 10.234 10.468 10.702 11.053 11.754 -1.000 -1.000 -1.000 -1.000 -1.000 -1.000 -1.000 -1.000
13.275 12.807 12.456 12.105 11.871 11.520 11.286 10.936 10.702 10.351 10.117 9.912 9.678 9.444 9.327 9.093 8.976 8.859 8.742 8.625 8.509 8.625 8.625 8.625 8.742 8.742 8.742 8.859 8.976 9.093 9.210 9.327 9.444 9.678 9.795 10.000 10.234 10.468 10.702 10.819 11.170 11.871 -1.000 -1.000 -1.000 -1.000 -1.000 -1.000 -1.000 -1.000
13.275 12.924 12.573 12.222 11.871 11.637 11.286 11.053 10.819 10.468 10.234 10.117 9.912 9.678 9.561 9.327 9.210 9.093 9.093 8.976 8.976 8.976 8.976 8.976 8.976 8.976 9.093 9.093 9.210 9.327 9.444 9.561 9.678 9.912 10.000 10.234 10.468 10.585 10.819 11.053 11.286 12.105 -1.000 -1.000 -1.000 -1.000 -1.000 -1.000 -1.000 -1.000
13.392 13.041 12.690 12.339 11.988 11.754 11.403 11.170 10.936 10.702 10.468 10.234 10.117 9.912 9.795 9.678 9.561 9.444 9.327 9.210 9.327 9.327 9.327 9.327 9.327 9.327 9.327 9.327 9.444 9.561 9.678 9.795 9.912 10.117 10.234 10.468 10.585 10.819 11.053 11.170 11.520 12.339 -1.000 -1.000 -1.000 -1.000 -1.000 -1.000 -1.000 -1.000
13.392 13.041 12.690 12.456 12.105 11.871 11.520 11.286 11.053 10.819 10.585 10.468 10.234 10.117 10.000 9.912 9.795 9.678 9.561 9.561 9.678 9.561 9.561 9.561 9.561 9.561 9.561 9.678 9.678 9.795 9.912 10.000 10.117 10.351 10.468 10.585 10.819 11.053 11.170 11.403 11.754 12.807 -1.000 -1.000 -1.000 -1.000 -1.000 -1.000 -1.000 -1.000
13.509 13.158 12.807 12.456 12.222 11.988 11.637 11.403 11.170 11.053 10.819 10.702 10.468 10.351 10.234 10.234 10.117 10.000 9.912 9.912 9.912 9.912 9.912 9.795 9.795 9.795 9.912 9.912 9.912 10.000 10.117 10.234 10.351 10.468 10.702 10.819 11.053 11.170 11.403 11.637 11.988 -1.000 -1.000 -1.000 -1.000 -1.000 -1.000 -1.000 -1.000 -1.000
13.625 13.275 12.924 12.573 12.339 12.105 11.871 11.637 11.403 11.170 11.053 10.936 10.702 10.702 10.585 10.468 10.351 10.234 10.234 10.234 10.234 10.234 10.117 10.117 10.117 10.117 10.117 10.234 10.234 10.351 10.351 10.468 10.585 10.819 10.936 11.170 11.286 11.520 11.754 11.988 13.158 -1.000 -1.000 -1.000 -1.000 -1.000 -1.000 -1.000 -1.000 -1.000
-1.000 13.625 13.041 12.690 12.456 12.222 11.988 11.754 11.637 11.403 11.286 11.170 11.053 10.936 10.819 10.702 10.702 10.585 10.468 10.468 10.468 10.468 10.468 10.468 10.351 10.468 10.468 10.468 10.585 10.585 10.702 10.819 11.053 11.170 11.403 11.637 11.871 12.105 12.924 -1.000 -1.000 -1.000 -1.000 -1.000 -1.000 -1.000 -1.000 -1.000 -1.000 -1.000
-1.000 -1.000 -1.000 13.392 12.807 12.456 12.222 11.988 11.871 11.637 11.520 11.403 11.286 11.170 11.170 11.053 10.936 10.936 10.819 10.702 10.702 10.702 10.702 10.819 10.819 10.819 10.936 10.936 11.053 11.170 11.286 11.520 11.637 11.871 12.105 12.456 13.041 -1.000 -1.000 -1.000 -1.000 -1.000 -1.000 -1.000 -1.000 -1.000 -1.000 -1.000 -1.000 -1.000
-1.000 -1.000 -1.000 -1.000 -1.000 -1.000 -1.000 13.275 12.690 12.339 12.222 11.988 11.871 11.754 11.637 11.520 11.403 11.286 11.286 11.170 11.053 11.053 11.053 11.053 11.170 11.286 11.403 11.520 11.637 11.754 11.988 12.222 12.456 12.807 -1.000 -1.000 -1.000 -1.000 -1.000 -1.000 -1.000 -1.000 -1.000 -1.000 -1.000 -1.000 -1.000 -1.000 -1.000 -1.000
-1.000 -1.000 -1.000 -1.000 -1.000 -1.000 -1.000 -1.000 -1.000 -1.000 -1.000 -1.000 -1.000 -1.000 -1.000 -1.000 -1.000 -1.000 -1.000 13.041 12.573 12.456 12.456 12.573 12.807 13.392 -1.000 -1.000 -1.000 -1.000 -1.000 -1.000 -1.000 -1.000 -1.000 -1.000 -1.000 -1.000 -1.000 -1.000 -1.000 -1.000 -1.000 -1.000 -1.000 -1.000 -1.000 -1.000 -1.000 -1.000
-1.000 -1.000 -1.000 -1.000 -1.000 -1.000 -1.000 -1.000 -1.000 -1.000 -1.000 -1.000 -1.000 -1.000 -1.000 -1.000 -1.000 -1.000 -1.000 -1.000 -1.000 -1.000 -1.000 -1.000 -1.000 -1.000 -1.000 -1.000 -1.000 -1.000 -1.000 -1.000 -1.000 -1.000 -1.000 -1.000 -1.000 -1.000 -1.000 -1.000 -1.000 -1.000 -1.000 -1.000 -1.000 -1.000 -1.000 -1.000 -1.000 -1.000
-1.000 -1.000 -1.000 -1.000 -1.000 -1.000 -1.000 -1.000 -1.000 -1.000 -1.000 -1.000 -1.000 -1.000 -1.000 -1.000 -1.000 -1.000 -1.000 -1.000 -1.000 -1.000 -1.000 -1.000 -1.000 -1.000 -1.000 -1.000 -1.000 -1.000 -1.000 -1.000 -1.000 -1.000 -1.000 -1.000 -1.000 -1.000 -1.000 -1.000 -1.000 -1.000 -1.000 -1.000 -1.000 -1.000 -1.000 -1.000 -1.000 -1.000
-1.000 -1.000 -1.000 -1.000 -1.000 -1.000 -1.000 -1.000 -1.000 -1.000 -1.000 -1.000 -1.000 -1.000 -1.000 -1.000 -1.000 -1.000 -1.000 -1.000 -1.000 -1.000 -1.000 -1.000 -1.000 -1.000 -1.000 -1.000 -1.000 -1.000 -1.000 -1.000 -1.000 -1.000 -1.000 -1.000 -1.000 -1.000 -1.000 -1.000 -1.000 -1.000 -1.000 -1.000 -1.000 -1.000 -1.000 -1.000 -1.000 -1.000
-1.000 -1.000 -1.000 -1.000 -1.000 -1.000 -1.000 -1.000 -1.000 -1.000 -1.000 -1.000 -1.000 -1.000 -1.000 -1.000 -1.000 -1.000 -1.000 -1.000 -1.000 -1.000 -1.000 -1.000 -1.000 -1.000 -1.000 -1.000 -1.000 -1.000 -1.000 -1.000 -1.000 -1.000 -1.000 -1.000 -1.000 -1.000 -1.000 -1.000 -1.000 -1.000 -1.000 -1.000 -1.000 -1.000 -1.000 -1.000 -1.000 -1.000
-1.000 -1.000 -1.000 -1.000 -1.000 -1.000 -1.000 -1.000 -1.000 -1.000 -1.000 -1.000 -1.000 -1.000 -1.000 -1.000 -1.000 -1.000 -1.000 -1.000 -1.000 -1.000 -1.000 -1.000 -1.000 -1.000 -1.000 -1.000 -1.000 -1.000 -1.000 -1.000 -1.000 -1.000 -1.000 -1.000 -1.000 -1.000 -1.000 -1.000 -1.000 -1.000 -1.000 -1.000 -1.000 -1.000 -1.000 -1.000 -1.000 -1.000
-1.000 -1.000 -1.000 -1.000 -1.000 -1.000 -1.000 -1.000 -1.000 -1.000 -1.000 -1.000 -1.000 -1.000 -1.000 -1.000 -1.000 -1.000 -1.000 -1.000 -1.000 -1.000 -1.000 -1.000 -1.000 -1.000 -1.000 -1.000 -1.000 -1.000 -1.000 -1.000 -1.000 -1.000 -1.000 -1.000 -1.000 -1.000 -1.000 -1.000 -1.000 -1.000 -1.000 -1.000 -1.000 -1.000 -1.000 -1.000 -1.000 -1.000
-1.000 -1.000 -1.000 -1.000 -1.000 -1.000 -1.000 -1.000 -1.000 -1.000 -1.000 -1.000 -1.000 -1.000 -1.000 -1.000 -1.000 -1.000 -1.000 -1.000 -1.000 -1.000 -1.000 -1.000 -1.000 -1.000 -1.000 -1.000 -1.000 -1.000 -1.000 -1.000 -1.000 -1.000 -1.000 -1.000 -1.000 -1.000 -1.000 -1.000 -1.000 -1.000 -1.000 -1.000 -1.000 -1.000 -1.000 -1.000 -1.000 -1.000
-1.000 -1.000 -1.000 -1.000 -1.000 -1.000 -1.000 -1.000 -1.000 -1.000 -1.000 -1.000 -1.000 -1.000 -1.000 -1.000 -1.000 -1.000 -1.000 -1.000 -1.000 -1.000 -1.000 -1.000 -1.000 -1.000 -1.000 -1.000 -1.000 -1.000 -1.000 -1.000 -1.000 -1.000 -1.000 -1.000 -1.000 -1.000 -1.000 -1.000 -1.000 -1.000 -1.000 -1.000 -1.000 -1.000 -1.000 -1.000 -1.000 -1.000
-1.000 -1.000 -1.000 -1.000 -1.000 -1.000 -1.000 -1.000 -1.000 -1.000 -1.000 -1.000 -1.000 -1.000 -1.000 -1.000 -1.000 -1.000 -1.000 -1.000 -1.000 -1.000 -1.000 -1.000 -1.000 -1.000 -1.000 -1.000 -1.000 -1.000 -1.000 -1.000 -1.000 -1.000 -1.000 -1.000 -1.000 -1.000 -1.000 -1.000 -1.000 -1.000 -1.000 -1.000 -1.000 -1.000 -1.000 -1.000 -1.000 -1.000
-1.000 -1.000 -1.000 -1.000 -1.000 -1.000 -1.000 -1.000 -1.000 -1.000 -1.000 -1.000 -1.000 -1.000 -1.000 -1.000 -1.000 -1.000 -1.000 -1.000 -1.000 -1.000 -1.000 -1.000 -1.000 -1.000 -1.000 -1.000 -1.000 -1.000 -1.000 -1.000 -1.000 -1.000 -1.000 -1.000 -1.000 -1.000 -1.000 -1.000 -1.000 -1.000 -1.000 -1.000 -1.000 -1.000 -1.000 -1.000 -1.000 -1.000
-1.000 -1.000 -1.000 -1.000 -1.000 -1.000 -1.000 -1.000 -1.000 -1.000 -1.000 -1.000 -1.000 -1.000 -1.000 -1.000 -1.000 -1.000 -1.000 -1.000 -1.000 -1.000 -1.000 -1.000 -1.000 -1.000 -1.000 -1.000 -1.000 -1.000 -1.000 -1.000 -1.000 -1.000 -1.000 -1.000 -1.000 -1.000 -1.000 -1.000 -1.000 -1.000 -1.000 -1.000 -1.000 -1.000 -1.000 -1.000 -1.000 -1.000
