tests/test_04/output4/CloudArrivalTime.dat
NCOLS   360
NROWS    60
XLLCORNER           0.000
YLLCORNER           0.000
CELLSIZE           1.000          1.000
NODATA_VALUE -1.000
[rows 0 to 30 of 60, columns 0 to 69 of 360]
-1.000 -1.000 -1.000 -1.000 -1.000 -1.000 -1.000 -1.000 219.907 217.702 215.182 213.282 211.744 -1.000 -1.000 -1.000 -1.000 -1.000 -1.000 -1.000 211.744 212.969 214.549 216.443 218.655 220.524 222.339 224.724 -1.000 -1.000 -1.000 -1.000 -1.000 -1.000 -1.000 -1.000 -1.000 -1.000 -1.000 -1.000 -1.000 -1.000 -1.000 -1.000 -1.000 -1.000 -1.000 -1.000 -1.000 -1.000 -1.000 -1.000 -1.000 -1.000 -1.000 -1.000 -1.000 -1.000 -1.000 -1.000 -1.000 230.420 231.623 232.804 234.251 235.671 237.092 238.797 -1.000 -1.000
-1.000 -1.000 -1.000 -1.000 -1.000 -1.000 -1.000 -1.000 212.969 210.578 208.640 206.843 -1.000 -1.000 -1.000 -1.000 -1.000 -1.000 -1.000 -1.000 210.864 212.045 212.969 214.232 215.182 216.443 218.339 220.524 222.637 224.424 226.222 228.015 230.116 -1.000 -1.000 -1.000 -1.000 -1.000 -1.000 -1.000 -1.000 -1.000 -1.000 -1.000 -1.000 -1.000 -1.000 -1.000 -1.000 -1.000 -1.000 -1.000 -1.000 -1.000 -1.000 -1.000 -1.000 -1.000 -1.000 -1.000 218.655 221.135 224.125 228.313 231.024 233.096 234.819 236.523 238.229 -1.000
-1.000 -1.000 -1.000 -1.000 -1.000 -1.000 -1.000 153.952 200.059 200.301 200.781 201.499 -1.000 -1.000 -1.000 -1.000 -1.000 -1.000 -1.000 -1.000 -1.000 211.744 212.969 213.915 214.866 215.814 217.069 218.021 218.970 220.217 221.740 223.827 226.222 228.015 229.812 231.920 233.965 235.671 237.376 239.081 -1.000 -1.000 -1.000 -1.000 -1.000 -1.000 -1.000 -1.000 -1.000 -1.000 -1.000 -1.000 -1.000 -1.000 -1.000 -1.000 -1.000 -1.000 206.598 207.851 209.182 210.864 213.282 221.740 225.323 228.909 231.623 184.372 184.092 184.651
-1.000 -1.000 -1.000 -1.000 -1.000 -1.000 -1.000 153.449 154.947 197.914 198.866 -1.000 -1.000 -1.000 -1.000 -1.000 -1.000 -1.000 -1.000 -1.000 -1.000 -1.000 212.969 213.915 215.182 216.129 217.069 218.021 218.970 219.907 221.135 222.040 222.934 224.125 225.323 226.521 228.015 230.420 233.677 235.671 237.945 239.932 -1.000 -1.000 -1.000 -1.000 -1.000 -1.000 -1.000 -1.000 -1.000 -1.000 -1.000 -1.000 -1.000 -1.000 201.021 201.975 203.149 204.510 205.877 207.341 181.355 180.836 181.095 181.618 182.422 183.249 184.092 185.206
-1.000 -1.000 -1.000 -1.000 -1.000 -1.000 -1.000 154.202 155.193 156.408 -1.000 -1.000 -1.000 -1.000 -1.000 -1.000 -1.000 -1.000 -1.000 -1.000 -1.000 -1.000 -1.000 -1.000 -1.000 217.069 218.339 219.284 219.907 220.831 221.740 222.637 223.529 224.424 225.323 226.521 227.716 228.611 229.812 231.024 232.216 233.677 195.044 194.186 193.607 193.317 -1.000 -1.000 -1.000 -1.000 -1.000 -1.000 -1.000 -1.000 195.323 196.137 197.172 198.394 176.802 177.039 177.519 178.258 179.019 179.804 180.836 181.884 183.249 184.372 185.482 186.574
-1.000 -1.000 -1.000 -1.000 -1.000 -1.000 -1.000 155.193 156.167 157.126 -1.000 -1.000 197.670 199.102 200.781 202.448 203.836 205.410 207.091 208.640 210.013 -1.000 -1.000 -1.000 -1.000 -1.000 -1.000 220.524 221.740 222.934 223.827 224.424 225.323 225.923 226.521 227.418 228.313 229.209 230.420 231.623 232.804 193.317 191.872 191.015 190.448 -1.000 -1.000 -1.000 -1.000 -1.000 -1.000 -1.000 -1.000 172.334 172.784 173.230 173.893 174.548 175.425 176.335 177.278 178.258 179.541 180.836 182.152 183.812 185.206 186.574 187.937 189.045
-1.000 -1.000 -1.000 -1.000 -1.000 -1.000 -1.000 156.887 157.604 158.554 -1.000 -1.000 -1.000 196.137 198.156 200.301 201.975 203.836 205.642 207.341 208.910 210.578 212.045 213.598 -1.000 -1.000 -1.000 -1.000 -1.000 223.529 224.724 226.222 227.119 228.313 228.909 229.812 230.420 231.024 231.920 232.804 192.160 190.165 188.767 187.662 -1.000 -1.000 -1.000 -1.000 -1.000 -1.000 -1.000 -1.000 170.072 170.744 171.653 172.560 173.452 174.548 175.650 176.802 178.258 180.066 181.618 183.249 184.929 186.574 188.213 189.603 190.731 192.160
-1.000 -1.000 -1.000 -1.000 -1.000 -1.000 -1.000 184.929 159.722 160.183 -1.000 162.200 163.723 192.738 194.762 196.918 199.102 201.021 203.149 204.954 206.843 208.640 210.294 212.045 213.915 -1.000 -1.000 -1.000 -1.000 -1.000 -1.000 228.015 229.510 230.420 231.324 232.216 233.096 233.677 234.536 235.387 188.489 186.843 -1.000 -1.000 -1.000 -1.000 -1.000 -1.000 -1.000 -1.000 -1.000 168.753 169.629 170.744 171.653 172.784 174.112 175.650 177.278 179.019 181.095 182.971 184.929 186.843 188.489 190.165 191.585 192.738 193.897 195.044
-1.000 -1.000 -1.000 -1.000 -1.000 -1.000 183.812 186.031 188.489 163.070 163.287 164.160 165.475 208.374 197.914 198.631 200.059 201.737 203.836 214.866 215.498 216.129 216.755 218.021 218.970 220.217 221.438 -1.000 -1.000 -1.000 -1.000 -1.000 -1.000 231.623 232.804 233.965 234.819 235.671 236.523 187.388 161.538 -1.000 -1.000 -1.000 -1.000 -1.000 -1.000 -1.000 -1.000 -1.000 -1.000 169.189 170.295 171.653 173.008 174.548 176.105 178.009 179.804 181.884 183.812 186.031 187.937 189.603 191.300 192.738 194.186 195.598 196.918 198.156
-1.000 -1.000 -1.000 -1.000 -1.000 -1.000 185.482 189.324 193.897 198.156 201.260 167.229 205.410 206.843 208.111 209.182 210.013 210.864 211.447 212.045 212.658 213.282 214.232 215.498 216.755 218.021 219.597 221.135 -1.000 -1.000 -1.000 -1.000 -1.000 -1.000 -1.000 234.819 235.955 237.092 187.115 159.722 -1.000 -1.000 -1.000 -1.000 -1.000 -1.000 -1.000 -1.000 -1.000 -1.000 -1.000 170.295 171.653 173.230 174.764 176.567 178.258 180.325 182.422 184.372 186.574 188.489 190.165 191.872 193.317 194.762 196.137 197.670 199.102 200.781
-1.000 -1.000 -1.000 -1.000 -1.000 -1.000 188.213 192.448 195.323 197.670 199.579 201.260 202.683 204.063 205.181 206.355 207.091 207.851 208.374 209.182 209.734 210.578 211.447 212.658 214.232 215.498 217.069 218.970 220.831 222.637 -1.000 -1.000 -1.000 -1.000 -1.000 -1.000 -1.000 158.554 157.842 -1.000 -1.000 -1.000 -1.000 -1.000 -1.000 -1.000 -1.000 -1.000 -1.000 -1.000 169.629 170.970 172.560 174.330 176.105 178.009 179.804 181.884 183.812 185.757 187.937 189.884 191.585 193.027 194.475 196.137 197.670 199.340 201.260 186.843
-1.000 -1.000 -1.000 -1.000 -1.000 -1.000 -1.000 191.585 193.607 195.323 197.172 198.631 199.818 201.021 201.975 202.917 203.380 204.063 204.731 205.642 206.355 207.595 208.640 210.013 211.153 212.658 214.549 216.129 218.339 220.524 222.934 -1.000 -1.000 -1.000 -1.000 -1.000 -1.000 156.167 156.167 -1.000 -1.000 -1.000 -1.000 -1.000 -1.000 -1.000 -1.000 -1.000 -1.000 -1.000 169.629 171.197 172.784 174.548 176.335 178.009 180.066 182.152 184.092 186.031 187.937 189.884 191.585 193.317 195.044 196.918 198.631 200.541 184.929 185.206
-1.000 -1.000 -1.000 -1.000 -1.000 -1.000 -1.000 188.767 190.731 192.448 194.186 195.323 196.401 197.172 197.914 198.394 199.102 -1.000 -1.000 201.737 202.683 204.287 205.642 207.341 208.910 210.294 212.045 213.915 215.814 217.702 220.524 223.231 -1.000 -1.000 -1.000 -1.000 -1.000 -1.000 -1.000 -1.000 -1.000 -1.000 -1.000 -1.000 -1.000 -1.000 -1.000 -1.000 -1.000 -1.000 169.629 171.197 172.784 174.548 176.105 178.009 179.804 181.884 183.812 185.482 187.388 189.324 191.300 193.027 195.044 196.918 199.102 183.249 183.249 183.530
-1.000 -1.000 -1.000 -1.000 -1.000 -1.000 -1.000 -1.000 -1.000 188.767 190.165 191.300 192.160 193.317 194.186 -1.000 -1.000 -1.000 -1.000 -1.000 200.059 201.499 202.917 204.510 206.115 207.595 209.457 211.153 212.969 215.182 217.702 220.524 223.529 -1.000 -1.000 -1.000 -1.000 -1.000 -1.000 -1.000 -1.000 -1.000 -1.000 -1.000 -1.000 -1.000 -1.000 -1.000 -1.000 167.229 168.970 170.519 172.108 173.673 175.203 177.039 178.763 180.836 182.695 184.651 186.303 188.213 190.165 192.160 194.186 196.137 181.884 181.355 181.618 182.422
-1.000 -1.000 -1.000 -1.000 -1.000 -1.000 -1.000 -1.000 -1.000 -1.000 -1.000 -1.000 -1.000 -1.000 -1.000 -1.000 -1.000 -1.000 -1.000 -1.000 197.422 198.866 200.059 201.499 203.149 204.731 206.598 208.640 210.294 212.350 214.549 217.069 220.524 223.529 -1.000 -1.000 -1.000 -1.000 -1.000 -1.000 -1.000 -1.000 -1.000 -1.000 -1.000 -1.000 -1.000 -1.000 -1.000 166.572 168.101 169.629 171.197 172.560 174.112 175.650 177.278 179.019 181.095 182.971 184.651 186.303 187.937 189.603 191.585 179.804 179.279 179.804 180.836 181.884
-1.000 -1.000 -1.000 -1.000 -1.000 -1.000 -1.000 -1.000 -1.000 -1.000 -1.000 -1.000 -1.000 -1.000 -1.000 -1.000 -1.000 -1.000 -1.000 189.603 191.585 193.897 195.870 197.914 199.579 201.260 203.380 205.642 207.595 209.734 211.447 213.598 216.129 148.272 148.272 -1.000 -1.000 -1.000 -1.000 -1.000 -1.000 -1.000 -1.000 -1.000 -1.000 -1.000 -1.000 -1.000 164.160 165.475 167.010 168.536 170.072 171.424 172.784 174.112 175.425 176.802 178.009 179.804 181.355 182.971 184.651 185.206 177.039 177.278 178.258 179.279 180.325 181.618
-1.000 -1.000 -1.000 -1.000 -1.000 -1.000 -1.000 -1.000 -1.000 -1.000 -1.000 -1.000 -1.000 -1.000 -1.000 -1.000 -1.000 -1.000 177.519 179.279 181.618 184.651 188.767 192.448 195.044 197.172 199.102 201.021 203.380 206.355 208.640 210.578 145.825 145.825 146.101 -1.000 -1.000 -1.000 -1.000 -1.000 -1.000 -1.000 -1.000 -1.000 -1.000 -1.000 -1.000 161.760 163.287 164.597 165.914 167.447 168.970 170.295 171.424 172.560 173.673 174.764 175.876 176.802 177.519 173.893 174.330 174.983 175.876 176.802 177.763 179.019 180.066 181.355
-1.000 -1.000 -1.000 -1.000 -1.000 -1.000 -1.000 -1.000 -1.000 -1.000 -1.000 -1.000 -1.000 -1.000 -1.000 -1.000 -1.000 -1.000 172.108 173.893 176.105 180.066 184.651 186.843 189.324 -1.000 194.186 196.401 198.394 200.301 202.683 143.599 143.599 143.878 144.716 145.549 -1.000 -1.000 -1.000 -1.000 -1.000 -1.000 -1.000 -1.000 -1.000 -1.000 159.490 160.865 161.981 163.287 164.597 165.694 167.010 168.319 169.408 170.519 170.519 170.519 170.519 171.197 171.881 172.784 173.673 174.548 175.650 176.567 177.763 178.763 180.066 181.355
-1.000 -1.000 -1.000 -1.000 -1.000 -1.000 -1.000 -1.000 -1.000 -1.000 -1.000 -1.000 -1.000 -1.000 -1.000 -1.000 -1.000 165.475 167.229 169.408 171.653 173.893 175.876 178.258 -1.000 -1.000 189.884 191.872 193.607 195.323 141.099 141.099 141.651 142.205 143.040 144.158 145.272 146.376 -1.000 -1.000 -1.000 -1.000 -1.000 -1.000 155.925 157.126 158.554 159.722 160.865 161.981 163.070 164.160 164.816 165.694 166.572 167.229 168.101 168.970 169.850 170.744 171.881 172.784 173.673 174.548 175.650 176.802 177.763 179.279 180.581 182.152
-1.000 -1.000 -1.000 -1.000 -1.000 -1.000 -1.000 -1.000 -1.000 -1.000 -1.000 -1.000 -1.000 -1.000 -1.000 -1.000 -1.000 159.490 161.315 163.287 165.914 168.536 170.744 172.784 -1.000 177.278 179.279 181.618 138.367 138.367 138.909 139.453 140.274 141.099 142.205 143.319 144.437 145.825 147.194 -1.000 -1.000 -1.000 152.690 153.952 155.193 156.648 157.842 159.024 159.953 161.091 161.981 163.070 163.941 164.816 165.914 166.791 167.884 168.970 170.072 171.197 172.108 173.230 174.330 175.203 176.335 177.519 178.763 180.325 181.884 183.530
-1.000 -1.000 -1.000 -1.000 -1.000 -1.000 -1.000 -1.000 -1.000 -1.000 -1.000 -1.000 -1.000 -1.000 -1.000 -1.000 151.925 152.944 154.202 155.193 156.167 157.126 157.842 158.554 159.258 136.730 135.904 135.904 136.455 137.004 137.823 138.638 139.727 140.549 141.651 142.761 144.158 145.549 146.922 -1.000 -1.000 -1.000 152.690 153.952 155.193 156.648 157.842 158.789 159.953 161.091 161.981 163.070 164.160 165.255 166.572 167.665 168.970 170.295 171.424 172.560 173.893 174.983 175.876 177.039 178.258 179.541 181.095 182.695 184.372 185.757
-1.000 -1.000 -1.000 -1.000 -1.000 -1.000 -1.000 -1.000 -1.000 -1.000 -1.000 -1.000 -1.000 -1.000 -1.000 148.539 149.335 150.121 151.155 151.925 152.944 136.455 134.810 133.730 133.730 133.999 134.539 135.082 135.904 136.455 137.551 138.367 139.181 140.274 141.375 142.483 143.878 145.549 146.922 -1.000 -1.000 151.412 152.690 154.202 155.438 156.887 158.080 159.258 160.411 161.760 162.853 163.941 165.255 166.572 167.884 169.408 170.970 172.334 173.673 175.203 176.335 177.763 179.279 180.581 182.152 183.812 185.757 187.388 188.767 189.884
-1.000 -1.000 -1.000 -1.000 -1.000 -1.000 -1.000 -1.000 -1.000 -1.000 -1.000 -1.000 142.483 143.319 144.716 133.999 132.929 132.130 131.590 131.317 131.317 131.317 131.590 132.130 132.664 133.195 133.999 134.810 135.629 136.455 137.277 138.095 139.181 140.274 141.375 142.483 143.878 145.549 147.194 148.539 150.121 151.412 152.944 154.451 155.682 157.126 158.554 159.722 161.091 162.419 163.723 165.036 166.791 168.319 170.295 172.334 189.884 190.448 191.300 191.872 192.448 193.027 193.607 193.897 194.186 194.186 194.186 194.186 194.475 195.044
-1.000 -1.000 -1.000 -1.000 -1.000 -1.000 -1.000 -1.000 123.024 123.789 124.550 125.308 126.064 126.566 127.322 127.578 128.093 128.353 128.878 129.410 129.948 130.493 131.043 131.861 132.398 133.195 133.730 134.539 135.629 136.455 137.277 138.095 139.181 140.274 141.375 142.761 144.158 145.549 147.194 148.805 150.121 151.669 152.944 154.451 155.925 157.365 158.789 159.953 161.538 163.070 164.816 167.010 169.408 186.843 187.662 188.767 189.884 191.015 196.661 197.422 198.631 199.579 200.541 201.260 201.260 200.541 200.059 199.818 200.059 200.301
-1.000 -1.000 -1.000 -1.000 119.958 120.501 121.002 121.756 122.261 122.769 123.534 124.043 124.550 125.308 125.812 126.315 127.069 127.578 128.353 128.878 129.678 130.220 131.043 131.590 132.398 133.195 133.730 134.539 135.629 136.455 137.277 138.367 139.181 140.274 141.375 142.761 144.158 145.549 147.194 148.805 150.121 151.669 152.944 154.451 155.925 157.365 159.024 160.639 162.419 165.475 183.249 184.372 185.206 186.574 187.662 192.448 193.027 193.607 194.475 195.044 195.870 196.661 197.422 198.394 199.340 200.541 201.737 202.683 203.380 204.063
-1.000 120.751 120.501 120.501 120.501 120.751 121.252 121.756 122.261 122.769 123.534 124.043 124.550 125.308 125.812 126.566 127.069 127.835 128.353 129.143 129.948 130.493 131.317 132.130 132.929 133.730 134.268 135.355 136.179 137.004 138.095 138.909 139.727 140.549 141.651 142.761 144.158 145.549 147.194 148.539 150.121 151.412 152.944 154.451 156.167 158.080 160.639 178.509 180.066 181.355 182.422 183.812 185.206 189.603 190.165 190.731 191.300 191.872 192.160 192.738 193.317 193.897 194.475 195.323 195.870 196.661 197.670 198.394 199.340 200.541
125.812 126.816 128.093 129.410 130.220 131.317 132.130 132.929 133.730 134.539 135.355 136.179 137.004 137.823 138.638 139.453 140.274 141.099 141.928 142.761 143.599 144.158 144.994 145.825 146.649 147.735 148.539 149.335 150.121 150.898 151.669 152.436 153.449 154.451 155.682 144.437 144.994 146.101 147.465 148.805 150.381 151.925 153.701 156.167 172.560 174.764 176.567 178.009 179.019 180.325 181.884 186.303 187.388 188.213 188.767 189.045 189.603 189.884 190.448 191.015 191.300 192.160 192.738 193.607 194.475 195.323 -1.000 -1.000 197.670 198.394
127.322 128.093 128.615 129.410 129.948 130.768 131.590 132.130 132.929 133.730 134.268 135.082 135.904 136.455 137.277 137.823 138.638 139.453 140.274 141.099 141.928 142.761 143.599 144.437 144.994 146.101 146.922 147.735 148.805 149.860 150.898 151.925 153.197 154.451 155.682 156.887 158.317 159.722 161.091 162.636 164.378 166.133 168.319 170.519 172.784 174.330 175.650 176.802 178.258 179.804 183.530 184.929 185.757 186.574 187.115 187.388 187.937 188.489 -1.000 -1.000 -1.000 -1.000 -1.000 -1.000 -1.000 -1.000 -1.000 -1.000 -1.000 -1.000
126.064 126.816 127.578 128.353 128.878 129.678 130.493 131.043 131.861 132.664 133.195 133.999 134.810 135.355 136.179 137.004 137.551 138.367 139.181 140.000 140.824 141.651 142.483 143.319 144.437 145.272 146.376 147.194 148.272 149.598 150.640 151.925 153.197 154.202 155.682 156.887 158.317 159.953 161.315 162.853 164.597 166.353 168.319 170.295 172.108 173.452 174.764 176.105 177.763 180.325 182.422 183.249 184.092 184.929 185.482 186.031 186.574 -1.000 -1.000 -1.000 -1.000 -1.000 -1.000 -1.000 -1.000 -1.000 -1.000 -1.000 -1.000 -1.000
125.308 126.064 126.816 127.578 128.093 128.878 129.678 130.220 131.043 131.861 132.398 133.195 133.999 134.539 135.355 135.904 136.730 137.551 138.367 139.181 140.000 140.824 141.928 142.761 143.599 144.716 145.825 146.922 148.004 149.071 150.381 151.669 152.944 154.202 155.438 156.887 158.317 159.722 161.315 162.853 164.378 166.133 167.884 169.629 171.197 172.560 174.112 175.650 177.763 179.541 180.836 181.618 182.695 183.249 184.092 -1.000 -1.000 -1.000 -1.000 -1.000 -1.000 -1.000 -1.000 -1.000 -1.000 -1.000 -1.000 -1.000 -1.000 -1.000
124.043 124.803 125.560 126.315 127.069 127.578 128.353 129.143 129.948 130.768 131.590 132.130 132.929 133.462 134.268 135.082 135.904 136.730 137.277 138.367 139.181 140.000 141.099 141.928 143.040 143.878 144.994 146.101 147.194 148.539 149.598 150.898 152.181 153.449 154.947 156.408 157.604 159.258 160.639 162.200 163.941 165.475 167.229 168.970 170.295 172.108 173.673 175.203 176.802 178.009 179.019 180.066 181.095 181.884 -1.000 -1.000 -1.000 -1.000 -1.000 -1.000 -1.000 -1.000 -1.000 -1.000 -1.000 -1.000 -1.000 -1.000 -1.000 -1.000
