tests/test_04/output4/CloudLoad_192.00hrs.dat
NCOLS   360
NROWS    60
XLLCORNER           0.000
YLLCORNER           0.000
CELLSIZE           1.000          1.000
NODATA_VALUE  0.000
[rows 0 to 33 of 60, columns 231 to 307 of 360]
6.944 7.171 7.592 7.992 8.172 7.879 7.205 6.148 4.750 3.279 2.292 1.939 1.782 1.656 1.586 1.590 1.570 1.565 1.582 1.556 1.567 1.565 1.551 1.540 1.483 1.433 1.313 1.173 1.030 0.841 0.580 0.331 0.000 0.000 0.000 0.000 0.000 0.000 0.000 0.000 0.000 0.000 0.000 0.000 0.000 0.000 0.000 0.000 0.000 0.000 0.000 0.000 0.000 0.000 0.000 0.336 0.437 0.468 0.488 0.761 0.720 0.424 0.338 0.308 0.280 0.221 0.000 0.000 0.000 0.000 0.000 0.000 0.000 0.000 0.000 0.000 0.000
4.778 5.608 7.106 8.523 8.807 8.264 7.593 6.341 4.986 3.769 3.016 2.808 2.955 3.004 3.033 3.073 2.949 2.889 2.882 2.782 2.770 2.705 2.582 2.542 2.456 2.337 2.201 2.015 1.785 1.540 1.273 0.953 0.582 0.326 0.272 0.244 0.000 0.000 0.000 0.000 0.000 0.000 0.000 0.000 0.000 0.000 0.000 0.000 0.000 0.000 0.000 0.000 0.000 0.000 0.000 0.308 0.324 0.312 0.434 0.555 0.402 0.256 0.225 0.210 0.000 0.000 0.000 0.000 0.000 0.000 0.000 0.000 0.000 0.000 0.000 0.000 0.000
4.701 6.601 8.246 9.264 9.130 8.152 7.456 7.021 6.293 5.648 4.992 4.536 4.546 4.647 4.825 4.959 4.889 4.866 4.752 4.477 4.240 3.851 3.427 3.198 2.987 2.818 2.710 2.555 2.354 2.135 1.917 1.686 1.380 0.962 0.610 0.457 0.523 0.416 0.207 0.000 0.000 0.000 0.000 0.000 0.000 0.000 0.000 0.000 0.000 0.000 0.000 0.000 0.000 0.000 0.000 0.327 0.308 0.296 0.474 0.537 0.339 0.230 0.211 0.206 0.204 0.205 0.213 0.224 0.229 0.223 0.210 0.000 0.000 0.000 0.000 0.000 0.000
6.173 7.794 8.499 8.180 7.774 7.776 7.982 8.471 8.402 7.986 7.439 6.943 6.938 7.082 7.313 7.605 7.821 7.984 8.124 8.085 7.900 7.418 6.786 6.034 4.950 3.991 3.355 2.947 2.790 2.675 2.461 2.170 1.897 1.583 1.264 0.967 0.807 0.991 0.871 0.584 0.205 0.000 0.000 0.000 0.000 0.000 0.000 0.000 0.000 0.000 0.000 0.000 0.000 0.000 0.000 0.337 0.284 0.274 0.459 0.481 0.286 0.202 0.000 0.000 0.204 0.216 0.226 0.226 0.220 0.206 0.000 0.000 0.000 0.000 0.000 0.000 0.000
7.631 8.274 7.836 8.120 8.798 9.233 9.756 10.499 9.888 8.411 7.254 6.840 6.834 6.996 7.169 7.401 7.545 7.816 8.152 8.505 8.831 8.936 9.010 8.770 8.097 6.950 5.626 4.233 3.271 2.961 2.900 2.820 2.548 2.176 1.832 1.487 1.186 1.213 1.283 1.280 0.938 0.340 0.000 0.000 0.000 0.000 0.000 0.000 0.000 0.000 0.000 0.000 0.000 0.000 0.000 0.360 0.269 0.273 0.452 0.445 0.254 0.000 0.000 0.000 0.000 0.000 0.000 0.000 0.000 0.000 0.000 0.000 0.000 0.000 0.000 0.000 0.000
10.447 10.351 9.810 10.624 11.186 11.679 12.266 11.221 8.639 6.819 6.201 5.981 5.933 5.934 6.053 6.157 6.379 6.747 7.009 7.222 7.624 7.907 8.072 8.115 7.816 6.905 5.760 4.611 3.576 2.838 2.815 3.003 3.128 2.964 2.557 2.107 1.689 1.344 1.347 1.526 1.518 1.197 0.555 0.000 0.000 0.000 0.000 0.000 0.000 0.000 0.000 0.000 0.000 0.000 0.000 0.367 0.253 0.273 0.443 0.419 0.233 0.000 0.000 0.000 0.000 0.000 0.000 0.000 0.000 0.000 0.000 0.000 0.000 0.000 0.000 0.000 0.000
14.737 15.828 16.056 15.770 15.833 16.009 13.897 9.805 7.373 6.676 6.857 7.704 8.607 9.405 9.844 10.158 10.407 10.578 10.037 8.754 7.461 6.465 5.981 5.793 5.834 6.074 5.277 4.535 3.899 2.997 2.249 2.328 2.800 3.295 3.305 2.920 2.426 1.938 1.526 1.378 1.552 1.520 1.297 0.730 0.211 0.000 0.000 0.000 0.000 0.000 0.000 0.000 0.000 0.000 0.000 0.357 0.235 0.263 0.418 0.381 0.206 0.000 0.000 0.000 0.000 0.000 0.000 0.000 0.000 0.000 0.000 0.000 0.000 0.000 0.000 0.000 0.000
25.083 27.447 25.941 23.805 22.514 18.717 13.581 11.280 11.629 12.807 14.061 14.822 15.204 15.321 15.150 15.006 14.899 14.837 14.201 13.054 11.757 10.098 8.303 6.467 4.973 4.250 3.953 4.020 3.904 3.495 2.944 2.294 1.964 2.367 3.020 3.175 2.863 2.487 1.986 1.552 1.293 1.433 1.432 1.282 0.833 0.305 0.000 0.000 0.000 0.000 0.000 0.000 0.000 0.000 0.215 0.355 0.227 0.267 0.398 0.341 0.000 0.000 0.000 0.000 0.000 0.000 0.000 0.000 0.000 0.000 0.000 0.000 0.000 0.000 0.000 0.000 0.000
36.332 39.132 38.734 36.808 35.161 28.048 20.781 17.584 16.487 16.031 15.701 14.872 13.838 12.358 11.730 11.575 11.664 11.923 12.378 12.625 11.955 10.973 9.939 8.640 7.376 6.166 4.843 3.952 3.398 3.340 3.245 3.065 2.683 2.078 2.106 2.767 2.938 2.670 2.390 1.901 1.451 1.178 1.346 1.328 1.187 0.739 0.273 0.000 0.000 0.000 0.000 0.000 0.000 0.000 0.238 0.361 0.228 0.263 0.386 0.325 0.000 0.000 0.000 0.000 0.000 0.000 0.000 0.000 0.000 0.000 0.000 0.000 0.000 0.000 0.000 0.000 0.000
44.307 46.681 47.269 46.701 43.040 33.030 22.172 14.322 9.660 7.228 6.901 6.844 5.368 3.596 3.225 3.576 6.016 8.923 10.213 10.585 7.917 6.299 5.873 6.360 6.654 6.283 5.714 5.150 4.491 3.681 3.154 2.942 3.128 3.344 2.417 1.978 2.506 2.665 2.518 2.261 1.736 1.281 1.052 1.250 1.226 1.014 0.502 0.213 0.000 0.000 0.000 0.000 0.000 0.000 0.256 0.369 0.232 0.251 0.370 0.308 0.000 0.000 0.000 0.000 0.000 0.000 0.000 0.000 0.000 0.000 0.000 0.000 0.000 0.000 0.000 0.000 0.000
49.388 51.999 52.476 51.563 41.457 27.693 14.120 5.741 2.775 1.852 2.347 4.874 7.997 5.893 7.195 15.535 18.656 14.905 13.426 13.617 10.874 7.474 3.481 1.583 1.470 1.925 2.736 3.620 4.145 4.397 4.170 3.659 2.717 3.253 3.912 3.078 2.012 2.166 2.327 2.287 2.040 1.558 1.187 1.171 1.221 1.047 0.590 0.250 0.000 0.000 0.000 0.000 0.000 0.000 0.266 0.388 0.252 0.241 0.364 0.314 0.000 0.000 0.000 0.000 0.000 0.000 0.000 0.000 0.000 0.000 0.000 0.000 0.000 0.000 0.000 0.000 0.000
40.818 43.822 44.065 38.284 24.331 10.981 4.015 1.519 0.745 0.503 0.449 0.952 2.539 8.217 14.027 22.159 25.439 15.398 7.321 7.104 9.581 9.270 5.751 2.484 0.705 0.608 0.642 0.707 0.949 1.745 3.193 4.050 3.965 3.162 3.485 4.733 4.207 2.447 2.063 2.242 2.266 1.926 1.528 1.332 1.206 0.993 0.531 0.242 0.000 0.000 0.000 0.000 0.000 0.000 0.266 0.404 0.297 0.239 0.345 0.336 0.203 0.000 0.000 0.000 0.000 0.000 0.000 0.000 0.000 0.000 0.000 0.000 0.000 0.000 0.000 0.000 0.000
20.492 22.788 21.264 13.800 5.937 2.287 1.175 0.590 0.215 0.000 0.000 0.000 0.000 0.000 0.494 2.819 5.339 4.994 1.931 1.259 1.773 4.216 5.594 3.482 1.184 0.589 0.529 0.466 0.427 0.455 0.617 0.973 2.556 4.486 3.957 2.917 4.165 3.797 2.706 2.303 2.506 2.471 2.030 1.547 1.217 0.835 0.367 0.208 0.000 0.000 0.000 0.000 0.000 0.000 0.246 0.408 0.348 0.286 0.294 0.358 0.282 0.000 0.000 0.000 0.000 0.000 0.000 0.000 0.000 0.000 0.000 0.000 0.000 0.000 0.000 0.000 0.000
3.431 4.922 4.503 3.030 1.081 0.459 0.562 0.536 0.384 0.215 0.000 0.000 0.000 0.000 0.000 0.000 0.215 0.317 0.332 0.332 0.428 0.836 2.002 2.434 1.330 0.395 0.374 0.385 0.330 0.302 0.355 0.462 0.630 0.960 3.416 4.344 3.799 3.515 3.396 2.938 2.917 3.103 2.517 1.687 1.105 0.573 0.257 0.000 0.000 0.000 0.000 0.000 0.000 0.000 0.218 0.389 0.372 0.355 0.331 0.335 0.332 0.270 0.207 0.000 0.000 0.000 0.000 0.000 0.000 0.000 0.000 0.000 0.000 0.000 0.000 0.000 0.000
0.299 0.592 0.635 0.427 0.000 0.000 0.000 0.328 0.383 0.367 0.346 0.326 0.307 0.283 0.258 0.230 0.208 0.000 0.000 0.000 0.000 0.261 0.550 0.923 0.850 0.237 0.000 0.000 0.000 0.000 0.000 0.330 0.499 0.546 0.723 2.655 3.975 3.863 3.665 3.870 3.843 3.497 2.808 1.585 0.802 0.425 0.275 0.000 0.000 0.000 0.000 0.000 0.000 0.000 0.000 0.335 0.354 0.355 0.343 0.328 0.313 0.293 0.250 0.000 0.000 0.000 0.000 0.000 0.000 0.000 0.000 0.000 0.000 0.000 0.000 0.000 0.289
0.000 0.000 0.000 0.000 0.000 0.000 0.000 0.000 0.000 0.000 0.000 0.000 0.000 0.000 0.000 0.000 0.000 0.000 0.000 0.000 0.000 0.000 0.223 0.311 0.297 0.000 0.000 0.000 0.000 0.000 0.000 0.000 0.210 0.544 0.589 0.860 2.923 3.956 3.986 4.048 4.774 3.957 2.829 1.491 0.728 0.498 0.345 0.214 0.000 0.000 0.000 0.000 0.000 0.000 0.000 0.269 0.303 0.300 0.297 0.287 0.265 0.237 0.205 0.000 0.000 0.000 0.000 0.000 0.000 0.000 0.000 0.000 0.000 0.000 0.227 0.383 0.716
0.000 0.000 0.000 0.000 0.000 0.000 0.000 0.000 0.000 0.000 0.000 0.000 0.000 0.000 0.000 0.000 0.000 0.000 0.000 0.000 0.000 0.000 0.000 0.000 0.000 0.000 0.000 0.000 0.000 0.000 0.000 0.000 0.000 0.000 0.591 0.645 1.264 3.424 3.805 4.333 4.642 4.580 2.913 1.910 0.948 0.593 0.454 0.315 0.000 0.000 0.000 0.000 0.000 0.000 0.000 0.214 0.251 0.230 0.205 0.000 0.000 0.000 0.000 0.000 0.000 0.000 0.000 0.000 0.000 0.000 0.000 0.000 0.201 0.323 0.608 1.318 2.252
0.000 0.000 0.000 0.000 0.000 0.000 0.000 0.000 0.000 0.000 0.000 0.000 0.000 0.000 0.000 0.000 0.000 0.000 0.000 0.000 0.000 0.000 0.000 0.000 0.000 0.000 0.000 0.000 0.000 0.000 0.000 0.000 0.000 0.000 0.233 0.612 0.739 2.161 3.454 4.028 4.784 4.836 3.752 2.614 1.482 0.725 0.555 0.444 0.306 0.000 0.000 0.000 0.000 0.000 0.000 0.000 0.218 0.215 0.000 0.000 0.000 0.000 0.000 0.000 0.000 0.000 0.000 0.000 0.000 0.000 0.226 0.305 0.540 1.294 2.454 3.743 4.570
0.000 0.000 0.000 0.000 0.000 0.000 0.000 0.000 0.000 0.000 0.000 0.000 0.000 0.000 0.000 0.000 0.000 0.000 0.000 0.000 0.000 0.000 0.000 0.000 0.000 0.000 0.000 0.000 0.000 0.000 0.000 0.000 0.000 0.000 0.000 0.370 0.630 1.366 2.676 3.312 4.614 4.949 4.666 3.392 2.463 1.191 0.704 0.586 0.486 0.345 0.000 0.000 0.000 0.000 0.000 0.000 0.000 0.211 0.214 0.202 0.000 0.000 0.000 0.000 0.000 0.205 0.235 0.267 0.296 0.339 0.494 1.118 2.465 4.064 5.222 5.802 5.704
0.000 0.000 0.000 0.000 0.000 0.000 0.000 0.000 0.000 0.000 0.000 0.000 0.000 0.000 0.000 0.000 0.000 0.000 0.000 0.000 0.000 0.000 0.000 0.000 0.000 0.000 0.000 0.000 0.000 0.000 0.000 0.000 0.000 0.000 0.000 0.000 0.506 1.044 2.086 2.785 3.523 4.729 4.694 4.489 3.401 2.344 1.154 0.765 0.676 0.598 0.473 0.307 0.000 0.000 0.000 0.000 0.000 0.000 0.221 0.242 0.263 0.286 0.305 0.319 0.328 0.338 0.343 0.361 0.474 0.969 2.185 3.854 5.373 6.240 6.345 5.980 5.000
0.000 0.000 0.000 0.000 0.000 0.000 0.000 0.000 0.000 0.000 0.000 0.000 0.000 0.000 0.000 0.000 0.000 0.000 0.000 0.000 0.000 0.000 0.000 0.000 0.000 0.000 0.000 0.000 0.000 0.000 0.000 0.000 0.000 0.000 0.000 0.000 0.323 0.818 1.973 2.143 2.863 3.773 4.357 4.714 4.532 3.399 2.122 0.998 0.782 0.700 0.641 0.564 0.466 0.376 0.318 0.290 0.283 0.289 0.304 0.317 0.323 0.322 0.319 0.317 0.346 0.437 0.623 1.090 2.039 3.480 5.093 6.344 6.744 6.515 5.750 4.458 2.772
0.000 0.000 0.000 0.000 0.000 0.000 0.000 0.000 0.000 0.000 0.000 0.000 0.000 0.000 0.000 0.000 0.000 0.000 0.000 0.000 0.000 0.000 0.000 0.000 0.000 0.000 0.000 0.000 0.000 0.000 0.000 0.000 0.000 0.000 0.000 0.000 0.235 0.724 2.071 1.935 2.204 2.700 3.613 4.512 5.315 4.159 2.970 1.294 0.756 0.670 0.620 0.580 0.522 0.466 0.410 0.363 0.325 0.292 0.262 0.237 0.222 0.240 0.338 0.599 1.000 1.441 2.068 3.131 4.621 6.014 6.826 6.843 6.441 5.338 3.338 1.644 0.705
0.000 0.000 0.000 0.000 0.000 0.000 0.000 0.000 0.000 0.000 0.000 0.000 0.000 0.000 0.000 0.000 0.000 0.000 0.000 0.000 0.000 0.000 0.000 0.000 0.000 0.000 0.000 0.000 0.000 0.000 0.000 0.000 0.000 0.000 0.000 0.000 0.000 0.782 2.137 2.097 1.779 1.914 2.422 3.867 5.236 5.066 3.322 1.317 0.532 0.456 0.451 0.457 0.434 0.399 0.353 0.304 0.261 0.224 0.244 0.350 0.651 1.114 1.594 2.003 2.433 3.031 4.015 5.339 6.381 6.780 6.605 5.981 4.492 2.434 0.944 0.379 0.000
0.000 0.000 0.000 0.000 0.000 0.000 0.000 0.000 0.000 0.000 0.000 0.000 0.000 0.000 0.000 0.000 0.000 0.000 0.000 0.000 0.000 0.000 0.000 0.000 0.000 0.000 0.000 0.000 0.000 0.000 0.000 0.000 0.000 0.000 0.000 0.000 0.000 1.013 2.179 2.351 1.591 1.407 1.495 2.452 4.798 5.665 3.658 1.011 0.000 0.000 0.201 0.241 0.262 0.282 0.320 0.397 0.562 0.889 1.458 2.085 2.500 2.744 2.940 3.181 3.537 4.293 5.394 6.164 6.393 6.143 5.491 4.033 2.426 1.268 0.988 0.849 0.558
0.000 0.000 0.000 0.000 0.000 0.000 0.000 0.000 0.000 0.000 0.000 0.000 0.000 0.000 0.000 0.000 0.000 0.000 0.000 0.000 0.000 0.000 0.000 0.000 0.000 0.000 0.000 0.000 0.000 0.000 0.000 0.000 0.000 0.000 0.000 0.000 0.252 1.303 2.364 2.571 1.521 1.169 1.001 1.379 3.799 5.985 4.577 1.327 0.000 0.205 0.248 0.325 0.460 0.729 1.174 1.879 2.789 3.458 3.532 3.344 3.093 2.932 2.875 2.982 3.679 4.665 5.573 5.871 5.609 4.937 3.633 2.284 1.438 1.420 1.491 1.471 1.313
0.000 0.000 0.000 0.000 0.000 0.000 0.000 0.000 0.000 0.000 0.000 0.000 0.000 0.000 0.000 0.000 0.000 0.000 0.000 0.000 0.000 0.000 0.000 0.000 0.000 0.000 0.000 0.000 0.000 0.000 0.000 0.000 0.000 0.000 0.000 0.000 0.267 1.540 2.602 2.941 1.722 1.194 0.989 0.937 2.402 5.355 5.275 2.946 0.862 0.618 0.729 1.031 1.696 2.721 3.642 4.239 4.281 3.806 3.166 2.881 2.643 2.586 2.955 3.789 4.547 5.186 5.305 5.023 4.265 3.063 1.899 1.193 1.181 1.364 1.572 1.617 1.606
0.000 0.000 0.000 0.000 0.000 0.000 0.000 0.000 0.000 0.000 0.000 0.000 0.000 0.000 0.000 0.000 0.000 0.000 0.000 0.000 0.000 0.000 0.000 0.000 0.000 0.000 0.000 0.000 0.000 0.000 0.000 0.000 0.000 0.000 0.000 0.000 0.000 1.433 2.787 3.492 2.715 1.476 1.111 0.976 1.554 4.075 5.203 4.568 2.860 2.197 2.536 3.472 4.885 6.101 6.382 5.843 4.730 3.596 3.010 2.671 2.686 3.200 3.789 4.245 4.682 4.613 4.234 3.343 2.123 1.088 0.546 0.437 0.475 0.665 1.158 1.576 1.622
0.000 0.000 0.000 0.000 0.000 0.000 0.000 0.000 0.000 0.000 0.000 0.000 0.000 0.000 0.000 0.000 0.000 0.000 0.000 0.000 0.000 0.000 0.000 0.000 0.000 0.000 0.000 0.000 0.000 0.000 0.000 0.000 0.000 0.000 0.000 0.000 0.000 0.948 2.484 3.966 3.981 2.905 1.731 1.320 1.393 2.721 4.813 5.303 4.823 4.751 5.432 6.686 7.904 8.092 7.153 5.610 4.188 3.475 3.098 3.255 3.529 3.734 3.905 3.808 3.492 2.941 2.095 1.158 0.458 0.000 0.000 0.000 0.000 0.000 0.397 1.052 1.426
0.000 0.000 0.000 0.000 0.000 0.000 0.000 0.000 0.000 0.000 0.000 0.000 0.000 0.000 0.000 0.000 0.000 0.000 0.000 0.000 0.000 0.000 0.000 0.000 0.000 0.000 0.000 0.000 0.000 0.000 0.000 0.000 0.000 0.000 0.000 0.000 0.000 0.000 1.365 2.939 4.121 4.159 3.865 2.945 2.306 2.387 4.067 5.656 6.303 6.508 7.518 8.589 9.260 8.636 7.429 5.786 4.632 4.035 3.891 3.700 3.517 3.346 2.800 2.244 1.796 1.233 0.679 0.246 0.000 0.000 0.000 0.000 0.000 0.000 0.000 0.515 1.093
0.000 0.000 0.000 0.000 0.000 0.000 0.000 0.000 0.000 0.000 0.000 0.000 0.000 0.000 0.000 0.000 0.000 0.000 0.000 0.000 0.000 0.000 0.000 0.000 0.000 0.000 0.000 0.000 0.000 0.000 0.000 0.000 0.000 0.000 0.000 0.000 0.000 0.000 0.000 0.932 2.285 3.469 4.075 4.325 4.272 4.131 4.389 5.835 7.245 8.436 9.435 10.158 9.943 9.174 7.813 6.151 5.192 4.524 3.720 3.167 2.533 1.906 1.420 1.044 0.730 0.440 0.000 0.000 0.000 0.000 0.000 0.000 0.000 0.000 0.000 0.253 0.802
0.000 0.000 0.000 0.000 0.000 0.000 0.000 0.000 0.000 0.000 0.000 0.000 0.000 0.000 0.000 0.000 0.000 0.000 0.000 0.000 0.000 0.000 0.000 0.000 0.000 0.000 0.000 0.000 0.000 0.000 0.000 0.000 0.000 0.000 0.000 0.000 0.000 0.000 0.000 0.000 0.266 1.029 2.439 3.544 4.327 5.022 5.518 6.562 7.766 8.870 9.794 9.822 9.538 8.885 7.569 6.083 4.659 3.415 2.556 1.877 1.283 0.884 0.578 0.377 0.284 0.000 0.000 0.000 0.000 0.000 0.000 0.000 0.000 0.000 0.000 0.000 0.567
0.000 0.000 0.000 0.000 0.000 0.000 0.000 0.000 0.000 0.000 0.000 0.000 0.000 0.000 0.000 0.000 0.000 0.000 0.000 0.000 0.000 0.000 0.000 0.000 0.000 0.000 0.000 0.000 0.000 0.000 0.000 0.000 0.000 0.000 0.000 0.000 0.000 0.000 0.000 0.000 0.000 0.000 0.331 1.181 2.460 3.828 4.891 6.015 7.336 8.241 8.878 8.978 8.699 7.955 6.550 4.744 3.193 2.172 1.585 0.940 0.532 0.330 0.000 0.000 0.000 0.000 0.000 0.000 0.000 0.000 0.000 0.000 0.000 0.000 0.000 0.000 0.405
0.000 0.000 0.000 0.000 0.000 0.000 0.000 0.000 0.000 0.000 0.000 0.000 0.000 0.000 0.000 0.000 0.000 0.000 0.000 0.000 0.000 0.000 0.000 0.000 0.000 0.000 0.000 0.000 0.000 0.000 0.000 0.000 0.000 0.000 0.000 0.000 0.000 0.000 0.000 0.000 0.000 0.000 0.000 0.000 0.461 1.429 2.642 3.825 5.078 6.329 7.071 6.989 6.561 5.559 4.100 2.688 1.789 1.314 0.693 0.300 0.000 0.000 0.000 0.000 0.000 0.000 0.000 0.000 0.000 0.000 0.000 0.000 0.000 0.000 0.000 0.000 0.289
0.000 0.000 0.000 0.000 0.000 0.000 0.000 0.000 0.000 0.000 0.000 0.000 0.000 0.000 0.000 0.000 0.000 0.000 0.000 0.000 0.000 0.000 0.000 0.000 0.000 0.000 0.000 0.000 0.000 0.000 0.000 0.000 0.000 0.000 0.000 0.000 0.000 0.000 0.000 0.000 0.000 0.000 0.000 0.000 0.000 0.000 0.658 1.448 2.206 3.025 3.537 3.544 3.183 2.370 1.633 1.262 1.011 0.534 0.000 0.000 0.000 0.000 0.000 0.000 0.000 0.000 0.000 0.000 0.000 0.000 0.000 0.000 0.000 0.000 0.000 0.000 0.204
