tests/test_04/output4/CloudLoad_240.00hrs.dat
NCOLS   360
NROWS    60
XLLCORNER           0.000
YLLCORNER           0.000
CELLSIZE           1.000          1.000
NODATA_VALUE -9999.
[rows 0 to 27 of 60, columns 189 to 251 of 360]
0.000000 0.000000 0.000000 0.260060 0.344245 0.371807 0.386734 0.439415 1.033632 1.997667 3.206486 4.333051 5.070991 5.727393 6.392182 6.640597 5.948112 5.326496 4.934865 4.422995 3.921069 3.573538 3.467639 3.428079 3.143960 2.771163 2.302131 2.116902 4.277651 7.357725 8.881530 9.241364 8.020107 7.510431 7.751700 8.498626 9.394613 9.400761 8.858769 8.046792 6.962201 5.644308 4.414891 3.584540 3.276870 3.439728 3.600000 3.516541 3.371287 3.440648 3.448141 3.210137 2.945223 2.580557 2.305732 2.224254 2.298528 2.299399 2.196355 2.105666 2.022522 1.939335 1.894850
0.000000 0.000000 0.203881 0.390686 0.473287 0.494285 0.492120 0.570515 1.329535 2.453985 3.696878 4.466011 4.904266 5.211158 5.362317 4.942361 4.122593 3.489573 3.217954 3.055302 3.016260 3.118098 3.410253 3.710178 3.850234 3.614689 3.122235 2.702740 5.036893 8.947413 10.753852 11.154177 9.588902 8.867514 9.753639 11.026823 10.971706 9.769430 8.334455 7.251772 6.577219 6.070077 5.529170 5.055994 5.096431 5.087955 4.588022 4.251552 4.288300 4.548545 4.357014 3.978430 3.661851 3.415681 3.313452 3.496640 3.698988 3.846274 3.904042 3.750199 3.502626 3.159232 2.842220
0.000000 0.000000 0.000000 0.322979 0.386763 0.403049 0.392338 0.513060 1.047390 1.728774 2.424549 2.854342 3.062058 3.151563 3.191120 3.151023 2.939014 2.779673 2.762635 2.795284 2.824512 2.961483 3.276615 3.687078 4.017351 4.132450 3.917003 3.501979 5.108132 10.040420 12.607254 13.180417 11.543353 9.947150 10.600118 11.966952 11.019950 9.025774 7.447544 6.479786 5.802404 5.311597 4.942562 4.798074 5.002380 4.743535 4.465087 4.685903 5.302016 5.873820 6.040362 6.090852 6.485679 6.831391 7.029768 7.152510 6.933523 6.533396 5.703163 4.829238 4.005501 3.241894 2.727937
0.000000 0.000000 0.000000 0.000000 0.204074 0.219805 0.217772 0.224349 0.370085 0.610181 0.908682 1.224170 1.529156 1.793661 2.014662 2.200663 2.387138 2.539409 2.641198 2.723693 2.741033 2.732867 2.940521 3.407858 3.792655 4.108124 4.320304 4.438971 5.164292 8.943753 13.613438 15.140120 13.933414 11.083265 10.496065 11.862048 10.762453 8.681977 7.086624 6.186036 5.511292 4.919768 4.481892 4.368201 4.523481 4.475675 4.473804 5.278913 6.668079 8.474732 10.394595 12.133868 13.550357 14.408736 14.362103 13.807119 12.965941 11.565215 9.851359 8.153225 6.579375 5.238688 4.192576
0.000000 0.000000 0.000000 0.000000 0.000000 0.000000 0.000000 0.000000 0.000000 0.000000 0.357764 0.630821 0.912503 1.185717 1.463216 1.738543 2.005974 2.288969 2.541586 2.686234 2.751850 2.711784 2.755850 3.074286 3.422849 3.709619 4.320510 5.264246 6.305716 8.185955 13.571271 16.734289 17.358492 14.430014 11.476866 11.711942 10.541839 8.275260 6.142977 5.282586 4.788800 4.385644 4.183630 4.275542 4.628404 4.962066 5.753041 8.401637 12.255111 16.377926 19.784182 21.809425 22.175823 21.695265 20.064871 18.362865 16.967890 14.784622 12.251567 9.973770 8.033425 6.618601 5.717840
0.000000 0.000000 0.000000 0.000000 0.000000 0.000000 0.000000 0.000000 0.000000 0.000000 0.000000 0.327316 0.643728 0.977458 1.297501 1.561408 1.799906 2.065722 2.354102 2.628554 2.830010 2.870031 2.873008 2.958500 3.113250 3.317490 3.960008 5.648679 7.483119 8.925441 12.727901 18.288939 19.682320 18.843182 14.557013 12.338530 11.044461 9.228069 6.767748 5.689474 5.342670 5.250254 5.509956 6.545231 8.392909 10.274013 12.636298 16.073454 20.262892 23.510347 24.453184 23.113707 20.075766 16.743690 14.466991 12.813379 11.897123 10.656576 9.304927 8.127156 6.866641 6.048186 5.581758
0.000000 0.000000 0.000000 0.000000 0.000000 0.000000 0.000000 0.000000 0.000000 0.000000 0.000000 0.000000 0.312787 0.593417 1.008220 1.425616 1.825534 2.108015 2.359875 2.649192 2.945836 3.262714 3.440882 3.463877 3.527636 3.518340 3.751662 5.394302 7.918993 10.307891 12.010971 16.697197 21.871590 22.275707 19.584187 15.563854 14.191725 12.307912 10.033037 8.524070 8.182524 8.633679 9.634634 11.330372 13.110714 15.545584 17.974735 20.308119 21.924582 20.895466 17.152405 11.803587 7.858603 6.073370 5.265189 4.857952 4.753682 4.816914 4.619170 4.211885 3.832565 3.758102 3.573092
0.000000 0.000000 0.000000 0.000000 0.000000 0.000000 0.000000 0.000000 0.000000 0.000000 0.000000 0.000000 0.000000 0.306447 0.468994 0.865769 1.390965 1.878098 2.258034 2.513701 2.803515 3.158145 3.672428 4.105624 4.163378 4.014446 4.016742 4.543040 6.990786 10.685607 12.859782 14.978356 21.009684 24.742321 23.158957 19.877005 18.484962 15.958849 13.157287 10.346005 9.608495 9.581287 10.299099 11.519405 12.731876 13.376461 14.224224 14.997943 14.170802 10.818057 6.869500 4.089854 3.222845 2.759628 2.454886 2.249809 2.136898 2.025602 1.888282 1.821444 2.045625 2.048045 2.030873
0.000000 0.000000 0.000000 0.000000 0.000000 0.000000 0.000000 0.000000 0.000000 0.000000 0.000000 0.000000 0.000000 0.000000 0.207773 0.394280 0.611353 1.071699 1.598850 2.104482 2.428424 2.576815 3.063703 3.806263 4.371987 4.384610 4.232253 4.269534 4.980955 8.585743 12.817043 14.516950 18.304136 24.494963 25.065088 22.429752 21.494381 18.587934 14.549471 10.610886 8.862489 8.606438 9.167461 10.019382 10.484768 10.540207 10.001621 8.526667 7.040711 4.867403 2.715317 2.212427 2.251704 2.256263 2.302246 2.211411 2.062700 1.984112 2.053643 2.156057 2.084555 1.983600 2.696088
0.000000 0.000000 0.000000 0.000000 0.000000 0.000000 0.000000 0.000000 0.000000 0.000000 0.000000 0.000000 0.000000 0.000000 0.000000 0.000000 0.253961 0.437060 0.644904 1.011615 1.418954 1.706881 1.864840 2.540804 3.401605 4.152787 4.256661 4.185185 3.899850 5.205931 9.416822 13.450734 15.446650 20.684759 23.286730 22.257473 21.338299 19.779572 14.288234 10.032866 8.070072 7.739718 8.176311 8.403879 7.584202 6.146776 4.970833 4.737025 3.657577 1.883496 1.549927 1.617382 1.594676 1.545784 1.516012 1.560289 1.677944 1.827613 1.952243 1.951853 1.965716 2.362936 2.817679
0.000000 0.000000 0.000000 0.000000 0.000000 0.000000 0.000000 0.000000 0.000000 0.000000 0.000000 0.000000 0.000000 0.000000 0.000000 0.000000 0.000000 0.000000 0.274119 0.362054 0.523366 0.735479 0.872077 1.041025 1.652638 2.401864 2.801195 2.852352 2.821971 2.778650 5.094378 9.001982 11.181061 15.228585 20.114628 18.588993 19.514044 16.701893 12.355954 8.782804 6.924178 6.794451 6.634194 5.608123 3.954347 3.429412 3.748010 3.240565 1.709979 1.186681 1.279839 1.281613 1.230091 1.181616 1.093771 1.029817 1.002665 0.942527 0.931378 1.113118 1.438191 1.722626 1.672733
0.000000 0.000000 0.000000 0.000000 0.000000 0.000000 0.000000 0.000000 0.000000 0.000000 0.000000 0.000000 0.000000 0.000000 0.000000 0.000000 0.000000 0.000000 0.000000 0.000000 0.230621 0.278740 0.323184 0.339085 0.416115 0.662605 0.942079 1.084298 1.114751 1.128992 1.936812 3.955380 5.806636 8.343978 13.233103 13.672348 15.187662 13.844913 10.964537 7.684237 6.164754 5.367721 4.207802 3.327884 2.912779 3.210849 3.096080 1.847697 1.104300 0.978442 0.984164 0.870027 0.774706 0.745350 0.686043 0.613503 0.552920 0.519074 0.591939 0.736026 0.845337 0.863794 0.707800
0.000000 0.000000 0.000000 0.000000 0.000000 0.000000 0.000000 0.000000 0.000000 0.000000 0.000000 0.000000 0.000000 0.000000 0.000000 0.000000 0.000000 0.000000 0.000000 0.000000 0.000000 0.000000 0.000000 0.000000 0.000000 0.000000 0.209985 0.256991 0.281070 0.297901 0.706588 1.443457 2.003720 3.241621 7.029448 8.762562 11.890208 12.240947 9.851924 6.379162 4.588904 3.338190 2.784705 2.968506 2.915448 2.888891 2.050980 1.179938 1.040277 0.892814 0.802776 0.678965 0.611337 0.585893 0.586843 0.600361 0.632158 0.693547 0.764518 0.794531 0.802280 0.760098 0.631959
0.000000 0.000000 0.000000 0.000000 0.000000 0.000000 0.000000 0.000000 0.000000 0.000000 0.000000 0.000000 0.000000 0.000000 0.000000 0.000000 0.000000 0.000000 0.000000 0.000000 0.000000 0.000000 0.000000 0.000000 0.000000 0.000000 0.000000 0.000000 0.000000 0.000000 0.372650 0.697455 0.822124 1.369174 3.495380 5.035268 8.645429 10.715528 9.197145 5.466424 3.131438 2.343817 2.842406 3.004045 2.757901 2.125889 1.148407 1.028655 0.797196 0.585932 0.484273 0.474118 0.516702 0.561790 0.599835 0.633729 0.686861 0.742932 0.785891 0.830381 0.866887 0.806636 0.678184
0.000000 0.000000 0.000000 0.000000 0.000000 0.000000 0.000000 0.000000 0.000000 0.000000 0.000000 0.000000 0.000000 0.000000 0.000000 0.000000 0.000000 0.000000 0.000000 0.000000 0.000000 0.000000 0.000000 0.000000 0.000000 0.000000 0.000000 0.000000 0.000000 0.000000 0.246714 0.453104 0.513678 0.751867 1.786530 2.750659 5.747496 9.009176 8.609866 4.722836 2.399639 2.413862 2.844085 3.000715 2.311507 1.289918 0.869233 0.695822 0.449842 0.350649 0.318294 0.323600 0.353674 0.374866 0.402814 0.438691 0.498002 0.603436 0.675983 0.759856 0.788266 0.762921 0.696252
0.000000 0.000000 0.000000 0.000000 0.000000 0.000000 0.000000 0.000000 0.000000 0.000000 0.000000 0.000000 0.000000 0.000000 0.000000 0.000000 0.000000 0.000000 0.000000 0.000000 0.000000 0.000000 0.000000 0.000000 0.000000 0.000000 0.000000 0.000000 0.000000 0.000000 0.000000 0.326528 0.381245 0.532081 0.892001 1.190303 3.242406 7.235749 7.697015 4.466685 2.474854 2.462052 2.798861 2.737249 1.809825 0.840917 0.597115 0.436891 0.330190 0.317006 0.305135 0.280381 0.252146 0.233652 0.259511 0.307472 0.417468 0.538988 0.636376 0.704749 0.694543 0.630322 0.570585
0.000000 0.000000 0.000000 0.000000 0.000000 0.000000 0.000000 0.000000 0.000000 0.000000 0.000000 0.000000 0.000000 0.000000 0.000000 0.000000 0.000000 0.000000 0.000000 0.000000 0.000000 0.000000 0.000000 0.000000 0.000000 0.000000 0.000000 0.000000 0.000000 0.000000 0.000000 0.232676 0.277294 0.356895 0.531684 0.633401 1.538269 5.294289 6.431099 4.472592 2.699043 2.469414 2.517830 2.180361 1.321332 0.612578 0.426646 0.331100 0.309339 0.289766 0.235140 0.000000 0.000000 0.000000 0.247420 0.397506 0.526379 0.600946 0.615512 0.564636 0.458787 0.419053 0.464095
0.000000 0.000000 0.000000 0.000000 0.000000 0.000000 0.000000 0.000000 0.000000 0.000000 0.000000 0.000000 0.000000 0.000000 0.000000 0.000000 0.000000 0.000000 0.000000 0.000000 0.000000 0.000000 0.000000 0.000000 0.000000 0.000000 0.000000 0.000000 0.000000 0.000000 0.000000 0.000000 0.000000 0.231472 0.340025 0.401566 0.592901 3.590664 5.040436 4.327696 2.833258 2.434334 2.044457 1.510492 0.790467 0.398704 0.309692 0.281699 0.241626 0.000000 0.000000 0.000000 0.000000 0.289115 0.442807 0.574101 0.596195 0.555586 0.443802 0.325192 0.266839 0.281103 0.315912
0.000000 0.000000 0.000000 0.000000 0.000000 0.000000 0.000000 0.000000 0.000000 0.000000 0.000000 0.000000 0.000000 0.000000 0.000000 0.000000 0.000000 0.000000 0.000000 0.000000 0.000000 0.000000 0.000000 0.000000 0.000000 0.000000 0.000000 0.000000 0.000000 0.000000 0.000000 0.000000 0.000000 0.000000 0.000000 0.269434 0.404158 2.208169 3.746583 3.904380 2.822964 2.190425 1.389611 0.815815 0.340881 0.237676 0.000000 0.000000 0.000000 0.000000 0.000000 0.000000 0.327033 0.444381 0.497053 0.516548 0.439060 0.357328 0.303786 0.260747 0.241824 0.221077 0.000000
0.000000 0.000000 0.000000 0.000000 0.000000 0.000000 0.000000 0.000000 0.000000 0.000000 0.000000 0.000000 0.000000 0.000000 0.000000 0.000000 0.000000 0.000000 0.000000 0.000000 0.000000 0.000000 0.000000 0.000000 0.000000 0.000000 0.000000 0.000000 0.000000 0.000000 0.000000 0.000000 0.000000 0.000000 0.000000 0.000000 0.271496 1.280050 2.675724 3.197314 2.513794 1.460389 0.732178 0.281356 0.000000 0.000000 0.000000 0.000000 0.000000 0.000000 0.000000 0.350292 0.495281 0.450264 0.423406 0.373104 0.300586 0.242447 0.207115 0.000000 0.000000 0.000000 0.000000
0.000000 0.000000 0.000000 0.000000 0.000000 0.000000 0.000000 0.000000 0.000000 0.000000 0.000000 0.000000 0.000000 0.000000 0.000000 0.000000 0.000000 0.000000 0.000000 0.000000 0.000000 0.000000 0.000000 0.000000 0.000000 0.000000 0.000000 0.000000 0.000000 0.000000 0.000000 0.000000 0.000000 0.000000 0.000000 0.000000 0.000000 0.652582 1.700705 2.257083 1.657584 0.651068 0.000000 0.000000 0.000000 0.000000 0.000000 0.000000 0.000000 0.000000 0.374093 0.504804 0.478362 0.318881 0.357617 0.431696 0.296813 0.000000 0.000000 0.000000 0.000000 0.000000 0.000000
0.000000 0.000000 0.000000 0.000000 0.000000 0.000000 0.000000 0.000000 0.000000 0.000000 0.000000 0.000000 0.000000 0.000000 0.000000 0.000000 0.000000 0.000000 0.000000 0.000000 0.000000 0.000000 0.000000 0.000000 0.000000 0.000000 0.000000 0.000000 0.000000 0.000000 0.000000 0.000000 0.000000 0.000000 0.000000 0.000000 0.000000 0.381950 0.968524 1.112812 0.644324 0.000000 0.000000 0.000000 0.000000 0.000000 0.000000 0.000000 0.251267 0.447824 0.510835 0.381006 0.238797 0.000000 0.301456 0.423822 0.298349 0.000000 0.000000 0.000000 0.000000 0.000000 0.000000
0.000000 0.000000 0.000000 0.000000 0.000000 0.000000 0.000000 0.000000 0.000000 0.000000 0.000000 0.000000 0.000000 0.000000 0.000000 0.000000 0.000000 0.000000 0.000000 0.000000 0.000000 0.000000 0.000000 0.000000 0.000000 0.000000 0.000000 0.000000 0.000000 0.000000 0.000000 0.000000 0.000000 0.000000 0.000000 0.000000 0.000000 0.373058 0.595162 0.389780 0.000000 0.000000 0.000000 0.000000 0.000000 0.232458 0.274809 0.289618 0.405994 0.523324 0.437851 0.251322 0.000000 0.000000 0.201271 0.256034 0.200389 0.000000 0.000000 0.000000 0.000000 0.000000 0.000000
0.000000 0.000000 0.000000 0.000000 0.000000 0.000000 0.000000 0.000000 0.000000 0.000000 0.000000 0.000000 0.000000 0.000000 0.000000 0.000000 0.000000 0.000000 0.000000 0.000000 0.000000 0.000000 0.000000 0.000000 0.000000 0.000000 0.000000 0.000000 0.000000 0.000000 0.000000 0.000000 0.000000 0.000000 0.000000 0.000000 0.000000 0.260652 0.307274 0.000000 0.000000 0.000000 0.000000 0.234093 0.262500 0.286377 0.298567 0.293781 0.307781 0.395249 0.362923 0.266377 0.000000 0.000000 0.000000 0.000000 0.000000 0.000000 0.000000 0.000000 0.000000 0.000000 0.000000
0.000000 0.000000 0.000000 0.000000 0.000000 0.000000 0.000000 0.000000 0.000000 0.000000 0.000000 0.000000 0.000000 0.000000 0.000000 0.000000 0.000000 0.000000 0.000000 0.000000 0.000000 0.000000 0.000000 0.000000 0.000000 0.000000 0.000000 0.000000 0.000000 0.000000 0.000000 0.000000 0.000000 0.000000 0.000000 0.000000 0.000000 0.000000 0.000000 0.000000 0.000000 0.000000 0.000000 0.000000 0.232212 0.252808 0.252341 0.232202 0.000000 0.208583 0.256972 0.243629 0.200723 0.000000 0.000000 0.000000 0.000000 0.000000 0.000000 0.000000 0.000000 0.000000 0.000000
0.000000 0.000000 0.000000 0.000000 0.000000 0.000000 0.000000 0.000000 0.000000 0.000000 0.000000 0.000000 0.000000 0.000000 0.000000 0.000000 0.000000 0.000000 0.000000 0.000000 0.000000 0.000000 0.000000 0.000000 0.000000 0.000000 0.000000 0.000000 0.000000 0.000000 0.000000 0.000000 0.000000 0.000000 0.000000 0.000000 0.000000 0.000000 0.000000 0.000000 0.000000 0.000000 0.000000 0.000000 0.000000 0.000000 0.000000 0.000000 0.000000 0.000000 0.000000 0.000000 0.000000 0.000000 0.000000 0.000000 0.000000 0.000000 0.000000 0.000000 0.000000 0.000000 0.000000
0.000000 0.000000 0.000000 0.000000 0.000000 0.000000 0.000000 0.000000 0.000000 0.000000 0.000000 0.000000 0.000000 0.000000 0.000000 0.000000 0.000000 0.000000 0.000000 0.000000 0.000000 0.000000 0.000000 0.000000 0.000000 0.000000 0.000000 0.000000 0.000000 0.000000 0.000000 0.000000 0.000000 0.000000 0.000000 0.000000 0.000000 0.000000 0.000000 0.000000 0.000000 0.000000 0.000000 0.000000 0.000000 0.000000 0.000000 0.000000 0.000000 0.000000 0.000000 0.000000 0.000000 0.000000 0.000000 0.000000 0.000000 0.000000 0.000000 0.000000 0.000000 0.000000 0.000000
0.000000 0.000000 0.000000 0.000000 0.000000 0.000000 0.000000 0.000000 0.000000 0.000000 0.000000 0.000000 0.000000 0.000000 0.000000 0.000000 0.000000 0.000000 0.000000 0.000000 0.000000 0.000000 0.000000 0.000000 0.000000 0.000000 0.000000 0.000000 0.000000 0.000000 0.000000 0.000000 0.000000 0.000000 0.000000 0.000000 0.000000 0.000000 0.000000 0.000000 0.000000 0.000000 0.000000 0.000000 0.000000 0.000000 0.000000 0.000000 0.000000 0.000000 0.000000 0.000000 0.000000 0.000000 0.000000 0.000000 0.000000 0.000000 0.000000 0.000000 0.000000 0.000000 0.000000
