tests/test_04/output4/CloudLoad_120.00hrs.dat
NCOLS   360
NROWS    60
XLLCORNER           0.000
YLLCORNER           0.000
CELLSIZE           1.000          1.000
NODATA_VALUE  0.000
[rows 0 to 27 of 60, columns 252 to 314 of 360]
0.000000 0.000000 0.000000 0.000000 0.000000 0.000000 0.000000 0.000000 0.000000 0.000000 0.000000 0.000000 0.000000 0.000000 0.000000 0.000000 0.000000 0.000000 0.000000 0.000000 0.000000 0.000000 0.000000 0.000000 0.000000 0.000000 0.000000 0.000000 0.000000 0.000000 0.000000 0.000000 0.000000 0.000000 0.000000 0.000000 0.000000 0.000000 0.000000 0.000000 0.000000 0.000000 0.000000 0.000000 0.000000 0.000000 0.000000 0.000000 0.000000 0.000000 0.000000 0.000000 0.000000 0.000000 0.000000 0.000000 0.000000 0.000000 0.547474 1.650126 2.141473 1.898223 1.507604
0.000000 0.000000 0.000000 0.000000 0.000000 0.000000 0.000000 0.000000 0.000000 0.000000 0.000000 0.000000 0.000000 0.000000 0.000000 0.000000 0.000000 0.000000 0.000000 0.000000 0.000000 0.000000 0.000000 0.000000 0.000000 0.000000 0.000000 0.000000 0.000000 0.000000 0.000000 0.000000 0.000000 0.000000 0.000000 0.000000 0.000000 0.000000 0.000000 0.000000 0.000000 0.000000 0.000000 0.000000 0.000000 0.000000 0.000000 0.000000 0.000000 0.000000 0.000000 0.000000 0.000000 0.000000 0.000000 0.000000 0.000000 0.598864 1.950624 2.839128 2.508703 1.755966 1.264812
0.000000 0.000000 0.000000 0.000000 0.000000 0.000000 0.000000 0.000000 0.000000 0.000000 0.000000 0.000000 0.000000 0.000000 0.000000 0.000000 0.000000 0.000000 0.000000 0.000000 0.000000 0.000000 0.000000 0.000000 0.000000 0.000000 0.000000 0.000000 0.000000 0.000000 0.000000 0.000000 0.000000 0.000000 0.000000 0.000000 0.000000 0.000000 0.000000 0.000000 0.000000 0.000000 0.000000 0.000000 0.000000 0.000000 0.000000 0.000000 0.000000 0.000000 0.000000 0.000000 0.000000 0.000000 0.000000 0.000000 0.835634 2.349995 3.611755 3.278789 2.158083 1.360036 1.010352
0.000000 0.000000 0.000000 0.000000 0.000000 0.000000 0.000000 0.000000 0.000000 0.000000 0.203343 0.259968 0.291167 0.296141 0.288697 0.207241 0.000000 0.000000 0.000000 0.000000 0.000000 0.000000 0.000000 0.000000 0.000000 0.000000 0.000000 0.000000 0.000000 0.000000 0.000000 0.000000 0.000000 0.000000 0.000000 0.000000 0.000000 0.000000 0.000000 0.000000 0.000000 0.000000 0.000000 0.000000 0.000000 0.000000 0.000000 0.000000 0.000000 0.000000 0.000000 0.000000 0.000000 0.000000 0.209423 1.138134 2.971056 4.414487 4.364942 3.089992 1.419519 1.035308 1.000559
0.328881 0.000000 0.000000 0.000000 0.000000 0.229274 0.485666 0.808896 1.205770 1.656579 2.142515 2.550728 2.713019 2.726711 2.627941 2.073164 1.430475 0.925798 0.422970 0.000000 0.000000 0.000000 0.000000 0.000000 0.000000 0.000000 0.000000 0.000000 0.000000 0.000000 0.000000 0.000000 0.000000 0.000000 0.000000 0.000000 0.000000 0.000000 0.000000 0.000000 0.000000 0.000000 0.000000 0.000000 0.000000 0.000000 0.000000 0.000000 0.000000 0.000000 0.000000 0.000000 0.000000 0.209420 1.260265 3.356816 5.181564 5.490878 4.479228 2.284603 1.127801 1.008848 1.195888
1.161792 1.347693 2.114053 3.221036 4.777620 6.698667 7.547179 7.975834 7.799296 7.585328 7.578557 7.480793 7.060171 6.537680 5.885158 5.252032 4.374533 3.387406 2.452812 1.547272 0.734697 0.280380 0.000000 0.000000 0.000000 0.000000 0.000000 0.000000 0.000000 0.000000 0.000000 0.000000 0.000000 0.000000 0.000000 0.000000 0.000000 0.000000 0.000000 0.000000 0.000000 0.000000 0.000000 0.000000 0.000000 0.000000 0.000000 0.000000 0.000000 0.000000 0.000000 0.000000 0.000000 1.058143 3.176504 5.250750 6.389447 5.920737 4.545546 2.064894 1.063762 1.092166 1.374580
3.525933 6.443523 9.837190 13.810978 19.467035 25.906336 30.078356 30.517323 30.152967 28.532326 25.849117 22.640831 19.125828 15.679261 12.141633 10.077765 8.641586 7.270579 6.265002 5.277989 3.813701 2.396687 1.214855 0.442446 0.000000 0.000000 0.000000 0.000000 0.000000 0.000000 0.000000 0.000000 0.000000 0.000000 0.000000 0.000000 0.000000 0.000000 0.000000 0.000000 0.000000 0.000000 0.000000 0.000000 0.000000 0.000000 0.000000 0.000000 0.000000 0.000000 0.000000 0.000000 0.412017 2.138967 4.184851 6.011097 7.094648 6.785142 5.352437 2.336672 1.119464 1.187380 1.438060
16.886267 16.116255 17.562428 22.158022 30.313126 38.773136 43.186268 43.843311 44.137989 42.967583 38.175457 32.434238 26.155104 19.960737 15.252060 14.378069 13.949708 13.584022 12.952882 11.927088 10.596384 8.485909 5.820720 3.372498 1.497440 0.419898 0.000000 0.000000 0.000000 0.000000 0.000000 0.000000 0.000000 0.000000 0.000000 0.000000 0.000000 0.000000 0.000000 0.000000 0.000000 0.000000 0.000000 0.000000 0.000000 0.000000 0.000000 0.000000 0.000000 0.000000 0.000000 0.000000 0.739120 2.343488 4.261629 6.127893 7.484945 7.889808 7.196804 4.650296 1.887044 1.257731 1.472449
46.033527 42.415249 36.438343 35.050270 37.915989 41.905880 41.865421 42.715767 43.146103 40.280396 32.259800 23.793238 15.688483 12.577035 12.351501 12.573045 13.152130 14.256795 15.106252 15.489716 15.235349 14.288440 11.990177 9.006345 5.850974 2.879551 0.924033 0.000000 0.000000 0.000000 0.000000 0.000000 0.000000 0.000000 0.000000 0.000000 0.000000 0.000000 0.000000 0.000000 0.000000 0.000000 0.000000 0.000000 0.000000 0.000000 0.000000 0.000000 0.000000 0.000000 0.000000 0.000000 0.617315 1.418073 2.651576 4.479798 6.750653 8.264364 8.455497 7.916936 5.209344 2.090531 1.499084
65.506683 64.200371 57.356617 48.647041 44.389496 40.007278 40.563526 41.054039 37.657963 27.720299 17.264795 10.558385 10.275586 10.509802 10.766967 11.045218 11.601999 12.526152 13.500991 14.238371 14.671931 15.002599 14.655844 13.224988 10.481311 7.409463 4.204056 1.719177 0.334189 0.000000 0.000000 0.000000 0.000000 0.000000 0.000000 0.000000 0.000000 0.000000 0.000000 0.000000 0.000000 0.000000 0.000000 0.000000 0.000000 0.000000 0.000000 0.000000 0.000000 0.000000 0.000000 0.000000 0.274168 0.470510 0.862655 1.778440 3.675547 6.178225 8.362381 9.486647 9.723927 6.440292 2.581548
68.670532 68.134232 62.642124 50.734982 38.112583 32.086624 33.397354 30.788013 20.568987 9.330750 5.241120 4.693108 4.584701 5.091419 5.837244 6.860063 8.129757 9.696568 11.239224 12.717478 13.871446 14.101821 13.910679 12.972547 10.780338 8.167643 5.449955 2.960528 0.926859 0.000000 0.000000 0.000000 0.000000 0.000000 0.000000 0.000000 0.000000 0.000000 0.000000 0.000000 0.000000 0.000000 0.000000 0.000000 0.000000 0.000000 0.000000 0.000000 0.000000 0.000000 0.000000 0.000000 0.000000 0.000000 0.000000 0.291052 0.752655 2.080394 4.827755 8.809201 11.232684 11.513017 8.006524
66.475883 64.931503 51.304649 30.602108 21.098803 23.233164 21.839460 15.497690 5.767487 1.275326 0.598024 0.600188 1.046587 1.687601 2.307989 2.825981 3.258364 4.147152 5.631946 7.593869 9.407925 10.408332 10.386399 9.942022 8.552686 6.498576 4.438343 2.548547 0.936684 0.325923 0.000000 0.000000 0.000000 0.000000 0.000000 0.000000 0.000000 0.000000 0.000000 0.000000 0.000000 0.000000 0.000000 0.000000 0.000000 0.000000 0.000000 0.000000 0.000000 0.000000 0.000000 0.000000 0.000000 0.000000 0.000000 0.000000 0.000000 0.224690 0.875763 3.280165 8.173340 12.245722 13.029025
46.762527 42.862000 24.181925 13.042050 17.472124 16.975428 13.489214 6.229023 0.711950 0.261863 0.325300 0.516787 0.960175 1.685866 2.361130 2.420905 2.370173 2.343520 2.370913 2.740867 3.388015 3.843807 4.094487 3.978890 3.550368 2.805384 1.936139 1.225879 0.696722 0.393813 0.000000 0.000000 0.000000 0.000000 0.000000 0.000000 0.000000 0.000000 0.000000 0.000000 0.000000 0.000000 0.000000 0.000000 0.000000 0.000000 0.000000 0.000000 0.000000 0.000000 0.000000 0.000000 0.000000 0.000000 0.000000 0.000000 0.000000 0.000000 0.000000 0.461381 2.381468 7.649072 12.860980
18.870085 15.162571 8.138427 12.458574 16.389566 13.467340 7.756565 1.628006 0.325917 0.354022 0.565094 1.042610 1.639829 2.092279 2.222392 2.145212 2.009577 1.879943 1.691381 1.576964 1.448716 1.312075 1.228803 1.145654 1.040251 0.874652 0.696336 0.565335 0.478226 0.370561 0.229113 0.000000 0.000000 0.000000 0.000000 0.000000 0.000000 0.000000 0.000000 0.000000 0.000000 0.000000 0.000000 0.000000 0.000000 0.000000 0.000000 0.000000 0.000000 0.000000 0.000000 0.000000 0.000000 0.000000 0.000000 0.000000 0.000000 0.000000 0.000000 0.000000 0.353417 2.193321 7.499477
5.947074 4.141876 5.154422 13.567661 15.666437 10.571222 2.802793 0.300745 0.297368 0.447181 0.833646 1.201784 1.354154 1.447368 1.599903 1.535469 1.450545 1.382434 1.256260 1.183288 1.071229 0.926439 0.816997 0.668059 0.578861 0.474415 0.341992 0.254866 0.249977 0.261614 0.235165 0.000000 0.000000 0.000000 0.000000 0.000000 0.000000 0.000000 0.000000 0.000000 0.000000 0.000000 0.000000 0.000000 0.000000 0.000000 0.000000 0.000000 0.000000 0.000000 0.000000 0.000000 0.000000 0.000000 0.000000 0.000000 0.000000 0.000000 0.000000 0.000000 0.000000 0.509752 2.703229
1.953476 1.450260 4.814968 13.793148 14.029642 7.590071 0.750565 0.000000 0.367460 0.798336 1.073538 1.345284 1.566806 1.716160 1.746292 1.729498 1.718823 1.680917 1.698961 1.740535 1.744449 1.690576 1.653111 1.514742 1.318316 1.145480 0.975888 0.755414 0.501137 0.326395 0.262288 0.202348 0.000000 0.000000 0.000000 0.000000 0.000000 0.000000 0.000000 0.000000 0.000000 0.000000 0.000000 0.000000 0.000000 0.000000 0.000000 0.000000 0.000000 0.000000 0.000000 0.000000 0.000000 0.000000 0.000000 0.000000 0.000000 0.000000 0.000000 0.000000 0.000000 0.000000 0.887885
0.812363 0.860202 5.071479 13.629619 12.211968 5.087559 0.734436 0.553654 1.309740 2.150348 2.543512 2.739678 2.651896 2.545820 2.556093 2.603307 2.717148 2.772885 2.755087 2.896632 3.035706 3.185970 3.326257 3.098374 2.716996 2.379532 2.038110 1.766094 1.674861 1.568518 1.276671 0.921811 0.585044 0.324436 0.000000 0.000000 0.000000 0.000000 0.000000 0.000000 0.000000 0.000000 0.000000 0.000000 0.000000 0.000000 0.000000 0.000000 0.000000 0.000000 0.000000 0.000000 0.000000 0.000000 0.000000 0.000000 0.000000 0.000000 0.000000 0.000000 0.000000 0.000000 0.364970
0.549794 0.643105 4.876206 13.613795 10.559815 3.635513 1.370586 1.627262 2.720925 3.779526 4.080473 3.907447 3.660426 3.456566 3.260485 3.159150 3.912071 5.056413 6.108979 6.813845 6.877082 6.806725 6.842196 6.435293 6.039218 5.779505 5.090995 4.056046 2.760396 1.754950 1.635186 1.660928 1.616379 1.363799 0.900874 0.473495 0.000000 0.000000 0.000000 0.000000 0.000000 0.000000 0.000000 0.000000 0.000000 0.000000 0.000000 0.000000 0.000000 0.000000 0.000000 0.000000 0.000000 0.000000 0.000000 0.000000 0.000000 0.000000 0.000000 0.000000 0.000000 0.000000 0.209292
0.344586 0.521908 3.530363 12.889541 10.197829 3.310429 1.712580 2.857317 3.752259 4.664045 4.926575 4.471453 4.475225 5.599882 7.379282 9.329293 10.444586 10.370487 9.955563 9.289170 8.335669 7.710741 7.284881 6.792530 6.600152 6.582517 6.718708 6.836223 6.666223 5.762396 3.903964 2.128997 1.553898 1.548696 1.459557 1.332713 0.912764 0.488208 0.000000 0.000000 0.000000 0.000000 0.000000 0.000000 0.000000 0.000000 0.000000 0.000000 0.000000 0.000000 0.000000 0.000000 0.000000 0.000000 0.000000 0.000000 0.000000 0.000000 0.000000 0.000000 0.000000 0.000000 0.202266
0.000000 0.332555 2.078527 11.356921 10.932232 3.661179 1.345518 3.232974 4.996717 7.287990 9.048408 10.020259 11.407043 13.351770 14.120996 14.114871 11.965962 9.200735 7.028255 5.851659 5.087653 4.881304 4.848781 4.681003 4.507826 4.259199 4.173391 4.568015 5.529821 6.648591 7.279675 6.961339 5.058792 2.794219 1.728029 1.561343 1.412065 1.269802 0.874500 0.465062 0.000000 0.000000 0.000000 0.000000 0.000000 0.000000 0.000000 0.000000 0.000000 0.000000 0.000000 0.000000 0.000000 0.000000 0.000000 0.000000 0.000000 0.000000 0.000000 0.000000 0.000000 0.000000 0.311289
0.000000 0.000000 0.883991 6.985746 11.518251 6.581082 1.195938 2.278826 5.496401 10.074062 13.979754 16.639330 16.800314 16.811821 14.260475 10.073553 6.252769 4.471708 3.805653 3.517489 3.484987 3.699381 4.205105 4.670409 4.930274 4.875038 4.313848 3.563506 2.895340 2.909384 4.085141 6.221693 7.301399 7.019554 5.210653 2.966008 1.812147 1.552825 1.371295 1.176744 0.776617 0.405243 0.000000 0.000000 0.000000 0.000000 0.000000 0.000000 0.000000 0.000000 0.000000 0.000000 0.000000 0.000000 0.000000 0.000000 0.000000 0.000000 0.000000 0.000000 0.000000 0.000000 0.856878
0.000000 0.000000 0.311986 2.701638 10.290853 10.198190 4.134521 0.887871 2.776437 7.145106 14.254843 17.883842 17.450933 16.667772 12.240544 6.677734 4.166028 3.216096 2.705792 2.576715 2.551840 2.642811 3.116853 3.632810 4.044932 4.461035 5.031759 4.860263 4.079419 3.122575 2.220490 2.326957 3.505117 6.491524 7.813247 7.428984 5.187256 2.827862 1.744857 1.496409 1.323906 1.113953 0.719942 0.379960 0.000000 0.000000 0.000000 0.000000 0.000000 0.000000 0.000000 0.000000 0.000000 0.000000 0.000000 0.000000 0.000000 0.000000 0.000000 0.000000 0.000000 0.445776 2.077960
0.000000 0.000000 0.000000 0.902168 5.784248 11.394970 9.968228 3.545447 1.330566 3.940309 10.126982 17.143080 18.934608 17.627968 11.508776 5.560807 3.746721 2.923540 2.605712 2.341103 1.667740 1.710078 2.255641 3.005364 3.495142 3.665757 3.791586 4.317945 4.699168 4.029946 3.186825 2.128545 1.968454 2.347092 3.853895 6.661553 7.483562 6.723711 4.238533 2.139193 1.570776 1.404200 1.291718 1.052145 0.651430 0.314958 0.000000 0.000000 0.000000 0.000000 0.000000 0.000000 0.000000 0.000000 0.000000 0.000000 0.000000 0.000000 0.000000 0.000000 0.293806 1.546513 3.834232
0.000000 0.000000 0.000000 0.259276 1.379903 6.941196 12.139866 10.860586 5.084121 1.983706 5.160857 9.959779 16.083857 17.546455 16.097168 11.447080 6.452024 3.952484 3.801725 3.326042 1.899328 1.635582 2.486305 3.199537 3.249127 3.213037 3.188476 3.330546 3.936136 4.183547 3.623494 2.762108 1.920102 1.844019 2.089412 3.040600 5.452901 7.066173 6.984068 5.039661 2.593372 1.589342 1.396724 1.347284 1.235320 0.870744 0.441908 0.000000 0.000000 0.000000 0.000000 0.000000 0.000000 0.000000 0.000000 0.000000 0.000000 0.000000 0.000000 0.326754 1.622003 4.045854 6.240896
0.000000 0.000000 0.000000 0.000000 0.402232 1.414888 6.310606 11.280722 11.778871 8.347466 4.659909 5.729939 9.031425 11.365394 13.212889 12.306618 10.577568 9.589085 8.621487 7.212351 3.869016 2.510777 3.179337 3.490827 3.328038 2.963611 2.654876 2.505315 2.961850 3.431848 3.234818 2.946486 2.121267 1.814319 1.781283 1.984658 2.737896 4.940321 6.941009 7.066058 5.477586 2.832819 1.554606 1.384104 1.401556 1.330217 0.986396 0.498513 0.000000 0.000000 0.000000 0.000000 0.000000 0.000000 0.000000 0.000000 0.000000 0.000000 0.550063 2.075241 4.673183 6.751180 6.985276
0.000000 0.000000 0.000000 0.000000 0.234877 0.394574 1.057152 4.905558 10.352937 12.777002 12.201806 10.009612 10.491039 11.731796 13.184041 14.187757 14.957549 14.862864 13.953854 10.539714 6.262376 4.206027 4.241854 3.868691 3.232750 2.557460 2.032017 1.726489 2.020813 2.457139 2.268882 2.073215 1.805660 1.663527 1.628592 1.557534 1.757044 2.553030 4.918138 6.853136 6.966494 5.411543 2.741822 1.531094 1.432488 1.474211 1.408707 1.000278 0.431722 0.000000 0.000000 0.000000 0.000000 0.000000 0.000000 0.258520 0.625731 1.634379 3.591977 5.576811 7.344679 6.630800 4.769213
0.000000 0.000000 0.000000 0.000000 0.000000 0.289063 0.276869 0.506948 1.893749 6.060438 9.355360 10.540427 12.414183 14.760860 17.141272 19.594141 20.884966 20.399944 19.035326 14.795317 10.456606 7.848066 6.990467 5.784985 3.999897 2.306519 1.353533 1.143997 1.457163 1.738491 1.563175 1.086350 0.981344 1.396514 1.478404 1.392595 1.325808 1.586082 2.688066 5.428727 7.110613 7.058522 5.219850 2.569927 1.707710 1.683067 1.598459 1.431927 0.885875 0.369693 0.250116 0.285073 0.452836 0.779938 1.290635 2.025260 3.068330 4.341154 6.277452 7.377105 5.891280 4.028927 2.069233
0.000000 0.000000 0.000000 0.000000 0.000000 0.000000 0.238286 0.000000 0.000000 0.482671 1.341085 2.655241 4.649668 7.251437 10.274146 14.850918 17.270046 17.170170 15.074252 11.791544 9.654871 8.807480 7.871899 6.453016 4.967992 3.499507 2.025840 1.031471 1.230141 1.293447 1.054024 0.473971 0.349764 0.775735 1.170109 1.193757 1.067477 1.077559 1.502022 3.349273 6.391177 7.574068 7.333419 5.045749 2.692142 2.469381 2.435956 2.341244 2.002186 1.509896 1.489444 1.789292 2.231778 2.681696 3.035109 3.493296 4.718785 6.325563 5.922187 4.514720 2.770097 0.958051 0.000000
