tests/test_04/output4/CloudArrivalTime.dat
NCOLS   360
NROWS    60
XLLCORNER           0.000
YLLCORNER           0.000
CELLSIZE           1.000          1.000
NODATA_VALUE -9999.
[rows 0 to 23 of 60, columns 0 to 53 of 360]
-9999.000000 -9999.000000 -9999.000000 -9999.000000 -9999.000000 -9999.000000 -9999.000000 -9999.000000 222.636795 218.970291 216.442856 214.548813 212.349991 211.153290 210.863708 210.863708 211.153290 211.446564 212.044754 212.969193 213.914825 214.865601 216.128906 217.385117 218.970291 220.524353 222.339310 224.424286 227.417953 -9999.000000 -9999.000000 -9999.000000 -9999.000000 -9999.000000 -9999.000000 -9999.000000 -9999.000000 -9999.000000 -9999.000000 -9999.000000 -9999.000000 -9999.000000 -9999.000000 -9999.000000 -9999.000000 -9999.000000 -9999.000000 -9999.000000 -9999.000000 207.341339 207.341339 207.594894 208.111053 208.909698
-9999.000000 -9999.000000 -9999.000000 -9999.000000 -9999.000000 -9999.000000 -9999.000000 217.069016 214.231888 211.743668 209.456894 208.111053 207.594894 207.594894 207.851425 208.373901 209.182236 210.012756 210.863708 211.743668 212.658463 213.914825 214.865601 215.813843 217.069016 218.338730 219.596619 221.135193 222.636795 224.424286 226.222061 228.014816 230.115677 232.216354 235.386917 -9999.000000 -9999.000000 -9999.000000 -9999.000000 -9999.000000 -9999.000000 -9999.000000 -9999.000000 -9999.000000 -9999.000000 204.062576 202.916916 202.683395 202.916916 203.148956 203.379517 203.836395 204.509659 205.180511
-9999.000000 -9999.000000 -9999.000000 -9999.000000 -9999.000000 215.498276 212.044754 208.640076 204.509659 203.379517 203.379517 203.608658 204.286987 204.954147 205.877411 206.842789 207.851425 208.909698 210.012756 210.863708 212.044754 213.282242 214.548813 215.498276 216.754929 217.702454 218.655136 219.907425 220.830536 222.040436 223.231064 224.723572 226.222061 228.014816 229.811996 231.920364 233.676727 235.386917 237.091965 239.080505 -9999.000000 -9999.000000 -9999.000000 -9999.000000 199.818405 199.578568 199.339874 199.339874 199.339874 199.578568 199.818405 200.300644 201.021133 201.498901
-9999.000000 -9999.000000 -9999.000000 214.865601 210.012756 202.211792 199.578568 199.102325 199.102325 199.578568 200.300644 201.260269 202.211792 203.379517 204.509659 205.642197 206.842789 208.111053 209.182236 210.577682 211.743668 212.969193 214.231888 215.498276 216.754929 218.021072 218.970291 219.907425 220.830536 222.040436 222.933731 224.125397 225.023239 226.222061 227.417953 228.610947 229.811996 231.623047 233.387283 235.386917 237.091965 239.080505 198.155624 197.171906 196.661453 196.137283 195.869690 195.598236 195.869690 195.869690 196.137283 196.661453 197.171906 197.669662
-9999.000000 -9999.000000 209.733719 200.300644 197.669662 195.598236 195.323227 195.598236 196.401154 197.171906 198.155624 199.339874 200.541321 201.974655 203.148956 204.509659 205.877411 207.341339 208.640076 210.294067 211.743668 213.282242 214.548813 216.128906 217.385117 218.655136 219.907425 220.830536 222.040436 222.933731 223.826904 224.723572 225.623016 226.521317 227.417953 228.610947 229.811996 230.722855 231.920364 233.096466 234.251038 196.401154 194.761917 193.607147 193.027237 192.448151 191.872147 191.872147 191.872147 191.872147 192.159683 192.448151 193.027237 193.607147
-9999.000000 207.594894 197.914062 195.044495 192.448151 191.585495 191.585495 192.159683 193.027237 194.475311 195.869690 197.171906 198.865906 200.300644 201.974655 203.379517 204.954147 206.597610 208.111053 209.733719 211.446564 212.969193 214.548813 216.442856 218.021072 219.596619 221.135193 222.636795 223.826904 224.723572 225.922623 226.521317 227.417953 228.312973 228.909195 229.811996 230.722855 231.623047 232.511032 233.676727 234.819473 192.737518 191.014847 189.884018 189.323685 188.766663 188.489395 188.212906 188.212906 188.212906 188.489395 189.044769 174.764084 174.764084
-9999.000000 197.914062 193.607147 189.884018 188.212906 187.937225 188.212906 188.766663 189.603439 191.014847 192.737518 194.475311 196.401154 198.394424 200.300644 201.974655 203.836395 205.642197 207.341339 208.909698 210.577682 212.349991 214.231888 221.135193 222.040436 222.933731 224.125397 225.323227 226.521317 227.716476 228.909195 229.811996 230.722855 231.324356 231.920364 232.216354 232.804398 233.387283 234.251038 235.386917 191.014847 188.766663 187.388245 186.573547 186.030563 185.481537 169.849762 170.071854 170.294876 170.743759 171.424362 172.108231 172.784058 173.452057
206.355042 192.737518 188.489395 185.481537 185.205597 185.481537 186.030563 187.114929 188.489395 189.884018 191.585495 193.027237 195.044495 196.661453 198.630585 200.541321 202.448364 204.509659 206.842789 217.069016 218.338730 219.284225 220.216675 220.830536 221.740128 222.636795 223.826904 225.023239 226.521317 227.716476 229.208786 230.722855 232.216354 233.387283 234.251038 235.103134 235.670822 236.523285 237.091965 190.165436 186.843262 185.481537 184.372177 167.010056 167.010056 167.228760 167.883530 168.318924 169.188934 169.849762 170.743759 171.653214 172.559662 173.452057
192.737518 187.937225 182.970551 182.421936 182.694916 183.811829 185.205597 187.388245 189.884018 193.027237 198.155624 202.683395 205.409821 207.594894 209.456894 210.863708 212.349991 213.597626 214.548813 215.182205 216.128906 216.754929 217.702454 218.655136 219.907425 221.135193 222.636795 224.424286 225.922623 227.716476 229.208786 231.324356 233.387283 235.103134 236.523285 237.660400 238.228622 238.512634 239.364365 185.756561 183.811829 165.035660 164.816223 165.035660 165.474945 166.133362 166.791107 167.665497 168.752838 169.628586 170.743759 171.881180 173.007568 174.330444
187.388245 180.324615 179.804489 180.065781 181.355377 183.248947 185.756561 189.603439 193.607147 197.171906 200.300644 202.916916 204.730637 206.355042 207.851425 209.182236 210.294067 211.153290 211.743668 212.349991 212.969193 213.914825 214.865601 215.813843 217.069016 218.655136 220.216675 222.040436 223.826904 225.922623 228.014816 229.811996 231.920364 233.964645 236.523285 238.796600 -9999.000000 -9999.000000 185.205597 182.421936 162.852951 163.070084 163.287460 163.941116 164.597061 165.474945 166.352692 167.447235 168.536087 169.628586 170.969650 172.334396 173.673035 175.202927
178.008911 177.038651 177.519012 178.762894 180.836411 183.530197 187.388245 191.014847 194.186249 196.918335 199.102325 200.781479 202.448364 203.836395 205.180511 206.355042 207.341339 208.111053 208.909698 209.456894 210.294067 211.153290 212.044754 213.282242 214.548813 216.128906 218.021072 219.907425 222.040436 224.125397 226.222061 228.312973 230.419983 232.511032 234.535950 236.807648 239.080505 -9999.000000 181.355377 161.090546 161.314697 161.537750 162.200317 163.070084 163.941116 164.816223 165.913956 167.010056 168.318924 169.628586 170.969650 172.559662 174.112335 175.649811
174.330444 174.547577 175.649811 177.519012 180.324615 183.811829 187.662354 190.730850 192.737518 194.761917 196.661453 198.155624 199.578568 200.781479 201.974655 202.916916 203.836395 204.730637 205.409821 206.355042 207.090668 208.111053 209.456894 210.577682 212.044754 213.597626 215.182205 217.069016 219.596619 222.040436 224.723572 226.820374 228.909195 231.024307 233.096466 235.386917 237.660400 181.094727 159.490448 159.490448 159.953049 160.411423 161.314697 162.200317 163.070084 164.159500 165.255341 166.571945 167.883530 169.408310 170.969650 172.334396 173.893188 175.649811
171.196503 171.881180 173.230240 175.425354 178.762894 182.151581 185.205597 187.937225 189.884018 191.872147 193.317108 194.761917 196.137283 197.171906 197.914062 198.865906 199.578568 200.541321 201.498901 202.448364 203.608658 204.954147 206.597610 207.851425 209.456894 211.153290 212.658463 214.548813 216.754929 219.284225 222.339310 225.323227 227.716476 229.811996 232.216354 234.251038 236.238998 157.842407 157.842407 158.080261 158.789017 159.490448 160.411423 161.314697 162.418777 163.505096 164.816223 166.133362 167.665497 169.188934 170.743759 172.334396 173.893188 175.425354
167.010056 167.883530 169.408310 171.881180 175.202927 179.278656 182.151581 184.372177 186.302887 187.937225 189.323685 190.730850 191.872147 192.737518 193.896866 194.761917 195.869690 196.661453 197.669662 198.865906 200.300644 201.737030 203.148956 204.730637 206.597610 208.111053 210.012756 211.743668 213.914825 216.442856 219.284225 222.339310 225.623016 228.014816 230.722855 232.804398 156.166931 155.924988 156.166931 156.887115 157.604126 158.553574 159.490448 160.638931 161.759735 162.852951 164.159500 165.474945 167.010056 168.536087 170.071854 171.653214 173.007568 174.547577
161.759735 162.200317 163.287460 165.474945 168.970444 173.452057 177.762726 180.836411 182.694916 184.092484 185.481537 186.573547 187.388245 188.212906 189.044769 189.884018 191.014847 192.448151 193.896866 195.323227 196.918335 198.394424 199.818405 201.498901 203.148956 204.954147 207.090668 208.909698 211.153290 213.282242 215.813843 218.970291 222.636795 225.922623 228.909195 154.201935 154.201935 154.451126 154.946564 155.682007 156.647705 157.842407 158.789017 159.953049 161.090546 162.200317 163.505096 164.816223 166.352692 167.883530 169.408310 170.743759 172.334396 173.673035
155.682007 156.166931 156.887115 158.317322 160.182755 162.636063 165.474945 168.752838 172.784058 176.104523 178.762894 180.836411 182.421936 183.248947 184.372177 185.205597 186.030563 187.114929 188.212906 189.884018 191.585495 193.896866 195.869690 197.669662 199.339874 201.260269 203.379517 205.877411 208.111053 210.294067 212.349991 214.865601 218.338730 222.636795 152.180862 152.180862 152.180862 152.943832 153.700867 154.699326 155.924988 156.887115 158.080261 159.257523 160.411423 161.759735 162.852951 164.159500 165.694489 167.010056 168.536087 169.849762 171.424362 172.559662
149.598282 150.639954 151.669037 152.943832 154.451126 156.166931 157.842407 159.722290 161.759735 163.505096 165.255341 167.228760 169.188934 171.196503 172.784058 174.330444 175.649811 177.277664 179.278656 181.094727 183.248947 185.205597 187.388245 192.448151 195.044495 197.171906 199.102325 201.498901 204.286987 207.090668 209.456894 211.446564 213.597626 150.121307 149.860336 150.121307 150.897873 151.669037 152.690186 153.951843 154.946564 156.166931 157.365387 158.789017 159.953049 161.090546 162.418777 163.722977 164.816223 166.352692 167.665497 169.188934 170.518845 171.653214
144.993958 146.100937 147.193695 148.271713 149.335114 150.639954 152.180862 153.700867 155.682007 157.842407 159.722290 161.090546 162.636063 163.941116 165.474945 167.228760 169.408310 171.424362 173.230240 174.982513 176.801895 179.278656 182.970551 185.756561 187.937225 190.165436 193.896866 196.137283 198.394424 200.541321 203.608658 207.341339 147.734512 147.464554 148.003555 148.805389 149.598282 150.897873 151.925201 153.196838 154.201935 155.437943 156.887115 158.080261 159.257523 160.638931 161.759735 162.852951 164.159500 165.255341 166.571945 167.883530 169.188934 170.518845
141.928070 143.039841 143.878296 144.715652 145.825363 146.921906 148.003555 149.335114 150.639954 151.925201 153.700867 155.437943 157.365387 159.257523 160.865295 162.418777 163.941116 165.694489 167.665497 170.294876 172.559662 174.547577 176.567322 178.762894 181.094727 183.811829 187.114929 189.603439 192.448151 194.761917 196.401154 145.271683 145.271683 145.825363 146.649185 147.734512 148.805389 149.860336 151.155365 152.435867 153.700867 154.946564 156.166931 157.604126 158.789017 160.182755 161.314697 162.418777 163.505096 164.597061 165.913956 167.010056 168.101334 169.188934
138.908981 140.000214 140.823715 141.651291 142.483017 143.598557 144.436844 145.548843 146.649185 148.003555 149.335114 150.639954 151.669037 152.943832 154.451126 156.166931 158.317322 160.182755 162.200317 163.941116 165.913956 168.101334 170.743759 173.230240 175.202927 177.277664 179.278656 181.883743 183.530197 143.039841 143.039841 143.318954 143.878296 144.993958 145.825363 146.921906 148.271713 149.335114 150.639954 151.925201 153.196838 154.699326 155.924988 157.365387 158.789017 159.953049 161.090546 162.200317 163.287460 164.378143 165.474945 166.571945 167.665497 168.752838
136.179428 137.003754 138.095306 138.908981 140.000214 140.823715 141.928070 143.039841 143.878296 145.271683 146.375534 147.193695 148.271713 149.335114 150.381195 151.155365 152.435867 153.449173 154.699326 155.924988 156.887115 157.842407 159.023666 159.722290 160.182755 160.411423 141.651291 140.274261 140.548767 140.823715 141.651291 142.205307 143.318954 144.157715 145.271683 146.649185 147.734512 149.070816 150.381195 151.669037 153.196838 154.451126 155.924988 157.365387 158.789017 159.953049 161.090546 162.200317 163.505096 164.597061 165.694489 166.791107 167.883530 169.188934
133.195267 134.268494 135.355209 136.179428 137.277435 138.366867 139.453461 140.548767 141.374969 142.483017 143.598557 144.436844 145.548843 146.649185 147.734512 148.538986 149.598282 150.639954 151.412415 152.435867 153.196838 153.951843 154.699326 138.366867 137.823212 137.823212 138.095306 138.637894 139.180832 140.000214 140.823715 141.651291 142.761185 143.878296 144.993958 146.375534 147.464554 148.805389 150.381195 151.669037 152.943832 154.451126 155.924988 157.365387 158.789017 160.182755 161.537750 162.852951 164.378143 165.913956 167.665497 169.628586 186.302887 187.388245
129.143051 129.948166 130.768463 131.589813 132.663559 133.998947 135.082245 136.179428 137.550583 138.908981 140.274261 141.374969 142.761185 143.878296 144.993958 146.100937 147.193695 135.903793 135.355209 134.810135 134.810135 134.810135 135.082245 135.629059 136.179428 136.729523 137.277435 138.095306 138.908981 139.726608 140.548767 141.651291 142.483017 143.598557 144.993958 146.100937 147.464554 148.805389 150.121307 151.412415 152.943832 154.451126 156.166931 158.317322 170.294876 172.334396 174.330444 176.567322 179.278656 181.618362 183.811829 185.205597 186.573547 187.662354
120.501297 121.252411 121.755836 122.515167 123.279373 124.042747 124.549973 125.308289 126.063629 126.816353 127.834602 128.353043 129.143051 129.678131 130.219894 130.768463 131.043488 131.589813 132.130310 132.663559 133.195267 133.730225 134.538879 135.082245 135.903793 136.454742 137.277435 138.095306 138.908981 140.000214 140.823715 141.928070 142.761185 143.878296 145.271683 146.375534 147.734512 149.070816 150.639954 152.435867 164.159500 165.474945 167.228760 168.970444 170.969650 173.230240 175.649811 178.257629 180.324615 182.421936 183.811829 185.205597 186.030563 186.843262
