tests/test_04/output4/CloudLoad_216.00hrs.dat
NCOLS   360
NROWS    60
XLLCORNER           0.000
YLLCORNER           0.000
CELLSIZE           1.000          1.000
NODATA_VALUE  0.000
[rows 0 to 33 of 60, columns 0 to 76 of 360]
0.000 0.000 0.000 0.000 0.000 0.000 0.000 0.000 0.000 0.000 0.251 0.388 0.520 0.637 0.723 0.760 0.766 0.741 0.696 0.633 0.542 0.426 0.285 0.000 0.000 0.000 0.000 0.000 0.000 0.000 0.000 0.000 0.000 0.000 0.000 0.000 0.000 0.000 0.000 0.000 0.000 0.000 0.000 0.000 0.000 0.000 0.000 0.000 0.000 0.000 0.000 0.000 0.000 0.239 0.262 0.244 0.000 0.000 0.000 0.000 0.000 0.000 0.000 0.000 0.000 0.000 0.000 0.000 0.000 0.000 0.000 0.000 0.000 0.000 0.000 0.000 0.000
0.000 0.000 0.000 0.000 0.000 0.000 0.000 0.238 0.398 0.556 0.696 0.800 0.877 0.923 0.934 0.927 0.907 0.861 0.805 0.751 0.671 0.569 0.458 0.358 0.269 0.000 0.000 0.000 0.000 0.000 0.000 0.000 0.000 0.000 0.000 0.000 0.000 0.000 0.000 0.000 0.000 0.000 0.000 0.000 0.000 0.000 0.000 0.000 0.000 0.000 0.000 0.000 0.248 0.338 0.423 0.480 0.461 0.412 0.318 0.224 0.000 0.000 0.000 0.000 0.000 0.000 0.000 0.000 0.000 0.000 0.000 0.000 0.000 0.000 0.000 0.000 0.000
0.000 0.000 0.000 0.000 0.000 0.330 0.504 0.657 0.765 0.834 0.888 0.939 0.984 1.005 1.016 1.011 0.989 0.936 0.880 0.828 0.758 0.659 0.549 0.437 0.343 0.223 0.000 0.000 0.000 0.000 0.000 0.000 0.000 0.000 0.000 0.000 0.000 0.000 0.000 0.000 0.000 0.000 0.000 0.000 0.000 0.000 0.000 0.000 0.000 0.000 0.000 0.000 0.268 0.386 0.504 0.622 0.710 0.696 0.649 0.542 0.403 0.289 0.205 0.000 0.000 0.000 0.000 0.000 0.000 0.000 0.000 0.000 0.000 0.000 0.000 0.000 0.000
0.000 0.000 0.000 0.345 0.543 0.702 0.782 0.821 0.850 0.862 0.879 0.908 0.953 0.977 0.988 0.986 0.946 0.888 0.836 0.832 0.819 0.730 0.618 0.488 0.336 0.000 0.000 0.000 0.000 0.000 0.000 0.000 0.000 0.000 0.000 0.000 0.000 0.000 0.000 0.000 0.000 0.000 0.000 0.000 0.000 0.000 0.000 0.000 0.000 0.000 0.000 0.000 0.279 0.397 0.570 0.741 0.891 1.003 0.988 0.945 0.843 0.672 0.501 0.366 0.276 0.000 0.000 0.000 0.000 0.000 0.000 0.000 0.000 0.000 0.000 0.000 0.000
0.000 0.000 0.438 0.667 0.761 0.792 0.792 0.747 0.692 0.644 0.640 0.710 0.801 0.865 0.879 0.876 0.817 0.738 0.693 0.737 0.742 0.674 0.575 0.422 0.233 0.000 0.000 0.000 0.000 0.000 0.000 0.000 0.000 0.000 0.000 0.000 0.000 0.000 0.000 0.000 0.000 0.000 0.000 0.000 0.000 0.000 0.000 0.000 0.000 0.000 0.000 0.000 0.295 0.437 0.618 0.781 0.955 1.139 1.230 1.198 1.173 1.111 0.946 0.759 0.583 0.447 0.308 0.000 0.000 0.000 0.000 0.000 0.000 0.000 0.000 0.000 0.000
0.000 0.380 0.636 0.713 0.709 0.696 0.633 0.558 0.485 0.419 0.417 0.492 0.596 0.689 0.714 0.697 0.632 0.550 0.487 0.523 0.596 0.590 0.518 0.391 0.000 0.000 0.000 0.000 0.000 0.000 0.000 0.000 0.000 0.000 0.000 0.000 0.000 0.000 0.000 0.000 0.000 0.000 0.000 0.000 0.000 0.000 0.000 0.000 0.000 0.000 0.263 0.314 0.382 0.493 0.668 0.876 1.000 1.150 1.319 1.409 1.385 1.362 1.332 1.204 1.018 0.826 0.642 0.452 0.250 0.000 0.000 0.000 0.000 0.000 0.000 0.000 0.000
0.000 0.485 0.623 0.634 0.637 0.605 0.549 0.459 0.362 0.283 0.259 0.292 0.354 0.414 0.441 0.431 0.392 0.320 0.259 0.247 0.296 0.378 0.430 0.381 0.282 0.000 0.000 0.000 0.000 0.000 0.000 0.000 0.000 0.000 0.000 0.000 0.000 0.000 0.000 0.000 0.000 0.000 0.000 0.000 0.000 0.000 0.000 0.000 0.000 0.371 0.470 0.509 0.527 0.612 0.754 0.959 1.168 1.278 1.402 1.569 1.699 1.720 1.750 1.758 1.601 1.354 1.124 0.871 0.607 0.363 0.000 0.000 0.000 0.000 0.000 0.000 0.000
0.000 0.453 0.560 0.575 0.585 0.564 0.514 0.406 0.294 0.206 0.000 0.000 0.205 0.237 0.270 0.287 0.279 0.251 0.216 0.000 0.000 0.000 0.000 0.232 0.255 0.206 0.000 0.000 0.000 0.000 0.000 0.000 0.000 0.000 0.000 0.000 0.000 0.000 0.000 0.000 0.000 0.000 0.000 0.000 0.000 0.000 0.000 0.000 0.317 0.587 0.701 0.706 0.686 0.728 0.901 1.178 1.508 1.708 1.770 1.821 1.903 2.004 2.044 2.113 2.169 1.966 1.692 1.409 1.063 0.750 0.490 0.282 0.000 0.000 0.000 0.000 0.000
0.000 0.350 0.490 0.509 0.543 0.535 0.501 0.379 0.261 0.000 0.000 0.000 0.000 0.000 0.000 0.000 0.226 0.250 0.251 0.243 0.225 0.202 0.000 0.000 0.000 0.000 0.000 0.000 0.000 0.000 0.000 0.000 0.000 0.000 0.000 0.000 0.000 0.000 0.000 0.000 0.000 0.000 0.000 0.000 0.000 0.000 0.000 0.203 0.502 0.843 0.922 0.901 0.855 0.898 1.226 1.753 2.266 2.494 2.552 2.477 2.416 2.364 2.350 2.428 2.535 2.444 2.188 1.915 1.557 1.184 0.863 0.606 0.388 0.258 0.000 0.000 0.000
0.000 0.249 0.434 0.453 0.483 0.486 0.481 0.398 0.316 0.279 0.242 0.221 0.210 0.210 0.219 0.233 0.248 0.269 0.294 0.311 0.324 0.321 0.307 0.254 0.000 0.000 0.000 0.000 0.000 0.000 0.000 0.000 0.000 0.000 0.000 0.000 0.000 0.000 0.000 0.000 0.000 0.000 0.000 0.000 0.000 0.000 0.000 0.344 0.768 1.081 1.098 1.047 0.989 1.163 1.771 2.438 2.986 3.216 3.332 3.303 3.173 3.088 3.006 2.952 3.008 2.933 2.670 2.357 1.964 1.546 1.194 0.925 0.709 0.523 0.390 0.340 0.364
0.000 0.000 0.380 0.407 0.431 0.437 0.475 0.406 0.347 0.360 0.345 0.335 0.339 0.340 0.343 0.350 0.351 0.356 0.367 0.377 0.378 0.370 0.370 0.383 0.362 0.249 0.000 0.000 0.000 0.000 0.000 0.000 0.000 0.000 0.000 0.000 0.000 0.000 0.000 0.000 0.000 0.000 0.000 0.000 0.000 0.000 0.219 0.599 1.073 1.223 1.192 1.107 1.130 1.617 2.390 3.036 3.336 3.447 3.510 3.595 3.626 3.599 3.625 3.543 3.550 3.431 3.126 2.783 2.368 1.905 1.491 1.156 0.874 0.665 0.546 0.497 0.408
0.000 0.000 0.327 0.391 0.401 0.413 0.459 0.426 0.369 0.386 0.382 0.379 0.381 0.371 0.367 0.363 0.354 0.348 0.343 0.340 0.356 0.380 0.384 0.373 0.393 0.426 0.341 0.000 0.000 0.000 0.000 0.000 0.000 0.000 0.000 0.000 0.000 0.000 0.000 0.000 0.000 0.000 0.000 0.000 0.000 0.000 0.442 0.942 1.279 1.289 1.226 1.172 1.480 2.211 2.948 3.249 3.286 3.316 3.411 3.538 3.714 3.903 4.043 4.076 4.125 3.967 3.590 3.202 2.760 2.168 1.595 1.174 0.924 0.732 0.596 0.396 0.000
0.000 0.000 0.259 0.382 0.397 0.416 0.464 0.446 0.395 0.388 0.369 0.357 0.351 0.339 0.336 0.333 0.325 0.318 0.317 0.325 0.342 0.362 0.373 0.377 0.349 0.352 0.413 0.387 0.238 0.000 0.000 0.000 0.000 0.000 0.000 0.000 0.000 0.000 0.000 0.000 0.000 0.000 0.000 0.000 0.000 0.344 0.820 1.253 1.343 1.304 1.219 1.373 2.005 2.689 3.086 3.097 2.950 2.962 3.084 3.374 3.680 4.054 4.467 4.620 4.776 4.650 4.198 3.707 3.065 2.357 1.676 1.176 0.867 0.672 0.407 0.000 0.000
0.000 0.000 0.000 0.361 0.418 0.448 0.520 0.526 0.494 0.475 0.423 0.367 0.332 0.320 0.324 0.326 0.329 0.347 0.348 0.347 0.356 0.382 0.423 0.444 0.412 0.350 0.319 0.362 0.382 0.256 0.000 0.000 0.000 0.000 0.000 0.000 0.000 0.000 0.000 0.000 0.000 0.000 0.000 0.000 0.256 0.703 1.216 1.375 1.351 1.258 1.327 1.855 2.446 2.785 2.815 2.529 2.294 2.267 2.291 2.684 3.218 3.835 4.548 5.085 5.412 5.464 4.981 4.324 3.463 2.525 1.738 1.235 0.898 0.535 0.000 0.000 0.000
0.000 0.000 0.000 0.322 0.439 0.480 0.558 0.625 0.649 0.654 0.618 0.547 0.467 0.427 0.436 0.451 0.468 0.507 0.513 0.515 0.516 0.511 0.524 0.568 0.580 0.498 0.396 0.314 0.329 0.371 0.280 0.000 0.000 0.000 0.000 0.000 0.000 0.000 0.000 0.000 0.000 0.000 0.000 0.000 0.550 1.082 1.386 1.371 1.288 1.284 1.683 2.318 2.579 2.605 2.447 2.052 1.778 1.692 1.596 1.828 2.450 3.194 4.198 5.108 5.808 6.198 5.931 5.176 4.023 2.749 1.888 1.400 0.969 0.370 0.000 0.000 0.000
0.000 0.000 0.000 0.247 0.376 0.470 0.558 0.649 0.709 0.762 0.753 0.722 0.642 0.576 0.590 0.616 0.640 0.670 0.677 0.692 0.739 0.780 0.795 0.781 0.769 0.740 0.626 0.446 0.310 0.307 0.358 0.311 0.000 0.000 0.000 0.000 0.000 0.000 0.000 0.000 0.000 0.000 0.000 0.450 0.888 1.280 1.357 1.273 1.202 1.498 2.146 2.529 2.509 2.407 2.136 1.701 1.486 1.343 1.154 1.141 1.487 2.202 3.314 4.692 5.760 6.649 6.809 6.326 4.944 3.379 2.414 1.797 1.143 0.383 0.000 0.000 0.000
0.000 0.000 0.000 0.000 0.268 0.351 0.424 0.518 0.642 0.758 0.772 0.771 0.748 0.706 0.701 0.696 0.698 0.707 0.716 0.752 0.874 1.032 1.169 1.300 1.262 1.140 0.954 0.740 0.478 0.309 0.280 0.348 0.347 0.260 0.000 0.000 0.000 0.000 0.000 0.000 0.000 0.000 0.418 0.719 1.094 1.283 1.244 1.152 1.316 1.906 2.452 2.518 2.375 2.228 1.966 1.566 1.333 1.164 0.901 0.715 0.860 1.198 1.995 3.466 5.086 6.529 7.294 7.314 6.305 4.498 3.319 2.473 1.589 0.695 0.000 0.000 0.000
0.000 0.000 0.000 0.000 0.000 0.225 0.265 0.298 0.392 0.567 0.733 0.781 0.783 0.770 0.748 0.717 0.704 0.700 0.718 0.797 1.008 1.290 1.530 1.748 1.892 1.825 1.632 1.271 0.897 0.520 0.297 0.265 0.343 0.387 0.334 0.246 0.000 0.000 0.000 0.000 0.238 0.457 0.652 0.872 1.102 1.155 1.133 1.170 1.645 2.304 2.556 2.412 2.231 2.166 1.912 1.562 1.293 1.117 0.787 0.476 0.466 0.661 0.998 1.934 3.552 5.466 7.164 7.944 7.696 6.240 4.630 3.607 2.529 1.486 0.711 0.361 0.210
0.000 0.000 0.000 0.000 0.000 0.000 0.000 0.000 0.211 0.322 0.569 0.776 0.799 0.805 0.782 0.738 0.707 0.710 0.773 0.932 1.211 1.541 1.788 1.992 2.152 2.279 2.219 1.983 1.539 1.038 0.588 0.325 0.267 0.347 0.415 0.426 0.376 0.345 0.338 0.411 0.556 0.679 0.789 0.869 1.006 1.053 1.068 1.343 2.030 2.471 2.491 2.282 2.179 2.188 1.974 1.667 1.385 1.170 0.882 0.505 0.254 0.335 0.581 0.992 2.028 3.697 5.798 7.454 8.483 7.952 6.724 5.301 4.240 3.256 2.303 1.739 1.349
0.000 0.000 0.000 0.000 0.000 0.000 0.000 0.000 0.000 0.204 0.412 0.717 0.823 0.839 0.825 0.783 0.758 0.807 0.961 1.169 1.516 1.851 2.055 2.104 2.159 2.230 2.379 2.373 2.142 1.706 1.163 0.691 0.388 0.287 0.342 0.438 0.496 0.543 0.604 0.661 0.728 0.781 0.743 0.769 0.936 0.967 1.106 1.694 2.330 2.512 2.401 2.241 2.216 2.233 2.099 1.857 1.599 1.318 0.955 0.589 0.277 0.000 0.252 0.551 1.121 2.240 3.949 5.975 7.409 8.612 8.550 7.750 6.479 5.304 4.443 3.800 3.467
0.000 0.000 0.000 0.000 0.000 0.000 0.000 0.000 0.000 0.000 0.352 0.687 0.875 0.897 0.890 0.874 0.919 1.083 1.247 1.528 1.889 2.178 2.251 2.224 2.235 2.226 2.265 2.424 2.436 2.213 1.820 1.311 0.845 0.504 0.347 0.341 0.436 0.532 0.616 0.656 0.666 0.615 0.576 0.721 0.887 0.936 1.291 2.113 2.503 2.521 2.345 2.233 2.225 2.206 2.053 1.831 1.583 1.295 0.969 0.620 0.328 0.000 0.000 0.224 0.604 1.293 2.471 4.184 5.903 7.250 8.111 8.904 8.891 8.551 7.516 6.727 6.146
0.000 0.000 0.000 0.000 0.000 0.000 0.000 0.000 0.000 0.000 0.342 0.704 0.971 0.988 0.999 1.087 1.297 1.463 1.674 1.970 2.241 2.314 2.330 2.358 2.360 2.351 2.267 2.293 2.456 2.433 2.222 1.921 1.461 1.023 0.681 0.472 0.406 0.417 0.448 0.452 0.448 0.453 0.519 0.759 0.858 1.010 1.679 2.425 2.590 2.457 2.261 2.129 1.960 1.782 1.621 1.469 1.241 0.967 0.727 0.522 0.307 0.000 0.000 0.000 0.301 0.731 1.458 2.661 4.102 5.549 6.822 7.888 8.678 9.402 9.844 9.927 9.974
0.000 0.000 0.000 0.000 0.000 0.000 0.000 0.000 0.000 0.000 0.421 0.833 1.089 1.124 1.276 1.566 1.784 1.921 2.093 2.333 2.440 2.350 2.348 2.412 2.421 2.380 2.328 2.201 2.254 2.400 2.397 2.253 2.028 1.694 1.348 1.052 0.817 0.575 0.336 0.303 0.342 0.404 0.597 0.819 0.912 1.252 2.168 2.705 2.642 2.444 2.198 1.883 1.561 1.249 1.001 0.790 0.635 0.514 0.455 0.394 0.289 0.000 0.000 0.000 0.234 0.452 0.839 1.651 2.707 3.877 4.911 5.864 7.016 8.099 8.989 9.802 10.190
0.000 0.000 0.000 0.000 0.000 0.000 0.000 0.000 0.000 0.300 0.637 1.015 1.257 1.494 1.853 2.128 2.244 2.250 2.346 2.474 2.523 2.459 2.423 2.451 2.475 2.423 2.366 2.231 2.107 2.208 2.380 2.407 2.323 2.179 1.940 1.572 1.061 0.615 0.341 0.339 0.387 0.530 0.799 0.900 1.035 1.651 2.591 2.835 2.667 2.374 1.909 1.384 0.964 0.693 0.518 0.398 0.302 0.214 0.000 0.201 0.209 0.000 0.000 0.000 0.000 0.349 0.539 0.929 1.762 2.792 3.840 4.318 4.780 5.543 6.468 7.345 8.050
0.000 0.000 0.000 0.000 0.000 0.000 0.000 0.000 0.226 0.495 0.883 1.347 1.787 2.218 2.497 2.614 2.485 2.359 2.365 2.494 2.584 2.524 2.464 2.431 2.476 2.473 2.412 2.312 2.087 2.009 2.219 2.443 2.417 2.333 2.164 1.742 1.079 0.549 0.440 0.465 0.569 0.857 1.016 1.058 1.344 2.163 2.928 2.939 2.654 2.105 1.357 0.753 0.472 0.347 0.276 0.224 0.000 0.000 0.000 0.000 0.000 0.000 0.000 0.000 0.000 0.218 0.341 0.546 1.005 1.749 2.656 3.459 3.879 4.050 4.247 4.665 5.208
0.000 0.000 0.000 0.000 0.000 0.000 0.000 0.000 0.395 0.849 1.542 2.174 2.643 2.935 2.926 2.733 2.454 2.195 2.236 2.417 2.534 2.480 2.398 2.297 2.308 2.368 2.346 2.307 2.077 1.866 2.125 2.549 2.623 2.571 2.382 1.783 1.064 0.849 0.869 0.938 1.161 1.328 1.281 1.338 1.786 2.675 3.147 3.042 2.632 1.730 0.803 0.342 0.232 0.000 0.000 0.000 0.000 0.000 0.000 0.000 0.000 0.000 0.000 0.000 0.000 0.000 0.000 0.220 0.367 0.721 1.311 1.930 2.573 2.933 2.987 2.959 2.755
0.000 0.000 0.000 0.000 0.000 0.000 0.000 0.430 1.068 1.881 2.606 3.089 3.208 3.099 2.857 2.528 2.155 1.975 1.980 2.132 2.368 2.414 2.326 2.202 2.121 2.177 2.210 2.219 2.039 1.888 2.319 2.744 2.934 3.020 2.686 2.065 1.788 1.683 1.636 1.724 1.744 1.586 1.477 1.586 2.161 2.977 3.263 3.030 2.459 1.441 0.508 0.000 0.000 0.000 0.000 0.000 0.000 0.000 0.000 0.000 0.000 0.000 0.000 0.000 0.000 0.000 0.000 0.000 0.000 0.000 0.000 0.446 0.851 1.212 1.272 1.279 1.156
0.000 0.000 0.000 0.000 0.000 0.339 0.811 1.546 2.282 2.922 3.243 3.251 3.042 2.827 2.509 2.093 1.774 1.600 1.514 1.624 1.897 2.126 2.129 2.093 1.965 1.969 2.104 2.171 2.095 2.173 2.679 3.034 3.405 3.411 3.014 2.722 2.572 2.445 2.419 2.172 1.872 1.740 1.715 1.934 2.587 3.270 3.299 2.939 2.379 1.344 0.383 0.000 0.000 0.000 0.000 0.000 0.000 0.000 0.000 0.000 0.000 0.000 0.000 0.000 0.000 0.000 0.000 0.000 0.000 0.000 0.000 0.000 0.000 0.000 0.000 0.000 0.000
0.000 0.000 0.213 0.418 0.904 1.470 2.052 2.586 3.014 3.278 3.224 2.902 2.505 2.076 1.632 1.261 1.036 0.911 0.871 0.965 1.275 1.589 1.665 1.706 1.699 1.765 2.067 2.235 2.302 2.588 3.091 3.529 3.766 3.629 3.269 3.123 3.076 3.077 2.703 2.080 1.776 1.781 1.823 2.022 2.509 3.082 3.196 2.919 2.374 1.249 0.282 0.000 0.000 0.000 0.000 0.000 0.000 0.000 0.000 0.000 0.000 0.000 0.000 0.000 0.000 0.000 0.000 0.000 0.000 0.000 0.000 0.000 0.000 0.000 0.000 0.000 0.000
0.395 0.736 1.236 1.710 2.096 2.369 2.673 2.972 3.129 2.861 2.349 1.765 1.269 0.924 0.672 0.509 0.418 0.369 0.389 0.474 0.756 1.128 1.257 1.358 1.438 1.598 2.020 2.239 2.403 2.898 3.591 3.932 3.910 3.686 3.397 3.150 3.142 2.899 2.340 1.681 1.445 1.482 1.539 1.675 2.130 2.829 3.172 2.913 2.239 0.932 0.000 0.000 0.000 0.000 0.000 0.000 0.000 0.000 0.000 0.000 0.000 0.000 0.000 0.000 0.000 0.000 0.000 0.000 0.000 0.000 0.000 0.000 0.000 0.000 0.000 0.000 0.000
1.820 2.162 2.382 2.485 2.535 2.634 2.604 2.520 2.141 1.686 1.113 0.676 0.460 0.345 0.272 0.230 0.208 0.000 0.202 0.239 0.404 0.721 0.903 1.066 1.157 1.328 1.823 2.076 2.312 2.988 3.937 4.123 4.045 3.792 3.379 2.965 2.865 2.458 1.813 1.295 1.097 1.251 1.430 1.655 2.175 2.952 3.160 2.759 1.681 0.427 0.000 0.000 0.000 0.000 0.000 0.000 0.000 0.000 0.000 0.000 0.000 0.000 0.000 0.000 0.000 0.000 0.000 0.000 0.000 0.000 0.000 0.000 0.000 0.000 0.000 0.000 0.000
2.682 2.700 2.649 2.381 2.125 1.900 1.764 1.551 1.262 0.802 0.413 0.263 0.231 0.000 0.000 0.000 0.205 0.000 0.000 0.000 0.213 0.405 0.581 0.740 0.818 1.113 1.627 1.946 2.316 3.201 4.326 4.652 4.454 3.952 3.219 2.574 2.402 2.046 1.552 1.045 0.934 1.118 1.325 1.631 2.261 2.906 2.880 2.237 0.978 0.000 0.000 0.000 0.000 0.000 0.000 0.000 0.000 0.000 0.000 0.000 0.000 0.000 0.000 0.000 0.000 0.000 0.000 0.000 0.000 0.000 0.000 0.000 0.000 0.000 0.000 0.000 0.000
2.440 2.006 1.597 1.370 1.284 1.276 1.166 0.950 0.615 0.283 0.000 0.000 0.000 0.000 0.000 0.221 0.244 0.214 0.000 0.000 0.000 0.212 0.359 0.499 0.640 0.980 1.484 1.924 2.656 3.997 5.167 5.144 4.524 3.571 2.727 2.097 1.909 1.829 1.405 0.979 0.884 0.981 1.174 1.628 2.364 2.673 2.304 1.344 0.316 0.000 0.000 0.000 0.000 0.000 0.000 0.000 0.000 0.000 0.000 0.000 0.000 0.000 0.000 0.000 0.000 0.000 0.000 0.000 0.000 0.000 0.000 0.000 0.000 0.000 0.000 0.000 0.000
1.134 0.997 0.974 0.958 0.970 0.883 0.716 0.435 0.000 0.000 0.000 0.000 0.000 0.000 0.204 0.289 0.283 0.233 0.000 0.000 0.000 0.244 0.370 0.513 0.690 0.997 1.536 2.596 4.203 5.180 5.123 4.715 3.942 3.034 2.184 1.543 1.640 1.628 1.313 1.013 0.944 0.995 1.349 2.091 2.439 2.225 1.506 0.431 0.000 0.000 0.000 0.000 0.000 0.000 0.000 0.000 0.000 0.000 0.000 0.000 0.000 0.000 0.000 0.000 0.000 0.000 0.000 0.000 0.000 0.000 0.000 0.000 0.000 0.000 0.000 0.000 0.000
