tests/test_04/output4/CloudConcentration_120.00hrs.dat
NCOLS   360
NROWS    60
XLLCORNER           0.000
YLLCORNER           0.000
CELLSIZE           1.000          1.000
NODATA_VALUE  0.000
[rows 0 to 33 of 60, columns 231 to 307 of 360]
0.000 0.000 0.000 0.000 0.000 0.000 0.000 0.000 0.000 0.000 0.000 0.000 0.000 0.000 0.000 0.000 0.000 0.000 0.000 0.000 0.000 0.000 0.000 0.000 0.000 0.000 0.000 0.000 0.000 0.000 0.000 0.000 0.000 0.000 0.000 0.000 0.000 0.000 0.000 0.000 0.000 0.000 0.000 0.000 0.000 0.000 0.000 0.000 0.000 0.000 0.000 0.000 0.000 0.000 0.000 0.000 0.000 0.000 0.000 0.000 0.000 0.000 0.000 0.000 0.000 0.000 0.000 0.000 0.000 0.000 0.000 0.000 0.000 0.000 0.000 0.000 0.000
0.000 0.000 0.000 0.000 0.000 0.000 0.000 0.000 0.000 0.000 0.000 0.000 0.000 0.000 0.000 0.000 0.000 0.000 0.000 0.000 0.000 0.000 0.000 0.000 0.000 0.000 0.000 0.000 0.000 0.000 0.000 0.000 0.000 0.000 0.000 0.000 0.000 0.000 0.000 0.000 0.000 0.000 0.000 0.000 0.000 0.000 0.000 0.000 0.000 0.000 0.000 0.000 0.000 0.000 0.000 0.000 0.000 0.000 0.000 0.000 0.000 0.000 0.000 0.000 0.000 0.000 0.000 0.000 0.000 0.000 0.000 0.000 0.000 0.000 0.000 0.000 0.000
0.000 0.000 0.000 0.000 0.000 0.000 0.000 0.000 0.000 0.000 0.000 0.000 0.000 0.000 0.000 0.000 0.000 0.000 0.000 0.000 0.000 0.000 0.000 0.000 0.000 0.000 0.000 0.000 0.000 0.000 0.000 0.000 0.000 0.000 0.000 0.000 0.000 0.000 0.000 0.000 0.000 0.000 0.000 0.000 0.000 0.000 0.000 0.000 0.000 0.000 0.000 0.000 0.000 0.000 0.000 0.000 0.000 0.000 0.000 0.000 0.000 0.000 0.000 0.000 0.000 0.000 0.000 0.000 0.000 0.000 0.000 0.000 0.000 0.000 0.000 0.000 0.000
0.000 0.000 0.000 0.000 0.000 0.000 0.000 0.000 0.000 0.000 0.000 0.000 0.000 0.000 0.000 0.000 0.000 0.000 0.000 0.000 0.000 0.000 0.000 0.000 0.000 0.000 0.000 0.000 0.000 0.000 0.000 0.092 0.121 0.138 0.141 0.139 0.100 0.000 0.000 0.000 0.000 0.000 0.000 0.000 0.000 0.000 0.000 0.000 0.000 0.000 0.000 0.000 0.000 0.000 0.000 0.000 0.000 0.000 0.000 0.000 0.000 0.000 0.000 0.000 0.000 0.000 0.000 0.000 0.000 0.000 0.000 0.000 0.000 0.000 0.000 0.057 0.332
0.000 0.000 0.000 0.000 0.000 0.000 0.000 0.000 0.000 0.000 0.000 0.000 0.000 0.000 0.000 0.120 0.169 0.209 0.239 0.237 0.212 0.148 0.000 0.000 0.000 0.000 0.072 0.197 0.345 0.518 0.709 0.899 1.069 1.153 1.179 1.174 0.939 0.655 0.430 0.196 0.000 0.000 0.000 0.000 0.000 0.000 0.000 0.000 0.000 0.000 0.000 0.000 0.000 0.000 0.000 0.000 0.000 0.000 0.000 0.000 0.000 0.000 0.000 0.000 0.000 0.000 0.000 0.000 0.000 0.000 0.000 0.000 0.000 0.000 0.052 0.376 1.068
0.000 0.000 0.000 0.000 0.000 0.000 0.000 0.000 0.000 0.000 0.000 0.000 0.119 0.443 0.738 0.925 0.844 0.537 0.478 0.524 0.543 0.554 0.570 0.587 0.642 0.906 1.391 1.416 1.348 1.562 1.747 1.922 2.045 2.091 2.105 2.084 2.026 1.780 1.425 1.054 0.662 0.293 0.091 0.000 0.000 0.000 0.000 0.000 0.000 0.000 0.000 0.000 0.000 0.000 0.000 0.000 0.000 0.000 0.000 0.000 0.000 0.000 0.000 0.000 0.000 0.000 0.000 0.000 0.000 0.000 0.000 0.000 0.000 0.000 0.302 0.941 1.667
0.000 0.000 0.000 0.000 0.000 0.000 0.000 0.000 0.000 0.000 0.486 1.317 2.242 3.172 3.724 4.009 3.984 3.777 2.968 1.185 0.998 1.109 1.290 2.098 2.776 5.159 8.096 9.932 9.811 9.341 8.243 6.599 4.824 3.127 2.651 2.480 2.233 1.947 1.615 1.254 1.026 0.769 0.464 0.238 0.138 0.000 0.000 0.000 0.000 0.000 0.000 0.000 0.000 0.000 0.000 0.000 0.000 0.000 0.000 0.000 0.000 0.000 0.000 0.000 0.000 0.000 0.000 0.000 0.000 0.000 0.000 0.000 0.000 0.089 0.551 1.189 1.856
0.000 0.000 0.000 0.000 0.000 0.000 0.000 0.000 0.265 1.311 2.676 4.111 4.988 5.610 5.811 5.840 6.032 6.591 8.029 8.305 6.485 3.477 2.666 3.315 5.820 10.035 14.473 16.605 16.604 16.353 15.248 12.296 8.929 5.632 3.601 3.393 3.371 3.371 3.296 3.079 2.727 2.361 1.808 1.250 0.769 0.405 0.149 0.000 0.000 0.000 0.000 0.000 0.000 0.000 0.000 0.000 0.000 0.000 0.000 0.000 0.000 0.000 0.000 0.000 0.000 0.000 0.000 0.000 0.000 0.000 0.000 0.000 0.000 0.232 0.556 1.166 1.860
0.000 0.000 0.000 0.000 0.000 0.000 0.000 1.960 7.614 11.861 12.790 12.144 8.631 6.159 6.053 5.943 6.245 7.177 10.104 16.123 17.252 15.682 11.983 7.584 9.548 14.108 17.565 17.871 17.807 17.317 15.216 10.615 6.022 4.684 4.598 4.534 4.521 4.600 4.906 5.054 5.011 4.871 4.529 3.684 2.701 1.764 0.946 0.358 0.000 0.000 0.000 0.000 0.000 0.000 0.000 0.000 0.000 0.000 0.000 0.000 0.000 0.000 0.000 0.000 0.000 0.000 0.000 0.000 0.000 0.000 0.000 0.000 0.000 0.254 0.515 0.741 1.154
0.000 0.000 0.000 0.000 0.000 0.000 1.589 9.680 18.847 23.971 24.954 23.525 16.802 10.091 3.679 3.233 3.710 5.743 10.304 18.926 25.903 25.587 23.982 19.092 11.869 15.503 17.571 17.537 16.973 14.506 9.053 4.484 4.393 4.322 4.309 4.321 4.378 4.597 4.962 5.304 5.453 5.443 5.394 5.224 4.654 3.634 2.605 1.581 0.686 0.104 0.000 0.000 0.000 0.000 0.000 0.000 0.000 0.000 0.000 0.000 0.000 0.000 0.000 0.000 0.000 0.000 0.000 0.000 0.000 0.000 0.000 0.000 0.000 0.114 0.190 0.313 0.504
0.000 0.000 0.000 0.000 0.000 0.662 6.254 13.649 21.813 26.475 27.257 24.946 17.494 10.031 3.175 0.715 0.968 2.599 8.581 19.589 28.441 28.781 27.575 22.817 13.469 13.525 13.676 13.413 11.747 6.770 2.805 2.233 1.830 1.570 1.648 1.874 2.261 2.801 3.516 4.210 4.759 5.106 5.105 5.023 4.656 3.758 2.815 1.896 1.017 0.231 0.000 0.000 0.000 0.000 0.000 0.000 0.000 0.000 0.000 0.000 0.000 0.000 0.000 0.000 0.000 0.000 0.000 0.000 0.000 0.000 0.000 0.000 0.000 0.000 0.000 0.000 0.089
0.000 0.000 0.000 0.424 2.226 3.390 8.005 13.455 17.567 18.162 17.593 13.660 8.609 3.365 0.741 0.122 0.207 0.829 4.641 16.834 28.299 29.397 27.788 20.094 7.896 8.376 8.941 8.447 5.811 1.775 0.505 0.164 0.122 0.344 0.656 0.940 1.111 1.133 1.159 1.463 2.235 2.901 3.364 3.422 3.346 2.907 2.193 1.483 0.776 0.246 0.125 0.000 0.000 0.000 0.000 0.000 0.000 0.000 0.000 0.000 0.000 0.000 0.000 0.000 0.000 0.000 0.000 0.000 0.000 0.000 0.000 0.000 0.000 0.000 0.000 0.000 0.000
0.000 0.000 0.000 1.017 5.083 7.498 7.348 7.611 5.992 4.824 3.926 2.731 1.496 0.439 0.087 0.000 0.000 0.298 1.582 7.994 17.419 20.946 18.502 8.633 3.620 6.356 6.640 5.678 2.636 0.206 0.099 0.112 0.126 0.336 0.703 1.045 1.087 1.069 1.042 0.971 0.907 0.840 0.765 0.797 0.827 0.789 0.620 0.402 0.294 0.203 0.116 0.000 0.000 0.000 0.000 0.000 0.000 0.000 0.000 0.000 0.000 0.000 0.000 0.000 0.000 0.000 0.000 0.000 0.000 0.000 0.000 0.000 0.000 0.000 0.000 0.000 0.000
0.000 0.000 0.000 0.922 5.824 9.269 9.356 4.230 1.356 0.846 0.634 0.405 0.181 0.000 0.000 0.000 0.000 0.216 0.618 2.570 6.113 8.220 6.168 1.401 3.378 5.962 5.763 3.540 0.659 0.130 0.141 0.144 0.367 0.676 0.920 0.998 0.954 0.865 0.756 0.628 0.532 0.442 0.371 0.320 0.282 0.252 0.225 0.199 0.172 0.138 0.098 0.059 0.000 0.000 0.000 0.000 0.000 0.000 0.000 0.000 0.000 0.000 0.000 0.000 0.000 0.000 0.000 0.000 0.000 0.000 0.000 0.000 0.000 0.000 0.000 0.000 0.000
0.000 0.000 0.000 0.468 5.052 9.343 9.551 4.298 0.636 0.136 0.000 0.000 0.000 0.000 0.000 0.000 0.000 0.345 0.374 0.817 1.827 2.331 1.366 0.993 4.010 5.921 4.676 1.236 0.119 0.119 0.111 0.223 0.422 0.512 0.536 0.527 0.413 0.305 0.254 0.266 0.271 0.252 0.188 0.124 0.105 0.102 0.075 0.050 0.053 0.059 0.063 0.057 0.000 0.000 0.000 0.000 0.000 0.000 0.000 0.000 0.000 0.000 0.000 0.000 0.000 0.000 0.000 0.000 0.000 0.000 0.000 0.000 0.000 0.000 0.000 0.000 0.000
0.000 0.000 0.000 0.330 3.434 5.945 5.563 1.555 0.170 0.000 0.000 0.000 0.000 0.000 0.000 0.168 0.472 0.418 0.173 0.330 0.477 0.572 0.236 1.155 4.746 5.623 3.116 0.232 0.000 0.072 0.191 0.218 0.283 0.351 0.401 0.423 0.425 0.420 0.385 0.340 0.319 0.325 0.311 0.290 0.277 0.264 0.253 0.214 0.145 0.074 0.061 0.046 0.036 0.000 0.000 0.000 0.000 0.000 0.000 0.000 0.000 0.000 0.000 0.000 0.000 0.000 0.000 0.000 0.000 0.000 0.000 0.000 0.000 0.000 0.000 0.000 0.000
0.000 0.000 0.000 0.284 1.511 1.999 1.376 0.285 0.000 0.000 0.000 0.000 0.000 0.209 1.063 1.200 0.523 0.353 0.495 0.491 0.359 0.250 0.182 1.188 5.036 5.228 1.802 0.205 0.156 0.385 0.579 0.689 0.719 0.704 0.680 0.651 0.624 0.596 0.562 0.545 0.552 0.548 0.557 0.579 0.575 0.571 0.581 0.592 0.595 0.590 0.539 0.402 0.256 0.139 0.067 0.000 0.000 0.000 0.000 0.000 0.000 0.000 0.000 0.000 0.000 0.000 0.000 0.000 0.000 0.000 0.000 0.000 0.000 0.000 0.000 0.000 0.000
0.000 0.000 0.000 0.177 0.415 0.437 0.213 0.000 0.000 0.000 0.000 0.000 0.875 6.475 4.951 0.475 0.288 0.418 0.412 0.332 0.279 0.251 0.198 1.284 5.107 4.730 1.123 0.386 0.495 0.826 0.927 0.922 0.855 0.776 0.719 0.690 0.680 0.677 1.078 1.683 2.104 2.229 2.252 2.302 2.113 1.909 1.784 1.468 1.004 0.520 0.565 0.617 0.625 0.592 0.476 0.298 0.148 0.000 0.000 0.000 0.000 0.000 0.000 0.000 0.000 0.000 0.000 0.000 0.000 0.000 0.000 0.000 0.000 0.000 0.000 0.000 0.000
0.000 0.000 0.000 0.000 0.000 0.000 0.000 0.000 0.000 0.000 0.000 0.154 4.853 16.118 7.149 0.221 0.000 0.000 0.000 0.000 0.124 0.169 0.198 1.020 4.653 4.579 1.251 0.431 0.626 1.046 1.047 0.951 0.840 0.806 1.099 2.068 3.184 3.829 3.871 3.756 3.462 3.039 2.769 2.623 2.486 2.466 2.505 2.561 2.548 2.377 1.887 1.063 0.413 0.469 0.529 0.531 0.489 0.331 0.170 0.000 0.000 0.000 0.000 0.000 0.000 0.000 0.000 0.000 0.000 0.000 0.000 0.000 0.000 0.000 0.000 0.000 0.000
0.000 0.000 0.000 0.000 0.000 0.000 0.000 0.000 0.000 0.000 0.000 0.251 5.193 9.923 4.850 0.822 0.000 0.000 0.000 0.000 0.000 0.000 0.132 0.678 3.906 4.468 1.635 0.303 0.531 1.154 1.192 1.948 2.930 4.028 5.196 5.644 5.628 4.615 3.238 2.119 1.447 1.039 0.927 0.913 0.975 1.091 1.194 1.420 1.733 2.157 2.564 2.692 2.458 1.496 0.463 0.471 0.516 0.521 0.479 0.326 0.165 0.000 0.000 0.000 0.000 0.000 0.000 0.000 0.000 0.000 0.000 0.000 0.000 0.000 0.000 0.000 0.000
0.000 0.000 0.000 0.000 0.000 0.000 0.000 0.000 0.000 0.000 0.000 0.000 1.162 2.657 2.401 1.149 0.308 0.000 0.000 0.000 0.000 0.000 0.000 0.260 2.469 4.310 2.771 0.314 0.546 0.960 2.230 4.380 6.134 6.724 6.803 5.486 3.510 1.518 0.898 0.786 0.854 0.852 0.844 0.885 0.903 0.825 0.905 0.912 0.889 0.965 1.143 1.664 2.485 2.768 2.523 1.543 0.495 0.485 0.517 0.514 0.457 0.291 0.140 0.000 0.000 0.000 0.000 0.000 0.000 0.000 0.000 0.000 0.000 0.000 0.000 0.000 0.000
0.000 0.000 0.000 0.000 0.000 0.000 0.000 0.000 0.000 0.000 0.000 0.000 0.186 0.673 0.856 0.827 0.452 0.106 0.000 0.000 0.000 0.000 0.000 0.077 1.015 3.798 3.900 1.674 0.205 0.695 1.136 4.399 6.524 6.852 6.558 4.292 1.545 0.951 0.875 0.919 0.903 0.820 0.741 0.763 0.891 0.948 0.905 0.854 1.084 1.020 0.855 0.884 0.981 1.440 2.632 2.926 2.599 1.490 0.468 0.498 0.524 0.513 0.442 0.273 0.133 0.000 0.000 0.000 0.000 0.000 0.000 0.000 0.000 0.000 0.000 0.000 0.000
0.000 0.000 0.000 0.000 0.000 0.000 0.000 0.000 0.000 0.000 0.000 0.000 0.000 0.176 0.399 0.449 0.392 0.200 0.000 0.000 0.000 0.000 0.000 0.000 0.297 2.339 4.367 3.790 1.206 0.259 0.812 1.952 5.508 7.072 6.652 3.540 1.433 0.794 1.011 0.994 0.837 0.441 0.304 0.447 0.730 0.812 0.845 0.846 0.791 1.070 1.035 0.836 0.842 0.855 0.954 1.552 2.558 2.675 2.177 1.033 0.476 0.509 0.538 0.519 0.424 0.247 0.103 0.000 0.000 0.000 0.000 0.000 0.000 0.000 0.000 0.000 0.000
0.000 0.000 0.000 0.000 0.000 0.000 0.000 0.000 0.000 0.000 0.000 0.000 0.000 0.000 0.212 0.316 0.306 0.215 0.000 0.000 0.000 0.000 0.000 0.000 0.084 0.506 2.981 4.714 3.956 1.440 0.263 0.976 1.705 4.579 5.777 5.245 3.282 1.221 1.096 1.123 0.845 0.289 0.182 0.597 0.916 0.922 0.888 0.801 0.748 0.757 0.987 0.890 0.842 0.824 0.806 0.850 1.202 2.132 2.595 2.392 1.450 0.428 0.486 0.530 0.546 0.502 0.341 0.149 0.000 0.000 0.000 0.000 0.000 0.000 0.000 0.000 0.000
0.000 0.000 0.000 0.000 0.000 0.000 0.000 0.000 0.000 0.000 0.000 0.000 0.000 0.000 0.130 0.250 0.249 0.204 0.000 0.000 0.000 0.000 0.000 0.000 0.000 0.145 0.551 2.917 4.726 4.333 2.526 0.684 1.297 2.131 2.180 2.360 2.408 2.282 2.413 2.481 2.044 0.973 0.404 0.867 1.036 1.023 0.945 0.786 0.593 0.547 0.774 0.807 0.826 0.857 0.826 0.776 0.799 1.058 1.886 2.589 2.513 1.745 0.610 0.447 0.520 0.566 0.536 0.387 0.166 0.000 0.000 0.000 0.000 0.000 0.000 0.000 0.000
0.000 0.000 0.000 0.000 0.000 0.000 0.000 0.000 0.000 0.000 0.000 0.000 0.000 0.000 0.000 0.205 0.217 0.189 0.000 0.000 0.000 0.000 0.000 0.000 0.000 0.114 0.144 0.430 2.344 4.774 5.106 4.218 2.565 1.628 2.586 3.363 3.937 4.217 4.218 3.948 2.882 1.385 0.901 1.181 1.170 1.091 0.903 0.653 0.415 0.397 0.639 0.645 0.509 0.725 0.775 0.740 0.670 0.689 0.944 1.804 2.547 2.498 1.783 0.600 0.421 0.530 0.591 0.563 0.384 0.126 0.000 0.000 0.000 0.000 0.000 0.000 0.061
0.000 0.000 0.000 0.000 0.000 0.000 0.000 0.000 0.000 0.000 0.000 0.000 0.000 0.000 0.000 0.188 0.204 0.175 0.000 0.000 0.000 0.000 0.000 0.000 0.000 0.000 0.142 0.115 0.184 0.871 2.789 4.221 4.373 4.180 3.476 2.946 3.949 4.332 4.306 4.008 2.908 1.830 1.684 1.456 1.209 0.960 0.664 0.427 0.233 0.418 0.565 0.527 0.302 0.427 0.661 0.682 0.624 0.565 0.602 0.932 1.916 2.628 2.507 1.668 0.461 0.441 0.578 0.591 0.526 0.275 0.076 0.040 0.062 0.112 0.209 0.351 0.535
0.000 0.000 0.000 0.000 0.000 0.000 0.000 0.000 0.000 0.000 0.000 0.000 0.000 0.000 0.000 0.184 0.190 0.135 0.000 0.000 0.000 0.000 0.000 0.000 0.000 0.000 0.000 0.119 0.000 0.000 0.121 0.432 1.048 1.972 2.839 3.194 3.399 3.519 3.480 3.277 3.061 2.873 2.700 2.486 2.238 1.896 1.341 0.658 0.223 0.421 0.464 0.381 0.123 0.163 0.370 0.548 0.546 0.482 0.461 0.544 1.113 2.266 2.700 2.473 1.393 0.552 0.520 0.611 0.588 0.407 0.245 0.327 0.446 0.584 0.710 0.767 0.786
0.000 0.000 0.000 0.000 0.000 0.000 0.000 0.000 0.000 0.000 0.000 0.000 0.000 0.000 0.112 0.200 0.175 0.000 0.000 0.000 0.000 0.000 0.000 0.000 0.000 0.000 0.000 0.000 0.000 0.000 0.000 0.157 0.238 0.221 0.186 0.349 0.547 0.781 1.030 1.289 1.510 1.719 1.944 2.132 2.224 2.176 1.877 1.340 0.670 0.372 0.362 0.200 0.000 0.000 0.179 0.361 0.410 0.386 0.345 0.359 0.594 1.586 2.576 2.625 2.220 0.962 0.655 0.624 0.621 0.619 0.647 0.688 0.721 0.723 0.714 0.671 0.817
0.000 0.000 0.000 0.000 0.000 0.000 0.000 0.000 0.000 0.000 0.000 0.000 0.000 0.000 0.156 0.207 0.131 0.000 0.000 0.000 0.000 0.000 0.000 0.000 0.000 0.000 0.000 0.000 0.000 0.000 0.000 0.063 0.197 0.244 0.216 0.153 0.100 0.037 0.039 0.054 0.179 0.274 0.241 0.301 0.626 1.203 1.622 1.593 1.250 0.542 0.248 0.072 0.000 0.000 0.000 0.214 0.294 0.287 0.253 0.248 0.333 0.935 2.161 2.548 2.451 1.738 0.612 0.643 0.656 0.660 0.661 0.656 0.616 0.514 0.375 0.899 1.337
0.000 0.000 0.000 0.000 0.000 0.000 0.000 0.000 0.000 0.000 0.000 0.000 0.000 0.000 0.207 0.203 0.000 0.000 0.000 0.000 0.000 0.000 0.000 0.000 0.000 0.000 0.000 0.000 0.000 0.000 0.000 0.000 0.080 0.201 0.269 0.259 0.207 0.174 0.193 0.274 0.307 0.274 0.130 0.000 0.061 0.166 0.544 0.938 0.960 0.807 0.340 0.000 0.000 0.000 0.000 0.123 0.196 0.198 0.177 0.167 0.201 0.497 1.471 2.295 2.290 1.921 0.927 0.627 0.729 0.708 0.552 0.343 0.341 0.482 0.962 1.291 1.273
0.000 0.000 0.000 0.000 0.000 0.000 0.000 0.000 0.000 0.000 0.000 0.000 0.000 0.119 0.236 0.149 0.000 0.000 0.000 0.000 0.000 0.000 0.000 0.000 0.000 0.000 0.000 0.000 0.000 0.000 0.000 0.000 0.000 0.097 0.201 0.280 0.330 0.367 0.376 0.366 0.305 0.135 0.000 0.000 0.000 0.073 0.124 0.433 0.647 0.617 0.395 0.084 0.000 0.000 0.000 0.000 0.123 0.127 0.114 0.107 0.123 0.260 0.833 1.557 1.692 1.569 0.947 0.617 0.806 0.818 0.760 0.713 0.784 1.077 1.276 1.255 1.025
0.000 0.000 0.000 0.000 0.000 0.000 0.000 0.000 0.000 0.000 0.000 0.000 0.000 0.217 0.247 0.000 0.000 0.000 0.000 0.000 0.000 0.000 0.000 0.000 0.000 0.000 0.000 0.000 0.000 0.000 0.000 0.000 0.000 0.000 0.000 0.158 0.253 0.273 0.254 0.179 0.081 0.000 0.000 0.000 0.000 0.000 0.000 0.135 0.347 0.387 0.326 0.128 0.000 0.000 0.000 0.000 0.000 0.000 0.000 0.000 0.074 0.123 0.321 0.587 0.749 0.737 0.598 0.628 0.802 0.915 0.970 1.070 1.222 1.278 1.250 1.039 0.436
0.000 0.000 0.000 0.000 0.000 0.000 0.000 0.000 0.000 0.000 0.000 0.000 0.101 0.312 0.237 0.000 0.000 0.000 0.000 0.000 0.000 0.000 0.000 0.000 0.000 0.000 0.000 0.000 0.000 0.000 0.000 0.000 0.000 0.000 0.000 0.000 0.000 0.000 0.000 0.000 0.000 0.000 0.000 0.000 0.000 0.000 0.000 0.000 0.137 0.220 0.208 0.117 0.000 0.000 0.000 0.000 0.000 0.000 0.000 0.000 0.000 0.078 0.079 0.181 0.312 0.432 0.559 0.703 0.855 1.009 1.142 1.248 1.254 1.221 0.995 0.423 0.070
