tests/test_04/output4/CloudConcentration_240.00hrs.dat
NCOLS   360
NROWS    60
XLLCORNER           0.000
YLLCORNER           0.000
CELLSIZE           1.000          1.000
NODATA_VALUE -9999.
[rows 0 to 27 of 60, columns 252 to 314 of 360]
0.393943 0.394061 0.388920 0.374494 0.343749 0.313116 0.272799 0.226828 0.171278 0.133629 0.130038 0.128146 0.126651 0.125452 0.122378 0.114453 0.108967 0.103155 0.070273 0.076835 0.183562 0.238165 0.202354 0.000000 0.000000 0.000000 0.000000 0.000000 0.000000 0.000000 0.000000 0.000000 0.000000 0.000000 0.000000 0.000000 0.000000 0.000000 0.000000 0.000000 0.000000 0.000000 0.000000 0.000000 0.000000 0.000000 0.000000 0.000000 0.000000 0.000000 0.000000 0.000000 0.000000 0.000000 0.000000 0.000000 0.000000 0.000000 0.000000 0.000000 0.000000 0.000000 0.049151
0.822382 0.754124 0.690082 0.635162 0.591833 0.557519 0.529785 0.498172 0.458290 0.411877 0.358809 0.275678 0.178736 0.128498 0.127310 0.124457 0.113284 0.087199 0.113272 0.107710 0.111436 0.189280 0.175244 0.071893 0.000000 0.000000 0.000000 0.000000 0.000000 0.000000 0.000000 0.000000 0.000000 0.000000 0.000000 0.000000 0.000000 0.000000 0.000000 0.000000 0.000000 0.000000 0.000000 0.000000 0.000000 0.000000 0.000000 0.000000 0.000000 0.000000 0.000000 0.000000 0.000000 0.000000 0.000000 0.000000 0.000000 0.000000 0.000000 0.000000 0.000000 0.000000 0.000000
0.730149 0.598034 0.495705 0.425236 0.382360 0.353715 0.343449 0.345752 0.365301 0.393969 0.422193 0.449495 0.450544 0.406626 0.267206 0.131789 0.124508 0.106159 0.066120 0.075879 0.095016 0.182923 0.178091 0.080353 0.000000 0.000000 0.000000 0.000000 0.000000 0.000000 0.000000 0.000000 0.000000 0.000000 0.000000 0.000000 0.000000 0.000000 0.000000 0.000000 0.000000 0.000000 0.000000 0.000000 0.000000 0.000000 0.000000 0.000000 0.000000 0.000000 0.000000 0.000000 0.000000 0.000000 0.000000 0.000000 0.000000 0.000000 0.000000 0.000000 0.000000 0.000000 0.000000
0.798484 0.620319 0.464016 0.470851 0.532170 0.406619 0.200715 0.123381 0.123294 0.123394 0.123440 0.137710 0.212994 0.325793 0.417418 0.417038 0.358835 0.211889 0.080738 0.053559 0.072848 0.155081 0.163305 0.089397 0.000000 0.000000 0.000000 0.000000 0.000000 0.000000 0.000000 0.000000 0.000000 0.000000 0.000000 0.000000 0.000000 0.000000 0.000000 0.000000 0.000000 0.000000 0.000000 0.000000 0.000000 0.000000 0.000000 0.000000 0.000000 0.000000 0.000000 0.000000 0.000000 0.000000 0.000000 0.000000 0.000000 0.000000 0.000000 0.000000 0.000000 0.000000 0.000000
1.610267 1.394575 1.226489 1.044405 0.858506 0.670178 0.480913 0.299492 0.145840 0.123862 0.123657 0.122010 0.117919 0.113619 0.111313 0.137135 0.271774 0.310053 0.283286 0.168461 0.061348 0.128396 0.155686 0.102577 0.046308 0.000000 0.000000 0.000000 0.000000 0.000000 0.000000 0.000000 0.000000 0.000000 0.000000 0.000000 0.000000 0.000000 0.000000 0.000000 0.000000 0.000000 0.000000 0.000000 0.000000 0.000000 0.000000 0.000000 0.000000 0.000000 0.000000 0.000000 0.000000 0.000000 0.000000 0.000000 0.000000 0.000000 0.000000 0.000000 0.000000 0.000000 0.000000
1.685536 1.514738 1.390041 1.256504 1.146734 1.045617 0.911179 0.783396 0.623656 0.439270 0.264795 0.116586 0.111245 0.105609 0.101178 0.105327 0.115673 0.152765 0.257144 0.260735 0.203828 0.104756 0.155326 0.123419 0.068647 0.000000 0.000000 0.000000 0.000000 0.000000 0.000000 0.000000 0.000000 0.000000 0.000000 0.000000 0.000000 0.000000 0.000000 0.000000 0.000000 0.000000 0.000000 0.000000 0.000000 0.000000 0.000000 0.000000 0.000000 0.000000 0.000000 0.000000 0.000000 0.000000 0.000000 0.000000 0.000000 0.000000 0.000000 0.000000 0.000000 0.000000 0.000000
0.958930 0.931887 1.252914 1.040217 0.772177 0.784906 0.805558 0.820237 0.819564 0.790778 0.674747 0.503835 0.329019 0.168443 0.090770 0.096068 0.118487 0.123265 0.101587 0.200408 0.228722 0.203223 0.144334 0.135370 0.070781 0.061215 0.000000 0.000000 0.000000 0.000000 0.000000 0.000000 0.000000 0.000000 0.000000 0.000000 0.000000 0.000000 0.000000 0.000000 0.000000 0.000000 0.000000 0.000000 0.000000 0.000000 0.000000 0.000000 0.000000 0.000000 0.000000 0.000000 0.000000 0.000000 0.000000 0.000000 0.000000 0.000000 0.000000 0.000000 0.000000 0.000000 0.000000
0.756583 1.433662 1.334908 0.583690 0.195848 0.200371 0.215584 0.256121 0.332913 0.438649 0.568880 0.631467 0.626308 0.525306 0.328885 0.149367 0.117088 0.128260 0.127788 0.083979 0.159706 0.204376 0.186200 0.136218 0.080021 0.064630 0.000000 0.000000 0.000000 0.000000 0.000000 0.000000 0.000000 0.000000 0.000000 0.000000 0.000000 0.030920 0.031311 0.000000 0.000000 0.000000 0.000000 0.000000 0.000000 0.000000 0.000000 0.000000 0.000000 0.000000 0.000000 0.000000 0.000000 0.000000 0.000000 0.000000 0.000000 0.000000 0.000000 0.000000 0.000000 0.000000 0.000000
1.439635 1.367468 0.664748 0.120193 0.103554 0.118544 0.126388 0.127928 0.128893 0.134500 0.141450 0.229579 0.432572 0.579242 0.584451 0.495653 0.280188 0.128585 0.137042 0.113383 0.060107 0.143588 0.184845 0.166821 0.110727 0.077655 0.061516 0.000000 0.000000 0.000000 0.000000 0.000000 0.000000 0.000000 0.000000 0.000000 0.000000 0.000000 0.030827 0.031081 0.000000 0.000000 0.000000 0.000000 0.000000 0.000000 0.000000 0.000000 0.000000 0.000000 0.000000 0.000000 0.000000 0.000000 0.000000 0.000000 0.000000 0.000000 0.000000 0.000000 0.000000 0.000000 0.000000
1.007318 0.578891 0.134525 0.114466 0.112100 0.109499 0.130986 0.138246 0.129759 0.111205 0.105272 0.106004 0.105358 0.182287 0.416167 0.557893 0.531605 0.363153 0.144066 0.134133 0.087257 0.045498 0.141410 0.170255 0.144562 0.076638 0.068271 0.057745 0.000000 0.000000 0.000000 0.000000 0.000000 0.000000 0.000000 0.000000 0.000000 0.000000 0.000000 0.000000 0.000000 0.000000 0.000000 0.000000 0.000000 0.000000 0.000000 0.000000 0.000000 0.000000 0.000000 0.000000 0.000000 0.000000 0.000000 0.000000 0.000000 0.000000 0.000000 0.000000 0.000000 0.000000 0.000000
0.290744 0.108961 0.121048 0.133584 0.122376 0.095336 0.125398 0.150090 0.159476 0.151901 0.117990 0.091476 0.083215 0.089234 0.133767 0.308370 0.503980 0.504542 0.378000 0.159269 0.117873 0.063859 0.058739 0.146380 0.161632 0.121551 0.074376 0.063654 0.047584 0.000000 0.000000 0.000000 0.000000 0.000000 0.000000 0.000000 0.000000 0.000000 0.000000 0.000000 0.000000 0.000000 0.000000 0.000000 0.000000 0.000000 0.000000 0.000000 0.000000 0.000000 0.000000 0.000000 0.000000 0.000000 0.000000 0.000000 0.000000 0.000000 0.000000 0.000000 0.000000 0.000000 0.000000
0.092321 0.099435 0.143393 0.140714 0.100788 0.092146 0.104688 0.128513 0.163601 0.181246 0.176783 0.142721 0.102206 0.092447 0.094207 0.132193 0.318624 0.482907 0.470805 0.330975 0.131934 0.098070 0.049969 0.080512 0.152143 0.154991 0.101130 0.080943 0.064664 0.000000 0.000000 0.000000 0.000000 0.000000 0.000000 0.000000 0.000000 0.000000 0.000000 0.000000 0.000000 0.000000 0.000000 0.000000 0.000000 0.000000 0.000000 0.000000 0.000000 0.000000 0.000000 0.000000 0.000000 0.000000 0.000000 0.000000 0.000000 0.000000 0.000000 0.000000 0.000000 0.000000 0.041715
0.073802 0.138864 0.154369 0.125133 0.066914 0.078915 0.091898 0.099681 0.114107 0.141785 0.173908 0.189585 0.165423 0.104405 0.096153 0.099603 0.160871 0.373496 0.471802 0.432223 0.252026 0.114405 0.075559 0.042161 0.109527 0.166487 0.152540 0.078347 0.077835 0.052146 0.000000 0.000000 0.000000 0.000000 0.000000 0.000000 0.000000 0.000000 0.000000 0.000000 0.000000 0.000000 0.000000 0.000000 0.000000 0.000000 0.000000 0.000000 0.000000 0.000000 0.000000 0.000000 0.000000 0.000000 0.000000 0.000000 0.000000 0.000000 0.000000 0.000000 0.000000 0.054966 0.081043
0.102795 0.150884 0.148293 0.090222 0.067793 0.073416 0.079167 0.085316 0.090614 0.095993 0.117933 0.151860 0.181274 0.176216 0.114169 0.093863 0.106682 0.217667 0.427820 0.452237 0.374072 0.157550 0.101301 0.062906 0.065499 0.144254 0.169043 0.138431 0.074548 0.072928 0.047540 0.000000 0.000000 0.000000 0.000000 0.000000 0.000000 0.000000 0.000000 0.000000 0.000000 0.000000 0.000000 0.000000 0.000000 0.000000 0.000000 0.000000 0.000000 0.000000 0.000000 0.000000 0.000000 0.000000 0.000000 0.000000 0.000000 0.000000 0.000000 0.039673 0.064071 0.091658 0.111348
0.130886 0.136092 0.120162 0.080036 0.055457 0.055696 0.057250 0.060522 0.063806 0.069970 0.079528 0.097173 0.124178 0.158137 0.173770 0.131982 0.096891 0.135036 0.312133 0.482795 0.456006 0.280301 0.105372 0.083514 0.057792 0.092357 0.155102 0.162888 0.122459 0.077469 0.072205 0.045842 0.000000 0.000000 0.000000 0.000000 0.000000 0.000000 0.000000 0.000000 0.000000 0.000000 0.000000 0.000000 0.000000 0.000000 0.000000 0.000000 0.000000 0.000000 0.000000 0.000000 0.000000 0.000000 0.000000 0.000000 0.000000 0.000000 0.045695 0.069165 0.096453 0.114152 0.204879
0.151384 0.156048 0.154018 0.144085 0.126119 0.096182 0.064737 0.000000 0.000000 0.000000 0.046558 0.061703 0.080128 0.098181 0.130657 0.155749 0.130204 0.102014 0.185835 0.420836 0.505879 0.427867 0.193674 0.082571 0.061476 0.066675 0.110678 0.157191 0.158749 0.112739 0.078727 0.071148 0.042808 0.000000 0.000000 0.000000 0.000000 0.000000 0.000000 0.000000 0.000000 0.000000 0.000000 0.000000 0.000000 0.000000 0.000000 0.000000 0.000000 0.000000 0.000000 0.000000 0.000000 0.000000 0.000000 0.000000 0.031951 0.049527 0.071961 0.097099 0.135857 0.239764 0.331020
0.145469 0.158618 0.162903 0.159037 0.151302 0.138380 0.119312 0.093309 0.000000 0.000000 0.000000 0.000000 0.000000 0.066030 0.083796 0.107837 0.130913 0.117364 0.109512 0.253283 0.457090 0.494817 0.397294 0.137771 0.079796 0.071055 0.080716 0.130003 0.156923 0.150885 0.103001 0.076654 0.065573 0.040249 0.000000 0.000000 0.000000 0.000000 0.000000 0.000000 0.000000 0.000000 0.000000 0.000000 0.000000 0.000000 0.000000 0.000000 0.000000 0.000000 0.000000 0.000000 0.000000 0.000000 0.000000 0.045421 0.062541 0.073419 0.096689 0.144131 0.258969 0.320101 0.443619
0.085855 0.107282 0.126925 0.141504 0.145967 0.140854 0.131859 0.117994 0.104029 0.084235 0.000000 0.000000 0.000000 0.000000 0.054336 0.073021 0.096257 0.115943 0.108476 0.113777 0.271778 0.448603 0.465292 0.366311 0.131537 0.077284 0.073521 0.090209 0.133538 0.143925 0.135173 0.101551 0.077341 0.062168 0.042468 0.000000 0.000000 0.000000 0.000000 0.000000 0.000000 0.000000 0.000000 0.000000 0.000000 0.000000 0.000000 0.000000 0.000000 0.000000 0.000000 0.000000 0.000000 0.038289 0.062568 0.081687 0.086576 0.095127 0.141347 0.264278 0.310743 0.433598 0.463467
0.000000 0.000000 0.000000 0.000000 0.000000 0.082647 0.094035 0.107461 0.112012 0.113291 0.101685 0.077423 0.000000 0.000000 0.000000 0.046452 0.070219 0.095371 0.113484 0.108037 0.116305 0.257039 0.421292 0.439208 0.361520 0.150506 0.068504 0.068186 0.086300 0.117534 0.128654 0.120570 0.104549 0.086427 0.067800 0.048548 0.000000 0.000000 0.000000 0.000000 0.000000 0.000000 0.000000 0.000000 0.000000 0.000000 0.000000 0.000000 0.000000 0.000000 0.000000 0.000000 0.056491 0.078553 0.093355 0.096186 0.097868 0.131800 0.264664 0.315485 0.415385 0.453451 0.441830
0.000000 0.000000 0.000000 0.000000 0.000000 0.000000 0.000000 0.000000 0.000000 0.098464 0.111553 0.115071 0.099679 0.000000 0.000000 0.000000 0.040921 0.068128 0.095385 0.111286 0.117635 0.110003 0.244600 0.400086 0.413223 0.346144 0.152626 0.056222 0.057941 0.076364 0.103848 0.121215 0.115617 0.110628 0.098901 0.070023 0.057579 0.045749 0.032083 0.000000 0.000000 0.000000 0.000000 0.000000 0.000000 0.000000 0.000000 0.000000 0.000000 0.047325 0.056868 0.071933 0.088691 0.100509 0.102485 0.105511 0.118797 0.258755 0.318674 0.377142 0.443871 0.437301 0.352712
0.000000 0.000000 0.000000 0.000000 0.000000 0.000000 0.000000 0.000000 0.000000 0.000000 0.082381 0.118726 0.128635 0.106897 0.050435 0.043404 0.051124 0.073616 0.110810 0.135166 0.130958 0.110565 0.097877 0.241512 0.380957 0.379911 0.299657 0.119362 0.053991 0.052535 0.065763 0.100822 0.125911 0.122827 0.113814 0.110782 0.094215 0.073479 0.063428 0.054575 0.049116 0.044547 0.041161 0.000000 0.000000 0.000000 0.052790 0.056566 0.059270 0.062809 0.073410 0.089686 0.102620 0.106811 0.111579 0.127001 0.249402 0.318916 0.320034 0.421060 0.419229 0.356228 0.193953
0.000000 0.000000 0.000000 0.000000 0.000000 0.000000 0.000000 0.000000 0.000000 0.000000 0.000000 0.091348 0.135304 0.133703 0.094873 0.060288 0.074378 0.108280 0.139178 0.144207 0.134948 0.148691 0.165571 0.163260 0.268779 0.365303 0.346606 0.243673 0.080689 0.052212 0.051322 0.059673 0.099920 0.133787 0.142283 0.129084 0.122111 0.120250 0.110904 0.096388 0.084086 0.073885 0.071741 0.064452 0.061903 0.061967 0.061580 0.060392 0.061033 0.065995 0.082549 0.099347 0.109343 0.117280 0.136195 0.240538 0.318656 0.318604 0.378115 0.385837 0.346423 0.218832 0.098064
0.000000 0.000000 0.000000 0.000000 0.000000 0.000000 0.000000 0.000000 0.000000 0.000000 0.000000 0.000000 0.116256 0.142432 0.121653 0.077405 0.101034 0.133259 0.144990 0.159893 0.189107 0.187168 0.180135 0.163612 0.163605 0.316168 0.360869 0.327163 0.195012 0.111994 0.091565 0.079598 0.083629 0.099133 0.137632 0.161936 0.156863 0.139392 0.131578 0.130881 0.127426 0.119089 0.099791 0.093585 0.093812 0.093531 0.091081 0.085633 0.080366 0.078981 0.100875 0.115238 0.126023 0.147094 0.228346 0.315009 0.318502 0.327980 0.345194 0.323957 0.237102 0.100743 0.112282
0.000000 0.000000 0.000000 0.000000 0.000000 0.000000 0.000000 0.000000 0.000000 0.000000 0.000000 0.000000 0.090086 0.135867 0.131131 0.091863 0.120206 0.152228 0.199818 0.201791 0.191552 0.159419 0.122355 0.115872 0.121389 0.255687 0.364868 0.360160 0.289908 0.141688 0.127715 0.112459 0.101740 0.099713 0.101125 0.152330 0.170357 0.170804 0.166607 0.151911 0.154080 0.153270 0.143255 0.115894 0.116010 0.130443 0.134321 0.135316 0.135105 0.129366 0.129888 0.142619 0.161425 0.220459 0.304467 0.309701 0.283620 0.303497 0.291644 0.240286 0.133450 0.100864 0.126405
0.000000 0.000000 0.000000 0.000000 0.000000 0.000000 0.000000 0.000000 0.000000 0.000000 0.000000 0.000000 0.071724 0.113610 0.135210 0.113598 0.160880 0.193566 0.183155 0.150804 0.120645 0.111842 0.105529 0.096572 0.092406 0.185439 0.340759 0.360354 0.334979 0.215591 0.130407 0.120486 0.114258 0.110682 0.110478 0.119727 0.168098 0.171590 0.169893 0.164503 0.175768 0.177277 0.171463 0.145469 0.135178 0.157798 0.167520 0.173451 0.179985 0.185439 0.183514 0.179266 0.209720 0.288689 0.296219 0.268739 0.262539 0.251413 0.218976 0.146361 0.080448 0.108274 0.132786
0.000000 0.000000 0.000000 0.000000 0.000000 0.000000 0.000000 0.000000 0.000000 0.000000 0.000000 0.000000 0.000000 0.080973 0.129012 0.162389 0.183059 0.167435 0.131474 0.130900 0.130144 0.120465 0.101838 0.103087 0.098365 0.114537 0.281946 0.365077 0.355876 0.290423 0.133141 0.121897 0.120626 0.119299 0.119507 0.122864 0.163343 0.169905 0.185132 0.199875 0.202265 0.201764 0.191346 0.161686 0.170010 0.196796 0.214986 0.224418 0.221425 0.213069 0.195898 0.192032 0.264531 0.285402 0.272319 0.223829 0.210768 0.181491 0.133540 0.077429 0.083300 0.112746 0.136131
0.000000 0.000000 0.000000 0.000000 0.000000 0.000000 0.000000 0.000000 0.000000 0.000000 0.000000 0.000000 0.000000 0.054979 0.109844 0.177076 0.171303 0.146755 0.147908 0.145442 0.135988 0.120529 0.111125 0.101282 0.099128 0.103392 0.178261 0.330737 0.372212 0.348137 0.241554 0.128598 0.128260 0.128843 0.136557 0.159322 0.190168 0.219121 0.231756 0.233361 0.232352 0.223684 0.201952 0.207425 0.242141 0.256112 0.253105 0.240065 0.211220 0.209280 0.199601 0.229302 0.269650 0.265163 0.225294 0.171617 0.142014 0.107274 0.070326 0.059851 0.081884 0.111318 0.133455
0.000000 0.000000 0.000000 0.000000 0.000000 0.000000 0.000000 0.000000 0.000000 0.000000 0.000000 0.000000 0.000000 0.000000 0.110055 0.180441 0.165595 0.154555 0.155149 0.148255 0.128440 0.101652 0.079912 0.075914 0.089461 0.099700 0.112010 0.223434 0.360873 0.375614 0.342086 0.223029 0.173533 0.171835 0.186248 0.220510 0.249361 0.257788 0.255077 0.250400 0.239312 0.235163 0.274739 0.280596 0.272423 0.242726 0.220819 0.220176 0.215674 0.188043 0.212371 0.243873 0.248184 0.229243 0.149793 0.107043 0.074232 0.048453 0.051202 0.057770 0.075940 0.102427 0.199602
