tests/test_04/output4/CloudConcentration_240.00hrs.dat
NCOLS   360
NROWS    60
XLLCORNER           0.000
YLLCORNER           0.000
CELLSIZE           1.000          1.000
NODATA_VALUE  0.000
[rows 0 to 33 of 60, columns 0 to 76 of 360]
0.000 0.000 0.000 0.000 0.000 0.000 0.000 0.000 0.054 0.066 0.068 0.078 0.079 0.000 0.000 0.000 0.000 0.000 0.000 0.049 0.055 0.062 0.078 0.100 0.106 0.099 0.079 0.077 0.000 0.000 0.000 0.000 0.000 0.000 0.000 0.000 0.000 0.000 0.000 0.000 0.000 0.000 0.000 0.000 0.000 0.000 0.000 0.000 0.000 0.000 0.000 0.000 0.000 0.000 0.000 0.000 0.000 0.000 0.000 0.000 0.000 0.077 0.099 0.163 0.225 0.232 0.208 0.129 0.000 0.000 0.000 0.000 0.000 0.000 0.000 0.000 0.000
0.000 0.000 0.000 0.000 0.000 0.000 0.000 0.000 0.064 0.067 0.065 0.075 0.000 0.000 0.000 0.000 0.000 0.000 0.000 0.000 0.048 0.052 0.067 0.084 0.099 0.121 0.129 0.124 0.163 0.165 0.157 0.134 0.109 0.000 0.000 0.000 0.000 0.000 0.000 0.000 0.000 0.000 0.000 0.000 0.000 0.000 0.000 0.000 0.000 0.000 0.000 0.000 0.000 0.000 0.000 0.000 0.000 0.000 0.000 0.000 0.089 0.119 0.164 0.209 0.259 0.283 0.282 0.262 0.173 0.000 0.000 0.000 0.000 0.000 0.000 0.000 0.000
0.000 0.000 0.000 0.000 0.000 0.000 0.000 0.048 0.073 0.070 0.061 0.074 0.000 0.000 0.000 0.000 0.000 0.000 0.000 0.000 0.000 0.043 0.054 0.072 0.093 0.105 0.125 0.146 0.152 0.173 0.178 0.178 0.176 0.168 0.159 0.150 0.142 0.133 0.122 0.105 0.000 0.000 0.000 0.000 0.000 0.000 0.000 0.000 0.000 0.000 0.000 0.000 0.000 0.000 0.000 0.000 0.000 0.000 0.075 0.114 0.162 0.203 0.236 0.261 0.284 0.299 0.300 0.297 0.269 0.154 0.000 0.000 0.000 0.000 0.000 0.000 0.000
0.000 0.000 0.000 0.000 0.000 0.000 0.000 0.051 0.080 0.072 0.055 0.000 0.000 0.000 0.000 0.000 0.000 0.000 0.000 0.000 0.000 0.000 0.043 0.047 0.061 0.093 0.119 0.120 0.135 0.153 0.169 0.168 0.162 0.154 0.144 0.134 0.127 0.121 0.114 0.102 0.083 0.057 0.000 0.000 0.000 0.000 0.000 0.000 0.000 0.000 0.000 0.000 0.000 0.000 0.000 0.000 0.059 0.108 0.158 0.200 0.227 0.244 0.257 0.272 0.288 0.300 0.301 0.299 0.286 0.215 0.079 0.000 0.000 0.000 0.000 0.000 0.000
0.000 0.000 0.000 0.000 0.000 0.000 0.000 0.066 0.088 0.073 0.000 0.000 0.000 0.000 0.000 0.000 0.000 0.000 0.000 0.000 0.000 0.000 0.000 0.000 0.000 0.048 0.065 0.101 0.130 0.133 0.129 0.149 0.164 0.174 0.180 0.178 0.171 0.159 0.148 0.140 0.136 0.138 0.145 0.150 0.146 0.120 0.000 0.000 0.000 0.000 0.000 0.000 0.000 0.000 0.051 0.095 0.141 0.184 0.217 0.233 0.241 0.247 0.254 0.264 0.278 0.295 0.304 0.304 0.297 0.252 0.122 0.000 0.000 0.000 0.000 0.000 0.000
0.000 0.000 0.000 0.000 0.000 0.000 0.000 0.081 0.096 0.075 0.000 0.000 0.063 0.058 0.051 0.057 0.073 0.079 0.071 0.067 0.049 0.000 0.000 0.000 0.000 0.000 0.000 0.047 0.072 0.110 0.128 0.128 0.125 0.131 0.156 0.173 0.183 0.191 0.197 0.196 0.195 0.194 0.188 0.170 0.111 0.000 0.000 0.000 0.000 0.000 0.000 0.000 0.000 0.068 0.107 0.147 0.185 0.216 0.234 0.237 0.238 0.239 0.240 0.243 0.253 0.273 0.295 0.300 0.294 0.254 0.144 0.064 0.000 0.000 0.000 0.000 0.000
0.000 0.000 0.000 0.000 0.000 0.000 0.000 0.099 0.108 0.081 0.000 0.000 0.000 0.056 0.083 0.102 0.128 0.146 0.147 0.153 0.144 0.121 0.095 0.051 0.000 0.000 0.000 0.000 0.000 0.049 0.079 0.111 0.122 0.120 0.115 0.120 0.156 0.184 0.196 0.196 0.194 0.190 0.173 0.106 0.000 0.000 0.000 0.000 0.000 0.000 0.000 0.000 0.056 0.099 0.130 0.164 0.204 0.228 0.237 0.237 0.238 0.239 0.239 0.241 0.248 0.264 0.281 0.285 0.279 0.237 0.140 0.072 0.070 0.000 0.000 0.000 0.000
0.000 0.000 0.000 0.000 0.000 0.000 0.000 0.118 0.125 0.098 0.000 0.063 0.062 0.089 0.130 0.156 0.188 0.218 0.224 0.236 0.237 0.220 0.201 0.163 0.113 0.000 0.000 0.000 0.000 0.000 0.000 0.056 0.087 0.107 0.105 0.099 0.109 0.164 0.191 0.191 0.186 0.163 0.000 0.000 0.000 0.000 0.000 0.000 0.000 0.000 0.000 0.038 0.091 0.131 0.132 0.169 0.215 0.235 0.242 0.241 0.241 0.241 0.241 0.242 0.248 0.260 0.271 0.270 0.256 0.202 0.129 0.079 0.078 0.064 0.000 0.000 0.000
0.000 0.000 0.000 0.000 0.000 0.000 0.065 0.138 0.145 0.123 0.091 0.097 0.102 0.134 0.183 0.214 0.235 0.252 0.258 0.269 0.282 0.289 0.283 0.264 0.226 0.173 0.106 0.000 0.000 0.000 0.000 0.000 0.000 0.053 0.069 0.070 0.076 0.127 0.167 0.167 0.152 0.000 0.000 0.000 0.000 0.000 0.000 0.000 0.000 0.000 0.000 0.062 0.114 0.132 0.128 0.169 0.227 0.244 0.246 0.287 0.310 0.305 0.282 0.243 0.248 0.255 0.261 0.257 0.236 0.182 0.129 0.087 0.085 0.081 0.069 0.000 0.000
0.000 0.000 0.000 0.000 0.000 0.000 0.075 0.148 0.171 0.158 0.137 0.148 0.163 0.191 0.228 0.243 0.247 0.255 0.261 0.269 0.285 0.305 0.330 0.323 0.301 0.269 0.221 0.150 0.000 0.000 0.000 0.000 0.000 0.000 0.000 0.055 0.064 0.095 0.124 0.122 0.000 0.000 0.000 0.000 0.000 0.000 0.000 0.000 0.000 0.000 0.000 0.076 0.121 0.122 0.114 0.168 0.233 0.245 0.313 0.335 0.345 0.357 0.349 0.311 0.255 0.263 0.264 0.257 0.227 0.181 0.142 0.120 0.105 0.106 0.098 0.061 0.000
0.000 0.000 0.000 0.000 0.000 0.000 0.078 0.150 0.189 0.199 0.196 0.210 0.229 0.239 0.245 0.248 0.241 0.213 0.192 0.187 0.204 0.269 0.346 0.375 0.365 0.334 0.294 0.251 0.187 0.103 0.000 0.000 0.000 0.000 0.000 0.000 0.000 0.076 0.083 0.000 0.000 0.000 0.000 0.000 0.000 0.000 0.000 0.000 0.000 0.000 0.036 0.086 0.115 0.114 0.101 0.171 0.235 0.299 0.338 0.340 0.347 0.374 0.389 0.378 0.339 0.269 0.287 0.275 0.239 0.197 0.172 0.160 0.145 0.124 0.122 0.097 0.000
0.000 0.000 0.000 0.000 0.000 0.000 0.000 0.133 0.186 0.212 0.221 0.233 0.247 0.248 0.236 0.205 0.150 0.097 0.080 0.083 0.087 0.157 0.306 0.423 0.429 0.414 0.368 0.313 0.269 0.214 0.132 0.000 0.000 0.000 0.000 0.000 0.000 0.066 0.066 0.000 0.000 0.000 0.000 0.000 0.000 0.000 0.000 0.000 0.000 0.000 0.048 0.092 0.110 0.107 0.086 0.179 0.232 0.337 0.343 0.341 0.347 0.380 0.411 0.430 0.446 0.444 0.415 0.351 0.287 0.250 0.220 0.206 0.198 0.178 0.128 0.121 0.077
0.000 0.000 0.000 0.000 0.000 0.000 0.000 0.066 0.124 0.179 0.209 0.213 0.208 0.185 0.137 0.088 0.066 0.000 0.000 0.076 0.089 0.101 0.267 0.436 0.477 0.474 0.454 0.391 0.323 0.268 0.225 0.152 0.000 0.000 0.000 0.000 0.000 0.000 0.000 0.000 0.000 0.000 0.000 0.000 0.000 0.000 0.000 0.000 0.000 0.000 0.058 0.098 0.104 0.096 0.099 0.194 0.267 0.351 0.348 0.336 0.348 0.403 0.457 0.485 0.510 0.531 0.565 0.578 0.536 0.444 0.318 0.247 0.244 0.237 0.215 0.152 0.108
0.000 0.000 0.000 0.000 0.000 0.000 0.000 0.000 0.000 0.080 0.085 0.085 0.082 0.075 0.066 0.000 0.000 0.000 0.000 0.000 0.090 0.105 0.267 0.450 0.501 0.501 0.495 0.466 0.391 0.317 0.262 0.220 0.145 0.000 0.000 0.000 0.000 0.000 0.000 0.000 0.000 0.000 0.000 0.000 0.000 0.000 0.000 0.000 0.000 0.046 0.078 0.103 0.100 0.082 0.137 0.216 0.317 0.363 0.348 0.303 0.291 0.313 0.383 0.438 0.477 0.505 0.547 0.588 0.617 0.616 0.564 0.432 0.283 0.284 0.280 0.254 0.181
0.000 0.000 0.000 0.000 0.000 0.000 0.000 0.000 0.000 0.000 0.000 0.000 0.000 0.000 0.000 0.000 0.000 0.000 0.000 0.000 0.097 0.135 0.330 0.482 0.510 0.510 0.508 0.495 0.452 0.379 0.310 0.260 0.212 0.130 0.000 0.000 0.000 0.000 0.000 0.000 0.000 0.000 0.000 0.000 0.000 0.000 0.000 0.000 0.000 0.047 0.094 0.101 0.093 0.092 0.179 0.227 0.371 0.386 0.356 0.301 0.250 0.267 0.276 0.290 0.321 0.352 0.392 0.476 0.553 0.610 0.632 0.614 0.508 0.329 0.330 0.329 0.304
0.000 0.000 0.000 0.000 0.000 0.000 0.000 0.000 0.000 0.000 0.000 0.000 0.000 0.000 0.000 0.000 0.000 0.000 0.000 0.085 0.109 0.251 0.392 0.484 0.483 0.470 0.473 0.484 0.471 0.416 0.351 0.290 0.247 0.179 0.088 0.000 0.000 0.000 0.000 0.000 0.000 0.000 0.000 0.000 0.000 0.000 0.000 0.000 0.043 0.082 0.101 0.098 0.079 0.143 0.215 0.270 0.422 0.415 0.365 0.303 0.255 0.261 0.285 0.288 0.292 0.292 0.288 0.278 0.374 0.477 0.610 0.619 0.604 0.479 0.353 0.346 0.340
0.000 0.000 0.000 0.000 0.000 0.000 0.000 0.000 0.000 0.000 0.000 0.000 0.000 0.000 0.000 0.000 0.000 0.000 0.074 0.106 0.164 0.304 0.400 0.381 0.317 0.244 0.246 0.284 0.374 0.411 0.387 0.322 0.270 0.220 0.126 0.000 0.000 0.000 0.000 0.000 0.000 0.000 0.000 0.000 0.000 0.000 0.000 0.042 0.064 0.101 0.101 0.093 0.121 0.196 0.234 0.364 0.471 0.450 0.373 0.299 0.247 0.223 0.238 0.255 0.277 0.295 0.295 0.287 0.340 0.389 0.487 0.612 0.604 0.544 0.356 0.346 0.344
0.000 0.000 0.000 0.000 0.000 0.000 0.000 0.000 0.000 0.000 0.000 0.000 0.000 0.000 0.000 0.000 0.000 0.000 0.095 0.113 0.215 0.327 0.316 0.267 0.141 0.000 0.067 0.083 0.146 0.291 0.361 0.347 0.300 0.253 0.153 0.045 0.000 0.000 0.000 0.000 0.000 0.000 0.000 0.000 0.000 0.000 0.044 0.057 0.094 0.105 0.102 0.106 0.178 0.229 0.244 0.444 0.542 0.514 0.427 0.343 0.281 0.240 0.216 0.218 0.222 0.237 0.263 0.270 0.270 0.343 0.363 0.571 0.601 0.550 0.371 0.365 0.409
0.000 0.000 0.000 0.000 0.000 0.000 0.000 0.000 0.000 0.000 0.000 0.000 0.000 0.000 0.000 0.000 0.000 0.074 0.105 0.107 0.241 0.273 0.255 0.161 0.000 0.000 0.075 0.116 0.120 0.114 0.238 0.307 0.299 0.270 0.187 0.065 0.086 0.089 0.000 0.000 0.000 0.000 0.000 0.000 0.042 0.049 0.062 0.119 0.111 0.106 0.098 0.155 0.223 0.242 0.250 0.463 0.632 0.608 0.526 0.425 0.344 0.290 0.256 0.231 0.223 0.199 0.196 0.212 0.236 0.297 0.297 0.516 0.587 0.540 0.464 0.433 0.435
0.000 0.000 0.000 0.000 0.000 0.000 0.000 0.000 0.000 0.000 0.000 0.000 0.000 0.000 0.000 0.000 0.000 0.093 0.108 0.112 0.228 0.240 0.209 0.105 0.000 0.093 0.147 0.202 0.214 0.210 0.192 0.228 0.281 0.274 0.225 0.098 0.102 0.101 0.087 0.000 0.000 0.000 0.054 0.051 0.056 0.057 0.157 0.170 0.125 0.107 0.124 0.208 0.258 0.259 0.261 0.462 0.689 0.713 0.663 0.541 0.400 0.287 0.235 0.247 0.246 0.234 0.188 0.159 0.176 0.262 0.252 0.473 0.588 0.543 0.546 0.542 0.482
0.000 0.000 0.000 0.000 0.000 0.000 0.000 0.000 0.000 0.000 0.000 0.000 0.000 0.000 0.000 0.000 0.058 0.103 0.106 0.112 0.215 0.223 0.189 0.084 0.097 0.159 0.220 0.278 0.294 0.293 0.284 0.244 0.241 0.262 0.242 0.139 0.125 0.122 0.095 0.000 0.000 0.000 0.062 0.063 0.062 0.141 0.249 0.229 0.131 0.116 0.155 0.250 0.283 0.282 0.319 0.365 0.652 0.825 0.828 0.784 0.624 0.368 0.245 0.257 0.265 0.263 0.243 0.179 0.162 0.242 0.241 0.434 0.613 0.581 0.598 0.648 0.614
0.000 0.000 0.000 0.000 0.000 0.000 0.000 0.000 0.000 0.000 0.000 0.000 0.000 0.000 0.000 0.043 0.066 0.102 0.103 0.102 0.197 0.205 0.171 0.097 0.163 0.228 0.293 0.333 0.334 0.333 0.327 0.308 0.258 0.246 0.238 0.186 0.145 0.141 0.108 0.000 0.000 0.067 0.067 0.095 0.133 0.259 0.343 0.290 0.152 0.136 0.175 0.261 0.331 0.372 0.370 0.362 0.486 0.775 0.929 0.933 0.902 0.722 0.341 0.268 0.280 0.284 0.282 0.253 0.170 0.224 0.231 0.357 0.667 0.683 0.603 0.745 0.762
0.000 0.000 0.000 0.000 0.000 0.000 0.000 0.000 0.000 0.000 0.000 0.000 0.046 0.061 0.082 0.106 0.116 0.114 0.108 0.097 0.182 0.186 0.147 0.163 0.228 0.295 0.348 0.353 0.351 0.344 0.334 0.323 0.300 0.275 0.265 0.241 0.190 0.178 0.141 0.059 0.059 0.085 0.135 0.187 0.226 0.386 0.439 0.364 0.186 0.161 0.274 0.375 0.390 0.387 0.372 0.331 0.343 0.601 0.879 0.963 0.959 0.910 0.678 0.254 0.269 0.286 0.288 0.285 0.251 0.208 0.225 0.206 0.562 0.831 0.819 0.722 0.839
0.000 0.000 0.000 0.000 0.000 0.000 0.000 0.000 0.048 0.083 0.122 0.154 0.179 0.196 0.209 0.216 0.215 0.209 0.195 0.175 0.179 0.173 0.179 0.230 0.291 0.353 0.376 0.376 0.372 0.358 0.342 0.330 0.319 0.294 0.288 0.278 0.247 0.245 0.220 0.126 0.116 0.145 0.212 0.280 0.296 0.471 0.531 0.448 0.232 0.292 0.393 0.399 0.395 0.357 0.350 0.348 0.326 0.509 0.722 0.915 0.949 0.935 0.854 0.547 0.169 0.217 0.260 0.273 0.268 0.233 0.234 0.224 0.272 0.689 0.912 1.017 0.970
0.000 0.000 0.000 0.000 0.048 0.102 0.164 0.219 0.265 0.299 0.322 0.335 0.341 0.342 0.339 0.333 0.323 0.309 0.289 0.266 0.242 0.230 0.264 0.306 0.351 0.390 0.397 0.396 0.387 0.367 0.346 0.331 0.328 0.322 0.306 0.305 0.309 0.323 0.311 0.262 0.177 0.211 0.294 0.353 0.355 0.581 0.608 0.490 0.297 0.394 0.405 0.393 0.322 0.346 0.349 0.348 0.388 0.529 0.654 0.755 0.823 0.847 0.841 0.727 0.339 0.087 0.146 0.205 0.244 0.240 0.221 0.239 0.231 0.266 0.667 0.946 1.120
0.000 0.078 0.158 0.250 0.337 0.407 0.455 0.485 0.495 0.491 0.481 0.467 0.451 0.435 0.420 0.405 0.391 0.378 0.364 0.347 0.328 0.308 0.325 0.350 0.377 0.399 0.402 0.400 0.388 0.341 0.320 0.308 0.304 0.313 0.310 0.318 0.406 0.431 0.424 0.402 0.336 0.314 0.374 0.397 0.558 0.670 0.654 0.478 0.382 0.409 0.386 0.281 0.324 0.342 0.342 0.404 0.499 0.581 0.572 0.533 0.498 0.477 0.475 0.455 0.312 0.108 0.044 0.085 0.143 0.197 0.195 0.231 0.232 0.230 0.218 0.492 0.848
0.370 0.465 0.547 0.607 0.639 0.638 0.625 0.603 0.579 0.553 0.529 0.505 0.482 0.462 0.443 0.427 0.412 0.399 0.389 0.378 0.366 0.353 0.347 0.366 0.387 0.405 0.408 0.405 0.384 0.333 0.328 0.318 0.306 0.381 0.444 0.479 0.528 0.557 0.553 0.547 0.528 0.527 0.543 0.593 0.646 0.658 0.617 0.407 0.402 0.372 0.286 0.286 0.327 0.340 0.409 0.492 0.492 0.429 0.322 0.230 0.169 0.131 0.123 0.126 0.124 0.078 0.000 0.000 0.037 0.081 0.130 0.185 0.217 0.229 0.229 0.228 0.252
0.751 0.757 0.754 0.742 0.715 0.686 0.653 0.621 0.591 0.562 0.535 0.509 0.486 0.465 0.446 0.430 0.416 0.404 0.394 0.386 0.378 0.369 0.360 0.380 0.404 0.414 0.413 0.398 0.340 0.329 0.359 0.582 0.685 0.690 0.683 0.652 0.635 0.624 0.601 0.584 0.583 0.580 0.588 0.616 0.641 0.636 0.536 0.384 0.354 0.328 0.298 0.287 0.326 0.429 0.471 0.447 0.333 0.187 0.000 0.000 0.000 0.000 0.000 0.000 0.000 0.000 0.000 0.000 0.000 0.000 0.067 0.099 0.147 0.188 0.212 0.220 0.223
0.827 0.806 0.784 0.750 0.705 0.651 0.593 0.537 0.486 0.441 0.403 0.374 0.351 0.337 0.328 0.328 0.331 0.340 0.350 0.360 0.364 0.364 0.358 0.351 0.372 0.374 0.365 0.332 0.326 0.436 0.752 0.910 0.900 0.830 0.765 0.698 0.648 0.621 0.595 0.576 0.577 0.575 0.583 0.600 0.589 0.492 0.381 0.354 0.350 0.348 0.309 0.339 0.464 0.485 0.449 0.283 0.104 0.000 0.000 0.000 0.000 0.000 0.000 0.000 0.000 0.000 0.000 0.000 0.000 0.000 0.000 0.000 0.000 0.094 0.141 0.180 0.204
0.709 0.688 0.633 0.559 0.485 0.415 0.351 0.293 0.245 0.205 0.175 0.160 0.160 0.160 0.162 0.163 0.165 0.176 0.200 0.230 0.263 0.294 0.318 0.329 0.328 0.326 0.323 0.318 0.393 0.730 0.808 0.862 0.838 0.757 0.699 0.638 0.588 0.562 0.537 0.523 0.520 0.512 0.492 0.430 0.403 0.397 0.379 0.344 0.372 0.341 0.343 0.450 0.535 0.498 0.299 0.000 0.000 0.000 0.000 0.000 0.000 0.000 0.000 0.000 0.000 0.000 0.000 0.000 0.000 0.000 0.000 0.000 0.000 0.000 0.000 0.101 0.145
0.504 0.442 0.372 0.299 0.229 0.175 0.166 0.158 0.152 0.148 0.144 0.141 0.141 0.142 0.142 0.140 0.137 0.133 0.129 0.127 0.128 0.159 0.197 0.232 0.258 0.276 0.282 0.308 0.594 0.691 0.650 0.633 0.599 0.534 0.532 0.503 0.485 0.470 0.433 0.427 0.505 0.526 0.500 0.445 0.429 0.410 0.351 0.374 0.344 0.331 0.408 0.561 0.553 0.376 0.000 0.000 0.000 0.000 0.000 0.000 0.000 0.000 0.000 0.000 0.000 0.000 0.000 0.000 0.000 0.000 0.000 0.000 0.000 0.000 0.000 0.000 0.000
0.258 0.197 0.188 0.178 0.167 0.156 0.144 0.134 0.124 0.116 0.110 0.105 0.100 0.094 0.088 0.082 0.077 0.073 0.070 0.070 0.072 0.077 0.085 0.119 0.151 0.175 0.192 0.451 0.545 0.462 0.399 0.465 0.505 0.495 0.521 0.487 0.437 0.394 0.416 0.487 0.545 0.535 0.490 0.453 0.421 0.317 0.318 0.308 0.310 0.345 0.539 0.600 0.505 0.187 0.000 0.000 0.000 0.000 0.000 0.000 0.000 0.000 0.000 0.000 0.000 0.000 0.000 0.000 0.000 0.000 0.000 0.000 0.000 0.000 0.000 0.000 0.000
0.181 0.167 0.151 0.134 0.118 0.104 0.091 0.080 0.070 0.062 0.054 0.050 0.041 0.035 0.000 0.000 0.000 0.000 0.000 0.000 0.000 0.032 0.040 0.071 0.120 0.131 0.282 0.436 0.361 0.280 0.354 0.470 0.506 0.506 0.523 0.467 0.437 0.418 0.478 0.559 0.568 0.541 0.489 0.435 0.313 0.250 0.272 0.287 0.309 0.432 0.608 0.603 0.365 0.000 0.000 0.000 0.000 0.000 0.000 0.000 0.000 0.000 0.000 0.000 0.000 0.000 0.000 0.000 0.000 0.000 0.000 0.000 0.000 0.000 0.000 0.000 0.000
0.099 0.082 0.073 0.071 0.067 0.061 0.049 0.037 0.028 0.000 0.000 0.000 0.000 0.000 0.000 0.000 0.000 0.000 0.000 0.000 0.000 0.000 0.039 0.110 0.156 0.171 0.332 0.319 0.203 0.278 0.373 0.521 0.549 0.562 0.573 0.538 0.542 0.492 0.588 0.622 0.610 0.563 0.498 0.351 0.222 0.277 0.283 0.282 0.315 0.497 0.595 0.498 0.181 0.000 0.000 0.000 0.000 0.000 0.000 0.000 0.000 0.000 0.000 0.000 0.000 0.000 0.000 0.000 0.000 0.000 0.000 0.000 0.000 0.000 0.000 0.000 0.000
