tests/test_04/output4/CloudConcentration_120.00hrs.dat
NCOLS   360
NROWS    60
XLLCORNER           0.000
YLLCORNER           0.000
CELLSIZE           1.000          1.000
NODATA_VALUE -9999.
[rows 0 to 27 of 60, columns 252 to 314 of 360]
0.000000 0.000000 0.000000 0.000000 0.000000 0.000000 0.000000 0.000000 0.000000 0.000000 0.000000 0.000000 0.000000 0.000000 0.000000 0.000000 0.000000 0.000000 0.000000 0.000000 0.000000 0.000000 0.000000 0.000000 0.000000 0.000000 0.000000 0.000000 0.000000 0.000000 0.000000 0.000000 0.000000 0.000000 0.000000 0.000000 0.000000 0.000000 0.000000 0.000000 0.000000 0.000000 0.000000 0.000000 0.000000 0.000000 0.000000 0.000000 0.000000 0.000000 0.000000 0.000000 0.000000 0.000000 0.000000 0.000000 0.000000 0.000000 0.188035 0.257826 0.255943 0.258679 0.340440
0.083200 0.077273 0.069774 0.061313 0.052717 0.044339 0.000000 0.000000 0.000000 0.000000 0.000000 0.000000 0.000000 0.000000 0.000000 0.000000 0.000000 0.000000 0.000000 0.000000 0.000000 0.000000 0.000000 0.000000 0.000000 0.000000 0.000000 0.000000 0.000000 0.000000 0.000000 0.000000 0.000000 0.000000 0.000000 0.000000 0.000000 0.000000 0.000000 0.000000 0.000000 0.000000 0.000000 0.000000 0.000000 0.000000 0.000000 0.000000 0.000000 0.000000 0.000000 0.000000 0.000000 0.000000 0.000000 0.000000 0.120784 0.220361 0.296049 0.287557 0.365778 0.438306 0.434634
0.173413 0.091021 0.089696 0.086270 0.080826 0.074583 0.068267 0.061607 0.054140 0.045479 0.000000 0.048993 0.058628 0.000000 0.000000 0.000000 0.000000 0.000000 0.000000 0.000000 0.000000 0.000000 0.000000 0.000000 0.000000 0.000000 0.000000 0.000000 0.000000 0.000000 0.000000 0.000000 0.000000 0.000000 0.000000 0.000000 0.000000 0.000000 0.000000 0.000000 0.000000 0.000000 0.000000 0.000000 0.000000 0.000000 0.000000 0.000000 0.000000 0.000000 0.000000 0.000000 0.000000 0.000000 0.000000 0.137982 0.251037 0.334169 0.326948 0.449406 0.498123 0.480182 0.447954
1.968703 1.627475 0.868400 0.185174 0.061510 0.059744 0.058181 0.056954 0.072340 0.125574 0.178447 0.230164 0.256840 0.293746 0.293234 0.263212 0.188062 0.114549 0.055453 0.000000 0.000000 0.000000 0.000000 0.000000 0.000000 0.000000 0.000000 0.000000 0.000000 0.000000 0.000000 0.000000 0.000000 0.000000 0.000000 0.000000 0.000000 0.000000 0.000000 0.000000 0.000000 0.000000 0.000000 0.000000 0.000000 0.000000 0.000000 0.000000 0.000000 0.000000 0.000000 0.000000 0.000000 0.000000 0.128394 0.263045 0.371141 0.379786 0.514863 0.557426 0.515677 0.470328 0.409773
3.915614 4.600633 4.707001 4.529823 3.638571 2.425794 1.355452 0.635670 0.952360 1.282974 1.603478 1.890386 2.012193 2.049097 2.036329 1.645788 1.171317 0.777732 0.391708 0.198279 0.157983 0.124600 0.090889 0.000000 0.000000 0.000000 0.000000 0.000000 0.000000 0.000000 0.000000 0.000000 0.000000 0.000000 0.000000 0.000000 0.000000 0.000000 0.000000 0.000000 0.000000 0.000000 0.000000 0.000000 0.000000 0.000000 0.000000 0.000000 0.000000 0.000000 0.000000 0.000000 0.000000 0.000000 0.228947 0.378002 0.450446 0.518835 0.619810 0.575568 0.492955 0.413427 0.383044
4.257672 5.845380 8.012833 10.473748 12.592415 12.597115 11.884368 9.722493 7.310050 5.162884 3.413818 2.893374 2.926688 2.932647 2.920255 2.920850 2.779107 2.308772 1.786150 1.165949 0.585302 0.510569 0.407429 0.296198 0.183672 0.094400 0.000000 0.000000 0.000000 0.000000 0.000000 0.000000 0.000000 0.000000 0.000000 0.000000 0.000000 0.000000 0.000000 0.000000 0.000000 0.000000 0.000000 0.000000 0.000000 0.000000 0.000000 0.000000 0.000000 0.000000 0.000000 0.000000 0.000000 0.131068 0.303959 0.475532 0.528248 0.606581 0.645540 0.575853 0.442813 0.384324 0.383358
3.609715 5.742569 8.630626 12.299624 16.505745 20.036156 20.543789 20.423891 19.773699 17.558184 13.810336 10.081112 6.610862 3.575417 3.682834 4.174177 4.325723 4.274144 4.032343 3.325617 2.442279 1.577385 0.905417 0.603417 0.507311 0.342068 0.186667 0.066845 0.000000 0.000000 0.000000 0.000000 0.000000 0.000000 0.000000 0.000000 0.000000 0.000000 0.000000 0.000000 0.000000 0.000000 0.000000 0.000000 0.000000 0.000000 0.000000 0.000000 0.000000 0.000000 0.000000 0.000000 0.000000 0.138720 0.324795 0.529908 0.623086 0.632620 0.658510 0.590320 0.428958 0.379977 0.407900
9.124231 5.892030 7.563836 12.157255 16.684610 20.520580 21.502798 21.635813 21.537939 20.587122 17.153343 12.710283 8.440769 4.413653 4.356578 4.584416 4.678863 4.725638 4.868343 4.886938 4.713700 4.293109 3.337689 2.310730 1.359864 0.662446 0.421659 0.263452 0.114404 0.000000 0.000000 0.000000 0.000000 0.000000 0.000000 0.000000 0.000000 0.000000 0.000000 0.000000 0.000000 0.000000 0.000000 0.000000 0.000000 0.000000 0.000000 0.000000 0.000000 0.000000 0.000000 0.000000 0.000000 0.000000 0.296760 0.535330 0.690402 0.766735 0.671336 0.635393 0.453729 0.390364 0.438782
17.395065 13.741533 9.355884 9.816143 16.327755 19.811275 20.120481 20.108133 19.468508 16.514252 11.228431 6.180468 3.271837 3.508670 3.692106 3.845882 4.013059 4.229709 4.523092 4.786278 5.039517 5.108509 5.031418 4.674406 3.765677 2.537345 1.427919 0.553318 0.303347 0.154671 0.000000 0.000000 0.000000 0.000000 0.000000 0.000000 0.000000 0.000000 0.000000 0.000000 0.000000 0.000000 0.000000 0.000000 0.000000 0.000000 0.000000 0.000000 0.000000 0.000000 0.000000 0.000000 0.000000 0.000000 0.119479 0.355355 0.677931 0.836352 0.894214 0.673303 0.559504 0.437899 0.445146
20.786989 19.265902 14.718547 8.836209 11.317397 15.334416 15.562970 15.282202 13.322532 8.153294 2.917448 2.336452 2.341135 2.259260 2.217370 2.257778 2.385377 2.659746 3.221363 3.957786 4.614383 5.021768 5.020859 4.956564 4.737830 4.032846 2.883248 1.767019 0.724499 0.296543 0.179999 0.000000 0.000000 0.000000 0.000000 0.000000 0.000000 0.000000 0.000000 0.000000 0.000000 0.000000 0.000000 0.000000 0.000000 0.000000 0.000000 0.000000 0.000000 0.000000 0.000000 0.000000 0.000000 0.000000 0.000000 0.096773 0.372007 0.760720 0.941540 0.984584 0.794877 0.547708 0.481715
22.069214 20.890230 16.236027 8.463613 6.914311 9.690999 9.733912 8.977409 5.764038 1.732708 1.251825 0.996688 0.795661 0.629423 0.644925 0.724542 0.876378 1.124203 1.623477 2.278000 3.193067 4.051663 4.544647 4.544603 4.420871 3.894346 2.881119 1.859370 0.875668 0.320644 0.277548 0.199547 0.000000 0.000000 0.000000 0.000000 0.000000 0.000000 0.000000 0.000000 0.000000 0.000000 0.000000 0.000000 0.000000 0.000000 0.000000 0.000000 0.000000 0.000000 0.000000 0.000000 0.000000 0.000000 0.000000 0.000000 0.065555 0.297349 0.644045 0.971440 1.090240 0.997623 0.611019
22.454420 21.328207 14.551213 4.572262 5.486903 6.688696 6.374226 4.719120 1.766887 0.347481 0.130150 0.086084 0.188753 0.369247 0.559543 0.751893 0.928695 1.083652 1.186908 1.257060 1.268998 1.845018 2.403090 2.721924 2.730013 2.594951 2.044484 1.316113 0.630218 0.467308 0.295738 0.261707 0.183531 0.000000 0.000000 0.000000 0.000000 0.000000 0.000000 0.000000 0.000000 0.000000 0.000000 0.000000 0.000000 0.000000 0.000000 0.000000 0.000000 0.000000 0.000000 0.000000 0.000000 0.000000 0.000000 0.000000 0.000000 0.000000 0.107216 0.406564 0.909334 1.174524 1.352903
17.283768 16.386303 9.230491 2.554696 5.141200 5.514779 4.779768 2.323813 0.231359 0.132845 0.137231 0.144683 0.155790 0.284639 0.561737 0.785303 0.917162 1.013412 1.043311 1.047372 1.018390 0.976412 0.941285 0.902631 0.864092 0.814864 0.753400 0.672622 0.564239 0.444553 0.327746 0.261140 0.239596 0.142926 0.000000 0.000000 0.000000 0.000000 0.000000 0.000000 0.000000 0.000000 0.000000 0.000000 0.000000 0.000000 0.000000 0.000000 0.000000 0.000000 0.000000 0.000000 0.000000 0.000000 0.000000 0.000000 0.000000 0.000000 0.000000 0.042856 0.243198 0.738708 1.436598
10.405583 9.682584 3.908731 2.858994 5.004708 4.861405 3.011292 0.562943 0.152359 0.153118 0.203620 0.217742 0.182807 0.229255 0.421911 0.507594 0.521046 0.509563 0.459271 0.402257 0.338355 0.291135 0.259649 0.247386 0.257228 0.276084 0.296548 0.317685 0.320053 0.311787 0.282377 0.254185 0.239499 0.184017 0.069794 0.000000 0.000000 0.000000 0.000000 0.000000 0.000000 0.000000 0.000000 0.000000 0.000000 0.000000 0.000000 0.000000 0.000000 0.000000 0.000000 0.000000 0.000000 0.000000 0.000000 0.000000 0.000000 0.000000 0.000000 0.000000 0.057726 0.319120 0.866220
4.950253 4.690957 1.683830 3.423483 4.855460 3.849958 1.018257 0.118237 0.115540 0.221704 0.320882 0.366422 0.375971 0.316171 0.325305 0.364073 0.404708 0.484198 0.512532 0.519790 0.434207 0.279560 0.154821 0.107805 0.110471 0.133590 0.156934 0.180349 0.201942 0.220610 0.230671 0.230380 0.222619 0.177879 0.087883 0.000000 0.000000 0.000000 0.000000 0.000000 0.000000 0.000000 0.000000 0.000000 0.000000 0.000000 0.000000 0.000000 0.000000 0.000000 0.000000 0.000000 0.000000 0.000000 0.000000 0.000000 0.000000 0.000000 0.000000 0.000000 0.000000 0.090828 0.417288
2.626996 2.656483 1.270161 4.021302 4.590378 2.535569 0.186824 0.116574 0.228086 0.344024 0.457836 0.586359 0.717493 0.843924 0.889978 0.891899 0.874123 0.806588 0.763372 0.769414 0.736283 0.675648 0.577709 0.416410 0.239386 0.215868 0.170477 0.133593 0.155449 0.173634 0.191752 0.192728 0.188264 0.162457 0.096679 0.057111 0.000000 0.000000 0.000000 0.000000 0.000000 0.000000 0.000000 0.000000 0.000000 0.000000 0.000000 0.000000 0.000000 0.000000 0.000000 0.000000 0.000000 0.000000 0.000000 0.000000 0.000000 0.000000 0.000000 0.000000 0.000000 0.078064 0.134572
1.804369 1.891809 1.409765 4.249758 4.252771 1.457448 0.326502 0.389985 0.609856 0.771101 0.886317 1.004263 1.069938 1.085099 1.082393 1.045634 0.996061 0.931161 0.864460 0.806153 0.743285 0.729933 0.717475 0.667972 0.599224 0.483358 0.457397 0.451294 0.440906 0.382990 0.276933 0.174939 0.158500 0.147055 0.116283 0.066679 0.000000 0.000000 0.000000 0.000000 0.000000 0.000000 0.000000 0.000000 0.000000 0.000000 0.000000 0.000000 0.000000 0.000000 0.000000 0.000000 0.000000 0.000000 0.000000 0.000000 0.000000 0.000000 0.000000 0.000000 0.000000 0.000000 0.165967
1.475134 1.525134 1.556345 4.286098 3.863472 0.902935 0.733184 0.525981 0.746116 0.883658 0.991028 1.074036 1.086026 1.054276 0.945682 0.874395 0.855173 0.836377 1.333503 1.757099 1.956209 2.046274 2.145732 2.027750 1.878975 1.789434 1.514075 1.043082 0.494025 0.291232 0.364308 0.417916 0.400159 0.336162 0.217024 0.113917 0.067764 0.000000 0.000000 0.000000 0.000000 0.000000 0.000000 0.000000 0.000000 0.000000 0.000000 0.000000 0.000000 0.000000 0.000000 0.000000 0.000000 0.000000 0.000000 0.000000 0.000000 0.000000 0.000000 0.000000 0.000000 0.000000 0.150400
1.255366 1.215255 1.272828 3.998130 3.860102 1.053097 0.869055 0.527466 0.743488 0.833773 0.858027 0.842986 1.011030 1.104649 1.601482 2.542129 3.194799 3.256422 3.210443 3.048956 2.792216 2.669886 2.611758 2.545054 2.587726 2.659689 2.716944 2.695671 2.496211 1.955223 1.108687 0.425630 0.223636 0.269861 0.319557 0.303750 0.226880 0.123157 0.056593 0.000000 0.000000 0.000000 0.000000 0.000000 0.000000 0.000000 0.000000 0.000000 0.000000 0.000000 0.000000 0.000000 0.000000 0.000000 0.000000 0.000000 0.000000 0.000000 0.000000 0.000000 0.000000 0.000000 0.092676
0.996635 0.841104 0.916622 3.454140 3.839946 1.425734 0.666223 0.663880 0.773032 0.998235 1.786495 2.560088 3.419332 4.344119 4.735906 4.743972 4.006534 2.957448 2.066939 1.499364 1.166173 1.081919 1.089682 1.178159 1.308262 1.399171 1.594246 1.861827 2.240672 2.608812 2.725522 2.478470 1.506526 0.519367 0.303100 0.241030 0.282946 0.270248 0.203642 0.108970 0.046388 0.000000 0.000000 0.000000 0.000000 0.000000 0.000000 0.000000 0.000000 0.000000 0.000000 0.000000 0.000000 0.000000 0.000000 0.000000 0.000000 0.000000 0.000000 0.000000 0.000000 0.000000 0.060715
0.734487 0.463526 0.496770 2.258806 3.714442 2.381085 0.279796 0.651666 0.793921 2.310802 4.341819 5.635104 6.044237 6.135214 4.998931 3.214491 1.575513 0.701233 0.429236 0.352490 0.400129 0.526806 0.688690 0.823309 0.914168 0.949203 0.962643 0.979459 1.031099 1.180937 1.642288 2.422256 2.710081 2.478908 1.540083 0.529030 0.269776 0.232570 0.258136 0.244479 0.176973 0.091960 0.034485 0.000000 0.000000 0.000000 0.000000 0.000000 0.000000 0.000000 0.000000 0.000000 0.000000 0.000000 0.000000 0.000000 0.000000 0.000000 0.000000 0.000000 0.000000 0.000000 0.204436
0.486528 0.298404 0.261516 1.042883 3.244732 3.302793 1.433701 0.445972 0.570687 1.069957 4.622702 6.581518 6.829690 6.156522 4.150142 1.629718 0.510691 0.237144 0.161900 0.148275 0.229565 0.407304 0.640736 0.814123 0.898800 0.920935 0.908786 0.896740 0.894236 0.895950 0.905133 0.970448 1.343354 2.446442 2.759319 2.473837 1.454543 0.443406 0.207149 0.236505 0.251604 0.234860 0.161952 0.079420 0.000000 0.000000 0.000000 0.000000 0.000000 0.000000 0.000000 0.000000 0.000000 0.000000 0.000000 0.000000 0.000000 0.000000 0.000000 0.000000 0.000000 0.117377 0.825639
0.299118 0.238852 0.132150 0.394736 2.067286 3.703494 3.203111 1.043645 0.555285 0.583884 2.114804 5.629745 6.999489 6.522888 3.583128 1.051042 0.353416 0.170150 0.101680 0.103944 0.149260 0.343985 0.696985 0.937250 0.948765 0.928940 0.890963 0.859657 0.855635 0.856069 0.848847 0.836535 0.840472 0.928177 1.395545 2.306147 2.431602 2.019759 0.998567 0.293623 0.205057 0.242373 0.241458 0.211935 0.126457 0.056457 0.000000 0.000000 0.000000 0.000000 0.000000 0.000000 0.000000 0.000000 0.000000 0.000000 0.000000 0.000000 0.000000 0.000000 0.164360 0.582599 2.224256
0.193781 0.212290 0.157032 0.113076 0.510999 2.478845 3.873121 3.247081 1.220719 0.523501 0.745315 1.324094 4.585918 5.716232 5.218994 3.342940 1.359818 0.249611 0.191150 0.168413 0.159254 0.309985 0.795495 1.018803 1.013432 0.968146 0.889434 0.778940 0.773106 0.801803 0.845846 0.854098 0.825562 0.773643 0.809255 1.137768 1.866989 2.330012 2.173594 1.384206 0.461638 0.167089 0.221637 0.233645 0.220712 0.156608 0.071134 0.000000 0.000000 0.000000 0.000000 0.000000 0.000000 0.000000 0.000000 0.000000 0.000000 0.000000 0.000000 0.273344 0.718756 2.354412 3.389256
0.147315 0.203063 0.212356 0.161205 0.292824 0.525085 2.355756 3.774961 3.480734 2.062451 0.746868 0.807706 0.875137 1.275266 2.280492 2.279125 1.840517 0.878333 0.686659 0.629382 0.324274 0.489572 0.929827 1.056973 1.039919 0.981174 0.758642 0.503473 0.464435 0.492410 0.609767 0.792686 0.861079 0.841583 0.745459 0.943904 1.257034 1.612554 2.283646 2.264843 1.677871 0.675164 0.183098 0.203521 0.234474 0.227288 0.171348 0.077782 0.000000 0.000000 0.000000 0.000000 0.000000 0.000000 0.000000 0.000000 0.000000 0.114214 0.553827 1.041378 2.501674 3.703498 3.579470
0.088618 0.197489 0.228361 0.230748 0.221992 0.387668 0.425440 1.855249 3.743115 4.054120 3.429244 2.152845 1.319700 0.886377 0.866041 0.922312 0.919809 1.090801 1.106107 0.950868 0.575321 0.860866 1.089242 1.082080 1.023718 0.780767 0.489662 0.295280 0.282741 0.317569 0.316205 0.412854 0.665966 0.768152 0.751440 0.651464 1.145398 1.383969 1.511469 2.219399 2.238903 1.734356 0.700594 0.176807 0.207882 0.237695 0.230848 0.166237 0.071403 0.000000 0.000000 0.000000 0.000000 0.000000 0.057231 0.139495 0.443197 1.165123 1.442478 3.359891 3.882918 3.636431 2.270023
0.000000 0.116606 0.219775 0.242767 0.214577 0.377178 0.374973 0.244536 0.732006 2.171417 3.398674 3.591454 3.535087 3.100767 2.550813 2.269684 2.281849 2.292547 2.296168 2.268265 2.226546 2.186395 2.089602 1.867936 1.499142 1.090696 0.707378 0.375378 0.208462 0.276433 0.256134 0.162850 0.329886 0.609012 0.678183 0.637795 0.547350 1.214486 1.465779 1.577618 2.250525 2.223834 1.647953 0.588528 0.199194 0.227011 0.239077 0.218498 0.126535 0.102377 0.138337 0.211781 0.339583 0.584664 0.967712 1.437234 1.702828 2.508442 3.529033 3.611370 3.311892 1.927015 0.474512
0.000000 0.000000 0.123959 0.209128 0.233420 0.221189 0.382832 0.286193 0.185297 0.173119 0.401379 0.858914 1.604376 2.380023 2.796790 3.021678 3.212744 3.264703 3.211204 3.065802 2.947218 2.877569 2.712352 2.475367 2.217597 1.846128 1.354452 0.855982 0.407289 0.226610 0.184832 0.089639 0.122117 0.288652 0.523200 0.554059 0.499222 0.637379 1.236357 1.672671 1.862573 2.229256 2.132429 1.402084 0.400539 0.395008 0.456879 0.590501 0.774670 0.982558 1.214015 1.457402 1.629059 1.706787 2.006674 2.478782 2.898154 3.113605 3.093310 2.610234 1.153301 0.190022 0.084620
