tests/test_04/output4/CloudConcentration_192.00hrs.dat
NCOLS   360
NROWS    60
XLLCORNER           0.000
YLLCORNER           0.000
CELLSIZE           1.000          1.000
NODATA_VALUE  0.000
[rows 0 to 33 of 60, columns 231 to 307 of 360]
2.711 2.692 2.715 2.689 2.591 2.455 2.234 1.839 1.298 0.691 0.643 0.604 0.501 0.361 0.245 0.245 0.276 0.294 0.306 0.299 0.291 0.276 0.318 0.379 0.420 0.466 0.472 0.459 0.430 0.364 0.254 0.144 0.000 0.000 0.000 0.000 0.000 0.000 0.000 0.000 0.000 0.000 0.000 0.000 0.000 0.000 0.000 0.000 0.000 0.000 0.000 0.000 0.000 0.000 0.000 0.114 0.101 0.105 0.087 0.199 0.198 0.074 0.076 0.078 0.077 0.069 0.000 0.000 0.000 0.000 0.000 0.000 0.000 0.000 0.000 0.000 0.000
1.095 1.212 1.512 1.930 2.146 2.196 2.177 1.855 1.433 0.926 0.667 0.680 0.664 0.588 0.495 0.429 0.423 0.422 0.426 0.413 0.415 0.406 0.384 0.401 0.422 0.442 0.450 0.450 0.447 0.438 0.411 0.335 0.209 0.120 0.116 0.114 0.000 0.000 0.000 0.000 0.000 0.000 0.000 0.000 0.000 0.000 0.000 0.000 0.000 0.000 0.000 0.000 0.000 0.000 0.000 0.093 0.070 0.053 0.070 0.149 0.091 0.041 0.045 0.047 0.000 0.000 0.000 0.000 0.000 0.000 0.000 0.000 0.000 0.000 0.000 0.000 0.000
1.272 1.346 1.325 1.624 1.995 2.105 2.124 1.970 1.498 1.020 0.766 0.760 0.696 0.608 0.578 0.612 0.619 0.621 0.583 0.595 0.618 0.612 0.597 0.596 0.579 0.538 0.502 0.441 0.379 0.376 0.363 0.330 0.263 0.191 0.138 0.146 0.227 0.197 0.100 0.000 0.000 0.000 0.000 0.000 0.000 0.000 0.000 0.000 0.000 0.000 0.000 0.000 0.000 0.000 0.000 0.088 0.068 0.050 0.099 0.154 0.071 0.031 0.037 0.039 0.040 0.038 0.035 0.031 0.027 0.024 0.024 0.000 0.000 0.000 0.000 0.000 0.000
1.229 1.551 1.521 1.503 1.896 2.027 2.058 2.049 1.665 1.133 1.251 1.382 1.520 1.666 1.817 1.973 2.106 2.244 2.354 2.395 2.343 2.163 1.898 1.536 1.055 0.698 0.693 0.678 0.652 0.610 0.525 0.426 0.323 0.316 0.294 0.236 0.185 0.391 0.395 0.279 0.099 0.000 0.000 0.000 0.000 0.000 0.000 0.000 0.000 0.000 0.000 0.000 0.000 0.000 0.000 0.084 0.060 0.043 0.106 0.143 0.058 0.026 0.000 0.000 0.030 0.030 0.029 0.026 0.025 0.025 0.000 0.000 0.000 0.000 0.000 0.000 0.000
1.839 1.839 1.588 1.782 2.101 2.191 2.210 2.167 1.556 1.574 1.663 1.768 1.891 2.032 2.187 2.360 2.542 2.734 2.929 3.122 3.284 3.333 3.346 3.195 2.831 2.229 1.559 0.848 0.672 0.692 0.688 0.669 0.599 0.480 0.354 0.284 0.269 0.258 0.441 0.538 0.426 0.157 0.000 0.000 0.000 0.000 0.000 0.000 0.000 0.000 0.000 0.000 0.000 0.000 0.000 0.089 0.059 0.043 0.111 0.133 0.046 0.000 0.000 0.000 0.000 0.000 0.000 0.000 0.000 0.000 0.000 0.000 0.000 0.000 0.000 0.000 0.000
2.378 1.990 1.672 2.338 2.630 2.703 2.694 2.078 1.575 1.605 1.631 1.641 1.659 1.695 1.768 1.898 2.088 2.317 2.578 2.856 3.134 3.310 3.414 3.451 3.287 2.792 2.173 1.508 0.886 0.469 0.565 0.658 0.703 0.692 0.626 0.474 0.318 0.254 0.262 0.482 0.579 0.499 0.234 0.000 0.000 0.000 0.000 0.000 0.000 0.000 0.000 0.000 0.000 0.000 0.000 0.090 0.057 0.040 0.117 0.124 0.036 0.000 0.000 0.000 0.000 0.000 0.000 0.000 0.000 0.000 0.000 0.000 0.000 0.000 0.000 0.000 0.000
4.390 3.796 3.097 3.612 3.746 3.743 2.943 1.475 1.396 1.431 1.631 2.090 2.621 3.101 3.482 3.763 3.882 3.916 3.548 2.744 1.882 1.968 2.210 2.400 2.558 2.675 2.261 1.860 1.479 0.943 0.417 0.358 0.531 0.706 0.751 0.727 0.610 0.426 0.247 0.230 0.468 0.531 0.486 0.267 0.058 0.000 0.000 0.000 0.000 0.000 0.000 0.000 0.000 0.000 0.000 0.088 0.053 0.037 0.117 0.114 0.029 0.000 0.000 0.000 0.000 0.000 0.000 0.000 0.000 0.000 0.000 0.000 0.000 0.000 0.000 0.000 0.000
6.611 6.125 5.895 6.010 5.948 4.172 3.108 3.411 4.067 4.763 5.370 5.758 6.027 6.350 6.543 6.616 6.650 6.661 6.355 5.769 5.105 4.248 3.284 2.234 1.260 1.383 1.595 1.757 1.686 1.447 1.119 0.662 0.308 0.384 0.596 0.715 0.717 0.653 0.462 0.279 0.205 0.406 0.481 0.451 0.269 0.088 0.000 0.000 0.000 0.000 0.000 0.000 0.000 0.000 0.059 0.088 0.051 0.033 0.118 0.103 0.000 0.000 0.000 0.000 0.000 0.000 0.000 0.000 0.000 0.000 0.000 0.000 0.000 0.000 0.000 0.000 0.000
8.453 8.825 9.188 9.256 8.647 6.689 6.614 6.645 6.729 6.536 6.244 5.890 5.558 5.325 5.237 5.216 5.289 5.382 5.548 5.720 5.569 5.107 4.609 3.962 3.300 2.620 1.803 1.061 1.068 1.347 1.381 1.257 0.897 0.378 0.394 0.526 0.722 0.728 0.655 0.460 0.271 0.162 0.376 0.442 0.410 0.218 0.107 0.000 0.000 0.000 0.000 0.000 0.000 0.000 0.065 0.090 0.051 0.033 0.119 0.103 0.000 0.000 0.000 0.000 0.000 0.000 0.000 0.000 0.000 0.000 0.000 0.000 0.000 0.000 0.000 0.000 0.000
10.938 11.830 12.107 12.156 10.950 7.813 6.697 5.330 3.929 2.808 2.032 1.672 1.330 1.227 1.202 1.201 1.671 3.098 3.641 3.551 1.993 2.444 2.708 3.012 3.164 2.977 2.683 2.350 1.887 1.255 0.725 1.089 1.295 1.152 0.510 0.378 0.526 0.760 0.767 0.661 0.441 0.238 0.161 0.368 0.407 0.340 0.132 0.099 0.000 0.000 0.000 0.000 0.000 0.000 0.070 0.091 0.052 0.032 0.119 0.105 0.000 0.000 0.000 0.000 0.000 0.000 0.000 0.000 0.000 0.000 0.000 0.000 0.000 0.000 0.000 0.000 0.000
14.052 14.795 14.953 14.882 11.779 7.273 3.255 1.695 0.971 0.665 0.544 1.905 3.507 2.465 3.111 7.271 8.825 6.971 6.262 6.383 5.025 3.312 1.258 0.522 0.646 0.876 1.289 1.729 1.962 1.982 1.747 1.366 0.659 1.232 1.349 0.827 0.312 0.584 0.761 0.747 0.607 0.371 0.163 0.313 0.399 0.349 0.148 0.107 0.000 0.000 0.000 0.000 0.000 0.000 0.075 0.096 0.058 0.033 0.117 0.115 0.000 0.000 0.000 0.000 0.000 0.000 0.000 0.000 0.000 0.000 0.000 0.000 0.000 0.000 0.000 0.000 0.000
12.254 12.855 12.900 11.324 6.845 2.479 0.916 0.449 0.266 0.192 0.165 0.292 1.065 3.870 6.741 10.769 12.372 7.334 3.289 3.185 4.444 4.324 2.595 0.980 0.237 0.234 0.262 0.309 0.433 0.780 1.417 1.790 1.701 1.087 1.070 1.725 1.391 0.483 0.666 0.785 0.731 0.512 0.251 0.335 0.381 0.328 0.127 0.094 0.000 0.000 0.000 0.000 0.000 0.000 0.079 0.099 0.071 0.039 0.097 0.124 0.069 0.000 0.000 0.000 0.000 0.000 0.000 0.000 0.000 0.000 0.000 0.000 0.000 0.000 0.000 0.000 0.000
5.847 6.087 5.281 3.271 1.722 0.595 0.257 0.148 0.051 0.000 0.000 0.000 0.000 0.000 0.187 1.319 2.526 2.284 0.668 0.284 0.520 1.764 2.491 1.463 0.331 0.233 0.206 0.194 0.189 0.201 0.238 0.353 1.096 2.015 1.497 0.610 1.440 1.337 0.556 0.802 0.810 0.659 0.337 0.371 0.359 0.254 0.063 0.069 0.000 0.000 0.000 0.000 0.000 0.000 0.083 0.099 0.082 0.065 0.049 0.114 0.099 0.000 0.000 0.000 0.000 0.000 0.000 0.000 0.000 0.000 0.000 0.000 0.000 0.000 0.000 0.000 0.000
0.799 1.364 1.421 0.992 0.342 0.095 0.219 0.230 0.167 0.090 0.000 0.000 0.000 0.000 0.000 0.000 0.062 0.072 0.078 0.074 0.090 0.254 0.852 1.077 0.525 0.134 0.134 0.143 0.146 0.140 0.158 0.170 0.196 0.321 1.485 1.588 0.745 1.211 1.101 0.702 0.855 0.776 0.464 0.366 0.266 0.107 0.041 0.000 0.000 0.000 0.000 0.000 0.000 0.000 0.083 0.094 0.085 0.084 0.068 0.054 0.084 0.075 0.059 0.000 0.000 0.000 0.000 0.000 0.000 0.000 0.000 0.000 0.000 0.000 0.000 0.000 0.000
0.114 0.231 0.245 0.149 0.000 0.000 0.000 0.152 0.179 0.172 0.163 0.153 0.144 0.133 0.122 0.110 0.100 0.000 0.000 0.000 0.000 0.086 0.249 0.446 0.409 0.101 0.000 0.000 0.000 0.000 0.000 0.149 0.189 0.155 0.207 1.002 1.277 0.747 1.188 1.032 0.873 0.876 0.632 0.237 0.151 0.108 0.063 0.000 0.000 0.000 0.000 0.000 0.000 0.000 0.000 0.085 0.081 0.082 0.078 0.070 0.057 0.043 0.041 0.000 0.000 0.000 0.000 0.000 0.000 0.000 0.000 0.000 0.000 0.000 0.000 0.000 0.062
0.000 0.000 0.000 0.000 0.000 0.000 0.000 0.000 0.000 0.000 0.000 0.000 0.000 0.000 0.000 0.000 0.000 0.000 0.000 0.000 0.000 0.000 0.109 0.154 0.147 0.000 0.000 0.000 0.000 0.000 0.000 0.000 0.091 0.204 0.168 0.258 0.946 1.181 0.830 1.189 0.882 0.966 0.809 0.327 0.169 0.132 0.088 0.042 0.000 0.000 0.000 0.000 0.000 0.000 0.000 0.080 0.071 0.069 0.067 0.064 0.056 0.046 0.037 0.000 0.000 0.000 0.000 0.000 0.000 0.000 0.000 0.000 0.000 0.000 0.051 0.062 0.093
0.000 0.000 0.000 0.000 0.000 0.000 0.000 0.000 0.000 0.000 0.000 0.000 0.000 0.000 0.000 0.000 0.000 0.000 0.000 0.000 0.000 0.000 0.000 0.000 0.000 0.000 0.000 0.000 0.000 0.000 0.000 0.000 0.000 0.000 0.202 0.183 0.348 0.998 1.043 1.017 1.070 0.935 0.922 0.583 0.185 0.158 0.123 0.080 0.000 0.000 0.000 0.000 0.000 0.000 0.000 0.072 0.065 0.053 0.048 0.000 0.000 0.000 0.000 0.000 0.000 0.000 0.000 0.000 0.000 0.000 0.000 0.000 0.044 0.058 0.083 0.311 0.542
0.000 0.000 0.000 0.000 0.000 0.000 0.000 0.000 0.000 0.000 0.000 0.000 0.000 0.000 0.000 0.000 0.000 0.000 0.000 0.000 0.000 0.000 0.000 0.000 0.000 0.000 0.000 0.000 0.000 0.000 0.000 0.000 0.000 0.000 0.071 0.189 0.191 0.503 0.979 0.919 1.145 1.050 1.106 0.923 0.380 0.184 0.155 0.123 0.080 0.000 0.000 0.000 0.000 0.000 0.000 0.000 0.064 0.055 0.000 0.000 0.000 0.000 0.000 0.000 0.000 0.000 0.000 0.000 0.000 0.000 0.045 0.055 0.060 0.275 0.555 0.788 0.981
0.000 0.000 0.000 0.000 0.000 0.000 0.000 0.000 0.000 0.000 0.000 0.000 0.000 0.000 0.000 0.000 0.000 0.000 0.000 0.000 0.000 0.000 0.000 0.000 0.000 0.000 0.000 0.000 0.000 0.000 0.000 0.000 0.000 0.000 0.000 0.098 0.168 0.259 0.599 0.903 0.802 1.329 1.024 1.146 0.865 0.245 0.200 0.171 0.142 0.097 0.000 0.000 0.000 0.000 0.000 0.000 0.000 0.061 0.055 0.049 0.000 0.000 0.000 0.000 0.000 0.043 0.045 0.052 0.053 0.056 0.056 0.197 0.502 0.867 1.256 1.509 1.525
0.000 0.000 0.000 0.000 0.000 0.000 0.000 0.000 0.000 0.000 0.000 0.000 0.000 0.000 0.000 0.000 0.000 0.000 0.000 0.000 0.000 0.000 0.000 0.000 0.000 0.000 0.000 0.000 0.000 0.000 0.000 0.000 0.000 0.000 0.000 0.000 0.123 0.175 0.448 0.728 0.750 1.143 1.258 1.205 1.194 0.781 0.269 0.237 0.210 0.188 0.149 0.097 0.000 0.000 0.000 0.000 0.000 0.000 0.058 0.057 0.057 0.056 0.056 0.056 0.056 0.058 0.057 0.053 0.057 0.165 0.428 0.861 1.322 1.647 1.705 1.686 1.609
0.000 0.000 0.000 0.000 0.000 0.000 0.000 0.000 0.000 0.000 0.000 0.000 0.000 0.000 0.000 0.000 0.000 0.000 0.000 0.000 0.000 0.000 0.000 0.000 0.000 0.000 0.000 0.000 0.000 0.000 0.000 0.000 0.000 0.000 0.000 0.000 0.117 0.135 0.497 0.365 0.656 0.601 1.183 1.116 1.414 1.251 0.631 0.299 0.261 0.229 0.206 0.181 0.151 0.122 0.096 0.079 0.069 0.065 0.064 0.064 0.062 0.058 0.055 0.053 0.053 0.056 0.087 0.228 0.437 0.738 1.220 1.620 1.782 1.783 1.736 1.539 1.071
0.000 0.000 0.000 0.000 0.000 0.000 0.000 0.000 0.000 0.000 0.000 0.000 0.000 0.000 0.000 0.000 0.000 0.000 0.000 0.000 0.000 0.000 0.000 0.000 0.000 0.000 0.000 0.000 0.000 0.000 0.000 0.000 0.000 0.000 0.000 0.000 0.107 0.142 0.554 0.368 0.371 0.539 0.820 1.333 1.301 1.412 1.036 0.310 0.255 0.219 0.198 0.183 0.163 0.145 0.127 0.111 0.097 0.086 0.074 0.064 0.057 0.054 0.056 0.108 0.197 0.337 0.489 0.635 0.987 1.426 1.738 1.816 1.812 1.673 1.160 0.630 0.279
0.000 0.000 0.000 0.000 0.000 0.000 0.000 0.000 0.000 0.000 0.000 0.000 0.000 0.000 0.000 0.000 0.000 0.000 0.000 0.000 0.000 0.000 0.000 0.000 0.000 0.000 0.000 0.000 0.000 0.000 0.000 0.000 0.000 0.000 0.000 0.000 0.000 0.191 0.597 0.412 0.355 0.405 0.402 1.190 1.219 1.398 1.146 0.326 0.179 0.141 0.133 0.132 0.125 0.113 0.098 0.080 0.063 0.046 0.043 0.055 0.124 0.208 0.326 0.423 0.494 0.554 0.663 1.111 1.510 1.758 1.794 1.731 1.396 0.797 0.308 0.126 0.000
0.000 0.000 0.000 0.000 0.000 0.000 0.000 0.000 0.000 0.000 0.000 0.000 0.000 0.000 0.000 0.000 0.000 0.000 0.000 0.000 0.000 0.000 0.000 0.000 0.000 0.000 0.000 0.000 0.000 0.000 0.000 0.000 0.000 0.000 0.000 0.000 0.000 0.313 0.618 0.578 0.325 0.335 0.283 0.681 1.262 1.293 1.112 0.333 0.000 0.000 0.031 0.034 0.033 0.038 0.048 0.072 0.128 0.205 0.288 0.343 0.432 0.482 0.483 0.483 0.491 0.664 1.147 1.516 1.727 1.730 1.594 1.127 0.560 0.424 0.413 0.361 0.214
0.000 0.000 0.000 0.000 0.000 0.000 0.000 0.000 0.000 0.000 0.000 0.000 0.000 0.000 0.000 0.000 0.000 0.000 0.000 0.000 0.000 0.000 0.000 0.000 0.000 0.000 0.000 0.000 0.000 0.000 0.000 0.000 0.000 0.000 0.000 0.000 0.084 0.431 0.630 0.737 0.293 0.249 0.172 0.258 1.017 1.434 1.065 0.355 0.000 0.037 0.044 0.062 0.104 0.191 0.312 0.428 0.463 0.545 0.529 0.474 0.415 0.460 0.498 0.509 0.660 1.118 1.490 1.616 1.579 1.379 0.908 0.501 0.578 0.659 0.703 0.691 0.599
0.000 0.000 0.000 0.000 0.000 0.000 0.000 0.000 0.000 0.000 0.000 0.000 0.000 0.000 0.000 0.000 0.000 0.000 0.000 0.000 0.000 0.000 0.000 0.000 0.000 0.000 0.000 0.000 0.000 0.000 0.000 0.000 0.000 0.000 0.000 0.000 0.074 0.531 0.689 0.905 0.330 0.239 0.159 0.137 0.531 1.314 1.411 0.926 0.315 0.192 0.219 0.310 0.478 0.638 0.659 0.599 0.590 0.718 0.705 0.672 0.601 0.542 0.493 0.820 1.160 1.425 1.490 1.426 1.178 0.734 0.451 0.497 0.563 0.661 0.764 0.777 0.755
0.000 0.000 0.000 0.000 0.000 0.000 0.000 0.000 0.000 0.000 0.000 0.000 0.000 0.000 0.000 0.000 0.000 0.000 0.000 0.000 0.000 0.000 0.000 0.000 0.000 0.000 0.000 0.000 0.000 0.000 0.000 0.000 0.000 0.000 0.000 0.000 0.000 0.520 0.799 0.915 0.790 0.259 0.184 0.138 0.192 0.863 1.382 1.524 1.172 0.858 0.904 1.065 1.166 1.126 0.924 0.836 0.761 0.551 0.399 0.397 0.433 0.708 0.969 1.156 1.335 1.334 1.218 0.926 0.527 0.206 0.202 0.206 0.231 0.327 0.570 0.770 0.775
0.000 0.000 0.000 0.000 0.000 0.000 0.000 0.000 0.000 0.000 0.000 0.000 0.000 0.000 0.000 0.000 0.000 0.000 0.000 0.000 0.000 0.000 0.000 0.000 0.000 0.000 0.000 0.000 0.000 0.000 0.000 0.000 0.000 0.000 0.000 0.000 0.000 0.389 0.812 0.900 1.009 0.691 0.292 0.201 0.135 0.503 1.095 1.558 1.815 1.729 1.740 1.764 1.662 1.379 1.063 0.726 0.606 0.538 0.502 0.628 0.795 0.939 1.102 1.139 1.076 0.914 0.630 0.330 0.100 0.000 0.000 0.000 0.000 0.000 0.195 0.518 0.689
0.000 0.000 0.000 0.000 0.000 0.000 0.000 0.000 0.000 0.000 0.000 0.000 0.000 0.000 0.000 0.000 0.000 0.000 0.000 0.000 0.000 0.000 0.000 0.000 0.000 0.000 0.000 0.000 0.000 0.000 0.000 0.000 0.000 0.000 0.000 0.000 0.000 0.000 0.542 0.852 0.897 0.890 0.749 0.569 0.396 0.242 0.851 1.253 1.767 1.828 1.833 1.803 1.666 1.374 1.072 0.764 0.660 0.644 0.684 0.762 0.866 0.961 0.927 0.812 0.646 0.408 0.195 0.053 0.000 0.000 0.000 0.000 0.000 0.000 0.000 0.252 0.529
0.000 0.000 0.000 0.000 0.000 0.000 0.000 0.000 0.000 0.000 0.000 0.000 0.000 0.000 0.000 0.000 0.000 0.000 0.000 0.000 0.000 0.000 0.000 0.000 0.000 0.000 0.000 0.000 0.000 0.000 0.000 0.000 0.000 0.000 0.000 0.000 0.000 0.000 0.000 0.369 0.635 0.762 0.848 0.849 0.832 0.756 0.566 0.904 1.198 1.634 1.715 1.681 1.537 1.246 1.008 0.790 0.681 0.658 0.698 0.770 0.761 0.695 0.585 0.410 0.234 0.101 0.000 0.000 0.000 0.000 0.000 0.000 0.000 0.000 0.000 0.122 0.380
0.000 0.000 0.000 0.000 0.000 0.000 0.000 0.000 0.000 0.000 0.000 0.000 0.000 0.000 0.000 0.000 0.000 0.000 0.000 0.000 0.000 0.000 0.000 0.000 0.000 0.000 0.000 0.000 0.000 0.000 0.000 0.000 0.000 0.000 0.000 0.000 0.000 0.000 0.000 0.000 0.104 0.256 0.566 0.779 0.854 0.922 0.924 0.959 1.034 1.126 1.276 1.336 1.318 1.238 0.935 0.753 0.552 0.564 0.540 0.527 0.480 0.366 0.226 0.115 0.063 0.000 0.000 0.000 0.000 0.000 0.000 0.000 0.000 0.000 0.000 0.000 0.256
0.000 0.000 0.000 0.000 0.000 0.000 0.000 0.000 0.000 0.000 0.000 0.000 0.000 0.000 0.000 0.000 0.000 0.000 0.000 0.000 0.000 0.000 0.000 0.000 0.000 0.000 0.000 0.000 0.000 0.000 0.000 0.000 0.000 0.000 0.000 0.000 0.000 0.000 0.000 0.000 0.000 0.000 0.106 0.383 0.684 0.890 0.984 1.058 1.115 1.141 1.251 1.275 1.239 1.066 0.971 0.660 0.571 0.540 0.360 0.305 0.202 0.110 0.000 0.000 0.000 0.000 0.000 0.000 0.000 0.000 0.000 0.000 0.000 0.000 0.000 0.000 0.173
0.000 0.000 0.000 0.000 0.000 0.000 0.000 0.000 0.000 0.000 0.000 0.000 0.000 0.000 0.000 0.000 0.000 0.000 0.000 0.000 0.000 0.000 0.000 0.000 0.000 0.000 0.000 0.000 0.000 0.000 0.000 0.000 0.000 0.000 0.000 0.000 0.000 0.000 0.000 0.000 0.000 0.000 0.000 0.000 0.183 0.494 0.776 0.956 1.074 1.130 1.123 1.106 1.069 0.972 0.673 0.567 0.546 0.410 0.158 0.096 0.000 0.000 0.000 0.000 0.000 0.000 0.000 0.000 0.000 0.000 0.000 0.000 0.000 0.000 0.000 0.000 0.121
0.000 0.000 0.000 0.000 0.000 0.000 0.000 0.000 0.000 0.000 0.000 0.000 0.000 0.000 0.000 0.000 0.000 0.000 0.000 0.000 0.000 0.000 0.000 0.000 0.000 0.000 0.000 0.000 0.000 0.000 0.000 0.000 0.000 0.000 0.000 0.000 0.000 0.000 0.000 0.000 0.000 0.000 0.000 0.000 0.000 0.000 0.220 0.460 0.649 0.815 0.822 0.785 0.662 0.492 0.518 0.502 0.396 0.164 0.000 0.000 0.000 0.000 0.000 0.000 0.000 0.000 0.000 0.000 0.000 0.000 0.000 0.000 0.000 0.000 0.000 0.000 0.093
