tests/test_04/output4/CloudLoad_240.00hrs.dat
NCOLS   360
NROWS    60
XLLCORNER           0.000
YLLCORNER           0.000
CELLSIZE           1.000          1.000
NODATA_VALUE  0.000
[rows 0 to 27 of 60, columns 0 to 62 of 360]
0.000000 0.000000 0.000000 0.000000 0.000000 0.000000 0.000000 0.000000 0.248275 0.279814 0.283467 0.273022 0.229178 0.000000 0.000000 0.000000 0.000000 0.000000 0.000000 0.000000 0.246213 0.299878 0.350579 0.433290 0.470083 0.495482 0.437903 0.304327 0.000000 0.000000 0.000000 0.000000 0.000000 0.000000 0.000000 0.000000 0.000000 0.000000 0.000000 0.000000 0.000000 0.000000 0.000000 0.000000 0.000000 0.000000 0.000000 0.000000 0.000000 0.000000 0.000000 0.000000 0.000000 0.000000 0.000000 0.000000 0.000000 0.000000 0.000000 0.000000 0.000000 0.256146 0.370686
0.000000 0.000000 0.000000 0.000000 0.000000 0.000000 0.000000 0.000000 0.264405 0.269210 0.257722 0.221867 0.000000 0.000000 0.000000 0.000000 0.000000 0.000000 0.000000 0.000000 0.209258 0.252689 0.310317 0.377058 0.455081 0.576479 0.676218 0.722418 0.667666 0.515447 0.389291 0.294873 0.230275 0.000000 0.000000 0.000000 0.000000 0.000000 0.000000 0.000000 0.000000 0.000000 0.000000 0.000000 0.000000 0.000000 0.000000 0.000000 0.000000 0.000000 0.000000 0.000000 0.000000 0.000000 0.000000 0.000000 0.000000 0.000000 0.000000 0.000000 0.348644 0.456057 0.544823
0.000000 0.000000 0.000000 0.000000 0.000000 0.000000 0.000000 0.204741 0.279357 0.267564 0.232529 0.205606 0.000000 0.000000 0.000000 0.000000 0.000000 0.000000 0.000000 0.000000 0.000000 0.217570 0.262740 0.323679 0.406354 0.492062 0.595299 0.722541 0.805264 0.809613 0.697908 0.572655 0.474483 0.409925 0.364190 0.332580 0.308883 0.286238 0.262772 0.228891 0.000000 0.000000 0.000000 0.000000 0.000000 0.000000 0.000000 0.000000 0.000000 0.000000 0.000000 0.000000 0.000000 0.000000 0.000000 0.000000 0.000000 0.000000 0.324166 0.490222 0.606823 0.691124 0.743912
0.000000 0.000000 0.000000 0.000000 0.000000 0.000000 0.000000 0.226853 0.289010 0.262565 0.207634 0.000000 0.000000 0.000000 0.000000 0.000000 0.000000 0.000000 0.000000 0.000000 0.000000 0.000000 0.200451 0.233902 0.283531 0.371455 0.472525 0.562988 0.681418 0.777277 0.829953 0.775014 0.704387 0.627008 0.531225 0.456280 0.399915 0.357063 0.324906 0.291970 0.251418 0.202793 0.000000 0.000000 0.000000 0.000000 0.000000 0.000000 0.000000 0.000000 0.000000 0.000000 0.000000 0.000000 0.000000 0.000000 0.292968 0.498955 0.665843 0.761518 0.819870 0.842610 0.844702
0.000000 0.000000 0.000000 0.000000 0.000000 0.000000 0.000000 0.253305 0.300767 0.258914 0.000000 0.000000 0.000000 0.000000 0.000000 0.000000 0.000000 0.000000 0.000000 0.000000 0.000000 0.000000 0.000000 0.000000 0.000000 0.227383 0.285008 0.372847 0.468810 0.559493 0.662992 0.730055 0.720094 0.682915 0.638304 0.557385 0.487701 0.456846 0.437731 0.419601 0.401704 0.380501 0.358029 0.344457 0.333373 0.272429 0.000000 0.000000 0.000000 0.000000 0.000000 0.000000 0.000000 0.000000 0.226495 0.461154 0.660784 0.794077 0.859724 0.881611 0.879673 0.860477 0.845379
0.000000 0.000000 0.000000 0.000000 0.000000 0.000000 0.000000 0.281680 0.314759 0.253959 0.000000 0.000000 0.200584 0.204796 0.220625 0.238275 0.270144 0.278361 0.254073 0.245891 0.212727 0.000000 0.000000 0.000000 0.000000 0.000000 0.000000 0.219016 0.283522 0.371965 0.425900 0.479468 0.570288 0.634926 0.642798 0.624365 0.579977 0.530497 0.517351 0.514960 0.511034 0.495484 0.453417 0.391859 0.254346 0.000000 0.000000 0.000000 0.000000 0.000000 0.000000 0.000000 0.000000 0.325776 0.571419 0.750078 0.838793 0.887730 0.898615 0.854425 0.814003 0.786946 0.771321
0.000000 0.000000 0.000000 0.000000 0.000000 0.000000 0.000000 0.314661 0.337300 0.259037 0.000000 0.000000 0.000000 0.230239 0.289316 0.328736 0.378650 0.406142 0.394301 0.403279 0.377416 0.326949 0.277873 0.202966 0.000000 0.000000 0.000000 0.000000 0.000000 0.218555 0.297087 0.370021 0.401164 0.438530 0.501795 0.562735 0.598138 0.595171 0.561422 0.523195 0.492100 0.460334 0.399483 0.237003 0.000000 0.000000 0.000000 0.000000 0.000000 0.000000 0.000000 0.000000 0.343496 0.587130 0.745136 0.822177 0.882280 0.881349 0.824052 0.780155 0.779370 0.774220 0.758868
0.000000 0.000000 0.000000 0.000000 0.000000 0.000000 0.000000 0.355300 0.373746 0.291528 0.000000 0.204416 0.220824 0.292505 0.393869 0.453378 0.519115 0.571701 0.570661 0.589407 0.578706 0.533054 0.484728 0.395920 0.290862 0.000000 0.000000 0.000000 0.000000 0.000000 0.000000 0.236080 0.317808 0.372926 0.395764 0.438092 0.493923 0.564067 0.551559 0.487492 0.445270 0.370073 0.000000 0.000000 0.000000 0.000000 0.000000 0.000000 0.000000 0.000000 0.000000 0.277960 0.527393 0.688794 0.763689 0.840278 0.858818 0.831567 0.867194 0.932106 1.002588 0.993880 0.959628
0.000000 0.000000 0.000000 0.000000 0.000000 0.000000 0.204080 0.401772 0.419710 0.349287 0.262005 0.281878 0.312651 0.406539 0.535479 0.610084 0.654908 0.673463 0.668573 0.679395 0.692896 0.697086 0.677068 0.623666 0.531448 0.408005 0.266391 0.000000 0.000000 0.000000 0.000000 0.000000 0.000000 0.236630 0.290270 0.327538 0.374912 0.443707 0.469219 0.400280 0.336981 0.000000 0.000000 0.000000 0.000000 0.000000 0.000000 0.000000 0.000000 0.000000 0.000000 0.385502 0.585344 0.661547 0.735703 0.804942 0.844067 0.930528 1.065803 1.189511 1.237611 1.231980 1.189028
0.000000 0.000000 0.000000 0.000000 0.000000 0.000000 0.219251 0.430515 0.478834 0.434082 0.373377 0.410633 0.462870 0.562077 0.664497 0.693577 0.697382 0.698612 0.691970 0.697384 0.716263 0.744841 0.786372 0.766836 0.715099 0.634469 0.516268 0.352086 0.000000 0.000000 0.000000 0.000000 0.000000 0.000000 0.000000 0.219483 0.268493 0.323977 0.340562 0.277170 0.000000 0.000000 0.000000 0.000000 0.000000 0.000000 0.000000 0.000000 0.000000 0.000000 0.000000 0.445675 0.602948 0.634668 0.676961 0.739914 0.870428 1.070028 1.240063 1.282359 1.315545 1.358018 1.361540
0.000000 0.000000 0.000000 0.000000 0.000000 0.000000 0.223562 0.439325 0.528165 0.538062 0.524240 0.566901 0.631532 0.680462 0.709064 0.712536 0.689303 0.621211 0.565709 0.551567 0.576980 0.698333 0.839886 0.888776 0.858789 0.791233 0.699303 0.589203 0.432320 0.252034 0.000000 0.000000 0.000000 0.000000 0.000000 0.000000 0.000000 0.249591 0.249815 0.000000 0.000000 0.000000 0.000000 0.000000 0.000000 0.000000 0.000000 0.000000 0.000000 0.000000 0.221275 0.491236 0.598888 0.607884 0.609632 0.691701 0.938882 1.188318 1.263494 1.262267 1.290053 1.402223 1.458892
0.000000 0.000000 0.000000 0.000000 0.000000 0.000000 0.000000 0.400861 0.535668 0.590712 0.606722 0.646389 0.695368 0.706961 0.693138 0.621797 0.498308 0.379678 0.317620 0.316795 0.352088 0.503277 0.797515 1.017807 1.009690 0.965283 0.865479 0.746087 0.635379 0.496409 0.309726 0.000000 0.000000 0.000000 0.000000 0.000000 0.000000 0.213484 0.214816 0.000000 0.000000 0.000000 0.000000 0.000000 0.000000 0.000000 0.000000 0.000000 0.000000 0.000000 0.287762 0.524674 0.579476 0.551033 0.529338 0.680390 1.010790 1.244347 1.247202 1.233939 1.285774 1.450230 1.543461
0.000000 0.000000 0.000000 0.000000 0.000000 0.000000 0.000000 0.256453 0.414203 0.545227 0.615382 0.630011 0.622505 0.576603 0.468372 0.350812 0.253856 0.000000 0.000000 0.212312 0.267415 0.417201 0.753837 1.083862 1.141610 1.109696 1.049088 0.914243 0.771626 0.642121 0.521708 0.347446 0.000000 0.000000 0.000000 0.000000 0.000000 0.000000 0.000000 0.000000 0.000000 0.000000 0.000000 0.000000 0.000000 0.000000 0.000000 0.000000 0.000000 0.000000 0.378066 0.519073 0.518570 0.465197 0.486230 0.712077 1.083248 1.242747 1.209409 1.167894 1.292984 1.525786 1.684282
0.000000 0.000000 0.000000 0.000000 0.000000 0.000000 0.000000 0.000000 0.000000 0.270775 0.346915 0.352490 0.341938 0.292426 0.233744 0.000000 0.000000 0.000000 0.000000 0.000000 0.257709 0.420711 0.774788 1.135118 1.211738 1.180905 1.142610 1.072870 0.918307 0.765348 0.629469 0.508987 0.334040 0.000000 0.000000 0.000000 0.000000 0.000000 0.000000 0.000000 0.000000 0.000000 0.000000 0.000000 0.000000 0.000000 0.000000 0.000000 0.000000 0.249297 0.452793 0.511550 0.453690 0.411158 0.508052 0.790656 1.156174 1.222266 1.130602 1.051074 1.149629 1.307072 1.509380
0.000000 0.000000 0.000000 0.000000 0.000000 0.000000 0.000000 0.000000 0.000000 0.000000 0.000000 0.000000 0.000000 0.000000 0.000000 0.000000 0.000000 0.000000 0.000000 0.000000 0.278956 0.519924 0.911766 1.208113 1.234191 1.203840 1.172354 1.133136 1.044187 0.896773 0.747876 0.614049 0.484382 0.305165 0.000000 0.000000 0.000000 0.000000 0.000000 0.000000 0.000000 0.000000 0.000000 0.000000 0.000000 0.000000 0.000000 0.000000 0.000000 0.361747 0.488081 0.456433 0.393227 0.413924 0.574872 0.903169 1.250134 1.230748 1.102338 1.029469 1.042307 1.129636 1.201292
0.000000 0.000000 0.000000 0.000000 0.000000 0.000000 0.000000 0.000000 0.000000 0.000000 0.000000 0.000000 0.000000 0.000000 0.000000 0.000000 0.000000 0.000000 0.000000 0.232010 0.411182 0.758865 1.041657 1.198133 1.147439 1.088104 1.081196 1.094949 1.071446 0.963109 0.832853 0.694468 0.569456 0.407088 0.233060 0.000000 0.000000 0.000000 0.000000 0.000000 0.000000 0.000000 0.000000 0.000000 0.000000 0.000000 0.000000 0.000000 0.301538 0.458511 0.461879 0.400061 0.387304 0.472047 0.668503 1.047371 1.339690 1.250011 1.100294 1.023545 1.030257 1.055523 1.094052
0.000000 0.000000 0.000000 0.000000 0.000000 0.000000 0.000000 0.000000 0.000000 0.000000 0.000000 0.000000 0.000000 0.000000 0.000000 0.000000 0.000000 0.000000 0.204842 0.330036 0.591783 0.876096 1.020474 0.911783 0.729936 0.566136 0.570376 0.658242 0.858262 0.951278 0.908533 0.770553 0.639169 0.507612 0.313900 0.000000 0.000000 0.000000 0.000000 0.000000 0.000000 0.000000 0.000000 0.000000 0.000000 0.000000 0.000000 0.267458 0.433406 0.482502 0.423334 0.404157 0.444426 0.567673 0.783666 1.245843 1.438372 1.304789 1.116488 1.006688 0.980059 0.962408 0.958607
0.000000 0.000000 0.000000 0.000000 0.000000 0.000000 0.000000 0.000000 0.000000 0.000000 0.000000 0.000000 0.000000 0.000000 0.000000 0.000000 0.000000 0.000000 0.269460 0.417884 0.711579 0.881752 0.765462 0.616026 0.344756 0.000000 0.208445 0.277033 0.432289 0.741440 0.883692 0.847205 0.737266 0.609932 0.390491 0.202092 0.000000 0.000000 0.000000 0.000000 0.000000 0.000000 0.000000 0.000000 0.000000 0.000000 0.255919 0.415547 0.519537 0.465058 0.434571 0.453156 0.547301 0.656326 0.923973 1.494845 1.697004 1.552819 1.324370 1.180149 1.114420 1.055479 0.986451
0.000000 0.000000 0.000000 0.000000 0.000000 0.000000 0.000000 0.000000 0.000000 0.000000 0.000000 0.000000 0.000000 0.000000 0.000000 0.000000 0.000000 0.225366 0.324440 0.494455 0.736579 0.695736 0.596012 0.390219 0.000000 0.000000 0.229718 0.326844 0.390793 0.558415 0.882029 0.990526 0.900896 0.763548 0.533723 0.295884 0.225029 0.214482 0.000000 0.000000 0.000000 0.000000 0.000000 0.000000 0.205752 0.260188 0.412590 0.569754 0.551834 0.470862 0.464808 0.546438 0.661462 0.781427 1.112349 1.757645 2.188305 2.111672 1.902278 1.645997 1.486091 1.400045 1.299201
0.000000 0.000000 0.000000 0.000000 0.000000 0.000000 0.000000 0.000000 0.000000 0.000000 0.000000 0.000000 0.000000 0.000000 0.000000 0.000000 0.000000 0.302135 0.380339 0.535735 0.675386 0.598690 0.500321 0.289144 0.000000 0.250858 0.366958 0.514570 0.632765 0.765757 0.960157 1.228716 1.218838 1.070330 0.827202 0.501449 0.308184 0.250598 0.216658 0.000000 0.000000 0.000000 0.212175 0.232983 0.272212 0.408311 0.671915 0.704483 0.575730 0.494793 0.534502 0.698974 0.882261 1.108673 1.554678 2.251482 2.802928 2.791186 2.587091 2.224557 1.846494 1.552985 1.423654
0.000000 0.000000 0.000000 0.000000 0.000000 0.000000 0.000000 0.000000 0.000000 0.000000 0.000000 0.000000 0.000000 0.000000 0.000000 0.000000 0.264166 0.378870 0.418304 0.546744 0.647299 0.560143 0.470550 0.302857 0.274576 0.392448 0.549849 0.778232 0.957059 1.106856 1.259872 1.448668 1.555385 1.431337 1.209620 0.858499 0.518276 0.336634 0.245537 0.000000 0.000000 0.000000 0.244750 0.295441 0.431119 0.756214 1.000966 0.895360 0.616557 0.570803 0.681556 1.017061 1.389506 1.699473 1.996374 2.428788 2.971864 3.230636 3.109639 2.891332 2.449111 1.822181 1.368951
0.000000 0.000000 0.000000 0.000000 0.000000 0.000000 0.000000 0.000000 0.000000 0.000000 0.000000 0.000000 0.000000 0.000000 0.000000 0.261001 0.398304 0.478798 0.495653 0.581792 0.638367 0.542829 0.493007 0.403293 0.412160 0.569192 0.804563 1.052264 1.230948 1.387940 1.526516 1.668733 1.805543 1.794694 1.593073 1.300200 0.882272 0.520716 0.312417 0.000000 0.000000 0.252533 0.335447 0.471561 0.755380 1.245236 1.390710 1.120393 0.756787 0.757437 1.060171 1.611446 1.971663 2.085140 2.142621 2.302017 2.693207 3.105869 3.245419 3.086303 2.879517 2.392412 1.531156
0.000000 0.000000 0.000000 0.000000 0.000000 0.000000 0.000000 0.000000 0.000000 0.000000 0.000000 0.000000 0.229393 0.314813 0.412448 0.526063 0.636765 0.695382 0.693760 0.755231 0.794250 0.690108 0.622009 0.535528 0.595518 0.802543 1.066579 1.268068 1.455154 1.612931 1.701603 1.756046 1.900869 2.010566 1.909752 1.711364 1.368679 0.875669 0.515341 0.300024 0.261265 0.370682 0.523117 0.758458 1.219707 1.798538 1.756626 1.396853 1.021699 1.165546 1.681887 2.102441 2.220085 2.216768 2.179974 2.078024 2.048537 2.270496 2.616321 2.638476 2.544496 2.413142 1.955538
0.000000 0.000000 0.000000 0.000000 0.000000 0.000000 0.000000 0.000000 0.237301 0.336964 0.441517 0.546611 0.632175 0.699764 0.758771 0.826970 0.905361 0.968540 0.983718 1.103815 1.162649 1.040221 0.883447 0.796325 0.894419 1.080516 1.289653 1.485839 1.672721 1.795173 1.830987 1.852710 1.960463 2.140121 2.175886 2.081047 1.887752 1.396765 0.924354 0.592724 0.436051 0.536559 0.751139 1.099508 1.669427 2.241411 2.113595 1.841382 1.456270 1.752451 2.162009 2.260552 2.287751 2.137070 1.789091 1.503399 1.453011 1.666242 1.953027 2.221496 2.200548 2.132786 1.983917
0.000000 0.000000 0.000000 0.000000 0.275774 0.415855 0.567728 0.717633 0.851760 0.949338 1.018448 1.074291 1.131623 1.178714 1.231422 1.301712 1.360724 1.410353 1.475853 1.600778 1.547669 1.385531 1.195269 1.141487 1.241950 1.364178 1.524090 1.713079 1.858386 1.913177 1.916149 1.915947 2.028401 2.246998 2.411118 2.400909 2.355436 1.970523 1.465351 1.117726 0.831223 0.873397 1.171106 1.645989 2.317519 2.709086 2.562054 2.224107 1.929164 2.215821 2.352835 2.328476 2.038678 1.583215 1.278419 1.252321 1.454014 1.571256 1.663640 1.751280 1.825320 1.841187 1.817144
0.000000 0.291356 0.565413 0.821309 1.049400 1.220646 1.360869 1.476015 1.556059 1.600432 1.636184 1.648176 1.652137 1.660250 1.678226 1.711517 1.752070 1.834959 1.969826 2.012780 1.862854 1.643207 1.473306 1.470095 1.543270 1.622626 1.733277 1.879124 1.955722 1.937655 1.865079 1.898639 2.067120 2.312757 2.559719 2.696986 2.767998 2.566742 2.109797 1.764831 1.555291 1.661465 2.084975 2.569242 3.040671 3.080346 2.927297 2.515144 2.274980 2.454155 2.457820 2.033036 1.509210 1.240027 1.269715 1.465716 1.481491 1.463082 1.285852 1.168587 1.102068 1.058175 1.042106
0.996324 1.344562 1.601303 1.783288 1.918654 2.001589 2.067930 2.084744 2.084651 2.058737 2.016236 1.962158 1.912277 1.875723 1.853737 1.867732 1.958986 2.103063 2.184817 2.092654 1.885571 1.721829 1.665149 1.692870 1.753075 1.822054 1.914001 2.017996 2.051100 1.963230 1.860498 2.009636 2.265176 2.610477 2.919452 3.089740 3.161994 3.082036 2.765705 2.553393 2.485008 2.674426 2.993379 3.251582 3.327050 3.170491 2.950794 2.541103 2.466033 2.584226 2.128547 1.501885 1.269531 1.329619 1.469326 1.446839 1.228046 0.931943 0.681398 0.496119 0.374803 0.302617 0.285786
2.120136 2.259598 2.365546 2.456821 2.501311 2.525003 2.486358 2.395327 2.291706 2.187359 2.095955 2.017214 1.959569 1.925952 1.933610 2.033011 2.133445 2.199283 2.148305 1.964805 1.830951 1.799661 1.814403 1.865438 1.929594 1.988447 2.058408 2.098762 2.064955 2.031894 2.246952 2.670104 2.913522 3.130956 3.395531 3.464908 3.500648 3.400820 3.207529 3.040890 3.054712 3.172688 3.319139 3.419907 3.294003 3.139303 2.872095 2.501667 2.578701 2.244491 1.582967 1.295050 1.373466 1.495893 1.388739 1.092943 0.708950 0.387715 0.000000 0.000000 0.000000 0.000000 0.000000
