tests/test_04/output4/CloudArrivalTime.dat
NCOLS   360
NROWS    60
XLLCORNER           0.000
YLLCORNER           0.000
CELLSIZE           1.000          1.000
NODATA_VALUE -9999.
[rows 0 to 23 of 60, columns 54 to 107 of 360]
209.733719 213.914825 216.128906 218.338730 220.830536 228.610947 229.509705 230.419983 231.623047 232.804398 234.251038 235.670822 237.091965 238.796600 -9999.000000 -9999.000000 -9999.000000 -9999.000000 -9999.000000 -9999.000000 -9999.000000 -9999.000000 -9999.000000 -9999.000000 -9999.000000 -9999.000000 191.299728 191.872147 192.448151 193.027237 193.607147 194.186249 194.761917 195.323227 195.869690 196.661453 197.669662 -9999.000000 -9999.000000 -9999.000000 -9999.000000 -9999.000000 -9999.000000 -9999.000000 -9999.000000 -9999.000000 -9999.000000 -9999.000000 -9999.000000 -9999.000000 -9999.000000 -9999.000000 -9999.000000 -9999.000000
205.642197 206.597610 207.594894 208.640076 210.012756 212.044754 218.655136 221.135193 224.125397 228.312973 231.024307 233.096466 234.819473 236.523285 238.228622 -9999.000000 -9999.000000 -9999.000000 186.843262 187.114929 187.662354 188.212906 188.766663 189.323685 189.884018 190.447723 191.299728 191.872147 192.737518 193.317108 193.896866 194.761917 195.323227 195.869690 196.401154 196.918335 197.422318 197.914062 198.155624 198.630585 199.102325 199.578568 200.059433 200.781479 201.498901 202.916916 -9999.000000 -9999.000000 -9999.000000 -9999.000000 -9999.000000 -9999.000000 -9999.000000 -9999.000000
202.448364 203.379517 204.286987 205.409821 206.597610 207.851425 209.182236 210.863708 213.282242 221.740128 225.323227 228.909195 231.623047 184.372177 184.092484 184.650925 185.205597 186.030563 186.573547 187.388245 188.212906 188.766663 189.603439 190.447723 191.299728 191.872147 192.737518 193.607147 194.475311 195.323227 196.137283 196.661453 197.422318 198.155624 198.865906 199.339874 200.059433 200.541321 201.021133 201.498901 201.737030 202.211792 202.448364 202.448364 202.448364 202.683395 202.916916 203.608658 204.509659 -9999.000000 -9999.000000 -9999.000000 -9999.000000 -9999.000000
199.339874 200.059433 201.021133 201.974655 203.148956 204.509659 205.877411 207.341339 181.355377 180.836411 181.094727 181.618362 182.421936 183.248947 184.092484 185.205597 186.030563 186.843262 187.937225 188.766663 189.603439 190.447723 191.299728 192.448151 193.317108 194.186249 195.044495 195.869690 196.661453 197.422318 198.155624 198.865906 199.578568 200.300644 201.021133 201.737030 202.448364 202.916916 203.608658 204.286987 204.730637 205.180511 205.642197 206.115005 206.597610 207.090668 -9999.000000 -9999.000000 205.180511 205.180511 205.877411 -9999.000000 -9999.000000 -9999.000000
195.323227 196.137283 197.171906 198.394424 176.801895 177.038651 177.519012 178.257629 179.019424 179.804489 180.836411 181.883743 183.248947 184.372177 185.481537 186.573547 187.662354 188.766663 189.884018 191.014847 191.872147 192.737518 193.896866 194.761917 195.598236 196.401154 197.171906 197.914062 198.865906 199.578568 200.300644 200.781479 201.498901 201.974655 202.683395 203.148956 203.836395 204.286987 204.730637 205.180511 205.642197 206.115005 206.597610 207.090668 207.341339 207.851425 208.373901 208.909698 -9999.000000 -9999.000000 -9999.000000 -9999.000000 -9999.000000 -9999.000000
172.784058 173.230240 173.893188 174.547577 175.425354 176.334885 177.277664 178.257629 179.540665 180.836411 182.151581 183.811829 185.205597 186.573547 187.937225 189.044769 190.447723 191.585495 192.448151 193.607147 194.475311 195.598236 196.401154 197.171906 197.914062 198.865906 199.578568 200.300644 200.781479 201.260269 201.498901 201.737030 201.498901 201.737030 201.974655 202.448364 202.916916 203.608658 204.062576 204.509659 204.954147 205.642197 206.115005 206.597610 207.090668 207.594894 208.111053 208.373901 208.909698 209.456894 210.012756 -9999.000000 -9999.000000 -9999.000000
171.653214 172.559662 173.452057 174.547577 175.649811 176.801895 178.257629 180.065781 181.618362 183.248947 184.928726 186.573547 188.212906 189.603439 190.730850 192.159683 193.027237 194.186249 195.323227 196.137283 197.171906 197.914062 198.865906 199.578568 200.300644 200.781479 197.422318 197.669662 198.155624 198.630585 199.102325 199.818405 200.300644 201.021133 201.498901 202.211792 202.916916 203.379517 204.062576 204.509659 205.180511 205.642197 206.115005 206.597610 207.090668 207.594894 208.111053 208.640076 208.909698 209.456894 209.733719 210.294067 210.863708 212.044754
171.653214 172.784058 174.112335 175.649811 177.277664 179.019424 181.094727 182.970551 184.928726 186.843262 188.489395 190.165436 191.585495 192.737518 193.896866 195.044495 196.137283 197.422318 198.394424 199.339874 200.300644 194.186249 194.186249 194.475311 195.044495 195.869690 196.401154 197.171906 197.914062 198.630585 199.339874 200.059433 200.781479 201.498901 202.211792 202.916916 203.608658 204.062576 204.730637 205.409821 206.115005 206.597610 207.090668 207.594894 207.851425 208.373901 208.640076 208.909698 209.456894 209.733719 210.012756 210.577682 210.863708 211.153290
173.007568 174.547577 176.104523 178.008911 179.804489 181.883743 183.811829 186.030563 187.937225 189.603439 191.299728 192.737518 194.186249 195.598236 196.918335 198.155624 199.578568 200.781479 191.585495 191.585495 191.872147 192.737518 193.317108 194.186249 195.044495 195.869690 196.918335 197.914062 198.630585 199.578568 200.541321 201.260269 202.211792 202.916916 203.608658 204.509659 205.180511 205.877411 206.597610 207.090668 207.594894 208.111053 208.640076 208.909698 209.182236 209.456894 209.733719 210.012756 210.012756 210.294067 210.577682 210.863708 211.153290 211.446564
174.764084 176.567322 178.257629 180.324615 182.421936 184.372177 186.573547 188.489395 190.165436 191.872147 193.317108 194.761917 196.137283 197.669662 199.102325 200.781479 189.044769 189.323685 189.603439 190.447723 191.299728 192.159683 193.317108 194.475311 195.323227 196.661453 197.669662 198.865906 200.059433 201.021133 202.211792 203.148956 204.062576 204.730637 205.642197 206.355042 207.090668 207.851425 208.373901 208.909698 209.456894 209.733719 210.294067 210.577682 211.153290 211.153290 211.446564 211.446564 211.743668 211.743668 211.743668 211.743668 211.743668 212.044754
176.104523 178.008911 179.804489 181.883743 183.811829 185.756561 187.937225 189.884018 191.585495 193.027237 194.475311 196.137283 197.669662 199.339874 201.260269 186.843262 187.114929 187.662354 188.489395 189.603439 190.730850 191.872147 193.027237 194.475311 195.869690 197.422318 198.865906 200.059433 201.498901 202.683395 204.062576 205.180511 206.115005 207.341339 208.373901 209.456894 210.294067 211.153290 211.446564 211.743668 211.743668 212.044754 212.349991 212.658463 212.658463 212.969193 213.282242 213.597626 213.597626 213.597626 213.282242 212.969193 212.969193 212.658463
176.334885 178.008911 180.065781 182.151581 184.092484 186.030563 187.937225 189.884018 191.585495 193.317108 195.044495 196.918335 198.630585 200.541321 184.928726 185.205597 185.756561 186.573547 187.662354 188.766663 190.165436 191.585495 193.027237 194.475311 196.137283 197.914062 199.578568 201.260269 202.916916 204.509659 205.877411 207.594894 209.733719 213.282242 215.498276 217.385117 218.655136 219.907425 220.830536 222.040436 222.933731 223.826904 224.723572 225.922623 215.813843 215.498276 215.498276 215.498276 215.498276 215.813843 215.498276 215.182205 214.865601 214.231888
176.104523 178.008911 179.804489 181.883743 183.811829 185.481537 187.388245 189.323685 191.299728 193.027237 195.044495 196.918335 199.102325 183.248947 183.248947 183.530197 184.372177 185.756561 186.843262 188.212906 189.603439 191.014847 192.737518 194.475311 196.401154 198.394424 200.059433 201.974655 203.836395 205.877411 208.640076 212.349991 214.548813 216.442856 218.021072 219.284225 220.524353 221.740128 222.933731 223.826904 225.023239 226.222061 227.119247 228.312973 229.509705 230.722855 231.623047 218.338730 218.021072 218.021072 218.021072 217.702454 217.385117 216.754929
175.202927 177.038651 178.762894 180.836411 182.694916 184.650925 186.302887 188.212906 190.165436 192.159683 194.186249 196.137283 181.883743 181.355377 181.618362 182.421936 183.811829 184.928726 186.302887 187.662354 189.044769 190.447723 192.159683 194.186249 196.137283 198.155624 200.300644 202.211792 204.730637 208.373901 211.743668 213.914825 215.813843 217.702454 218.970291 220.524353 221.740128 222.933731 224.125397 225.023239 226.222061 227.417953 228.610947 229.811996 231.024307 231.920364 233.096466 233.964645 235.103134 235.954849 220.524353 220.216675 220.216675 219.907425
174.112335 175.649811 177.277664 179.019424 181.094727 182.970551 184.650925 186.302887 187.937225 189.603439 191.585495 179.804489 179.278656 179.804489 180.836411 181.883743 183.248947 184.650925 185.756561 187.114929 188.489395 190.165436 191.872147 193.896866 196.137283 198.394424 200.300644 202.916916 206.597610 209.733719 212.349991 214.548813 216.442856 218.021072 219.596619 221.135193 222.339310 223.528793 224.723572 225.922623 227.119247 228.312973 229.509705 230.419983 231.623047 232.511032 233.676727 234.535950 235.670822 236.523285 237.660400 238.512634 223.231064 222.933731
172.784058 174.112335 175.425354 176.801895 178.008911 179.804489 181.355377 182.970551 184.650925 185.205597 177.038651 177.277664 178.257629 179.278656 180.324615 181.618362 182.970551 184.372177 185.756561 187.114929 188.489395 189.884018 191.872147 193.896866 196.137283 198.155624 200.541321 203.836395 206.842789 209.733719 212.044754 214.231888 216.442856 218.338730 219.907425 221.438385 222.636795 223.826904 225.023239 226.222061 227.417953 228.610947 229.811996 231.024307 231.920364 232.804398 233.964645 234.819473 235.954849 236.807648 237.944534 238.796600 239.931885 -9999.000000
171.424362 172.559662 173.673035 174.764084 175.876175 176.801895 177.519012 173.893188 174.330444 174.982513 175.876175 176.801895 177.762726 179.019424 180.065781 181.355377 182.694916 184.092484 185.481537 186.843262 188.489395 189.884018 191.872147 193.896866 196.137283 198.394424 201.021133 203.608658 206.115005 208.909698 211.446564 213.597626 215.813843 218.021072 219.596619 221.135193 222.339310 223.826904 225.023239 226.222061 227.417953 228.909195 230.115677 231.024307 232.216354 233.096466 233.964645 235.103134 235.954849 237.091965 237.944534 239.080505 239.931885 -9999.000000
169.408310 170.518845 170.518845 170.518845 170.518845 171.196503 171.881180 172.784058 173.673035 174.547577 175.649811 176.567322 177.762726 178.762894 180.065781 181.355377 182.970551 184.372177 185.756561 187.388245 188.766663 190.447723 192.159683 194.186249 196.401154 198.865906 201.021133 203.148956 205.409821 208.111053 210.863708 213.282242 215.498276 217.385117 219.284225 220.830536 222.339310 223.528793 225.023239 226.222061 227.417953 228.909195 230.115677 231.024307 232.216354 233.096466 233.964645 235.103134 235.954849 237.091965 237.944534 239.080505 240.000000 -9999.000000
166.571945 167.228760 168.101334 168.970444 169.849762 170.743759 171.881180 172.784058 173.673035 174.547577 175.649811 176.801895 177.762726 179.278656 180.581055 182.151581 183.811829 185.205597 186.573547 187.937225 189.603439 191.014847 192.737518 194.761917 196.661453 198.865906 200.781479 202.916916 205.180511 208.111053 210.577682 212.658463 214.865601 217.385117 219.284225 220.830536 222.040436 223.528793 224.723572 225.922623 227.417953 228.610947 229.811996 231.024307 231.920364 233.096466 233.964645 234.819473 235.954849 237.091965 237.944534 239.080505 -9999.000000 -9999.000000
165.913956 166.791107 167.883530 168.970444 170.071854 171.196503 172.108231 173.230240 174.330444 175.202927 176.334885 177.519012 178.762894 180.324615 181.883743 183.530197 184.928726 186.302887 187.662354 189.044769 190.165436 191.585495 193.317108 195.044495 196.918335 198.865906 201.021133 207.090668 208.640076 210.294067 211.743668 213.597626 215.498276 217.385117 219.284225 220.524353 222.040436 223.231064 224.723572 225.922623 227.119247 228.610947 229.811996 231.024307 231.920364 232.804398 233.964645 234.819473 235.954849 236.807648 237.944534 239.080505 -9999.000000 -9999.000000
166.571945 167.665497 168.970444 170.294876 171.424362 172.559662 173.893188 174.982513 175.876175 177.038651 178.257629 179.540665 181.094727 182.694916 184.372177 185.756561 187.114929 188.489395 189.323685 190.447723 191.585495 192.737518 194.186249 195.869690 198.155624 204.730637 206.842789 208.640076 210.012756 211.446564 212.969193 214.548813 216.442856 218.021072 219.284225 220.524353 221.740128 222.933731 224.125397 225.623016 226.820374 228.014816 229.208786 230.419983 231.623047 232.511032 233.676727 234.819473 235.670822 236.807648 237.944534 239.080505 -9999.000000 -9999.000000
167.883530 169.408310 170.969650 172.334396 173.673035 175.202927 176.334885 177.762726 179.278656 180.581055 182.151581 183.811829 185.756561 187.388245 188.766663 189.884018 191.299728 192.448151 193.607147 195.044495 196.661453 198.394424 200.300644 202.448364 204.954147 206.597610 208.111053 209.456894 210.863708 212.349991 213.914825 215.182205 216.442856 217.702454 218.970291 220.216675 221.438385 222.636795 223.826904 224.723572 225.922623 227.119247 228.312973 229.509705 230.722855 231.920364 232.804398 233.964645 235.103134 236.238998 237.660400 238.796600 239.931885 -9999.000000
170.294876 172.334396 189.884018 190.447723 191.299728 191.872147 192.448151 193.027237 193.607147 193.896866 194.186249 194.186249 194.186249 194.186249 194.475311 195.044495 195.598236 196.401154 197.171906 198.394424 199.578568 201.021133 202.916916 205.180511 206.842789 208.111053 209.456894 210.577682 211.743668 212.969193 214.231888 215.498276 216.442856 217.702454 218.970291 220.216675 221.438385 222.636795 223.528793 224.723572 225.623016 226.820374 227.716476 228.909195 229.811996 231.024307 232.216354 233.096466 234.251038 235.670822 236.807648 238.228622 239.364365 -9999.000000
187.662354 188.766663 189.884018 191.014847 196.661453 197.422318 198.630585 199.578568 200.541321 201.260269 201.260269 200.541321 200.059433 199.818405 200.059433 200.300644 200.781479 201.498901 202.448364 203.608658 204.954147 206.115005 206.842789 207.851425 208.640076 209.733719 210.577682 211.743668 212.658463 213.914825 215.182205 216.754929 218.655136 220.524353 222.339310 224.125397 227.119247 230.419983 -9999.000000 -9999.000000 -9999.000000 -9999.000000 -9999.000000 -9999.000000 -9999.000000 -9999.000000 -9999.000000 233.387283 233.964645 235.103134 236.238998 237.376205 238.796600 239.931885
