tests/test_04/output4/CloudConcentration_240.00hrs.dat
NCOLS   360
NROWS    60
XLLCORNER           0.000
YLLCORNER           0.000
CELLSIZE           1.000          1.000
NODATA_VALUE -9999.
[rows 0 to 27 of 60, columns 189 to 251 of 360]
0.000000 0.000000 0.000000 0.104957 0.135793 0.142872 0.143484 0.136304 0.381175 0.820406 1.265302 1.598822 1.702323 1.721336 1.717723 1.619256 1.693657 1.695384 1.581237 1.345551 1.107686 0.919953 0.855746 0.846687 0.848303 0.830099 0.765478 0.682125 1.416472 2.726193 3.093485 3.001437 2.245858 1.910740 1.786892 1.691908 1.880438 1.980036 1.853793 1.673875 1.501041 1.322479 1.156440 0.997763 0.876986 0.748258 0.875973 0.927080 0.962491 1.058787 1.141760 1.122206 1.049564 0.914653 0.783279 0.682694 0.602338 0.536279 0.481604 0.434727 0.396361 0.365869 0.351013
0.000000 0.000000 0.081175 0.151912 0.174404 0.177051 0.167423 0.142523 0.525662 0.996476 1.451186 1.652654 1.696037 1.699009 1.680701 1.454850 1.081271 0.851105 0.793225 0.784061 0.788747 0.828482 0.870346 0.885014 0.885021 0.896457 0.875587 0.805913 1.583602 3.244236 3.710659 3.574783 2.645904 2.274728 2.196748 2.373699 2.530868 2.274046 1.939911 1.686417 1.488377 1.341785 1.240616 1.167561 1.143226 1.043947 0.868172 0.885081 1.007309 1.168444 1.183592 1.115835 1.022796 0.901098 0.779600 0.708303 0.873910 1.000521 1.081995 1.081260 1.046052 0.978135 0.894303
0.000000 0.000000 0.000000 0.123709 0.139264 0.140292 0.125164 0.149812 0.403100 0.676225 0.943123 1.075009 1.108048 1.111511 1.108831 1.066398 0.946125 0.849724 0.819936 0.814843 0.817472 0.863432 0.935581 0.986413 0.997883 0.993574 0.945696 0.974663 1.159124 3.467714 4.413131 4.398194 3.420687 2.665108 2.444275 2.949516 2.746137 2.200140 1.885147 1.755360 1.614309 1.438772 1.291408 1.175399 1.071443 0.959562 0.973162 1.112181 1.363319 1.462250 1.431541 1.310369 1.537147 1.883992 2.157942 2.326844 2.302343 2.172743 1.886388 1.597593 1.322339 1.074864 0.888066
0.000000 0.000000 0.000000 0.000000 0.069760 0.070550 0.064905 0.056050 0.121475 0.226173 0.335200 0.444486 0.548252 0.633728 0.697156 0.742864 0.786421 0.812835 0.820307 0.822167 0.824965 0.833151 0.911536 1.018703 1.057952 1.062111 1.044368 1.239889 1.596273 2.484854 4.750880 5.330022 4.569213 3.183465 2.488514 3.063588 2.913969 2.277411 1.897381 1.803633 1.746081 1.657771 1.494817 1.275934 1.114416 1.008133 1.032360 1.260566 1.551516 1.767573 2.428027 3.170512 3.761464 4.094902 3.960906 3.629517 3.229514 2.744879 2.261665 1.830948 1.516289 1.248474 1.004078
0.000000 0.000000 0.000000 0.000000 0.000000 0.000000 0.000000 0.000000 0.000000 0.000000 0.114198 0.187550 0.261136 0.331730 0.406923 0.490070 0.577602 0.665440 0.741084 0.774810 0.789978 0.804079 0.856443 0.977642 1.077634 1.100350 1.098691 1.525966 2.225073 2.469478 4.139268 5.852614 6.114230 4.691581 2.985990 3.193036 3.286840 2.725563 2.096547 1.851112 1.750009 1.646467 1.516461 1.347733 1.214600 1.168556 1.231208 1.613979 2.360578 3.308181 4.261241 4.835448 4.988517 4.795685 4.877641 4.871408 4.851520 4.442045 3.829041 3.282754 2.718425 2.263979 1.910769
0.000000 0.000000 0.000000 0.000000 0.000000 0.000000 0.000000 0.000000 0.000000 0.000000 0.000000 0.075705 0.153956 0.257224 0.354880 0.410132 0.433644 0.461847 0.564104 0.665298 0.743698 0.788619 0.864725 0.971832 1.093192 1.157794 1.165625 1.631216 2.692224 3.356441 3.400956 5.899086 6.903251 6.760913 4.707005 3.028092 3.707444 3.291953 2.462069 2.026073 1.838026 1.693025 1.569502 1.449553 1.551752 2.169541 2.769624 3.268057 3.786308 4.572925 4.941495 4.774353 4.796655 4.760860 4.712399 4.601166 4.556231 4.192481 3.700933 3.214622 2.682564 2.283075 1.969469
0.000000 0.000000 0.000000 0.000000 0.000000 0.000000 0.000000 0.000000 0.000000 0.000000 0.000000 0.000000 0.061302 0.116054 0.263227 0.414725 0.553139 0.620834 0.651283 0.673749 0.686287 0.782167 0.938206 1.104812 1.279680 1.360721 1.372607 1.328240 2.782353 4.050835 4.480474 4.374473 7.091239 7.929533 7.186560 4.835318 3.995802 3.949320 3.027571 2.277205 2.060145 1.909329 2.196581 2.646075 2.981429 3.229380 3.500678 4.207399 4.650105 4.521271 3.463436 2.383801 2.143635 1.947385 1.823133 1.756863 1.773889 1.822097 1.751494 1.611517 1.415907 1.258251 1.117080
0.000000 0.000000 0.000000 0.000000 0.000000 0.000000 0.000000 0.000000 0.000000 0.000000 0.000000 0.000000 0.000000 0.077405 0.107881 0.157170 0.351656 0.549667 0.711209 0.778373 0.808760 0.822697 0.873954 1.168215 1.427896 1.550703 1.566200 1.534541 2.183362 4.193120 5.189418 5.447523 5.188357 8.218417 8.568063 7.425135 5.090041 4.359419 3.780071 2.603928 2.187773 2.027786 2.035158 2.258510 2.745688 3.145557 3.530871 3.551752 2.923194 1.820839 0.986723 0.613493 0.586687 0.561608 0.537850 0.525585 0.521312 0.516793 0.501561 0.463417 0.418356 0.373521 0.324756
0.000000 0.000000 0.000000 0.000000 0.000000 0.000000 0.000000 0.000000 0.000000 0.000000 0.000000 0.000000 0.000000 0.000000 0.040821 0.094558 0.150379 0.201281 0.398428 0.631839 0.772312 0.813088 0.822220 0.979012 1.417902 1.601885 1.622433 1.594744 1.361527 3.164043 5.237049 5.830658 5.914728 6.907164 8.792703 8.523497 6.608965 4.712449 4.258236 2.980615 2.445933 2.446251 2.575498 2.684348 2.796573 2.771179 2.259844 1.804930 1.752433 1.063059 0.477881 0.407944 0.345951 0.288700 0.341620 0.351007 0.343216 0.328631 0.362969 0.464042 0.426994 0.361159 0.878829
0.000000 0.000000 0.000000 0.000000 0.000000 0.000000 0.000000 0.000000 0.000000 0.000000 0.000000 0.000000 0.000000 0.000000 0.000000 0.000000 0.054717 0.088373 0.127974 0.212086 0.394690 0.528483 0.560396 0.611637 1.055220 1.453478 1.567147 1.574000 1.408888 1.532926 3.821500 5.575837 5.989210 5.631845 7.641730 8.541482 7.014971 5.207612 4.852587 3.726403 2.979327 2.740793 2.637723 2.499456 2.079283 1.305064 1.531590 1.632290 1.080214 0.286562 0.339727 0.360700 0.366661 0.367332 0.374465 0.383468 0.404237 0.420275 0.408710 0.447378 0.543713 0.762793 1.006422
0.000000 0.000000 0.000000 0.000000 0.000000 0.000000 0.000000 0.000000 0.000000 0.000000 0.000000 0.000000 0.000000 0.000000 0.000000 0.000000 0.000000 0.000000 0.068843 0.085313 0.105047 0.198777 0.255641 0.265596 0.497033 0.839687 1.005647 1.039010 1.032027 0.955094 1.815731 3.751744 4.560004 4.725269 5.904357 6.955892 6.470450 5.179620 5.104379 3.840439 2.935832 2.601990 2.205322 1.438644 1.201024 1.363370 1.467255 1.081595 0.260378 0.241529 0.291643 0.317812 0.338860 0.371099 0.370302 0.363998 0.342267 0.273760 0.184331 0.284676 0.405791 0.518645 0.501391
0.000000 0.000000 0.000000 0.000000 0.000000 0.000000 0.000000 0.000000 0.000000 0.000000 0.000000 0.000000 0.000000 0.000000 0.000000 0.000000 0.000000 0.000000 0.000000 0.000000 0.064076 0.067110 0.068626 0.074308 0.116418 0.223572 0.335489 0.388647 0.405012 0.408301 0.600472 1.579900 2.364351 2.543375 4.211893 5.260443 4.671532 5.060292 4.921236 3.528526 2.624254 1.890378 0.995959 1.169021 1.225376 1.326223 1.089546 0.356760 0.219653 0.218590 0.213923 0.165077 0.173598 0.196658 0.188064 0.167061 0.141146 0.119702 0.119692 0.119244 0.114568 0.107504 0.104763
0.000000 0.000000 0.000000 0.000000 0.000000 0.000000 0.000000 0.000000 0.000000 0.000000 0.000000 0.000000 0.000000 0.000000 0.000000 0.000000 0.000000 0.000000 0.000000 0.000000 0.000000 0.000000 0.000000 0.000000 0.000000 0.000000 0.063716 0.081051 0.091376 0.094433 0.241373 0.574135 0.804078 0.866788 2.602324 3.498037 3.188077 4.952561 4.547094 2.907899 1.712715 0.861447 1.124657 1.232140 1.206970 1.060388 0.479380 0.199923 0.203809 0.175695 0.150222 0.143454 0.135736 0.132757 0.130794 0.128603 0.130244 0.130400 0.128630 0.118494 0.116292 0.105842 0.101676
0.000000 0.000000 0.000000 0.000000 0.000000 0.000000 0.000000 0.000000 0.000000 0.000000 0.000000 0.000000 0.000000 0.000000 0.000000 0.000000 0.000000 0.000000 0.000000 0.000000 0.000000 0.000000 0.000000 0.000000 0.000000 0.000000 0.000000 0.000000 0.000000 0.000000 0.142072 0.282025 0.329700 0.339838 1.445517 2.094269 2.207958 4.540901 4.310423 2.365913 0.838812 0.988332 1.231497 1.235332 1.063664 0.625893 0.155776 0.172554 0.131766 0.106836 0.097198 0.099056 0.111885 0.126318 0.135173 0.136730 0.135956 0.129930 0.115057 0.115171 0.106219 0.103108 0.087136
0.000000 0.000000 0.000000 0.000000 0.000000 0.000000 0.000000 0.000000 0.000000 0.000000 0.000000 0.000000 0.000000 0.000000 0.000000 0.000000 0.000000 0.000000 0.000000 0.000000 0.000000 0.000000 0.000000 0.000000 0.000000 0.000000 0.000000 0.000000 0.000000 0.000000 0.093871 0.181794 0.204531 0.189843 0.748457 1.162597 1.644206 3.914696 4.046419 1.889591 0.808938 1.085581 1.228172 1.191971 0.799138 0.243148 0.147109 0.115890 0.061389 0.054496 0.054017 0.055718 0.058616 0.057191 0.057753 0.067559 0.077548 0.092283 0.096404 0.106656 0.108085 0.125098 0.132553
0.000000 0.000000 0.000000 0.000000 0.000000 0.000000 0.000000 0.000000 0.000000 0.000000 0.000000 0.000000 0.000000 0.000000 0.000000 0.000000 0.000000 0.000000 0.000000 0.000000 0.000000 0.000000 0.000000 0.000000 0.000000 0.000000 0.000000 0.000000 0.000000 0.000000 0.000000 0.132566 0.152632 0.145127 0.348205 0.514444 1.041342 3.246580 3.605584 1.662359 0.906744 1.106402 1.192073 1.029951 0.556926 0.151878 0.116388 0.069180 0.060884 0.056819 0.053557 0.044588 0.034742 0.025875 0.032014 0.043082 0.063007 0.084949 0.103032 0.108734 0.104039 0.128943 0.143430
0.000000 0.000000 0.000000 0.000000 0.000000 0.000000 0.000000 0.000000 0.000000 0.000000 0.000000 0.000000 0.000000 0.000000 0.000000 0.000000 0.000000 0.000000 0.000000 0.000000 0.000000 0.000000 0.000000 0.000000 0.000000 0.000000 0.000000 0.000000 0.000000 0.000000 0.000000 0.095955 0.112907 0.110672 0.188342 0.264096 0.473617 2.447763 2.981790 1.576423 1.013556 1.100283 1.065347 0.768658 0.346702 0.115026 0.075141 0.070007 0.066910 0.062130 0.052645 0.000000 0.000000 0.000000 0.033341 0.069341 0.096569 0.114311 0.111221 0.091744 0.072367 0.096136 0.125256
0.000000 0.000000 0.000000 0.000000 0.000000 0.000000 0.000000 0.000000 0.000000 0.000000 0.000000 0.000000 0.000000 0.000000 0.000000 0.000000 0.000000 0.000000 0.000000 0.000000 0.000000 0.000000 0.000000 0.000000 0.000000 0.000000 0.000000 0.000000 0.000000 0.000000 0.000000 0.000000 0.000000 0.084621 0.099610 0.156015 0.167423 1.625671 2.250808 1.424662 1.054316 1.065433 0.859651 0.511045 0.170999 0.071922 0.068690 0.065084 0.057426 0.000000 0.000000 0.000000 0.000000 0.057279 0.090307 0.115023 0.113150 0.100166 0.067895 0.064132 0.062599 0.067881 0.072083
0.000000 0.000000 0.000000 0.000000 0.000000 0.000000 0.000000 0.000000 0.000000 0.000000 0.000000 0.000000 0.000000 0.000000 0.000000 0.000000 0.000000 0.000000 0.000000 0.000000 0.000000 0.000000 0.000000 0.000000 0.000000 0.000000 0.000000 0.000000 0.000000 0.000000 0.000000 0.000000 0.000000 0.000000 0.000000 0.091812 0.108629 0.937969 1.508528 1.084750 1.045549 0.931227 0.567283 0.263989 0.060876 0.051601 0.000000 0.000000 0.000000 0.000000 0.000000 0.000000 0.087324 0.114573 0.112549 0.097466 0.075181 0.075429 0.070850 0.065210 0.063517 0.059126 0.000000
0.000000 0.000000 0.000000 0.000000 0.000000 0.000000 0.000000 0.000000 0.000000 0.000000 0.000000 0.000000 0.000000 0.000000 0.000000 0.000000 0.000000 0.000000 0.000000 0.000000 0.000000 0.000000 0.000000 0.000000 0.000000 0.000000 0.000000 0.000000 0.000000 0.000000 0.000000 0.000000 0.000000 0.000000 0.000000 0.000000 0.068111 0.468792 0.839272 0.800754 0.944714 0.583914 0.269319 0.067146 0.000000 0.000000 0.000000 0.000000 0.000000 0.000000 0.000000 0.106111 0.136654 0.113805 0.072196 0.097169 0.081304 0.056024 0.039508 0.000000 0.000000 0.000000 0.000000
0.000000 0.000000 0.000000 0.000000 0.000000 0.000000 0.000000 0.000000 0.000000 0.000000 0.000000 0.000000 0.000000 0.000000 0.000000 0.000000 0.000000 0.000000 0.000000 0.000000 0.000000 0.000000 0.000000 0.000000 0.000000 0.000000 0.000000 0.000000 0.000000 0.000000 0.000000 0.000000 0.000000 0.000000 0.000000 0.000000 0.000000 0.157725 0.452839 0.692412 0.597648 0.219983 0.000000 0.000000 0.000000 0.000000 0.000000 0.000000 0.000000 0.000000 0.113713 0.136683 0.109262 0.053713 0.126543 0.170842 0.104688 0.000000 0.000000 0.000000 0.000000 0.000000 0.000000
0.000000 0.000000 0.000000 0.000000 0.000000 0.000000 0.000000 0.000000 0.000000 0.000000 0.000000 0.000000 0.000000 0.000000 0.000000 0.000000 0.000000 0.000000 0.000000 0.000000 0.000000 0.000000 0.000000 0.000000 0.000000 0.000000 0.000000 0.000000 0.000000 0.000000 0.000000 0.000000 0.000000 0.000000 0.000000 0.000000 0.000000 0.154193 0.376931 0.410197 0.196099 0.000000 0.000000 0.000000 0.000000 0.000000 0.000000 0.000000 0.053753 0.129758 0.158372 0.113864 0.067860 0.000000 0.118051 0.185395 0.125448 0.000000 0.000000 0.000000 0.000000 0.000000 0.000000
0.000000 0.000000 0.000000 0.000000 0.000000 0.000000 0.000000 0.000000 0.000000 0.000000 0.000000 0.000000 0.000000 0.000000 0.000000 0.000000 0.000000 0.000000 0.000000 0.000000 0.000000 0.000000 0.000000 0.000000 0.000000 0.000000 0.000000 0.000000 0.000000 0.000000 0.000000 0.000000 0.000000 0.000000 0.000000 0.000000 0.000000 0.139928 0.222889 0.131234 0.000000 0.000000 0.000000 0.000000 0.000000 0.059126 0.072124 0.074689 0.101824 0.167584 0.156418 0.094622 0.000000 0.000000 0.073561 0.109891 0.088688 0.000000 0.000000 0.000000 0.000000 0.000000 0.000000
0.000000 0.000000 0.000000 0.000000 0.000000 0.000000 0.000000 0.000000 0.000000 0.000000 0.000000 0.000000 0.000000 0.000000 0.000000 0.000000 0.000000 0.000000 0.000000 0.000000 0.000000 0.000000 0.000000 0.000000 0.000000 0.000000 0.000000 0.000000 0.000000 0.000000 0.000000 0.000000 0.000000 0.000000 0.000000 0.000000 0.000000 0.086163 0.098668 0.000000 0.000000 0.000000 0.000000 0.059959 0.064276 0.075589 0.078342 0.076979 0.062028 0.130229 0.144967 0.116894 0.000000 0.000000 0.000000 0.000000 0.000000 0.000000 0.000000 0.000000 0.000000 0.000000 0.000000
0.000000 0.000000 0.000000 0.000000 0.000000 0.000000 0.000000 0.000000 0.000000 0.000000 0.000000 0.000000 0.000000 0.000000 0.000000 0.000000 0.000000 0.000000 0.000000 0.000000 0.000000 0.000000 0.000000 0.000000 0.000000 0.000000 0.000000 0.000000 0.000000 0.000000 0.000000 0.000000 0.000000 0.000000 0.000000 0.000000 0.000000 0.000000 0.000000 0.000000 0.000000 0.000000 0.000000 0.000000 0.057921 0.067079 0.068739 0.063515 0.000000 0.075510 0.111679 0.104311 0.084219 0.000000 0.000000 0.000000 0.000000 0.000000 0.000000 0.000000 0.000000 0.000000 0.000000
0.000000 0.000000 0.000000 0.000000 0.000000 0.000000 0.000000 0.000000 0.000000 0.000000 0.000000 0.000000 0.000000 0.000000 0.000000 0.000000 0.000000 0.000000 0.000000 0.000000 0.000000 0.000000 0.000000 0.000000 0.000000 0.000000 0.000000 0.000000 0.000000 0.000000 0.000000 0.000000 0.000000 0.000000 0.000000 0.000000 0.000000 0.000000 0.000000 0.000000 0.000000 0.000000 0.000000 0.000000 0.000000 0.000000 0.000000 0.000000 0.000000 0.000000 0.000000 0.000000 0.000000 0.000000 0.000000 0.000000 0.000000 0.000000 0.000000 0.000000 0.000000 0.000000 0.000000
0.000000 0.000000 0.000000 0.000000 0.000000 0.000000 0.000000 0.000000 0.000000 0.000000 0.000000 0.000000 0.000000 0.000000 0.000000 0.000000 0.000000 0.000000 0.000000 0.000000 0.000000 0.000000 0.000000 0.000000 0.000000 0.000000 0.000000 0.000000 0.000000 0.000000 0.000000 0.000000 0.000000 0.000000 0.000000 0.000000 0.000000 0.000000 0.000000 0.000000 0.000000 0.000000 0.000000 0.000000 0.000000 0.000000 0.000000 0.000000 0.000000 0.000000 0.000000 0.000000 0.000000 0.000000 0.000000 0.000000 0.000000 0.000000 0.000000 0.000000 0.000000 0.000000 0.000000
0.000000 0.000000 0.000000 0.000000 0.000000 0.000000 0.000000 0.000000 0.000000 0.000000 0.000000 0.000000 0.000000 0.000000 0.000000 0.000000 0.000000 0.000000 0.000000 0.000000 0.000000 0.000000 0.000000 0.000000 0.000000 0.000000 0.000000 0.000000 0.000000 0.000000 0.000000 0.000000 0.000000 0.000000 0.000000 0.000000 0.000000 0.000000 0.000000 0.000000 0.000000 0.000000 0.000000 0.000000 0.000000 0.000000 0.000000 0.000000 0.000000 0.000000 0.000000 0.000000 0.000000 0.000000 0.000000 0.000000 0.000000 0.000000 0.000000 0.000000 0.000000 0.000000 0.000000
