tests/test_04/output4/CloudArrivalTime.dat
NCOLS   360
NROWS    60
XLLCORNER           0.000
YLLCORNER           0.000
CELLSIZE           1.000          1.000
NODATA_VALUE -9999.
[rows 24 to 47 of 60, columns 270 to 323 of 360]
35.216808 36.601849 37.969910 39.590721 41.182701 43.241032 45.041889 46.604679 48.446381 50.017460 51.794998 53.274132 54.953629 56.392460 57.844570 59.062519 60.284851 61.750389 62.971432 64.436478 66.139877 67.819893 69.752182 71.209846 72.916924 74.381927 75.848419 77.071632 78.295883 79.031868 79.774803 80.024193 80.024193 79.526291 77.071632 75.359421 64.680634 63.703979 62.238819 61.750389 61.750389 62.238819 62.727230 63.459801 64.192322 65.168922 65.898422 66.859734 68.060547 69.025688 70.237442 71.697006 72.916924 74.381927
36.050030 37.424370 39.053452 40.656158 42.476582 44.266960 45.821411 47.391659 49.237202 50.786430 52.292419 53.758640 55.431648 56.875038 58.331059 59.551319 61.017689 62.483028 64.436478 66.139877 68.301460 70.237442 72.184792 74.137657 76.092979 77.561211 78.785942 79.774803 80.777710 81.795280 82.568481 83.350609 84.407883 84.674850 83.877136 82.828178 78.050949 76.826897 65.898422 65.168922 63.703979 63.215618 63.215618 63.703979 64.436478 65.412949 66.139877 67.099403 68.301460 69.509781 70.723328 71.940819 73.160980 74.626244
37.150761 38.783680 40.125019 41.704449 43.496738 45.041889 46.604679 48.182201 49.758652 51.293049 52.785431 54.239071 55.911339 57.359089 59.062519 60.529190 62.238819 64.436478 66.620308 69.267609 72.184792 74.381927 77.071632 79.774803 82.828178 88.288597 90.487289 92.408279 94.345703 96.046127 97.499130 87.026871 87.281662 87.787537 88.537369 89.276810 87.535210 85.471069 79.031868 78.050949 67.099403 66.139877 64.680634 64.680634 64.924782 65.656113 66.620308 67.579483 68.542618 69.752182 70.966507 72.184792 73.649239 74.870590
38.241852 39.858238 41.182701 42.731140 44.524738 46.082088 47.654819 49.237202 50.531330 52.044270 53.516899 55.192341 56.875038 58.574650 60.284851 62.483028 64.924782 68.060547 72.184792 78.785942 82.052040 85.207069 88.038658 90.247322 92.166908 94.345703 96.289101 98.219780 100.121918 101.763680 103.156708 104.323250 105.262939 105.971413 106.682152 93.134018 93.376160 94.103172 90.965408 81.539482 79.774803 78.295883 67.819893 66.139877 65.898422 66.380508 67.099403 68.060547 69.025688 70.237442 71.453346 72.672897 74.137657 75.359421
39.590721 41.182701 42.476582 44.266960 45.821411 47.128922 48.710880 50.017460 51.794998 53.274132 54.953629 56.875038 59.062519 61.506161 64.192322 68.060547 79.774803 84.141983 87.281662 89.276810 90.726219 92.166908 93.618401 95.802940 97.980019 99.411903 100.593109 101.530403 102.692657 103.855568 105.262939 106.445000 107.633087 108.827164 110.028374 110.995010 111.966782 113.188828 99.174362 98.936378 93.376160 82.052040 80.777710 69.509781 67.339317 67.339317 67.819893 68.542618 69.509781 70.723328 71.940819 73.160980 74.626244 75.848419
41.704449 42.985828 44.266960 45.821411 47.128922 48.710880 50.017460 51.794998 53.758640 55.911339 58.331059 61.261929 73.893433 94.345703 96.046127 97.016411 96.046127 95.316803 95.559822 96.046127 96.531853 97.499130 98.219780 98.936378 99.885681 100.828072 101.996536 102.924492 104.089233 105.262939 106.445000 107.633087 109.066780 110.269547 111.480247 112.699020 113.926041 115.162109 116.412041 117.676117 118.948433 120.000000 84.141983 82.828178 70.966507 68.542618 68.784027 69.267609 70.237442 71.453346 72.428879 73.893433 75.114983 76.337578
45.301262 46.604679 48.182201 49.498569 51.040329 53.274132 56.151718 100.593109 103.622261 106.919533 112.210533 116.160942 118.948433 121.252411 123.534172 114.666267 114.913872 115.660423 99.885681 99.411903 99.411903 99.649010 100.121918 100.828072 101.530403 102.461029 103.389313 104.323250 105.498772 106.682152 107.871422 108.827164 110.028374 111.237473 112.454613 113.679970 115.162109 116.412041 117.676117 118.948433 120.250908 121.755836 123.024223 86.254890 84.674850 70.237442 70.237442 70.480309 71.209846 72.184792 73.405090 74.626244 75.848419 77.071632
83.088890 85.207069 88.038658 90.487289 93.134018 95.802940 99.174362 102.461029 105.971413 109.787498 113.188828 116.160942 118.440567 120.751183 123.024223 125.308289 127.834602 118.185829 118.440567 118.948433 102.692657 102.461029 102.461029 102.924492 103.389313 104.089233 105.027473 105.971413 106.919533 108.109993 109.066780 110.269547 111.480247 112.454613 113.679970 114.913872 116.160942 117.676117 118.948433 120.250908 121.755836 123.024223 124.549973 125.812180 88.537369 86.513512 71.697006 71.940819 72.428879 73.405090 74.381927 75.603897 76.826897 78.050949
84.674850 87.026871 89.031464 91.444939 94.103172 97.258003 100.828072 104.323250 107.633087 110.752869 113.679970 116.160942 118.440567 120.501297 122.515167 124.803078 127.322441 129.948166 132.397827 121.503853 121.755836 106.445000 105.498772 105.498772 105.734970 106.208092 106.919533 107.871422 108.587852 109.546951 110.511047 111.723351 112.699020 113.679970 114.913872 116.160942 117.422150 118.694771 120.250908 121.503853 123.024223 124.549973 125.812180 127.322441 128.878036 130.219894 73.405090 73.405090 73.893433 74.626244 75.603897 76.826897 78.050949 79.526291
86.770828 89.031464 91.205002 93.618401 96.774361 100.828072 105.262939 109.066780 111.480247 113.188828 114.666267 116.663712 118.694771 120.751183 122.769409 124.803078 127.068649 129.409775 131.860992 134.268494 124.549973 124.296532 109.306709 108.587852 108.348801 108.587852 109.066780 109.787498 110.511047 111.480247 112.210533 113.188828 114.172447 115.162109 116.160942 117.422150 118.694771 119.957710 121.503853 122.769409 124.296532 125.812180 127.322441 128.614716 130.219894 131.589813 132.929016 75.114983 75.603897 76.337578 77.316399 78.540863 79.774803 81.030701
89.521057 91.444939 94.103172 205.877411 140.548767 140.548767 141.099106 142.205307 143.598557 144.993958 146.375534 121.252411 120.751183 121.755836 123.279373 125.308289 127.322441 129.678131 131.860992 133.998947 136.454742 127.068649 114.419189 112.210533 111.237473 111.237473 111.480247 111.966782 112.454613 113.188828 113.926041 114.913872 115.660423 116.663712 117.676117 118.948433 120.000000 121.503853 122.769409 124.296532 125.560402 127.068649 128.353043 129.948166 131.317261 132.663559 133.998947 76.582222 77.316399 78.050949 79.031868 80.274460 81.539482 82.828178
234.251038 227.119247 223.528793 220.216675 210.012756 148.003555 146.100937 145.825363 146.649185 147.734512 149.070816 150.639954 152.435867 154.201935 126.063629 126.816353 128.353043 130.219894 132.130310 134.268494 136.454742 138.637894 129.948166 116.160942 114.419189 114.172447 114.172447 114.419189 114.913872 115.410988 116.160942 116.663712 117.676117 118.440567 119.454132 120.501297 121.755836 123.024223 124.296532 125.560402 127.068649 128.353043 129.678131 131.043488 132.397827 133.730225 135.082245 78.540863 79.031868 80.024193 81.030701 82.052040 83.350609 84.407883
-9999.000000 -9999.000000 235.386917 228.610947 223.231064 218.970291 206.115005 150.897873 150.897873 151.412415 152.180862 153.700867 155.437943 157.365387 159.490448 161.759735 130.768463 131.317261 132.929016 134.810135 136.729523 138.908981 141.099106 143.318954 119.454132 117.676117 117.422150 117.168762 117.422150 117.930679 118.440567 119.201553 119.957710 120.751183 121.755836 122.769409 123.788628 125.055847 126.314751 127.577751 128.878036 130.219894 131.317261 132.663559 133.998947 135.355209 136.729523 80.525627 80.777710 81.539482 82.568481 83.613358 84.941673 85.994957
-9999.000000 -9999.000000 -9999.000000 239.931885 234.251038 228.312973 222.933731 209.733719 160.638931 157.365387 157.126389 158.080261 159.257523 160.865295 162.852951 165.474945 168.970444 134.810135 134.810135 135.903793 137.550583 139.453461 141.651291 143.598557 145.548843 125.560402 122.261497 121.252411 121.001518 121.252411 121.503853 122.008392 122.769409 123.534172 124.549973 125.308289 126.314751 127.577751 128.614716 129.948166 131.043488 132.397827 133.730225 134.810135 136.179428 137.550583 138.637894 140.000214 83.088890 83.613358 84.407883 85.207069 86.513512 87.535210
-9999.000000 -9999.000000 -9999.000000 -9999.000000 -9999.000000 239.364365 236.523285 234.535950 223.528793 212.044754 167.010056 164.816223 164.597061 165.694489 168.101334 171.196503 174.547577 178.762894 138.095306 138.095306 138.908981 140.548767 142.483017 144.436844 146.375534 148.271713 138.637894 126.816353 126.063629 125.560402 125.560402 125.812180 126.314751 126.816353 127.834602 128.614716 129.678131 130.493362 131.589813 132.929016 133.998947 135.355209 136.454742 137.823212 138.908981 140.000214 141.374969 142.761185 144.436844 85.994957 86.254890 87.026871 88.038658 89.031464
-9999.000000 -9999.000000 -9999.000000 -9999.000000 -9999.000000 -9999.000000 -9999.000000 -9999.000000 -9999.000000 -9999.000000 -9999.000000 -9999.000000 -9999.000000 217.702454 221.740128 -9999.000000 -9999.000000 -9999.000000 -9999.000000 141.651291 141.374969 142.205307 143.598557 145.271683 147.193695 149.335114 151.669037 142.761185 141.928070 137.003754 131.860992 131.317261 131.043488 131.589813 132.130310 132.663559 133.730225 134.538879 135.629059 136.729523 137.823212 138.908981 140.000214 141.374969 142.761185 144.157715 146.100937 147.734512 149.335114 151.155365 90.006302 89.521057 90.006302 90.726219
-9999.000000 -9999.000000 -9999.000000 -9999.000000 -9999.000000 -9999.000000 -9999.000000 -9999.000000 -9999.000000 -9999.000000 -9999.000000 -9999.000000 -9999.000000 -9999.000000 -9999.000000 -9999.000000 -9999.000000 -9999.000000 -9999.000000 -9999.000000 145.271683 144.993958 145.548843 146.921906 148.538986 150.639954 152.943832 155.682007 158.317322 149.070816 149.860336 151.669037 153.951843 169.628586 141.651291 140.000214 140.000214 140.274261 140.823715 141.651291 142.761185 144.157715 146.375534 198.630585 201.498901 203.379517 202.916916 200.300644 198.865906 197.422318 195.598236 190.165436 190.165436 191.299728
-9999.000000 -9999.000000 -9999.000000 -9999.000000 -9999.000000 -9999.000000 -9999.000000 -9999.000000 -9999.000000 -9999.000000 -9999.000000 -9999.000000 -9999.000000 -9999.000000 -9999.000000 -9999.000000 -9999.000000 -9999.000000 -9999.000000 -9999.000000 -9999.000000 148.805389 148.538986 149.070816 150.639954 152.690186 154.946564 157.604126 160.182755 162.418777 164.597061 166.791107 168.970444 171.196503 173.673035 176.567322 180.324615 183.811829 186.573547 189.044769 192.159683 195.598236 199.818405 203.148956 205.877411 208.111053 209.456894 205.180511 203.379517 202.448364 201.737030 201.260269 202.683395 205.409821
-9999.000000 -9999.000000 -9999.000000 -9999.000000 -9999.000000 -9999.000000 -9999.000000 -9999.000000 -9999.000000 -9999.000000 -9999.000000 -9999.000000 -9999.000000 -9999.000000 -9999.000000 -9999.000000 -9999.000000 -9999.000000 -9999.000000 -9999.000000 -9999.000000 -9999.000000 153.449173 152.943832 153.700867 155.437943 157.842407 160.182755 162.418777 164.378143 166.571945 168.970444 171.196503 173.673035 176.567322 180.836411 184.650925 187.114929 189.603439 192.448151 196.401154 201.498901 204.954147 207.851425 210.577682 212.658463 214.865601 216.442856 210.012756 209.182236 208.640076 213.282242 216.128906 217.385117
-9999.000000 -9999.000000 -9999.000000 -9999.000000 -9999.000000 -9999.000000 -9999.000000 -9999.000000 -9999.000000 -9999.000000 -9999.000000 -9999.000000 -9999.000000 -9999.000000 -9999.000000 -9999.000000 -9999.000000 -9999.000000 -9999.000000 -9999.000000 -9999.000000 -9999.000000 -9999.000000 -9999.000000 160.638931 160.638931 161.537750 163.070084 164.816223 166.791107 169.408310 171.881180 174.547577 177.762726 182.694916 186.573547 189.323685 191.872147 195.044495 201.260269 204.954147 207.851425 210.294067 212.969193 215.498276 217.385117 219.596619 222.040436 224.723572 227.716476 229.509705 228.312973 225.623016 223.826904
-9999.000000 -9999.000000 -9999.000000 -9999.000000 -9999.000000 -9999.000000 -9999.000000 -9999.000000 -9999.000000 -9999.000000 -9999.000000 -9999.000000 -9999.000000 -9999.000000 -9999.000000 -9999.000000 -9999.000000 -9999.000000 -9999.000000 -9999.000000 -9999.000000 -9999.000000 -9999.000000 -9999.000000 -9999.000000 -9999.000000 168.752838 168.101334 168.970444 170.969650 173.452057 176.334885 181.355377 187.662354 192.737518 -9999.000000 -9999.000000 237.660400 213.282242 213.282242 213.914825 215.498276 217.385117 219.284225 220.830536 222.339310 224.424286 226.521317 228.610947 230.722855 232.511032 232.804398 231.623047 230.115677
-9999.000000 -9999.000000 -9999.000000 -9999.000000 -9999.000000 -9999.000000 -9999.000000 -9999.000000 -9999.000000 -9999.000000 -9999.000000 -9999.000000 -9999.000000 -9999.000000 -9999.000000 -9999.000000 -9999.000000 -9999.000000 -9999.000000 -9999.000000 -9999.000000 -9999.000000 -9999.000000 -9999.000000 -9999.000000 -9999.000000 -9999.000000 -9999.000000 -9999.000000 -9999.000000 -9999.000000 -9999.000000 -9999.000000 -9999.000000 -9999.000000 -9999.000000 -9999.000000 -9999.000000 239.080505 235.386917 233.676727 232.511032 231.324356 230.115677 229.208786 228.909195 229.811996 231.024307 232.216354 233.964645 235.103134 235.954849 236.238998 236.238998
-9999.000000 -9999.000000 -9999.000000 -9999.000000 -9999.000000 -9999.000000 -9999.000000 -9999.000000 -9999.000000 -9999.000000 -9999.000000 -9999.000000 -9999.000000 -9999.000000 -9999.000000 -9999.000000 -9999.000000 -9999.000000 -9999.000000 -9999.000000 -9999.000000 -9999.000000 -9999.000000 -9999.000000 -9999.000000 -9999.000000 -9999.000000 -9999.000000 -9999.000000 -9999.000000 -9999.000000 -9999.000000 -9999.000000 -9999.000000 -9999.000000 -9999.000000 -9999.000000 -9999.000000 -9999.000000 -9999.000000 238.228622 237.091965 235.954849 235.386917 235.103134 234.819473 235.103134 235.954849 237.376205 238.512634 239.364365 -9999.000000 -9999.000000 -9999.000000
-9999.000000 -9999.000000 -9999.000000 -9999.000000 -9999.000000 -9999.000000 -9999.000000 -9999.000000 -9999.000000 -9999.000000 -9999.000000 -9999.000000 -9999.000000 -9999.000000 -9999.000000 -9999.000000 -9999.000000 -9999.000000 -9999.000000 -9999.000000 -9999.000000 -9999.000000 -9999.000000 -9999.000000 -9999.000000 -9999.000000 -9999.000000 -9999.000000 -9999.000000 -9999.000000 -9999.000000 -9999.000000 -9999.000000 -9999.000000 -9999.000000 -9999.000000 -9999.000000 -9999.000000 -9999.000000 -9999.000000 -9999.000000 -9999.000000 -9999.000000 -9999.000000 -9999.000000 -9999.000000 -9999.000000 -9999.000000 -9999.000000 -9999.000000 -9999.000000 -9999.000000 -9999.000000 -9999.000000
