tests/test_04/output4/CloudLoad_120.00hrs.dat
NCOLS   360
NROWS    60
XLLCORNER           0.000
YLLCORNER           0.000
CELLSIZE           1.000          1.000
NODATA_VALUE -9999.
[rows 0 to 27 of 60, columns 252 to 314 of 360]
0.000000 0.000000 0.000000 0.000000 0.000000 0.000000 0.000000 0.000000 0.000000 0.000000 0.000000 0.000000 0.000000 0.000000 0.000000 0.000000 0.000000 0.000000 0.000000 0.000000 0.000000 0.000000 0.000000 0.000000 0.000000 0.000000 0.000000 0.000000 0.000000 0.000000 0.000000 0.000000 0.000000 0.000000 0.000000 0.000000 0.000000 0.000000 0.000000 0.000000 0.000000 0.000000 0.000000 0.000000 0.000000 0.000000 0.000000 0.000000 0.000000 0.000000 0.000000 0.000000 0.000000 0.000000 0.000000 0.000000 0.000000 0.000000 0.414106 0.645676 0.840953 0.996103 1.045870
0.346936 0.327586 0.305706 0.277495 0.243337 0.208436 0.000000 0.000000 0.000000 0.000000 0.000000 0.000000 0.000000 0.000000 0.000000 0.000000 0.000000 0.000000 0.000000 0.000000 0.000000 0.000000 0.000000 0.000000 0.000000 0.000000 0.000000 0.000000 0.000000 0.000000 0.000000 0.000000 0.000000 0.000000 0.000000 0.000000 0.000000 0.000000 0.000000 0.000000 0.000000 0.000000 0.000000 0.000000 0.000000 0.000000 0.000000 0.000000 0.000000 0.000000 0.000000 0.000000 0.000000 0.000000 0.000000 0.000000 0.261799 0.518082 0.838368 1.074134 1.234790 1.171264 1.003923
0.819658 0.506940 0.441225 0.403885 0.367085 0.330101 0.292389 0.260799 0.232785 0.209130 0.000000 0.205813 0.206460 0.000000 0.000000 0.000000 0.000000 0.000000 0.000000 0.000000 0.000000 0.000000 0.000000 0.000000 0.000000 0.000000 0.000000 0.000000 0.000000 0.000000 0.000000 0.000000 0.000000 0.000000 0.000000 0.000000 0.000000 0.000000 0.000000 0.000000 0.000000 0.000000 0.000000 0.000000 0.000000 0.000000 0.000000 0.000000 0.000000 0.000000 0.000000 0.000000 0.000000 0.000000 0.000000 0.302673 0.631752 1.018433 1.293832 1.454645 1.287741 1.064238 0.978743
4.329247 3.614230 2.082541 0.701778 0.359028 0.328774 0.307938 0.324298 0.411042 0.514853 0.637591 0.807714 1.060255 1.246691 1.227398 1.015424 0.705568 0.429404 0.224493 0.000000 0.000000 0.000000 0.000000 0.000000 0.000000 0.000000 0.000000 0.000000 0.000000 0.000000 0.000000 0.000000 0.000000 0.000000 0.000000 0.000000 0.000000 0.000000 0.000000 0.000000 0.000000 0.000000 0.000000 0.000000 0.000000 0.000000 0.000000 0.000000 0.000000 0.000000 0.000000 0.000000 0.000000 0.000000 0.285264 0.666108 1.126984 1.458365 1.696846 1.455833 1.150229 1.036737 0.942948
8.300086 9.566536 9.699066 9.319084 7.572426 5.408948 3.772175 2.565654 2.375864 2.998178 3.721328 4.599343 5.422914 6.238811 6.558862 5.794764 4.613852 3.363874 2.083256 1.154863 0.652648 0.405699 0.287352 0.000000 0.000000 0.000000 0.000000 0.000000 0.000000 0.000000 0.000000 0.000000 0.000000 0.000000 0.000000 0.000000 0.000000 0.000000 0.000000 0.000000 0.000000 0.000000 0.000000 0.000000 0.000000 0.000000 0.000000 0.000000 0.000000 0.000000 0.000000 0.000000 0.000000 0.000000 0.539473 1.082622 1.586097 1.911211 1.832538 1.365041 1.106131 0.971265 0.998114
9.585238 12.934372 17.634035 23.350367 28.295082 28.985666 28.332859 24.858229 20.658981 16.990149 14.483792 12.925571 12.037602 11.748259 11.906692 12.077489 11.838373 10.522493 8.364299 5.958190 3.730998 2.260084 1.398761 0.923267 0.562717 0.289415 0.000000 0.000000 0.000000 0.000000 0.000000 0.000000 0.000000 0.000000 0.000000 0.000000 0.000000 0.000000 0.000000 0.000000 0.000000 0.000000 0.000000 0.000000 0.000000 0.000000 0.000000 0.000000 0.000000 0.000000 0.000000 0.000000 0.000000 0.289875 0.765620 1.471150 2.016194 2.242973 1.854448 1.381662 1.050221 0.960508 1.142986
12.525034 16.901779 24.156403 32.286308 40.574322 46.940983 47.201302 46.484406 45.090824 41.072559 34.830036 28.835869 23.300663 18.327818 13.890985 13.004705 13.100432 12.962348 13.096356 12.242260 9.859457 6.967675 4.543991 2.891122 1.947728 1.150376 0.572125 0.213918 0.000000 0.000000 0.000000 0.000000 0.000000 0.000000 0.000000 0.000000 0.000000 0.000000 0.000000 0.000000 0.000000 0.000000 0.000000 0.000000 0.000000 0.000000 0.000000 0.000000 0.000000 0.000000 0.000000 0.000000 0.000000 0.316994 0.852329 1.662520 2.341982 2.603849 2.063842 1.508496 1.112776 1.028249 1.270104
28.214460 25.827612 28.452776 33.946556 41.055283 47.311291 48.310585 47.674038 46.867897 44.999016 39.655609 32.635311 25.920006 19.464014 13.612807 12.488214 12.784538 12.969229 13.342495 13.482453 13.511491 13.099961 10.521861 7.600208 5.011641 3.123531 1.802076 0.895444 0.364610 0.000000 0.000000 0.000000 0.000000 0.000000 0.000000 0.000000 0.000000 0.000000 0.000000 0.000000 0.000000 0.000000 0.000000 0.000000 0.000000 0.000000 0.000000 0.000000 0.000000 0.000000 0.000000 0.000000 0.000000 0.000000 0.757064 1.641706 2.529455 3.111463 2.931663 2.134755 1.463197 1.156219 1.377532
47.494637 40.075642 32.358444 33.427250 38.859383 44.261986 44.457092 44.406223 43.540710 38.072121 28.052122 18.831051 11.228604 9.020680 8.876138 9.290818 9.845586 10.575538 11.521874 12.425473 13.196362 13.553521 13.710243 12.793789 10.534945 7.479592 4.682498 2.491235 1.098131 0.449802 0.000000 0.000000 0.000000 0.000000 0.000000 0.000000 0.000000 0.000000 0.000000 0.000000 0.000000 0.000000 0.000000 0.000000 0.000000 0.000000 0.000000 0.000000 0.000000 0.000000 0.000000 0.000000 0.000000 0.000000 0.318416 0.980809 2.147162 3.207987 3.886078 3.704051 2.638950 1.643772 1.427407
53.966976 48.520565 37.319839 29.393995 29.846401 35.324478 36.465870 36.545231 32.396076 21.795504 10.945144 5.735512 5.635207 5.615201 5.682104 5.773818 6.048378 6.666925 7.961629 9.774847 11.498888 12.749070 12.989526 12.904913 12.466878 10.952382 8.202166 5.364445 2.804318 1.084697 0.472133 0.000000 0.000000 0.000000 0.000000 0.000000 0.000000 0.000000 0.000000 0.000000 0.000000 0.000000 0.000000 0.000000 0.000000 0.000000 0.000000 0.000000 0.000000 0.000000 0.000000 0.000000 0.000000 0.000000 0.000000 0.309370 1.135971 2.551762 3.913880 5.031428 5.050770 3.350760 1.858530
53.377060 49.880028 38.965900 24.084049 18.533234 24.077084 24.871847 23.656956 16.127865 6.915181 3.228888 2.841577 2.632325 2.411232 2.580975 2.866836 3.294789 3.966552 5.204243 6.897544 9.194330 11.242544 12.366431 12.478730 12.130514 10.800303 8.477062 6.075363 3.671664 1.598089 0.900958 0.489728 0.000000 0.000000 0.000000 0.000000 0.000000 0.000000 0.000000 0.000000 0.000000 0.000000 0.000000 0.000000 0.000000 0.000000 0.000000 0.000000 0.000000 0.000000 0.000000 0.000000 0.000000 0.000000 0.000000 0.000000 0.215790 0.981327 2.502757 4.712286 6.413482 6.721793 4.650500
52.077621 49.432755 35.133057 15.833379 14.355045 17.794769 17.113842 12.870872 5.326017 1.111211 0.575658 0.477606 0.683848 1.045568 1.426733 1.809896 2.190135 2.613676 3.210741 4.358624 5.877535 7.198225 8.331669 8.940682 8.721642 8.115076 6.700193 4.923538 3.175135 1.848807 1.288596 0.861948 0.465841 0.000000 0.000000 0.000000 0.000000 0.000000 0.000000 0.000000 0.000000 0.000000 0.000000 0.000000 0.000000 0.000000 0.000000 0.000000 0.000000 0.000000 0.000000 0.000000 0.000000 0.000000 0.000000 0.000000 0.000000 0.000000 0.439715 1.995152 5.269997 7.742615 8.478312
41.306862 39.616669 25.264839 11.349073 14.458682 14.885994 12.251118 5.943825 0.969417 0.560174 0.625091 0.637763 0.643180 0.980863 1.520997 1.940424 2.189947 2.379205 2.509733 2.687372 2.831777 3.052768 3.409871 3.691309 3.795787 3.587436 3.242020 2.677287 2.095392 1.730479 1.456737 1.120514 0.772899 0.386376 0.000000 0.000000 0.000000 0.000000 0.000000 0.000000 0.000000 0.000000 0.000000 0.000000 0.000000 0.000000 0.000000 0.000000 0.000000 0.000000 0.000000 0.000000 0.000000 0.000000 0.000000 0.000000 0.000000 0.000000 0.000000 0.217598 1.420119 4.912857 8.845379
26.113785 25.752909 15.363315 12.407695 15.015499 12.373162 7.050138 1.671516 0.672960 0.834357 0.922999 0.907664 0.885607 1.004565 1.212888 1.307642 1.370287 1.422862 1.365370 1.288960 1.143619 1.001070 1.017244 1.078774 1.182553 1.246093 1.290768 1.335839 1.371569 1.412943 1.378833 1.190032 0.933971 0.623301 0.256597 0.000000 0.000000 0.000000 0.000000 0.000000 0.000000 0.000000 0.000000 0.000000 0.000000 0.000000 0.000000 0.000000 0.000000 0.000000 0.000000 0.000000 0.000000 0.000000 0.000000 0.000000 0.000000 0.000000 0.000000 0.000000 0.220287 1.208432 4.757049
13.328781 13.360638 10.339390 14.320437 15.319016 9.509317 2.523845 0.462890 0.652355 0.863408 1.077217 1.275954 1.475377 1.587828 1.801643 2.016383 2.177244 2.205354 2.066103 1.937321 1.624204 1.181996 0.879265 0.655025 0.527174 0.503022 0.506759 0.565552 0.675660 0.811835 0.938598 0.984212 0.917759 0.689293 0.387060 0.000000 0.000000 0.000000 0.000000 0.000000 0.000000 0.000000 0.000000 0.000000 0.000000 0.000000 0.000000 0.000000 0.000000 0.000000 0.000000 0.000000 0.000000 0.000000 0.000000 0.000000 0.000000 0.000000 0.000000 0.000000 0.000000 0.387075 1.552011
7.424232 7.949154 8.586462 14.744042 13.974449 7.184153 0.771825 0.520725 0.947451 1.411034 1.854893 2.420390 3.125066 3.943907 4.443900 4.567744 4.497679 4.342356 4.179108 4.028129 3.750414 3.375342 2.947508 2.333124 1.778898 1.407132 1.153826 0.962200 0.771864 0.644001 0.638835 0.655975 0.668162 0.613185 0.414154 0.215624 0.000000 0.000000 0.000000 0.000000 0.000000 0.000000 0.000000 0.000000 0.000000 0.000000 0.000000 0.000000 0.000000 0.000000 0.000000 0.000000 0.000000 0.000000 0.000000 0.000000 0.000000 0.000000 0.000000 0.000000 0.000000 0.221809 0.696568
5.242110 5.893265 8.230938 14.060898 12.088754 5.364310 1.238532 1.079605 1.808403 2.532720 3.420797 4.591891 5.325121 5.559007 5.701266 5.800350 5.910933 5.943168 5.885103 5.927704 5.887090 5.825408 5.768057 5.206616 4.368292 3.460677 2.611413 2.108809 1.886993 1.735801 1.435979 1.138931 0.870154 0.666019 0.479955 0.300899 0.000000 0.000000 0.000000 0.000000 0.000000 0.000000 0.000000 0.000000 0.000000 0.000000 0.000000 0.000000 0.000000 0.000000 0.000000 0.000000 0.000000 0.000000 0.000000 0.000000 0.000000 0.000000 0.000000 0.000000 0.000000 0.000000 0.510358
4.384613 4.837826 7.619666 13.571890 9.956161 4.212886 2.389169 2.080048 3.021084 4.204970 5.132600 5.873810 6.400426 6.558253 6.224571 5.774570 5.997166 6.760672 7.534939 8.290249 8.604154 8.824991 9.110130 8.911665 8.545957 8.078621 6.965451 5.205856 3.290173 1.940995 1.796245 1.827528 1.731129 1.446337 1.015357 0.644001 0.358599 0.000000 0.000000 0.000000 0.000000 0.000000 0.000000 0.000000 0.000000 0.000000 0.000000 0.000000 0.000000 0.000000 0.000000 0.000000 0.000000 0.000000 0.000000 0.000000 0.000000 0.000000 0.000000 0.000000 0.000000 0.000000 0.402341
3.696304 3.944735 5.184204 12.621022 9.593154 3.549348 2.784938 3.670006 4.234590 5.167435 5.668594 5.918899 5.902590 6.626378 7.793135 9.268242 10.028664 9.652053 9.129032 8.519054 7.853939 7.646110 7.666708 7.772352 8.280551 8.941966 9.526469 9.744863 9.087589 7.333268 4.531138 2.210776 1.550124 1.517454 1.443076 1.213523 0.891092 0.561107 0.296847 0.000000 0.000000 0.000000 0.000000 0.000000 0.000000 0.000000 0.000000 0.000000 0.000000 0.000000 0.000000 0.000000 0.000000 0.000000 0.000000 0.000000 0.000000 0.000000 0.000000 0.000000 0.000000 0.000000 0.308822
2.775615 2.870794 3.288196 10.919806 10.270062 3.624038 2.089907 4.292601 5.670790 7.982963 9.799306 10.673848 11.647662 12.818384 12.763316 12.092107 10.020666 7.581757 5.630450 4.375320 3.650558 3.542819 3.648788 3.932344 4.337384 4.723817 5.490146 6.667344 8.248028 9.596341 10.019065 8.680508 5.564438 2.896022 1.636311 1.394782 1.191878 0.996609 0.745908 0.472484 0.247736 0.000000 0.000000 0.000000 0.000000 0.000000 0.000000 0.000000 0.000000 0.000000 0.000000 0.000000 0.000000 0.000000 0.000000 0.000000 0.000000 0.000000 0.000000 0.000000 0.000000 0.000000 0.330479
1.970716 1.642780 1.762224 6.890973 10.827188 6.150978 1.523107 3.016384 6.175100 10.711241 14.638803 16.384323 16.573549 15.787925 12.461208 8.219096 4.620904 2.639778 1.846651 1.493001 1.538635 1.947241 2.501251 2.978294 3.249323 3.461068 3.623291 3.771506 4.073056 4.910772 6.483260 8.812189 9.586552 8.434665 5.741259 3.079567 1.547978 1.209580 0.995189 0.840765 0.628898 0.390408 0.206175 0.000000 0.000000 0.000000 0.000000 0.000000 0.000000 0.000000 0.000000 0.000000 0.000000 0.000000 0.000000 0.000000 0.000000 0.000000 0.000000 0.000000 0.000000 0.000000 0.918281
1.245516 0.994576 0.969238 3.018077 9.595610 9.308368 3.902472 1.413525 3.430155 7.734461 15.272122 18.430262 18.136856 15.714928 10.507793 4.805424 2.259763 1.481511 0.998759 0.778862 0.897257 1.368713 2.134169 2.869771 3.261931 3.522176 3.689812 3.730572 3.912702 3.848785 3.811854 4.417161 5.935826 8.751080 9.725464 8.570411 5.692673 2.857381 1.366772 1.044865 0.877387 0.751533 0.554461 0.331041 0.000000 0.000000 0.000000 0.000000 0.000000 0.000000 0.000000 0.000000 0.000000 0.000000 0.000000 0.000000 0.000000 0.000000 0.000000 0.000000 0.000000 0.572274 3.186861
0.705349 0.643214 0.586866 1.377261 5.554664 10.472497 9.074658 3.610607 2.000307 4.604580 10.251233 17.211283 18.973701 17.021545 9.608337 3.518137 1.895776 1.244346 0.949111 0.789916 0.786835 1.171427 2.024416 2.889728 3.180319 3.281527 3.437260 3.635464 3.697367 3.998804 3.986935 3.593646 3.623895 4.698054 6.121470 8.541558 8.854329 7.505389 4.554513 1.972236 1.114119 0.895095 0.783463 0.655381 0.442347 0.239455 0.000000 0.000000 0.000000 0.000000 0.000000 0.000000 0.000000 0.000000 0.000000 0.000000 0.000000 0.000000 0.000000 0.000000 0.561648 2.740941 8.373880
0.441837 0.487884 0.437571 0.642577 1.749123 6.360612 10.938667 10.046981 5.549582 2.802386 5.482635 8.804907 14.976596 16.325809 14.078167 8.898986 4.105072 1.700185 1.407863 1.531452 1.427203 1.442904 2.323113 2.990865 3.192051 3.182122 3.173444 3.162687 3.398825 3.487541 3.814981 3.809138 3.473132 3.394362 4.370890 5.469993 7.277226 8.319748 7.676098 5.412739 2.541162 1.110071 0.875920 0.773654 0.674284 0.504377 0.295635 0.000000 0.000000 0.000000 0.000000 0.000000 0.000000 0.000000 0.000000 0.000000 0.000000 0.000000 0.000000 0.838608 3.293591 9.047634 14.288914
0.336695 0.443421 0.493249 0.535065 0.996562 1.840043 5.564433 9.974891 11.022054 8.627764 5.543005 5.818022 6.791545 8.338428 9.428426 8.584686 6.743078 4.401832 3.307412 3.394396 2.849277 2.571492 3.033027 3.194911 3.161821 3.073264 2.755455 2.380080 2.521046 2.686322 2.926167 3.274472 3.330302 3.421445 3.498149 4.831251 5.682512 7.054736 8.112495 7.668593 5.751058 2.745379 1.094647 0.833943 0.785512 0.708857 0.547635 0.323069 0.000000 0.000000 0.000000 0.000000 0.000000 0.000000 0.000000 0.000000 0.000000 0.431472 1.638987 4.335142 10.185002 15.324855 15.178139
0.210132 0.424108 0.507948 0.595051 0.911293 1.184923 1.550222 4.268337 8.960402 12.064132 12.073717 10.957134 10.344899 9.339938 8.197274 7.283555 6.760266 6.768250 6.543635 6.107450 5.265989 4.874364 4.954835 4.488830 3.725770 2.780023 1.976436 1.514088 1.646384 1.760116 1.737741 2.031245 2.300310 2.633931 2.919688 3.554168 5.166052 6.105602 7.502126 8.403798 7.597808 5.553557 2.604073 1.068357 0.860257 0.819751 0.757365 0.576565 0.314083 0.000000 0.000000 0.000000 0.000000 0.000000 0.321851 0.649094 1.579330 3.927441 7.765527 13.734395 15.845149 14.460568 10.249267
0.000000 0.247948 0.473644 0.569887 0.770180 1.252062 1.188841 1.130766 2.078623 5.768382 9.056545 10.766024 13.535495 14.554238 14.312040 14.306497 13.754885 12.895635 12.315519 11.089211 9.762723 8.673121 7.912278 6.663796 4.928014 3.369011 2.161648 1.432829 1.219891 1.262717 1.070593 0.990263 1.198814 1.758258 2.039485 2.352038 3.436366 5.198856 6.687948 8.646240 9.181852 7.956613 5.494903 2.553151 1.317514 1.166917 1.091016 1.030880 0.853950 0.693065 0.721802 0.954898 1.378933 2.180501 3.476159 5.402599 7.964574 11.236352 14.315356 14.110874 12.555884 8.362403 3.068651
0.000000 0.000000 0.260620 0.455375 0.607889 1.015539 1.329475 1.027844 0.839329 1.269414 2.323721 3.528174 5.659119 8.767057 11.406896 13.450929 14.486856 14.222005 13.015548 11.118792 9.827565 8.984641 7.705693 6.340736 5.122824 4.080286 2.991040 2.135230 1.508248 0.928605 0.699980 0.420135 0.433121 0.902163 1.398660 1.499794 1.679340 2.958918 4.817216 7.693942 10.421906 10.860217 9.459340 6.666400 3.892665 3.173263 3.246394 3.535476 3.838755 4.137205 4.723229 5.748304 6.849720 8.006713 9.198723 10.441835 11.639662 12.144930 11.374074 9.590886 5.007894 1.110888 0.391359
