tests/test_04/output4/CloudLoad_120.00hrs.dat
NCOLS   360
NROWS    60
XLLCORNER           0.000
YLLCORNER           0.000
CELLSIZE           1.000          1.000
NODATA_VALUE  0.000
[rows 0 to 33 of 60, columns 231 to 307 of 360]
0.000 0.000 0.000 0.000 0.000 0.000 0.000 0.000 0.000 0.000 0.000 0.000 0.000 0.000 0.000 0.000 0.000 0.000 0.000 0.000 0.000 0.000 0.000 0.000 0.000 0.000 0.000 0.000 0.000 0.000 0.000 0.000 0.000 0.000 0.000 0.000 0.000 0.000 0.000 0.000 0.000 0.000 0.000 0.000 0.000 0.000 0.000 0.000 0.000 0.000 0.000 0.000 0.000 0.000 0.000 0.000 0.000 0.000 0.000 0.000 0.000 0.000 0.000 0.000 0.000 0.000 0.000 0.000 0.000 0.000 0.000 0.000 0.000 0.000 0.000 0.000 0.000
0.000 0.000 0.000 0.000 0.000 0.000 0.000 0.000 0.000 0.000 0.000 0.000 0.000 0.000 0.000 0.000 0.000 0.000 0.000 0.000 0.000 0.000 0.000 0.000 0.000 0.000 0.000 0.000 0.000 0.000 0.000 0.000 0.000 0.000 0.000 0.000 0.000 0.000 0.000 0.000 0.000 0.000 0.000 0.000 0.000 0.000 0.000 0.000 0.000 0.000 0.000 0.000 0.000 0.000 0.000 0.000 0.000 0.000 0.000 0.000 0.000 0.000 0.000 0.000 0.000 0.000 0.000 0.000 0.000 0.000 0.000 0.000 0.000 0.000 0.000 0.000 0.000
0.000 0.000 0.000 0.000 0.000 0.000 0.000 0.000 0.000 0.000 0.000 0.000 0.000 0.000 0.000 0.000 0.000 0.000 0.000 0.000 0.000 0.000 0.000 0.000 0.000 0.000 0.000 0.000 0.000 0.000 0.000 0.000 0.000 0.000 0.000 0.000 0.000 0.000 0.000 0.000 0.000 0.000 0.000 0.000 0.000 0.000 0.000 0.000 0.000 0.000 0.000 0.000 0.000 0.000 0.000 0.000 0.000 0.000 0.000 0.000 0.000 0.000 0.000 0.000 0.000 0.000 0.000 0.000 0.000 0.000 0.000 0.000 0.000 0.000 0.000 0.000 0.000
0.000 0.000 0.000 0.000 0.000 0.000 0.000 0.000 0.000 0.000 0.000 0.000 0.000 0.000 0.000 0.000 0.000 0.000 0.000 0.000 0.000 0.000 0.000 0.000 0.000 0.000 0.000 0.000 0.000 0.000 0.000 0.203 0.260 0.291 0.296 0.289 0.207 0.000 0.000 0.000 0.000 0.000 0.000 0.000 0.000 0.000 0.000 0.000 0.000 0.000 0.000 0.000 0.000 0.000 0.000 0.000 0.000 0.000 0.000 0.000 0.000 0.000 0.000 0.000 0.000 0.000 0.000 0.000 0.000 0.000 0.000 0.000 0.000 0.000 0.000 0.204 1.110
0.000 0.000 0.000 0.000 0.000 0.000 0.000 0.000 0.000 0.000 0.000 0.000 0.000 0.000 0.000 0.261 0.360 0.435 0.492 0.494 0.451 0.329 0.000 0.000 0.000 0.000 0.229 0.486 0.810 1.207 1.657 2.146 2.552 2.713 2.727 2.627 2.072 1.429 0.925 0.422 0.000 0.000 0.000 0.000 0.000 0.000 0.000 0.000 0.000 0.000 0.000 0.000 0.000 0.000 0.000 0.000 0.000 0.000 0.000 0.000 0.000 0.000 0.000 0.000 0.000 0.000 0.000 0.000 0.000 0.000 0.000 0.000 0.000 0.000 0.211 1.250 3.343
0.000 0.000 0.000 0.000 0.000 0.000 0.000 0.000 0.000 0.000 0.000 0.000 0.376 1.137 1.877 2.426 2.429 1.940 1.087 1.082 1.122 1.164 1.350 2.117 3.224 4.798 6.715 7.559 7.983 7.806 7.596 7.587 7.484 7.067 6.544 5.889 5.254 4.377 3.388 2.454 1.548 0.735 0.281 0.000 0.000 0.000 0.000 0.000 0.000 0.000 0.000 0.000 0.000 0.000 0.000 0.000 0.000 0.000 0.000 0.000 0.000 0.000 0.000 0.000 0.000 0.000 0.000 0.000 0.000 0.000 0.000 0.000 0.000 0.000 1.052 3.170 5.233
0.000 0.000 0.000 0.000 0.000 0.000 0.000 0.000 0.000 0.000 1.045 2.799 4.772 6.781 8.037 8.814 8.975 8.737 7.345 4.094 2.281 3.531 6.439 9.848 13.829 19.502 25.967 30.090 30.529 30.162 28.535 25.854 22.643 19.128 15.681 12.139 10.086 8.654 7.286 6.281 5.291 3.822 2.402 1.217 0.444 0.000 0.000 0.000 0.000 0.000 0.000 0.000 0.000 0.000 0.000 0.000 0.000 0.000 0.000 0.000 0.000 0.000 0.000 0.000 0.000 0.000 0.000 0.000 0.000 0.000 0.000 0.000 0.000 0.406 2.123 4.163 5.995
0.000 0.000 0.000 0.000 0.000 0.000 0.000 0.000 0.871 4.194 7.410 10.216 11.429 12.416 12.736 12.693 13.151 14.451 17.669 19.229 18.236 16.902 16.136 17.582 22.192 30.373 38.819 43.204 43.855 44.149 42.969 38.166 32.422 26.136 19.936 15.256 14.384 13.970 13.604 12.982 11.956 10.622 8.506 5.835 3.381 1.501 0.421 0.000 0.000 0.000 0.000 0.000 0.000 0.000 0.000 0.000 0.000 0.000 0.000 0.000 0.000 0.000 0.000 0.000 0.000 0.000 0.000 0.000 0.000 0.000 0.000 0.000 0.000 0.738 2.347 4.267 6.121
0.000 0.000 0.000 0.000 0.000 0.000 0.000 4.482 18.362 29.948 34.740 35.366 29.120 23.152 16.935 13.463 13.282 15.368 22.033 36.827 44.369 46.057 42.430 36.438 35.074 37.955 41.936 41.891 42.736 43.157 40.262 32.233 23.753 15.663 12.576 12.362 12.583 13.169 14.272 15.131 15.518 15.263 14.313 12.007 9.025 5.865 2.893 0.929 0.000 0.000 0.000 0.000 0.000 0.000 0.000 0.000 0.000 0.000 0.000 0.000 0.000 0.000 0.000 0.000 0.000 0.000 0.000 0.000 0.000 0.000 0.000 0.000 0.000 0.621 1.423 2.649 4.479
0.000 0.000 0.000 0.000 0.000 0.000 3.383 21.511 42.416 55.326 59.823 57.872 44.134 29.022 14.305 8.193 8.048 12.674 22.812 42.571 61.736 65.475 64.159 57.329 48.645 44.405 40.012 40.580 41.061 37.639 27.690 17.227 10.551 10.280 10.517 10.775 11.055 11.613 12.541 13.517 14.253 14.684 15.014 14.664 13.238 10.495 7.416 4.213 1.726 0.328 0.000 0.000 0.000 0.000 0.000 0.000 0.000 0.000 0.000 0.000 0.000 0.000 0.000 0.000 0.000 0.000 0.000 0.000 0.000 0.000 0.000 0.000 0.000 0.277 0.471 0.861 1.780
0.000 0.000 0.000 0.000 0.000 1.839 14.040 30.582 48.644 59.262 60.757 55.133 38.884 22.598 7.975 2.590 2.270 6.809 19.849 42.925 64.505 68.627 68.089 62.605 50.717 38.070 32.086 33.405 30.768 20.533 9.301 5.233 4.690 4.585 5.090 5.841 6.864 8.132 9.698 11.244 12.726 13.883 14.110 13.918 12.980 10.775 8.167 5.450 2.957 0.923 0.000 0.000 0.000 0.000 0.000 0.000 0.000 0.000 0.000 0.000 0.000 0.000 0.000 0.000 0.000 0.000 0.000 0.000 0.000 0.000 0.000 0.000 0.000 0.000 0.000 0.000 0.291
0.000 0.000 0.000 0.864 4.969 13.472 23.814 32.187 38.236 38.741 37.059 28.667 18.164 7.243 1.760 0.440 0.565 3.012 11.764 36.181 61.374 66.436 64.878 51.233 30.543 21.093 23.231 21.833 15.470 5.750 1.270 0.597 0.601 1.048 1.691 2.313 2.831 3.261 4.146 5.631 7.593 9.405 10.404 10.381 9.931 8.538 6.483 4.425 2.538 0.932 0.324 0.000 0.000 0.000 0.000 0.000 0.000 0.000 0.000 0.000 0.000 0.000 0.000 0.000 0.000 0.000 0.000 0.000 0.000 0.000 0.000 0.000 0.000 0.000 0.000 0.000 0.000
0.000 0.000 0.000 2.083 12.474 24.022 29.701 22.239 13.692 10.292 8.247 5.716 3.156 0.952 0.210 0.000 0.000 1.166 5.146 17.989 37.438 46.703 42.789 24.126 13.043 17.482 16.979 13.479 6.210 0.706 0.263 0.326 0.518 0.963 1.690 2.367 2.426 2.375 2.347 2.373 2.739 3.384 3.836 4.083 3.966 3.538 2.797 1.927 1.219 0.695 0.394 0.000 0.000 0.000 0.000 0.000 0.000 0.000 0.000 0.000 0.000 0.000 0.000 0.000 0.000 0.000 0.000 0.000 0.000 0.000 0.000 0.000 0.000 0.000 0.000 0.000 0.000
0.000 0.000 0.000 1.890 14.369 26.381 27.875 14.954 4.149 1.934 1.339 0.846 0.382 0.000 0.000 0.000 0.000 0.595 2.444 6.358 13.673 18.831 15.125 8.128 12.474 16.396 13.467 7.747 1.625 0.327 0.355 0.566 1.044 1.642 2.096 2.227 2.149 2.013 1.883 1.694 1.579 1.450 1.312 1.228 1.145 1.039 0.874 0.695 0.566 0.478 0.371 0.230 0.000 0.000 0.000 0.000 0.000 0.000 0.000 0.000 0.000 0.000 0.000 0.000 0.000 0.000 0.000 0.000 0.000 0.000 0.000 0.000 0.000 0.000 0.000 0.000 0.000
0.000 0.000 0.000 0.965 11.967 23.499 24.426 11.246 1.921 0.406 0.000 0.000 0.000 0.000 0.000 0.000 0.000 0.736 1.112 2.058 4.731 5.937 4.132 5.161 13.584 15.670 10.570 2.799 0.302 0.298 0.447 0.833 1.202 1.356 1.450 1.603 1.540 1.455 1.386 1.260 1.186 1.074 0.929 0.818 0.668 0.578 0.474 0.342 0.255 0.250 0.262 0.235 0.000 0.000 0.000 0.000 0.000 0.000 0.000 0.000 0.000 0.000 0.000 0.000 0.000 0.000 0.000 0.000 0.000 0.000 0.000 0.000 0.000 0.000 0.000 0.000 0.000
0.000 0.000 0.000 0.685 7.723 13.771 13.045 3.864 0.481 0.000 0.000 0.000 0.000 0.000 0.000 0.337 0.946 0.849 0.455 1.159 1.846 1.951 1.450 4.823 13.806 14.031 7.583 0.749 0.000 0.367 0.797 1.074 1.348 1.570 1.720 1.751 1.735 1.724 1.686 1.704 1.746 1.748 1.694 1.656 1.517 1.320 1.146 0.977 0.757 0.503 0.327 0.263 0.203 0.000 0.000 0.000 0.000 0.000 0.000 0.000 0.000 0.000 0.000 0.000 0.000 0.000 0.000 0.000 0.000 0.000 0.000 0.000 0.000 0.000 0.000 0.000 0.000
0.000 0.000 0.000 0.596 3.321 4.554 3.270 0.738 0.000 0.000 0.000 0.000 0.000 0.418 2.126 2.401 1.044 0.710 1.022 1.099 0.941 0.813 0.861 5.082 13.638 12.213 5.081 0.733 0.554 1.311 2.152 2.545 2.745 2.655 2.551 2.560 2.607 2.721 2.777 2.759 2.900 3.039 3.190 3.329 3.101 2.720 2.383 2.040 1.767 1.675 1.572 1.278 0.924 0.587 0.325 0.000 0.000 0.000 0.000 0.000 0.000 0.000 0.000 0.000 0.000 0.000 0.000 0.000 0.000 0.000 0.000 0.000 0.000 0.000 0.000 0.000 0.000
0.000 0.000 0.000 0.372 0.920 1.007 0.522 0.000 0.000 0.000 0.000 0.000 1.751 12.941 9.887 0.948 0.577 0.838 0.831 0.686 0.594 0.550 0.645 4.889 13.621 10.557 3.634 1.374 1.629 2.722 3.780 4.082 3.910 3.663 3.460 3.263 3.162 3.911 5.054 6.104 6.810 6.873 6.804 6.841 6.435 6.039 5.780 5.091 4.059 2.764 1.757 1.637 1.662 1.620 1.365 0.906 0.476 0.000 0.000 0.000 0.000 0.000 0.000 0.000 0.000 0.000 0.000 0.000 0.000 0.000 0.000 0.000 0.000 0.000 0.000 0.000 0.000
0.000 0.000 0.000 0.000 0.000 0.000 0.000 0.000 0.000 0.000 0.000 0.309 9.707 32.209 14.277 0.441 0.000 0.000 0.000 0.000 0.251 0.345 0.523 3.538 12.896 10.194 3.307 1.716 2.858 3.751 4.663 4.926 4.470 4.468 5.590 7.366 9.318 10.437 10.362 9.951 9.287 8.336 7.711 7.287 6.795 6.601 6.586 6.720 6.836 6.663 5.763 3.906 2.131 1.555 1.551 1.460 1.333 0.921 0.487 0.000 0.000 0.000 0.000 0.000 0.000 0.000 0.000 0.000 0.000 0.000 0.000 0.000 0.000 0.000 0.000 0.000 0.000
0.000 0.000 0.000 0.000 0.000 0.000 0.000 0.000 0.000 0.000 0.000 0.501 10.387 19.846 9.695 1.640 0.000 0.000 0.000 0.000 0.000 0.000 0.333 2.083 11.363 10.926 3.656 1.348 3.237 4.992 7.277 9.032 10.000 11.385 13.331 14.108 14.107 11.964 9.212 7.036 5.863 5.098 4.889 4.853 4.680 4.507 4.255 4.172 4.574 5.536 6.652 7.279 6.960 5.065 2.793 1.729 1.564 1.409 1.272 0.881 0.464 0.000 0.000 0.000 0.000 0.000 0.000 0.000 0.000 0.000 0.000 0.000 0.000 0.000 0.000 0.000 0.000
0.000 0.000 0.000 0.000 0.000 0.000 0.000 0.000 0.000 0.000 0.000 0.000 2.329 5.318 4.803 2.295 0.616 0.000 0.000 0.000 0.000 0.000 0.000 0.886 6.994 11.512 6.570 1.194 2.279 5.488 10.053 13.952 16.609 16.775 16.793 14.267 10.080 6.267 4.477 3.811 3.521 3.489 3.703 4.211 4.676 4.931 4.872 4.316 3.559 2.894 2.910 4.088 6.220 7.307 7.020 5.216 2.966 1.812 1.556 1.369 1.180 0.781 0.408 0.000 0.000 0.000 0.000 0.000 0.000 0.000 0.000 0.000 0.000 0.000 0.000 0.000 0.000
0.000 0.000 0.000 0.000 0.000 0.000 0.000 0.000 0.000 0.000 0.000 0.000 0.373 1.348 1.712 1.655 0.902 0.210 0.000 0.000 0.000 0.000 0.000 0.313 2.706 10.294 10.193 4.126 0.888 2.775 7.130 14.227 17.859 17.429 16.653 12.247 6.690 4.172 3.220 2.707 2.579 2.553 2.644 3.119 3.637 4.046 4.461 5.039 4.862 4.076 3.120 2.217 2.327 3.512 6.488 7.813 7.430 5.194 2.830 1.748 1.500 1.325 1.110 0.726 0.383 0.000 0.000 0.000 0.000 0.000 0.000 0.000 0.000 0.000 0.000 0.000 0.000
0.000 0.000 0.000 0.000 0.000 0.000 0.000 0.000 0.000 0.000 0.000 0.000 0.000 0.352 0.799 0.897 0.784 0.398 0.000 0.000 0.000 0.000 0.000 0.000 0.904 5.792 11.390 9.962 3.543 1.331 3.932 10.106 17.114 18.910 17.614 11.513 5.569 3.750 2.926 2.605 2.337 1.670 1.713 2.257 3.003 3.494 3.665 3.793 4.328 4.696 4.027 3.184 2.125 1.967 2.346 3.852 6.668 7.468 6.717 4.244 2.138 1.573 1.405 1.294 1.045 0.654 0.316 0.000 0.000 0.000 0.000 0.000 0.000 0.000 0.000 0.000 0.000
0.000 0.000 0.000 0.000 0.000 0.000 0.000 0.000 0.000 0.000 0.000 0.000 0.000 0.000 0.424 0.632 0.611 0.430 0.000 0.000 0.000 0.000 0.000 0.000 0.260 1.382 6.950 12.132 10.858 5.075 1.980 5.144 9.949 16.054 17.529 16.085 11.444 6.455 3.949 3.801 3.317 1.888 1.632 2.484 3.199 3.249 3.214 3.188 3.336 3.939 4.182 3.621 2.757 1.916 1.843 2.089 3.036 5.451 7.071 6.987 5.051 2.596 1.589 1.399 1.350 1.243 0.870 0.441 0.000 0.000 0.000 0.000 0.000 0.000 0.000 0.000 0.000
0.000 0.000 0.000 0.000 0.000 0.000 0.000 0.000 0.000 0.000 0.000 0.000 0.000 0.000 0.259 0.500 0.497 0.407 0.000 0.000 0.000 0.000 0.000 0.000 0.000 0.403 1.417 6.315 11.279 11.768 8.338 4.644 5.719 9.028 11.348 13.190 12.291 10.567 9.570 8.612 7.183 3.849 2.504 3.177 3.487 3.326 2.965 2.657 2.507 2.967 3.435 3.239 2.942 2.119 1.812 1.780 1.983 2.740 4.942 6.944 7.054 5.480 2.834 1.552 1.386 1.401 1.329 0.980 0.496 0.000 0.000 0.000 0.000 0.000 0.000 0.000 0.000
0.000 0.000 0.000 0.000 0.000 0.000 0.000 0.000 0.000 0.000 0.000 0.000 0.000 0.000 0.000 0.410 0.434 0.377 0.000 0.000 0.000 0.000 0.000 0.000 0.000 0.235 0.395 1.058 4.906 10.345 12.770 12.196 9.993 10.472 11.723 13.166 14.168 14.936 14.835 13.934 10.516 6.251 4.195 4.236 3.865 3.233 2.556 2.034 1.728 2.024 2.462 2.274 2.074 1.804 1.662 1.627 1.557 1.756 2.553 4.920 6.860 6.961 5.415 2.748 1.531 1.433 1.475 1.409 0.999 0.435 0.000 0.000 0.000 0.000 0.000 0.000 0.259
0.000 0.000 0.000 0.000 0.000 0.000 0.000 0.000 0.000 0.000 0.000 0.000 0.000 0.000 0.000 0.376 0.407 0.351 0.000 0.000 0.000 0.000 0.000 0.000 0.000 0.000 0.289 0.277 0.508 1.895 6.057 9.347 10.539 12.403 14.745 17.126 19.571 20.863 20.378 19.014 14.773 10.435 7.829 6.974 5.771 3.986 2.305 1.350 1.146 1.461 1.742 1.565 1.086 0.981 1.394 1.478 1.391 1.324 1.584 2.689 5.424 7.116 7.054 5.225 2.577 1.710 1.688 1.598 1.430 0.887 0.373 0.250 0.286 0.453 0.782 1.293 2.027
0.000 0.000 0.000 0.000 0.000 0.000 0.000 0.000 0.000 0.000 0.000 0.000 0.000 0.000 0.000 0.369 0.380 0.270 0.000 0.000 0.000 0.000 0.000 0.000 0.000 0.000 0.000 0.238 0.000 0.000 0.484 1.343 2.655 4.649 7.239 10.270 14.855 17.245 17.159 15.072 11.791 9.644 8.798 7.851 6.437 4.954 3.486 2.016 1.030 1.233 1.296 1.056 0.473 0.350 0.773 1.170 1.192 1.066 1.077 1.502 3.351 6.395 7.572 7.326 5.042 2.701 2.477 2.440 2.346 2.005 1.514 1.496 1.790 2.236 2.689 3.040 3.503
0.000 0.000 0.000 0.000 0.000 0.000 0.000 0.000 0.000 0.000 0.000 0.000 0.000 0.000 0.223 0.401 0.350 0.000 0.000 0.000 0.000 0.000 0.000 0.000 0.000 0.000 0.000 0.000 0.000 0.000 0.000 0.412 0.578 0.647 0.837 1.255 2.630 3.835 4.148 4.106 4.216 4.587 5.071 5.149 4.903 4.687 4.132 3.160 2.107 1.221 0.979 0.570 0.000 0.000 0.377 0.770 0.886 0.837 0.759 0.834 1.626 4.417 7.088 7.760 7.364 5.049 3.787 4.065 4.181 4.006 3.370 2.951 2.874 2.847 2.911 3.190 4.331
0.000 0.000 0.000 0.000 0.000 0.000 0.000 0.000 0.000 0.000 0.000 0.000 0.000 0.000 0.313 0.414 0.261 0.000 0.000 0.000 0.000 0.000 0.000 0.000 0.000 0.000 0.000 0.000 0.000 0.000 0.000 0.230 0.484 0.567 0.501 0.400 0.369 0.313 0.369 0.531 0.878 1.086 1.027 0.918 1.398 2.609 3.512 3.585 3.193 1.902 0.763 0.272 0.000 0.000 0.000 0.459 0.633 0.618 0.549 0.543 0.758 2.290 5.509 7.054 7.358 6.438 4.555 4.221 4.398 4.273 3.642 2.901 2.549 2.268 2.276 3.232 3.968
0.000 0.000 0.000 0.000 0.000 0.000 0.000 0.000 0.000 0.000 0.000 0.000 0.000 0.000 0.415 0.406 0.000 0.000 0.000 0.000 0.000 0.000 0.000 0.000 0.000 0.000 0.000 0.000 0.000 0.000 0.000 0.000 0.249 0.507 0.649 0.632 0.541 0.502 0.580 0.752 0.785 0.660 0.343 0.000 0.227 0.509 1.306 2.182 2.422 2.150 1.040 0.000 0.000 0.000 0.000 0.267 0.422 0.425 0.382 0.370 0.460 1.098 3.310 5.529 6.014 5.607 4.151 3.287 3.443 3.359 2.824 2.036 1.661 1.683 2.595 3.427 3.375
0.000 0.000 0.000 0.000 0.000 0.000 0.000 0.000 0.000 0.000 0.000 0.000 0.000 0.238 0.472 0.298 0.000 0.000 0.000 0.000 0.000 0.000 0.000 0.000 0.000 0.000 0.000 0.000 0.000 0.000 0.000 0.000 0.000 0.243 0.480 0.653 0.770 0.854 0.863 0.820 0.678 0.330 0.000 0.000 0.000 0.201 0.407 1.072 1.607 1.531 0.942 0.242 0.000 0.000 0.000 0.000 0.263 0.271 0.246 0.242 0.314 0.630 1.869 3.490 3.982 3.881 2.898 1.978 2.091 2.225 2.136 1.975 2.096 2.752 3.318 3.291 2.749
0.000 0.000 0.000 0.000 0.000 0.000 0.000 0.000 0.000 0.000 0.000 0.000 0.000 0.435 0.495 0.000 0.000 0.000 0.000 0.000 0.000 0.000 0.000 0.000 0.000 0.000 0.000 0.000 0.000 0.000 0.000 0.000 0.000 0.000 0.000 0.331 0.527 0.575 0.545 0.400 0.215 0.000 0.000 0.000 0.000 0.000 0.000 0.395 0.845 0.891 0.702 0.303 0.000 0.000 0.000 0.000 0.000 0.000 0.000 0.000 0.231 0.410 0.879 1.560 2.048 2.173 2.130 1.765 1.818 2.168 2.399 2.655 3.032 3.257 3.239 2.782 1.354
0.000 0.000 0.000 0.000 0.000 0.000 0.000 0.000 0.000 0.000 0.000 0.000 0.203 0.624 0.474 0.000 0.000 0.000 0.000 0.000 0.000 0.000 0.000 0.000 0.000 0.000 0.000 0.000 0.000 0.000 0.000 0.000 0.000 0.000 0.000 0.000 0.000 0.000 0.000 0.000 0.000 0.000 0.000 0.000 0.000 0.000 0.000 0.000 0.325 0.473 0.436 0.263 0.000 0.000 0.000 0.000 0.000 0.000 0.000 0.000 0.000 0.289 0.344 0.524 0.769 1.049 1.362 1.649 1.953 2.346 2.721 3.031 3.142 3.118 2.639 1.325 0.210
