tests/test_04/output4/CloudLoad_168.00hrs.dat
NCOLS   360
NROWS    60
XLLCORNER           0.000
YLLCORNER           0.000
CELLSIZE           1.000          1.000
NODATA_VALUE  0.000
[rows 0 to 33 of 60, columns 231 to 307 of 360]
9.773 10.628 10.683 10.280 9.437 8.424 7.515 6.784 6.152 5.435 4.587 3.711 2.819 2.223 1.794 1.464 1.242 1.062 0.914 0.806 0.738 0.716 0.743 0.760 0.824 0.829 0.787 0.719 0.628 0.552 0.559 0.778 1.302 1.226 0.898 0.402 0.000 0.000 0.000 0.000 0.000 0.000 0.000 0.000 0.000 0.000 0.000 0.000 0.000 0.000 0.000 0.000 0.000 0.000 0.000 0.000 0.000 0.234 1.086 1.339 1.088 1.073 1.592 2.035 2.118 1.934 1.721 1.618 1.561 1.484 1.379 1.111 0.798 0.540 0.391 0.295 0.231
14.336 14.821 14.391 13.642 12.035 10.365 8.890 8.006 7.535 7.147 6.735 6.205 5.447 4.412 3.382 2.512 2.001 1.715 1.525 1.391 1.290 1.276 1.405 1.568 1.719 1.823 1.755 1.595 1.367 1.098 0.806 0.676 0.886 2.013 2.128 1.610 0.570 0.000 0.000 0.000 0.000 0.000 0.000 0.000 0.000 0.000 0.000 0.000 0.000 0.000 0.000 0.000 0.000 0.000 0.000 0.000 0.000 0.680 1.057 0.636 0.585 0.878 1.418 1.565 1.510 1.376 1.270 1.185 1.083 0.999 0.847 0.683 0.551 0.471 0.409 0.358 0.308
14.895 14.427 13.582 12.439 10.615 9.052 8.016 7.440 7.119 6.825 6.604 6.459 6.347 6.069 5.611 4.895 3.992 3.147 2.507 2.261 2.283 2.455 2.678 2.911 2.999 2.971 2.763 2.475 2.114 1.706 1.253 0.923 0.771 1.091 2.274 2.238 1.374 0.285 0.000 0.000 0.000 0.000 0.000 0.000 0.000 0.000 0.000 0.000 0.000 0.000 0.000 0.000 0.000 0.000 0.000 0.000 0.247 0.842 0.733 0.478 0.554 0.986 1.405 1.455 1.376 1.259 1.173 1.140 1.077 0.988 0.870 0.770 0.696 0.637 0.585 0.541 0.494
17.149 12.294 9.504 7.457 5.666 4.770 4.384 4.520 4.951 5.461 5.819 6.032 6.443 6.864 7.219 6.819 5.826 4.421 3.242 3.119 3.476 3.843 4.026 4.072 3.933 3.740 3.406 2.902 2.358 1.822 1.353 0.949 0.699 0.596 1.260 2.147 1.848 0.758 0.000 0.000 0.000 0.000 0.000 0.000 0.000 0.000 0.000 0.000 0.000 0.000 0.000 0.000 0.000 0.000 0.000 0.000 0.661 0.742 0.373 0.367 0.479 0.897 1.173 1.202 1.142 1.073 1.021 1.000 0.978 0.928 0.879 0.818 0.745 0.688 0.645 0.614 0.584
17.948 9.858 4.823 2.454 1.547 1.352 1.400 1.810 2.861 4.123 5.387 6.550 7.710 8.661 9.554 9.891 8.213 6.099 5.422 5.762 6.052 6.015 5.697 5.385 4.729 4.049 3.600 3.140 2.643 2.123 1.625 1.149 0.773 0.532 0.659 1.837 2.114 1.424 0.401 0.000 0.000 0.000 0.000 0.000 0.000 0.000 0.000 0.000 0.000 0.000 0.000 0.000 0.000 0.000 0.000 0.405 0.730 0.415 0.286 0.305 0.460 0.794 0.956 0.979 0.910 0.845 0.774 0.728 0.697 0.661 0.619 0.577 0.535 0.499 0.467 0.448 0.439
16.676 9.357 3.554 1.201 0.507 0.354 0.646 1.485 2.570 4.413 6.333 8.273 10.424 12.348 13.722 14.043 11.205 8.729 8.441 8.521 8.605 8.587 8.426 8.249 7.505 6.569 5.388 4.084 3.318 2.812 2.249 1.681 1.143 0.724 0.600 1.146 2.334 2.057 0.876 0.283 0.244 0.204 0.000 0.000 0.000 0.000 0.000 0.000 0.000 0.000 0.000 0.000 0.000 0.000 0.000 0.575 0.600 0.271 0.243 0.245 0.400 0.618 0.702 0.718 0.666 0.611 0.558 0.511 0.465 0.416 0.366 0.312 0.259 0.219 0.000 0.000 0.000
15.504 8.826 3.203 1.016 0.365 0.314 1.278 2.975 4.531 7.535 11.538 15.284 17.767 19.503 21.362 18.740 12.738 10.096 9.588 9.492 9.525 9.575 9.793 10.199 10.402 10.354 9.141 7.007 4.868 3.567 3.000 2.417 1.858 1.305 0.893 0.761 1.751 2.324 1.572 0.548 0.318 0.284 0.257 0.220 0.000 0.000 0.000 0.000 0.000 0.000 0.000 0.000 0.000 0.000 0.316 0.679 0.419 0.228 0.000 0.000 0.282 0.399 0.449 0.446 0.409 0.372 0.347 0.306 0.253 0.000 0.000 0.000 0.000 0.000 0.000 0.000 0.000
9.501 5.924 2.657 0.791 0.275 0.534 3.045 6.409 11.341 19.542 26.591 29.198 29.882 30.995 29.543 21.595 12.282 9.979 9.697 9.907 10.386 11.016 11.837 12.480 12.872 12.912 12.483 11.605 8.905 5.303 3.762 3.103 2.474 1.888 1.359 0.949 0.955 1.954 1.906 1.120 0.393 0.265 0.251 0.243 0.230 0.000 0.000 0.000 0.000 0.000 0.000 0.000 0.000 0.000 0.518 0.620 0.265 0.000 0.000 0.000 0.000 0.204 0.222 0.213 0.000 0.000 0.000 0.000 0.000 0.000 0.000 0.000 0.000 0.000 0.000 0.000 0.000
2.677 1.859 1.035 0.357 0.000 0.855 4.834 12.695 24.493 35.645 40.891 41.817 41.723 41.155 35.487 26.258 16.302 15.242 16.343 17.760 18.898 19.634 20.375 21.286 21.256 20.532 19.529 16.937 14.827 11.427 7.087 4.453 3.428 2.578 1.970 1.423 1.045 1.245 1.894 1.604 0.757 0.224 0.000 0.000 0.214 0.209 0.000 0.000 0.000 0.000 0.000 0.000 0.000 0.000 0.585 0.607 0.254 0.000 0.000 0.000 0.000 0.000 0.000 0.000 0.000 0.000 0.000 0.000 0.000 0.000 0.000 0.000 0.000 0.000 0.000 0.000 0.000
0.385 0.256 0.000 0.000 0.000 0.762 6.723 21.574 37.014 46.116 49.215 49.751 49.564 47.332 43.176 35.298 23.561 21.768 22.210 22.225 21.935 21.690 21.765 21.960 22.415 22.275 21.946 22.451 22.447 19.117 13.791 9.391 5.228 3.788 2.792 1.927 1.408 1.075 1.515 1.839 1.358 0.508 0.000 0.000 0.000 0.000 0.000 0.000 0.000 0.000 0.000 0.000 0.000 0.000 0.583 0.634 0.270 0.000 0.000 0.000 0.000 0.000 0.000 0.000 0.000 0.000 0.000 0.000 0.000 0.000 0.000 0.000 0.000 0.000 0.000 0.000 0.000
0.000 0.000 0.000 0.000 0.000 0.247 7.041 22.793 38.613 47.758 51.590 53.296 53.769 47.834 43.069 38.042 23.142 16.394 13.614 11.729 10.264 9.375 9.064 9.089 10.560 12.976 16.077 18.380 20.590 21.215 21.424 18.646 12.146 6.760 4.410 3.166 1.986 1.333 1.087 1.621 1.693 1.094 0.274 0.000 0.000 0.000 0.000 0.000 0.000 0.000 0.000 0.000 0.000 0.000 0.518 0.731 0.380 0.000 0.000 0.000 0.000 0.000 0.000 0.000 0.000 0.000 0.000 0.000 0.000 0.000 0.000 0.000 0.000 0.000 0.000 0.000 0.000
0.000 0.000 0.000 0.000 0.000 0.236 4.119 11.416 20.273 27.814 31.929 33.464 32.123 26.466 21.697 25.804 19.712 5.852 3.139 2.263 1.821 1.576 1.459 1.406 1.443 1.931 2.805 4.700 8.070 12.769 16.870 19.908 19.098 16.605 10.259 5.972 3.927 2.313 1.404 1.384 1.643 1.471 0.775 0.000 0.000 0.000 0.000 0.000 0.000 0.000 0.000 0.000 0.000 0.000 0.271 0.695 0.661 0.376 0.219 0.000 0.000 0.000 0.000 0.000 0.000 0.000 0.000 0.000 0.000 0.000 0.000 0.000 0.000 0.000 0.000 0.000 0.000
0.000 0.000 0.000 0.000 0.000 0.305 1.275 2.526 4.138 6.689 9.092 9.743 8.960 8.162 7.736 16.387 24.178 5.977 2.038 1.389 1.078 0.908 0.773 0.619 0.536 0.511 0.570 0.705 1.127 3.008 5.847 9.776 14.097 17.243 16.790 12.842 7.344 4.222 2.332 1.452 1.427 1.450 1.217 0.544 0.000 0.000 0.000 0.000 0.000 0.000 0.000 0.000 0.000 0.000 0.000 0.388 0.639 0.610 0.477 0.336 0.251 0.000 0.000 0.000 0.000 0.000 0.000 0.000 0.000 0.000 0.000 0.000 0.000 0.000 0.000 0.000 0.000
0.000 0.000 0.000 0.000 0.000 0.000 0.000 0.252 0.361 0.881 1.606 2.220 2.536 2.585 2.556 3.480 15.927 11.938 2.744 1.807 1.626 1.547 1.445 1.238 1.010 0.781 0.583 0.503 0.563 0.821 1.572 2.672 5.156 8.727 13.164 15.834 14.486 9.621 4.922 2.305 1.500 1.386 1.297 0.921 0.291 0.000 0.000 0.000 0.000 0.000 0.000 0.000 0.000 0.000 0.000 0.000 0.309 0.489 0.493 0.456 0.397 0.345 0.297 0.260 0.223 0.000 0.000 0.000 0.000 0.000 0.000 0.000 0.000 0.000 0.000 0.000 0.000
0.000 0.000 0.000 0.000 0.000 0.000 0.000 0.000 0.000 0.000 0.000 0.000 0.210 0.258 0.309 0.376 1.201 4.488 4.811 2.392 1.732 1.744 1.573 1.469 1.395 1.275 1.152 0.978 0.758 0.578 0.774 1.632 2.762 3.210 5.416 9.988 14.735 15.886 11.312 5.033 2.076 1.494 1.291 1.181 0.625 0.000 0.000 0.000 0.000 0.000 0.000 0.000 0.000 0.000 0.000 0.000 0.000 0.000 0.245 0.295 0.290 0.273 0.253 0.239 0.230 0.223 0.215 0.207 0.000 0.000 0.000 0.000 0.000 0.000 0.000 0.000 0.000
0.000 0.000 0.000 0.000 0.000 0.000 0.000 0.000 0.000 0.000 0.000 0.000 0.000 0.000 0.000 0.000 0.000 0.000 1.878 4.589 4.598 2.224 0.737 0.756 0.895 1.085 1.201 1.238 1.165 1.051 0.750 0.765 1.772 2.873 2.872 3.807 8.308 14.351 14.401 10.329 4.302 1.937 1.486 1.260 0.947 0.361 0.000 0.000 0.000 0.000 0.000 0.000 0.000 0.000 0.000 0.000 0.000 0.000 0.000 0.000 0.000 0.000 0.000 0.000 0.000 0.000 0.000 0.000 0.000 0.000 0.000 0.000 0.000 0.000 0.000 0.000 0.000
0.000 0.000 0.000 0.000 0.000 0.000 0.000 0.000 0.000 0.000 0.000 0.000 0.000 0.000 0.000 0.000 0.000 0.000 1.770 9.499 11.723 6.142 0.657 0.275 0.251 0.287 0.410 0.670 0.946 1.178 1.189 1.041 0.839 2.020 3.071 2.969 3.418 7.505 13.055 12.973 9.102 4.058 2.120 1.642 1.273 0.811 0.293 0.000 0.000 0.000 0.000 0.000 0.000 0.000 0.000 0.000 0.000 0.000 0.000 0.000 0.000 0.000 0.000 0.000 0.000 0.000 0.000 0.000 0.000 0.000 0.000 0.000 0.000 0.000 0.000 0.000 0.000
0.000 0.000 0.000 0.000 0.000 0.000 0.000 0.000 0.000 0.000 0.000 0.000 0.000 0.000 0.000 0.000 0.000 1.571 8.815 16.602 15.957 7.922 0.838 0.240 0.000 0.000 0.000 0.000 0.216 0.416 0.902 1.280 1.219 0.988 2.222 3.179 3.131 3.634 7.584 11.759 11.359 7.737 4.395 2.860 2.030 1.553 1.018 0.579 0.327 0.212 0.000 0.000 0.000 0.000 0.000 0.000 0.000 0.000 0.000 0.000 0.000 0.000 0.224 0.257 0.285 0.297 0.289 0.272 0.230 0.000 0.000 0.000 0.000 0.000 0.000 0.000 0.000
0.000 0.000 0.000 0.000 0.000 0.000 0.000 0.000 0.000 0.000 0.000 0.000 0.000 0.000 0.000 0.000 0.530 3.137 11.833 13.490 10.204 2.936 0.246 0.000 0.000 0.000 0.000 0.000 0.000 0.000 0.000 0.546 1.236 1.267 1.315 2.335 3.173 3.416 4.423 7.640 10.299 8.997 7.258 5.493 4.056 3.401 2.667 2.089 1.671 1.302 1.062 0.879 0.773 0.709 0.685 0.682 0.702 0.759 0.827 0.926 1.045 1.186 1.332 1.463 1.571 1.612 1.603 1.578 1.502 1.354 1.200 1.037 0.860 0.686 0.522 0.385 0.280
0.000 0.000 0.000 0.000 0.000 0.000 0.000 0.000 0.000 0.000 0.000 0.000 0.000 0.000 0.000 0.000 0.700 1.164 1.050 0.714 0.295 0.000 0.000 0.000 0.000 0.000 0.000 0.000 0.000 0.000 0.000 0.000 0.358 1.157 1.287 1.586 2.788 3.626 4.439 6.356 8.335 9.032 8.404 7.301 6.147 5.615 4.789 4.087 3.754 3.406 3.173 2.970 2.780 2.693 2.658 2.640 2.680 2.753 2.844 2.972 3.095 3.225 3.400 3.568 3.722 3.864 3.916 3.922 3.891 3.783 3.606 3.364 3.094 2.817 2.513 2.185 1.854
0.000 0.000 0.000 0.000 0.000 0.000 0.000 0.000 0.000 0.000 0.000 0.000 0.000 0.000 0.000 0.000 0.000 0.000 0.000 0.000 0.000 0.000 0.000 0.000 0.000 0.000 0.000 0.000 0.000 0.000 0.000 0.000 0.000 0.352 1.132 1.362 1.870 3.280 4.246 6.209 8.599 9.396 9.524 8.575 7.436 6.756 5.847 5.063 4.667 4.286 4.150 3.954 3.691 3.690 3.722 3.691 3.702 3.658 3.569 3.497 3.446 3.412 3.408 3.391 3.440 3.553 3.737 3.940 4.076 4.207 4.345 4.419 4.375 4.316 4.263 4.165 3.938
0.000 0.000 0.000 0.000 0.000 0.000 0.000 0.000 0.000 0.000 0.000 0.000 0.000 0.000 0.000 0.000 0.000 0.000 0.000 0.000 0.000 0.000 0.000 0.000 0.000 0.000 0.000 0.000 0.000 0.000 0.000 0.000 0.000 0.000 0.494 1.146 1.476 2.304 3.775 5.012 7.603 9.497 10.497 10.052 8.886 8.112 7.227 6.504 5.897 5.251 4.927 4.482 4.053 4.040 3.942 3.810 3.615 3.391 3.188 2.843 2.399 2.046 1.760 1.529 1.440 1.519 1.669 1.857 2.076 2.301 2.545 2.820 3.129 3.447 3.759 4.018 4.169
0.000 0.000 0.000 0.000 0.000 0.000 0.000 0.000 0.000 0.000 0.000 0.000 0.000 0.000 0.000 0.000 0.000 0.000 0.000 0.000 0.000 0.000 0.000 0.000 0.000 0.000 0.000 0.000 0.000 0.000 0.000 0.000 0.000 0.000 0.000 0.644 1.149 1.564 2.801 4.387 6.310 8.823 10.406 11.176 10.075 8.961 7.529 6.557 6.038 5.889 6.147 5.918 5.585 5.741 5.680 5.483 5.248 4.918 4.448 3.873 3.253 2.838 2.435 1.997 1.638 1.447 1.307 1.196 1.094 1.034 1.086 1.215 1.412 1.679 2.037 2.461 2.914
0.000 0.000 0.000 0.000 0.000 0.000 0.000 0.000 0.000 0.000 0.000 0.000 0.000 0.000 0.000 0.000 0.000 0.000 0.000 0.000 0.000 0.000 0.000 0.000 0.000 0.000 0.000 0.000 0.000 0.000 0.000 0.000 0.000 0.000 0.000 0.000 0.847 1.134 1.681 2.891 4.841 7.267 9.580 10.561 10.338 9.444 7.998 6.682 5.863 5.299 5.355 5.789 7.347 8.897 9.544 9.230 8.183 6.503 5.005 3.994 3.379 2.990 2.706 2.389 2.063 1.789 1.539 1.355 1.223 1.114 1.008 0.918 0.889 0.961 1.113 1.326 1.594
0.000 0.000 0.000 0.000 0.000 0.000 0.000 0.000 0.000 0.000 0.000 0.000 0.000 0.000 0.000 0.000 0.000 0.000 0.000 0.000 0.000 0.000 0.000 0.000 0.000 0.000 0.000 0.000 0.000 0.000 0.000 0.000 0.000 0.000 0.000 0.000 0.351 1.004 1.175 1.593 2.829 4.863 7.499 9.648 9.897 9.263 7.491 5.683 5.101 4.917 5.379 7.103 9.886 11.781 11.619 10.765 9.187 7.034 4.826 3.443 2.749 2.267 1.952 1.730 1.551 1.370 1.223 1.119 1.052 0.997 0.978 0.943 0.909 0.919 0.976 1.073 1.192
0.000 0.000 0.000 0.000 0.000 0.000 0.000 0.000 0.000 0.000 0.000 0.000 0.000 0.000 0.000 0.000 0.000 0.000 0.000 0.000 0.000 0.000 0.000 0.000 0.000 0.000 0.000 0.000 0.000 0.000 0.000 0.000 0.000 0.000 0.000 0.000 0.000 0.551 1.114 1.229 1.446 2.567 4.480 6.867 8.576 8.609 7.620 5.936 5.432 5.456 6.153 8.363 10.746 10.951 10.638 10.003 8.145 5.785 3.505 1.949 1.195 0.904 0.809 0.743 0.693 0.649 0.635 0.664 0.777 0.907 0.958 0.970 0.952 0.944 0.977 1.066 1.213
0.000 0.000 0.000 0.000 0.000 0.000 0.000 0.000 0.000 0.000 0.000 0.000 0.000 0.000 0.000 0.000 0.000 0.000 0.000 0.000 0.000 0.000 0.000 0.000 0.000 0.000 0.000 0.000 0.000 0.000 0.000 0.000 0.000 0.000 0.000 0.000 0.000 0.000 0.677 1.238 1.355 1.534 2.371 3.826 5.780 6.977 7.679 7.544 7.510 7.848 8.693 9.721 10.174 10.423 10.320 9.019 7.230 4.882 2.813 1.489 0.778 0.548 0.470 0.429 0.393 0.365 0.357 0.394 0.517 0.707 0.837 0.903 0.941 0.965 1.021 1.153 1.384
0.000 0.000 0.000 0.000 0.000 0.000 0.000 0.000 0.000 0.000 0.000 0.000 0.000 0.000 0.000 0.000 0.000 0.000 0.000 0.000 0.000 0.000 0.000 0.000 0.000 0.000 0.000 0.000 0.000 0.000 0.000 0.000 0.000 0.000 0.000 0.000 0.000 0.000 0.000 0.755 1.182 1.480 1.737 2.322 3.632 5.181 6.434 7.465 8.303 8.955 9.347 9.589 9.624 9.260 8.539 7.362 5.872 4.554 3.591 2.638 1.754 1.187 0.780 0.449 0.314 0.279 0.270 0.279 0.329 0.477 0.635 0.707 0.769 0.838 0.953 1.174 1.505
0.000 0.000 0.000 0.000 0.000 0.000 0.000 0.000 0.000 0.000 0.000 0.000 0.000 0.000 0.000 0.000 0.000 0.000 0.000 0.000 0.000 0.000 0.000 0.000 0.000 0.000 0.000 0.000 0.000 0.000 0.000 0.000 0.000 0.000 0.000 0.000 0.000 0.000 0.000 0.000 0.588 1.081 1.383 1.691 2.260 3.505 4.961 6.319 7.333 7.751 7.770 7.646 7.018 5.817 4.593 3.781 3.495 3.653 3.393 2.892 2.543 2.358 1.948 1.391 0.872 0.466 0.272 0.248 0.255 0.298 0.405 0.509 0.589 0.690 0.852 1.149 1.584
0.000 0.000 0.000 0.000 0.000 0.000 0.000 0.000 0.000 0.000 0.000 0.000 0.000 0.000 0.000 0.000 0.000 0.000 0.000 0.000 0.000 0.000 0.000 0.000 0.000 0.000 0.000 0.000 0.000 0.000 0.000 0.000 0.000 0.000 0.000 0.000 0.000 0.000 0.000 0.000 0.000 0.331 0.779 1.182 1.505 1.882 2.408 3.190 4.057 4.405 4.206 3.701 2.866 1.856 1.072 1.143 1.601 2.048 2.118 1.993 2.094 2.190 2.206 2.146 1.841 1.367 0.922 0.574 0.326 0.248 0.286 0.375 0.476 0.589 0.787 1.185 1.690
0.000 0.000 0.000 0.000 0.000 0.000 0.000 0.000 0.000 0.000 0.000 0.000 0.000 0.000 0.000 0.000 0.000 0.000 0.000 0.000 0.000 0.000 0.000 0.000 0.000 0.000 0.000 0.000 0.000 0.000 0.000 0.000 0.000 0.000 0.000 0.000 0.000 0.000 0.000 0.000 0.000 0.000 0.000 0.312 0.667 0.950 0.985 0.960 0.897 0.802 0.639 0.470 0.317 0.232 0.222 0.457 0.838 0.969 0.765 0.496 0.711 1.204 1.732 1.901 1.921 1.893 1.687 1.314 0.945 0.599 0.313 0.271 0.347 0.466 0.691 1.169 1.648
0.000 0.000 0.000 0.000 0.000 0.000 0.000 0.000 0.000 0.000 0.000 0.000 0.000 0.000 0.000 0.000 0.000 0.000 0.000 0.000 0.000 0.000 0.000 0.000 0.000 0.000 0.000 0.000 0.000 0.000 0.000 0.000 0.000 0.000 0.000 0.000 0.000 0.000 0.000 0.000 0.000 0.000 0.000 0.000 0.000 0.000 0.000 0.000 0.000 0.000 0.000 0.000 0.000 0.000 0.000 0.401 0.679 0.694 0.450 0.000 0.000 0.000 0.558 1.047 1.546 1.736 1.768 1.766 1.645 1.248 0.753 0.317 0.248 0.321 0.566 1.096 1.474
0.000 0.000 0.000 0.000 0.000 0.000 0.000 0.000 0.000 0.000 0.000 0.000 0.000 0.000 0.000 0.000 0.000 0.000 0.000 0.000 0.000 0.000 0.000 0.000 0.000 0.000 0.000 0.000 0.000 0.000 0.000 0.000 0.000 0.000 0.000 0.000 0.000 0.000 0.000 0.000 0.000 0.000 0.000 0.000 0.000 0.000 0.000 0.000 0.000 0.000 0.000 0.000 0.000 0.000 0.000 0.383 0.556 0.503 0.276 0.000 0.000 0.000 0.000 0.000 0.622 1.172 1.585 1.636 1.648 1.575 1.205 0.614 0.248 0.292 0.525 0.964 1.201
0.000 0.000 0.000 0.000 0.000 0.000 0.000 0.000 0.000 0.000 0.000 0.000 0.000 0.000 0.000 0.000 0.000 0.000 0.000 0.000 0.000 0.000 0.000 0.000 0.000 0.000 0.000 0.000 0.000 0.000 0.000 0.000 0.000 0.000 0.000 0.000 0.000 0.000 0.000 0.000 0.000 0.000 0.000 0.000 0.000 0.000 0.000 0.000 0.000 0.000 0.000 0.000 0.000 0.000 0.000 0.378 0.418 0.334 0.000 0.000 0.000 0.000 0.000 0.000 0.000 0.446 1.050 1.473 1.514 1.510 1.333 0.789 0.308 0.320 0.581 0.879 0.966
