tests/test_04/output4/CloudLoad_240.00hrs.dat
NCOLS   360
NROWS    60
XLLCORNER           0.000
YLLCORNER           0.000
CELLSIZE           1.000          1.000
NODATA_VALUE -9999.
[rows 0 to 27 of 60, columns 0 to 62 of 360]
0.000000 0.000000 0.000000 0.000000 0.000000 0.000000 0.000000 0.000000 0.221727 0.372251 0.400134 0.392441 0.337282 0.266215 0.204420 0.000000 0.000000 0.000000 0.000000 0.000000 0.000000 0.000000 0.233736 0.348720 0.482381 0.534560 0.467123 0.325939 0.000000 0.000000 0.000000 0.000000 0.000000 0.000000 0.000000 0.000000 0.000000 0.000000 0.000000 0.000000 0.000000 0.000000 0.000000 0.000000 0.000000 0.000000 0.000000 0.000000 0.000000 0.000000 0.000000 0.000000 0.000000 0.000000 0.000000 0.000000 0.000000 0.000000 0.000000 0.000000 0.000000 0.000000 0.000000
0.000000 0.000000 0.000000 0.000000 0.000000 0.000000 0.000000 0.000000 0.266731 0.391707 0.391402 0.354735 0.268939 0.000000 0.000000 0.000000 0.000000 0.000000 0.000000 0.000000 0.000000 0.000000 0.000000 0.000000 0.301514 0.496881 0.686928 0.760832 0.682553 0.514906 0.362348 0.249711 0.000000 0.000000 0.000000 0.000000 0.000000 0.000000 0.000000 0.000000 0.000000 0.000000 0.000000 0.000000 0.000000 0.000000 0.000000 0.000000 0.000000 0.000000 0.000000 0.000000 0.000000 0.000000 0.000000 0.000000 0.000000 0.000000 0.000000 0.000000 0.000000 0.000000 0.000000
0.000000 0.000000 0.000000 0.000000 0.000000 0.000000 0.000000 0.000000 0.310602 0.410187 0.396420 0.345451 0.249328 0.000000 0.000000 0.000000 0.000000 0.000000 0.000000 0.000000 0.000000 0.000000 0.000000 0.000000 0.000000 0.322545 0.515723 0.720539 0.844808 0.830965 0.718693 0.572529 0.454242 0.374154 0.325674 0.296529 0.279925 0.269640 0.255512 0.223630 0.000000 0.000000 0.000000 0.000000 0.000000 0.000000 0.000000 0.000000 0.000000 0.000000 0.000000 0.000000 0.000000 0.000000 0.000000 0.000000 0.000000 0.000000 0.000000 0.000000 0.000000 0.000000 0.210986
0.000000 0.000000 0.000000 0.000000 0.000000 0.000000 0.000000 0.000000 0.333609 0.419556 0.400599 0.368212 0.307953 0.257519 0.248794 0.261925 0.282143 0.296028 0.293728 0.292870 0.278763 0.240186 0.000000 0.000000 0.000000 0.000000 0.255525 0.418862 0.622313 0.785494 0.864567 0.825787 0.744040 0.648794 0.547854 0.470787 0.420228 0.388457 0.366075 0.335086 0.286341 0.231548 0.000000 0.000000 0.000000 0.000000 0.000000 0.000000 0.000000 0.000000 0.000000 0.000000 0.000000 0.000000 0.000000 0.000000 0.000000 0.000000 0.232685 0.277395 0.309353 0.331097 0.342965
0.000000 0.000000 0.000000 0.000000 0.000000 0.000000 0.000000 0.000000 0.357273 0.433047 0.410366 0.391130 0.368203 0.332137 0.322848 0.337312 0.377545 0.416531 0.435786 0.465358 0.469586 0.451459 0.409949 0.327171 0.242085 0.000000 0.000000 0.226892 0.307975 0.446766 0.608868 0.735148 0.782399 0.769782 0.719075 0.642382 0.558412 0.516455 0.495885 0.483004 0.462931 0.423052 0.362595 0.309035 0.236136 0.000000 0.000000 0.000000 0.000000 0.000000 0.000000 0.000000 0.000000 0.000000 0.000000 0.000000 0.273882 0.342995 0.398173 0.436530 0.466257 0.484252 0.492321
0.000000 0.000000 0.000000 0.000000 0.000000 0.000000 0.000000 0.204360 0.373250 0.441772 0.417279 0.403977 0.391603 0.366725 0.381004 0.420361 0.506519 0.577480 0.606723 0.646303 0.663215 0.660125 0.653492 0.600060 0.502666 0.381341 0.267332 0.229231 0.228739 0.263386 0.329809 0.415529 0.541989 0.630641 0.668005 0.674255 0.626635 0.563243 0.529939 0.514614 0.489693 0.436389 0.352478 0.247011 0.000000 0.000000 0.000000 0.000000 0.000000 0.000000 0.000000 0.000000 0.000000 0.000000 0.268391 0.361191 0.428283 0.482767 0.527977 0.565200 0.599252 0.620610 0.629583
0.000000 0.000000 0.000000 0.000000 0.000000 0.000000 0.000000 0.219517 0.386556 0.450943 0.421801 0.413037 0.402277 0.393324 0.480830 0.584050 0.696440 0.766474 0.780162 0.810594 0.822188 0.813964 0.814803 0.797792 0.754815 0.677225 0.544124 0.380697 0.261790 0.261086 0.270797 0.301931 0.344472 0.396498 0.465753 0.535071 0.562818 0.549797 0.510015 0.466488 0.428270 0.362189 0.236452 0.000000 0.000000 0.000000 0.000000 0.000000 0.000000 0.000000 0.000000 0.000000 0.000000 0.298541 0.395875 0.470004 0.527155 0.591774 0.655156 0.708981 0.757113 0.784021 0.794674
0.000000 0.000000 0.000000 0.000000 0.000000 0.000000 0.000000 0.220024 0.371320 0.438095 0.404008 0.421327 0.427734 0.523853 0.671622 0.777541 0.885650 0.952674 0.958580 0.979178 0.988616 0.971184 0.958248 0.940616 0.925787 0.891686 0.805745 0.666542 0.482967 0.311290 0.276213 0.289255 0.306189 0.323504 0.338302 0.374572 0.409093 0.440918 0.416862 0.347769 0.284640 0.000000 0.000000 0.000000 0.000000 0.000000 0.000000 0.000000 0.000000 0.000000 0.000000 0.000000 0.269463 0.374251 0.458604 0.538109 0.623241 0.712403 0.791318 0.837758 0.877202 0.906256 0.942887
0.000000 0.000000 0.000000 0.000000 0.000000 0.000000 0.000000 0.215455 0.368835 0.407424 0.379187 0.470408 0.551901 0.675381 0.849865 0.928761 0.976434 1.005545 1.006764 1.015782 1.031040 1.042176 1.053091 1.048769 1.031042 1.007504 0.977171 0.919704 0.771886 0.580949 0.392476 0.262470 0.263341 0.270643 0.272048 0.266601 0.264411 0.274615 0.263200 0.000000 0.000000 0.000000 0.000000 0.000000 0.000000 0.000000 0.000000 0.000000 0.000000 0.000000 0.000000 0.000000 0.310644 0.418748 0.504530 0.611526 0.730950 0.837539 0.886652 0.906113 0.970977 1.027560 1.089433
0.000000 0.000000 0.000000 0.000000 0.000000 0.000000 0.000000 0.209165 0.373951 0.442452 0.463806 0.590831 0.711947 0.824835 0.933852 0.954591 0.938863 0.916928 0.897505 0.890680 0.901178 0.934934 0.984985 1.040624 1.077348 1.080717 1.070230 1.055011 1.010415 0.889432 0.666275 0.451309 0.311562 0.251660 0.244570 0.220690 0.000000 0.000000 0.000000 0.000000 0.000000 0.000000 0.000000 0.000000 0.000000 0.000000 0.000000 0.000000 0.000000 0.000000 0.000000 0.209317 0.343966 0.448031 0.537586 0.670312 0.828561 0.898301 0.920041 0.951113 1.055777 1.155161 1.245815
0.000000 0.000000 0.000000 0.000000 0.000000 0.000000 0.000000 0.000000 0.351108 0.486554 0.565509 0.688964 0.812178 0.856896 0.868924 0.845963 0.788911 0.691594 0.628556 0.608618 0.630094 0.707499 0.802967 0.888583 0.966342 1.032845 1.072521 1.077330 1.106175 1.079070 0.989644 0.773493 0.515132 0.351339 0.253034 0.241150 0.214436 0.000000 0.000000 0.000000 0.000000 0.000000 0.000000 0.000000 0.000000 0.000000 0.000000 0.000000 0.000000 0.000000 0.000000 0.234312 0.368931 0.464719 0.560582 0.721707 0.884682 0.912917 0.915992 0.921648 1.065796 1.219810 1.368582
0.000000 0.000000 0.000000 0.000000 0.000000 0.000000 0.000000 0.000000 0.314368 0.450500 0.551140 0.642845 0.751385 0.765836 0.734169 0.650024 0.507901 0.374439 0.316534 0.295980 0.332392 0.481989 0.639785 0.754649 0.850703 0.931490 0.988454 1.039246 1.068884 1.124187 1.137063 1.067751 0.878608 0.592007 0.386976 0.266449 0.235451 0.202481 0.000000 0.000000 0.000000 0.000000 0.000000 0.000000 0.000000 0.000000 0.000000 0.000000 0.000000 0.000000 0.000000 0.269656 0.393117 0.481284 0.589296 0.771384 0.922244 0.925693 0.905557 0.909719 1.040148 1.182192 1.369507
0.000000 0.000000 0.000000 0.000000 0.000000 0.000000 0.000000 0.000000 0.000000 0.315156 0.422976 0.492910 0.527158 0.503676 0.440409 0.368285 0.316731 0.288915 0.281873 0.270016 0.285965 0.424980 0.600574 0.710152 0.790839 0.858932 0.903602 0.928283 0.964420 1.034972 1.098654 1.143758 1.092875 0.934971 0.645196 0.414809 0.280055 0.229071 0.000000 0.000000 0.000000 0.000000 0.000000 0.000000 0.000000 0.000000 0.000000 0.000000 0.000000 0.000000 0.000000 0.318125 0.423020 0.505408 0.624891 0.825347 0.954536 0.934652 0.888523 0.861611 0.963254 1.125279 1.351647
0.000000 0.000000 0.000000 0.000000 0.000000 0.000000 0.000000 0.000000 0.000000 0.000000 0.000000 0.211226 0.232844 0.249563 0.253066 0.266127 0.301226 0.350794 0.366545 0.378804 0.393322 0.489109 0.644051 0.736366 0.792018 0.802433 0.783187 0.802497 0.837356 0.901530 1.041332 1.131978 1.199018 1.144381 0.964612 0.653902 0.419879 0.279751 0.219437 0.000000 0.000000 0.000000 0.000000 0.000000 0.000000 0.000000 0.000000 0.000000 0.000000 0.000000 0.269334 0.386884 0.463962 0.548418 0.673274 0.898762 0.984673 0.925802 0.864327 0.811189 0.854781 0.964283 1.133929
0.000000 0.000000 0.000000 0.000000 0.000000 0.000000 0.000000 0.000000 0.000000 0.000000 0.000000 0.000000 0.000000 0.000000 0.234431 0.276548 0.344427 0.423298 0.461426 0.486311 0.522485 0.630428 0.723053 0.761868 0.769670 0.710561 0.624389 0.626528 0.659983 0.742312 0.890300 1.076390 1.200278 1.264630 1.198218 0.970355 0.638274 0.400510 0.266689 0.207173 0.000000 0.000000 0.000000 0.000000 0.000000 0.000000 0.000000 0.000000 0.000000 0.229007 0.365872 0.449451 0.517791 0.615777 0.741983 0.994550 1.040164 0.969189 0.880270 0.825819 0.836615 0.898308 0.970747
0.000000 0.000000 0.000000 0.000000 0.000000 0.000000 0.000000 0.000000 0.000000 0.000000 0.000000 0.000000 0.216503 0.250399 0.281084 0.318571 0.394091 0.502847 0.547619 0.595848 0.679528 0.752636 0.773006 0.771103 0.693235 0.592212 0.549180 0.541471 0.536821 0.570091 0.692588 0.924328 1.154451 1.305920 1.289060 1.179874 0.881547 0.560293 0.355330 0.249902 0.000000 0.000000 0.000000 0.000000 0.000000 0.000000 0.000000 0.000000 0.211072 0.358800 0.453638 0.514607 0.596966 0.709476 0.830823 1.101542 1.112458 1.063486 0.935134 0.850941 0.877471 0.939818 1.026014
0.000000 0.000000 0.000000 0.000000 0.000000 0.000000 0.000000 0.000000 0.000000 0.000000 0.221732 0.256807 0.285917 0.322655 0.355408 0.389535 0.460197 0.592167 0.643244 0.695088 0.765566 0.791168 0.797594 0.734809 0.616428 0.550104 0.555147 0.550774 0.540473 0.522138 0.586465 0.792029 1.103663 1.359016 1.401568 1.302215 1.070865 0.703690 0.444895 0.300959 0.235207 0.000000 0.000000 0.000000 0.000000 0.000000 0.000000 0.202304 0.375453 0.486109 0.535976 0.606257 0.729332 0.825716 0.939359 1.203672 1.238886 1.198325 1.076788 1.011929 0.985325 1.028424 1.118532
0.000000 0.000000 0.000000 0.000000 0.000000 0.000000 0.000000 0.000000 0.000000 0.203635 0.244829 0.282279 0.320839 0.371254 0.420242 0.457409 0.528391 0.655622 0.677435 0.718961 0.790849 0.806723 0.784728 0.685348 0.602180 0.589102 0.589688 0.598204 0.586266 0.559102 0.552946 0.721214 1.067641 1.432922 1.523366 1.392828 1.161598 0.782127 0.479280 0.338720 0.271443 0.226130 0.000000 0.000000 0.000000 0.000000 0.204345 0.405364 0.570212 0.605840 0.649295 0.738750 0.892630 0.954092 1.068595 1.330186 1.499992 1.480820 1.345478 1.249296 1.210010 1.172013 1.237245
0.000000 0.000000 0.000000 0.000000 0.000000 0.000000 0.000000 0.000000 0.222155 0.254344 0.282305 0.308317 0.341107 0.394692 0.458590 0.499379 0.595395 0.689556 0.682311 0.706483 0.784059 0.800539 0.753228 0.678275 0.650477 0.655734 0.665817 0.691157 0.690637 0.675723 0.642383 0.719464 1.010357 1.484734 1.683901 1.535086 1.254083 0.844756 0.491787 0.353551 0.297766 0.272306 0.223419 0.000000 0.206186 0.255971 0.446247 0.682463 0.733160 0.727529 0.773382 0.883694 1.061423 1.145361 1.273650 1.551666 1.826178 1.835426 1.734616 1.585913 1.474122 1.413546 1.400475
0.000000 0.000000 0.000000 0.000000 0.000000 0.000000 0.000000 0.234192 0.278027 0.305107 0.325819 0.339052 0.366978 0.425790 0.495652 0.542800 0.667708 0.719263 0.675587 0.709696 0.782208 0.795030 0.753307 0.709826 0.717552 0.711974 0.750387 0.777251 0.819727 0.863748 0.851872 0.866565 1.046642 1.532552 1.912004 1.777397 1.425784 0.925303 0.504070 0.347950 0.310889 0.300462 0.296970 0.307016 0.344476 0.498308 0.790983 0.906331 0.847371 0.843016 0.899146 1.071869 1.286778 1.373908 1.470410 1.678151 2.010684 2.082038 2.045544 1.950167 1.775443 1.608530 1.472987
0.000000 0.000000 0.000000 0.000000 0.000000 0.000000 0.211578 0.280318 0.320914 0.346982 0.361317 0.372501 0.399557 0.451598 0.515284 0.584483 0.709775 0.745389 0.683340 0.708088 0.775226 0.789802 0.776618 0.780923 0.756924 0.773118 0.807998 0.849442 0.957645 1.032650 1.048977 1.040858 1.148421 1.541959 2.097652 2.070279 1.675970 1.064073 0.547862 0.356858 0.325945 0.357044 0.388412 0.458425 0.577520 0.896072 1.156663 1.120869 0.940259 0.965093 1.056831 1.279749 1.485988 1.567094 1.624570 1.764139 2.040881 2.267933 2.229368 2.184034 2.103909 1.865770 1.541550
0.000000 0.000000 0.000000 0.000000 0.000000 0.238739 0.324428 0.377567 0.398857 0.410542 0.419314 0.424153 0.435481 0.484518 0.553580 0.632593 0.762732 0.842414 0.766234 0.767196 0.791069 0.797997 0.791272 0.845056 0.819936 0.829478 0.873173 0.950091 1.076144 1.154748 1.166893 1.154526 1.234180 1.518042 2.135603 2.323836 1.971484 1.316508 0.668401 0.408981 0.370065 0.420717 0.505839 0.724236 1.026661 1.501460 1.519415 1.340228 1.055076 1.101260 1.254565 1.484245 1.651239 1.717613 1.741003 1.794614 1.900223 2.046808 2.167537 2.149771 2.137485 2.039531 1.708438
0.000000 0.000000 0.000000 0.000000 0.294266 0.467942 0.549352 0.575228 0.558796 0.530896 0.520815 0.529790 0.545669 0.600192 0.693890 0.784073 0.932624 1.059912 1.033839 0.998124 0.930422 0.900791 0.866243 0.937042 0.936437 0.925334 0.966801 1.060594 1.147870 1.195477 1.221954 1.206864 1.259335 1.483959 2.053018 2.486447 2.296396 1.733368 0.970957 0.560670 0.495455 0.569288 0.763808 1.184187 1.675945 2.146007 1.955850 1.596271 1.240641 1.297079 1.487414 1.677849 1.872719 1.831489 1.736591 1.698786 1.691059 1.708898 1.750147 1.871918 1.971741 1.963372 1.774335
0.000000 0.000000 0.000000 0.297123 0.532511 0.675639 0.727328 0.763742 0.771712 0.783167 0.799428 0.802698 0.819459 0.877304 0.965501 1.049166 1.181387 1.315635 1.379838 1.345253 1.179179 1.040974 0.977615 1.077577 1.105891 1.074076 1.097093 1.168536 1.229665 1.256217 1.244058 1.229185 1.280346 1.472521 1.972000 2.508863 2.589775 2.160459 1.499021 0.959180 0.864310 0.956722 1.260954 1.782390 2.290464 2.700353 2.429547 1.925373 1.543086 1.528440 1.686366 1.828496 2.019749 1.828291 1.596938 1.552496 1.538355 1.419353 1.276345 1.356070 1.521793 1.608025 1.610009
0.000000 0.000000 0.278710 0.514504 0.699458 0.841348 0.988020 1.111203 1.192926 1.259537 1.285731 1.274282 1.271590 1.314987 1.362657 1.393994 1.443759 1.517534 1.655719 1.661191 1.477101 1.210809 1.126442 1.247831 1.282642 1.261933 1.258663 1.303442 1.331263 1.289912 1.213801 1.203993 1.263336 1.466219 1.927655 2.465331 2.783902 2.562038 2.114909 1.705729 1.653027 1.749371 2.039323 2.528433 2.918052 3.145203 2.755216 2.190514 1.796888 1.720120 1.833639 1.868598 1.994772 1.772165 1.539002 1.489280 1.306450 1.077406 0.897208 0.993850 1.128063 1.209597 1.282788
0.000000 0.287487 0.572047 0.832587 1.047010 1.295080 1.552742 1.727895 1.817697 1.831299 1.805266 1.747532 1.697732 1.676391 1.658019 1.641043 1.629672 1.696632 1.865022 1.898075 1.680106 1.370769 1.351660 1.481562 1.510821 1.468456 1.411931 1.405182 1.388531 1.266038 1.169326 1.172818 1.224529 1.446506 1.899049 2.422091 2.834611 3.009155 2.874649 2.750961 2.669862 2.723588 2.862956 3.185519 3.444779 3.423468 2.872171 2.296181 1.951147 1.881663 1.937670 1.914450 2.028356 1.755305 1.511301 1.282722 0.984233 0.670656 0.557472 0.609917 0.724823 0.798955 0.868940
0.585958 0.941500 1.236292 1.484560 1.744406 1.980091 2.198495 2.285539 2.246242 2.138523 2.015222 1.910793 1.837879 1.767147 1.737477 1.735638 1.769829 1.913646 2.052212 2.070191 1.771711 1.533053 1.613888 1.729243 1.756293 1.662668 1.545874 1.507260 1.425835 1.255468 1.195771 1.221984 1.294608 1.531723 1.973731 2.461866 2.948011 3.369562 3.548116 3.439236 3.174839 2.949674 2.987333 3.214918 3.311983 3.083651 2.691174 2.312987 2.070818 1.971553 2.021958 2.075380 2.056117 1.695173 1.285048 0.896376 0.528797 0.352867 0.266028 0.279074 0.369230 0.462611 0.525041
1.566989 1.888584 2.081535 2.239972 2.325539 2.345313 2.402687 2.437833 2.377328 2.219738 2.011220 1.860805 1.796323 1.772372 1.800446 1.859937 2.010631 2.130587 2.187611 2.096447 1.812209 1.709496 1.890270 1.943509 1.978234 1.834185 1.681506 1.594838 1.415443 1.250663 1.226428 1.276405 1.407691 1.653513 2.084487 2.552763 2.999406 3.339099 3.461851 3.267328 2.941570 2.811855 2.870259 2.929065 2.866336 2.672015 2.508316 2.219998 2.036706 2.017330 2.236741 2.317241 1.975223 1.423998 0.845095 0.423371 0.235002 0.000000 0.000000 0.000000 0.236171 0.321993 0.421781
