tests/test_04/output4/CloudLoad_240.00hrs.dat
NCOLS   360
NROWS    60
XLLCORNER           0.000
YLLCORNER           0.000
CELLSIZE           1.000          1.000
NODATA_VALUE -9999.
[rows 0 to 27 of 60, columns 0 to 62 of 360]
0.000000 0.000000 0.000000 0.000000 0.000000 0.000000 0.000000 0.000000 0.221727 0.372252 0.400133 0.392441 0.337282 0.266215 0.204420 0.000000 0.000000 0.000000 0.000000 0.000000 0.000000 0.000000 0.233736 0.348720 0.482381 0.534560 0.467122 0.325939 0.000000 0.000000 0.000000 0.000000 0.000000 0.000000 0.000000 0.000000 0.000000 0.000000 0.000000 0.000000 0.000000 0.000000 0.000000 0.000000 0.000000 0.000000 0.000000 0.000000 0.000000 0.000000 0.000000 0.000000 0.000000 0.000000 0.000000 0.000000 0.000000 0.000000 0.000000 0.000000 0.000000 0.000000 0.000000
0.000000 0.000000 0.000000 0.000000 0.000000 0.000000 0.000000 0.000000 0.266732 0.391707 0.391402 0.354735 0.268939 0.000000 0.000000 0.000000 0.000000 0.000000 0.000000 0.000000 0.000000 0.000000 0.000000 0.000000 0.301515 0.496881 0.686928 0.760832 0.682553 0.514906 0.362348 0.249711 0.000000 0.000000 0.000000 0.000000 0.000000 0.000000 0.000000 0.000000 0.000000 0.000000 0.000000 0.000000 0.000000 0.000000 0.000000 0.000000 0.000000 0.000000 0.000000 0.000000 0.000000 0.000000 0.000000 0.000000 0.000000 0.000000 0.000000 0.000000 0.000000 0.000000 0.000000
0.000000 0.000000 0.000000 0.000000 0.000000 0.000000 0.000000 0.000000 0.310602 0.410187 0.396420 0.345452 0.249328 0.000000 0.000000 0.000000 0.000000 0.000000 0.000000 0.000000 0.000000 0.000000 0.000000 0.000000 0.000000 0.322545 0.515723 0.720539 0.844809 0.830965 0.718694 0.572529 0.454242 0.374154 0.325674 0.296529 0.279925 0.269640 0.255513 0.223631 0.000000 0.000000 0.000000 0.000000 0.000000 0.000000 0.000000 0.000000 0.000000 0.000000 0.000000 0.000000 0.000000 0.000000 0.000000 0.000000 0.000000 0.000000 0.000000 0.000000 0.000000 0.000000 0.210986
0.000000 0.000000 0.000000 0.000000 0.000000 0.000000 0.000000 0.000000 0.333609 0.419556 0.400599 0.368212 0.307953 0.257519 0.248794 0.261925 0.282143 0.296028 0.293728 0.292870 0.278763 0.240186 0.000000 0.000000 0.000000 0.000000 0.255525 0.418862 0.622313 0.785495 0.864567 0.825788 0.744040 0.648794 0.547854 0.470788 0.420228 0.388457 0.366075 0.335086 0.286342 0.231549 0.000000 0.000000 0.000000 0.000000 0.000000 0.000000 0.000000 0.000000 0.000000 0.000000 0.000000 0.000000 0.000000 0.000000 0.000000 0.000000 0.232685 0.277395 0.309353 0.331097 0.342965
0.000000 0.000000 0.000000 0.000000 0.000000 0.000000 0.000000 0.000000 0.357273 0.433047 0.410366 0.391130 0.368203 0.332137 0.322848 0.337312 0.377545 0.416531 0.435786 0.465358 0.469586 0.451459 0.409949 0.327171 0.242085 0.000000 0.000000 0.226892 0.307976 0.446767 0.608868 0.735149 0.782400 0.769782 0.719075 0.642382 0.558412 0.516456 0.495885 0.483004 0.462931 0.423053 0.362596 0.309035 0.236136 0.000000 0.000000 0.000000 0.000000 0.000000 0.000000 0.000000 0.000000 0.000000 0.000000 0.000000 0.273882 0.342995 0.398173 0.436530 0.466257 0.484252 0.492320
0.000000 0.000000 0.000000 0.000000 0.000000 0.000000 0.000000 0.204360 0.373250 0.441772 0.417279 0.403977 0.391603 0.366725 0.381004 0.420360 0.506519 0.577480 0.606723 0.646303 0.663215 0.660125 0.653492 0.600060 0.502666 0.381340 0.267331 0.229231 0.228739 0.263386 0.329809 0.415529 0.541989 0.630641 0.668005 0.674255 0.626636 0.563243 0.529939 0.514615 0.489694 0.436389 0.352479 0.247011 0.000000 0.000000 0.000000 0.000000 0.000000 0.000000 0.000000 0.000000 0.000000 0.000000 0.268391 0.361191 0.428283 0.482767 0.527977 0.565200 0.599252 0.620610 0.629583
0.000000 0.000000 0.000000 0.000000 0.000000 0.000000 0.000000 0.219517 0.386556 0.450943 0.421800 0.413037 0.402277 0.393324 0.480830 0.584050 0.696440 0.766473 0.780162 0.810594 0.822188 0.813964 0.814802 0.797791 0.754815 0.677225 0.544124 0.380697 0.261790 0.261086 0.270797 0.301931 0.344472 0.396498 0.465753 0.535071 0.562818 0.549797 0.510015 0.466488 0.428270 0.362190 0.236452 0.000000 0.000000 0.000000 0.000000 0.000000 0.000000 0.000000 0.000000 0.000000 0.000000 0.298541 0.395875 0.470004 0.527155 0.591774 0.655156 0.708981 0.757113 0.784020 0.794674
0.000000 0.000000 0.000000 0.000000 0.000000 0.000000 0.000000 0.220024 0.371320 0.438095 0.404008 0.421327 0.427733 0.523853 0.671622 0.777540 0.885649 0.952674 0.958580 0.979178 0.988616 0.971184 0.958248 0.940616 0.925787 0.891686 0.805745 0.666542 0.482968 0.311290 0.276213 0.289255 0.306189 0.323504 0.338302 0.374572 0.409093 0.440919 0.416862 0.347769 0.284640 0.000000 0.000000 0.000000 0.000000 0.000000 0.000000 0.000000 0.000000 0.000000 0.000000 0.000000 0.269463 0.374251 0.458604 0.538109 0.623241 0.712403 0.791318 0.837758 0.877202 0.906256 0.942887
0.000000 0.000000 0.000000 0.000000 0.000000 0.000000 0.000000 0.215455 0.368835 0.407424 0.379187 0.470407 0.551901 0.675380 0.849865 0.928761 0.976434 1.005545 1.006764 1.015782 1.031040 1.042176 1.053091 1.048769 1.031042 1.007504 0.977171 0.919704 0.771886 0.580949 0.392476 0.262470 0.263341 0.270643 0.272049 0.266601 0.264411 0.274615 0.263200 0.000000 0.000000 0.000000 0.000000 0.000000 0.000000 0.000000 0.000000 0.000000 0.000000 0.000000 0.000000 0.000000 0.310644 0.418749 0.504531 0.611526 0.730950 0.837539 0.886652 0.906113 0.970977 1.027559 1.089433
0.000000 0.000000 0.000000 0.000000 0.000000 0.000000 0.000000 0.209165 0.373951 0.442452 0.463806 0.590830 0.711947 0.824835 0.933851 0.954591 0.938863 0.916929 0.897505 0.890680 0.901178 0.934934 0.984985 1.040624 1.077348 1.080718 1.070230 1.055011 1.010415 0.889432 0.666275 0.451309 0.311562 0.251661 0.244570 0.220690 0.000000 0.000000 0.000000 0.000000 0.000000 0.000000 0.000000 0.000000 0.000000 0.000000 0.000000 0.000000 0.000000 0.000000 0.000000 0.209317 0.343967 0.448031 0.537586 0.670312 0.828561 0.898301 0.920041 0.951113 1.055777 1.155161 1.245814
0.000000 0.000000 0.000000 0.000000 0.000000 0.000000 0.000000 0.000000 0.351108 0.486554 0.565509 0.688964 0.812178 0.856896 0.868925 0.845963 0.788911 0.691595 0.628557 0.608618 0.630095 0.707499 0.802967 0.888583 0.966342 1.032845 1.072521 1.077329 1.106175 1.079070 0.989644 0.773493 0.515132 0.351339 0.253034 0.241151 0.214437 0.000000 0.000000 0.000000 0.000000 0.000000 0.000000 0.000000 0.000000 0.000000 0.000000 0.000000 0.000000 0.000000 0.000000 0.234312 0.368931 0.464719 0.560582 0.721707 0.884682 0.912917 0.915992 0.921648 1.065796 1.219810 1.368582
0.000000 0.000000 0.000000 0.000000 0.000000 0.000000 0.000000 0.000000 0.314368 0.450500 0.551140 0.642845 0.751385 0.765836 0.734169 0.650024 0.507901 0.374439 0.316534 0.295980 0.332392 0.481990 0.639785 0.754649 0.850703 0.931490 0.988454 1.039247 1.068884 1.124187 1.137063 1.067751 0.878608 0.592006 0.386976 0.266449 0.235451 0.202481 0.000000 0.000000 0.000000 0.000000 0.000000 0.000000 0.000000 0.000000 0.000000 0.000000 0.000000 0.000000 0.000000 0.269656 0.393117 0.481284 0.589296 0.771384 0.922244 0.925693 0.905556 0.909719 1.040147 1.182192 1.369507
0.000000 0.000000 0.000000 0.000000 0.000000 0.000000 0.000000 0.000000 0.000000 0.315156 0.422976 0.492910 0.527158 0.503676 0.440410 0.368286 0.316731 0.288915 0.281872 0.270016 0.285965 0.424980 0.600574 0.710152 0.790838 0.858932 0.903602 0.928283 0.964420 1.034972 1.098654 1.143758 1.092875 0.934971 0.645195 0.414809 0.280055 0.229071 0.000000 0.000000 0.000000 0.000000 0.000000 0.000000 0.000000 0.000000 0.000000 0.000000 0.000000 0.000000 0.000000 0.318125 0.423021 0.505408 0.624891 0.825347 0.954536 0.934651 0.888522 0.861611 0.963254 1.125279 1.351646
0.000000 0.000000 0.000000 0.000000 0.000000 0.000000 0.000000 0.000000 0.000000 0.000000 0.000000 0.211226 0.232844 0.249563 0.253066 0.266127 0.301226 0.350794 0.366544 0.378804 0.393323 0.489109 0.644051 0.736366 0.792018 0.802433 0.783187 0.802497 0.837356 0.901531 1.041332 1.131978 1.199018 1.144382 0.964612 0.653902 0.419879 0.279751 0.219437 0.000000 0.000000 0.000000 0.000000 0.000000 0.000000 0.000000 0.000000 0.000000 0.000000 0.000000 0.269334 0.386884 0.463962 0.548418 0.673274 0.898762 0.984672 0.925801 0.864327 0.811189 0.854781 0.964283 1.133929
0.000000 0.000000 0.000000 0.000000 0.000000 0.000000 0.000000 0.000000 0.000000 0.000000 0.000000 0.000000 0.000000 0.000000 0.234431 0.276548 0.344427 0.423298 0.461426 0.486311 0.522485 0.630428 0.723053 0.761868 0.769670 0.710561 0.624389 0.626528 0.659983 0.742312 0.890300 1.076391 1.200279 1.264630 1.198218 0.970355 0.638273 0.400510 0.266689 0.207173 0.000000 0.000000 0.000000 0.000000 0.000000 0.000000 0.000000 0.000000 0.000000 0.229007 0.365872 0.449451 0.517791 0.615777 0.741982 0.994551 1.040163 0.969189 0.880269 0.825818 0.836615 0.898307 0.970746
0.000000 0.000000 0.000000 0.000000 0.000000 0.000000 0.000000 0.000000 0.000000 0.000000 0.000000 0.000000 0.216502 0.250398 0.281084 0.318571 0.394091 0.502847 0.547619 0.595848 0.679528 0.752635 0.773006 0.771103 0.693235 0.592212 0.549181 0.541471 0.536821 0.570091 0.692588 0.924329 1.154452 1.305921 1.289060 1.179874 0.881546 0.560293 0.355330 0.249902 0.000000 0.000000 0.000000 0.000000 0.000000 0.000000 0.000000 0.000000 0.211072 0.358800 0.453638 0.514607 0.596965 0.709475 0.830823 1.101542 1.112458 1.063486 0.935133 0.850941 0.877471 0.939817 1.026013
0.000000 0.000000 0.000000 0.000000 0.000000 0.000000 0.000000 0.000000 0.000000 0.000000 0.221732 0.256807 0.285917 0.322654 0.355408 0.389535 0.460197 0.592167 0.643244 0.695088 0.765566 0.791168 0.797594 0.734809 0.616428 0.550104 0.555147 0.550774 0.540473 0.522137 0.586465 0.792029 1.103664 1.359016 1.401567 1.302215 1.070865 0.703690 0.444895 0.300959 0.235207 0.000000 0.000000 0.000000 0.000000 0.000000 0.000000 0.202303 0.375453 0.486109 0.535976 0.606257 0.729332 0.825716 0.939359 1.203672 1.238885 1.198324 1.076788 1.011929 0.985325 1.028424 1.118531
0.000000 0.000000 0.000000 0.000000 0.000000 0.000000 0.000000 0.000000 0.000000 0.203635 0.244829 0.282279 0.320839 0.371254 0.420242 0.457409 0.528391 0.655622 0.677436 0.718961 0.790849 0.806723 0.784729 0.685349 0.602180 0.589102 0.589688 0.598204 0.586266 0.559103 0.552946 0.721215 1.067641 1.432922 1.523366 1.392828 1.161599 0.782127 0.479280 0.338720 0.271443 0.226130 0.000000 0.000000 0.000000 0.000000 0.204345 0.405364 0.570212 0.605840 0.649295 0.738750 0.892630 0.954092 1.068595 1.330185 1.499992 1.480819 1.345478 1.249295 1.210010 1.172012 1.237245
0.000000 0.000000 0.000000 0.000000 0.000000 0.000000 0.000000 0.000000 0.222154 0.254344 0.282305 0.308317 0.341107 0.394691 0.458590 0.499379 0.595395 0.689556 0.682311 0.706483 0.784059 0.800539 0.753228 0.678275 0.650477 0.655734 0.665817 0.691157 0.690637 0.675723 0.642383 0.719463 1.010357 1.484734 1.683901 1.535086 1.254084 0.844756 0.491787 0.353550 0.297765 0.272306 0.223419 0.000000 0.206186 0.255970 0.446246 0.682463 0.733160 0.727529 0.773382 0.883694 1.061423 1.145360 1.273649 1.551665 1.826178 1.835425 1.734615 1.585912 1.474121 1.413546 1.400475
0.000000 0.000000 0.000000 0.000000 0.000000 0.000000 0.000000 0.234192 0.278027 0.305107 0.325819 0.339052 0.366978 0.425789 0.495652 0.542800 0.667708 0.719263 0.675587 0.709696 0.782208 0.795030 0.753308 0.709826 0.717553 0.711974 0.750387 0.777251 0.819726 0.863748 0.851872 0.866564 1.046642 1.532552 1.912004 1.777397 1.425785 0.925303 0.504070 0.347950 0.310889 0.300461 0.296970 0.307016 0.344475 0.498307 0.790983 0.906331 0.847371 0.843016 0.899145 1.071868 1.286777 1.373907 1.470409 1.678151 2.010683 2.082037 2.045543 1.950166 1.775442 1.608530 1.472986
0.000000 0.000000 0.000000 0.000000 0.000000 0.000000 0.211578 0.280318 0.320914 0.346982 0.361317 0.372501 0.399557 0.451598 0.515283 0.584483 0.709776 0.745389 0.683340 0.708088 0.775226 0.789802 0.776618 0.780923 0.756924 0.773118 0.807998 0.849442 0.957645 1.032649 1.048977 1.040857 1.148421 1.541959 2.097653 2.070280 1.675971 1.064073 0.547862 0.356857 0.325944 0.357044 0.388412 0.458425 0.577519 0.896071 1.156663 1.120869 0.940259 0.965093 1.056830 1.279748 1.485987 1.567093 1.624569 1.764138 2.040881 2.267932 2.229367 2.184033 2.103909 1.865769 1.541549
0.000000 0.000000 0.000000 0.000000 0.000000 0.238739 0.324428 0.377567 0.398857 0.410542 0.419314 0.424153 0.435482 0.484518 0.553580 0.632593 0.762732 0.842414 0.766234 0.767196 0.791070 0.797997 0.791272 0.845056 0.819935 0.829478 0.873173 0.950091 1.076144 1.154748 1.166893 1.154526 1.234180 1.518042 2.135604 2.323836 1.971485 1.316508 0.668401 0.408981 0.370064 0.420717 0.505839 0.724236 1.026661 1.501460 1.519414 1.340227 1.055076 1.101260 1.254564 1.484244 1.651237 1.717612 1.741001 1.794614 1.900222 2.046808 2.167536 2.149770 2.137484 2.039531 1.708436
0.000000 0.000000 0.000000 0.000000 0.294266 0.467942 0.549352 0.575228 0.558795 0.530896 0.520815 0.529789 0.545669 0.600192 0.693889 0.784073 0.932624 1.059912 1.033839 0.998125 0.930422 0.900792 0.866244 0.937042 0.936437 0.925334 0.966801 1.060593 1.147870 1.195477 1.221954 1.206864 1.259335 1.483959 2.053018 2.486448 2.296397 1.733369 0.970957 0.560670 0.495455 0.569288 0.763808 1.184187 1.675946 2.146006 1.955849 1.596271 1.240639 1.297079 1.487413 1.677848 1.872718 1.831487 1.736590 1.698786 1.691059 1.708898 1.750147 1.871918 1.971741 1.963371 1.774334
0.000000 0.000000 0.000000 0.297123 0.532511 0.675639 0.727328 0.763742 0.771712 0.783167 0.799427 0.802698 0.819459 0.877304 0.965501 1.049166 1.181388 1.315636 1.379839 1.345254 1.179180 1.040975 0.977615 1.077578 1.105891 1.074076 1.097093 1.168535 1.229665 1.256216 1.244058 1.229185 1.280345 1.472521 1.972000 2.508864 2.589775 2.160460 1.499022 0.959180 0.864310 0.956721 1.260955 1.782391 2.290465 2.700354 2.429546 1.925374 1.543084 1.528441 1.686366 1.828496 2.019748 1.828290 1.596937 1.552495 1.538355 1.419353 1.276344 1.356070 1.521793 1.608024 1.610008
0.000000 0.000000 0.278710 0.514505 0.699458 0.841347 0.988019 1.111202 1.192926 1.259537 1.285730 1.274282 1.271590 1.314987 1.362658 1.393995 1.443760 1.517535 1.655720 1.661192 1.477102 1.210809 1.126442 1.247831 1.282642 1.261933 1.258662 1.303442 1.331263 1.289912 1.213801 1.203993 1.263335 1.466219 1.927656 2.465332 2.783903 2.562039 2.114910 1.705729 1.653028 1.749372 2.039324 2.528434 2.918054 3.145204 2.755216 2.190514 1.796887 1.720120 1.833639 1.868598 1.994772 1.772163 1.539002 1.489280 1.306450 1.077406 0.897209 0.993850 1.128063 1.209597 1.282788
0.000000 0.287487 0.572047 0.832586 1.047009 1.295080 1.552741 1.727895 1.817696 1.831299 1.805265 1.747532 1.697733 1.676391 1.658019 1.641044 1.629673 1.696633 1.865022 1.898075 1.680106 1.370770 1.351661 1.481563 1.510821 1.468456 1.411931 1.405182 1.388531 1.266037 1.169326 1.172818 1.224529 1.446506 1.899050 2.422092 2.834612 3.009156 2.874651 2.750962 2.669863 2.723589 2.862957 3.185522 3.444780 3.423469 2.872171 2.296180 1.951146 1.881663 1.937670 1.914450 2.028355 1.755305 1.511301 1.282721 0.984233 0.670656 0.557472 0.609918 0.724824 0.798956 0.868941
0.585958 0.941499 1.236291 1.484559 1.744405 1.980090 2.198495 2.285539 2.246241 2.138524 2.015222 1.910794 1.837879 1.767147 1.737477 1.735638 1.769829 1.913647 2.052212 2.070192 1.771710 1.533052 1.613888 1.729243 1.756293 1.662669 1.545874 1.507260 1.425835 1.255469 1.195771 1.221984 1.294608 1.531723 1.973731 2.461866 2.948012 3.369564 3.548117 3.439237 3.174840 2.949675 2.987334 3.214919 3.311985 3.083652 2.691175 2.312987 2.070816 1.971553 2.021957 2.075379 2.056117 1.695173 1.285047 0.896376 0.528796 0.352868 0.266028 0.279074 0.369230 0.462611 0.525041
1.566988 1.888584 2.081534 2.239971 2.325538 2.345313 2.402687 2.437833 2.377329 2.219738 2.011220 1.860805 1.796323 1.772372 1.800446 1.859938 2.010631 2.130587 2.187611 2.096447 1.812208 1.709496 1.890270 1.943509 1.978234 1.834186 1.681506 1.594838 1.415443 1.250662 1.226428 1.276405 1.407691 1.653513 2.084487 2.552764 2.999406 3.339100 3.461853 3.267329 2.941571 2.811856 2.870260 2.929067 2.866337 2.672016 2.508316 2.219996 2.036706 2.017330 2.236741 2.317240 1.975223 1.423997 0.845095 0.423370 0.235002 0.000000 0.000000 0.000000 0.236171 0.321993 0.421781
