tests/test_04/output4/CloudConcentration_240.00hrs.dat
NCOLS   360
NROWS    60
XLLCORNER           0.000
YLLCORNER           0.000
CELLSIZE           1.000          1.000
NODATA_VALUE -9999.
[rows 0 to 27 of 60, columns 189 to 251 of 360]
0.000000 0.000000 0.000000 0.104955 0.135792 0.142872 0.143485 0.136305 0.381173 0.820391 1.265273 1.598784 1.702284 1.721297 1.717685 1.619254 1.693661 1.695389 1.581236 1.345549 1.107688 0.919958 0.855751 0.846690 0.848305 0.830099 0.765478 0.682125 1.416487 2.726184 3.093461 3.001402 2.245815 1.910699 1.786853 1.691873 1.880445 1.980027 1.853784 1.673868 1.501035 1.322477 1.156442 0.997770 0.876997 0.748261 0.875974 0.927077 0.962487 1.058782 1.141753 1.122200 1.049557 0.914647 0.783274 0.682691 0.602336 0.536276 0.481602 0.434725 0.396359 0.365866 0.351013
0.000000 0.000000 0.081170 0.151908 0.174401 0.177048 0.167422 0.142523 0.525657 0.996461 1.451161 1.652623 1.696006 1.698978 1.680672 1.454836 1.081274 0.851117 0.793239 0.784076 0.788762 0.828493 0.870351 0.885016 0.885019 0.896454 0.875586 0.805917 1.583619 3.244229 3.710636 3.574746 2.645859 2.274688 2.196705 2.373711 2.530859 2.274031 1.939895 1.686402 1.488366 1.341778 1.240611 1.167556 1.143216 1.043939 0.868169 0.885077 1.007302 1.168438 1.183587 1.115829 1.022792 0.901097 0.779599 0.708312 0.873921 1.000534 1.082006 1.081269 1.046059 0.978137 0.894302
0.000000 0.000000 0.000000 0.123704 0.139260 0.140287 0.125162 0.149808 0.403092 0.676214 0.943108 1.074998 1.108038 1.111501 1.108823 1.066399 0.946136 0.849737 0.819948 0.814855 0.817484 0.863438 0.935578 0.986408 0.997879 0.993570 0.945693 0.974668 1.159144 3.467709 4.413105 4.398162 3.420652 2.665076 2.444242 2.949518 2.746126 2.200114 1.885124 1.755346 1.614302 1.438767 1.291402 1.175391 1.071438 0.959556 0.973156 1.112172 1.363309 1.462244 1.431535 1.310368 1.537162 1.884014 2.157968 2.326876 2.302376 2.172770 1.886406 1.597603 1.322343 1.074866 0.888067
0.000000 0.000000 0.000000 0.000000 0.069757 0.070547 0.064903 0.056049 0.121467 0.226167 0.335197 0.444486 0.548256 0.633738 0.697170 0.742880 0.786433 0.812847 0.820319 0.822178 0.824976 0.833161 0.911537 1.018699 1.057950 1.062109 1.044367 1.239891 1.596284 2.484858 4.750854 5.329987 4.569180 3.183441 2.488489 3.063587 2.913956 2.277381 1.897352 1.803615 1.746074 1.657769 1.494816 1.275934 1.114416 1.008133 1.032354 1.260556 1.551504 1.767584 2.428045 3.170534 3.761480 4.094907 3.960913 3.629542 3.229535 2.744901 2.261682 1.830957 1.516325 1.248506 1.004106
0.000000 0.000000 0.000000 0.000000 0.000000 0.000000 0.000000 0.000000 0.000000 0.000000 0.114195 0.187550 0.261140 0.331737 0.406931 0.490079 0.577611 0.665450 0.741094 0.774820 0.789989 0.804089 0.856447 0.977644 1.077638 1.100355 1.098696 1.525962 2.225071 2.469479 4.139298 5.852603 6.114202 4.691560 2.985989 3.193034 3.286832 2.725543 2.096518 1.851097 1.750002 1.646464 1.516461 1.347737 1.214602 1.168554 1.231205 1.613983 2.360592 3.308192 4.261243 4.835431 4.988486 4.795651 4.877681 4.871448 4.851563 4.442106 3.829093 3.282783 2.718438 2.263990 1.910788
0.000000 0.000000 0.000000 0.000000 0.000000 0.000000 0.000000 0.000000 0.000000 0.000000 0.000000 0.075703 0.153971 0.257242 0.354897 0.410136 0.433642 0.461855 0.564111 0.665306 0.743707 0.788626 0.864730 0.971838 1.093201 1.157810 1.165643 1.631211 2.692215 3.356424 3.400939 5.899094 6.903263 6.760893 4.707008 3.028095 3.707438 3.291943 2.462049 2.026064 1.838022 1.693022 1.569502 1.449555 1.551759 2.169558 2.769647 3.268084 3.786344 4.572911 4.941468 4.774383 4.796683 4.760881 4.712409 4.601170 4.556244 4.192510 3.700960 3.214626 2.682556 2.283071 1.969476
0.000000 0.000000 0.000000 0.000000 0.000000 0.000000 0.000000 0.000000 0.000000 0.000000 0.000000 0.000000 0.061302 0.116067 0.263238 0.414737 0.553146 0.620834 0.651281 0.673748 0.686287 0.782173 0.938213 1.104820 1.279688 1.360728 1.372614 1.328240 2.782350 4.050818 4.480438 4.374415 7.091262 7.929570 7.186559 4.835340 3.995803 3.949316 3.027557 2.277195 2.060146 1.909332 2.196558 2.646061 2.981429 3.229388 3.500663 4.207378 4.650074 4.521234 3.463385 2.383784 2.143617 1.947370 1.823116 1.756848 1.773875 1.822081 1.751479 1.611494 1.415883 1.258231 1.117069
0.000000 0.000000 0.000000 0.000000 0.000000 0.000000 0.000000 0.000000 0.000000 0.000000 0.000000 0.000000 0.000000 0.077405 0.107880 0.157182 0.351665 0.549672 0.711209 0.778373 0.808760 0.822697 0.873961 1.168220 1.427898 1.550701 1.566197 1.534541 2.183360 4.193123 5.189386 5.447479 5.188290 8.218469 8.568129 7.425168 5.090058 4.359421 3.780066 2.603916 2.187773 2.027792 2.035163 2.258508 2.745678 3.145541 3.530853 3.551731 2.923172 1.820815 0.986693 0.613490 0.586687 0.561609 0.537850 0.525585 0.521313 0.516792 0.501559 0.463413 0.418350 0.373515 0.324751
0.000000 0.000000 0.000000 0.000000 0.000000 0.000000 0.000000 0.000000 0.000000 0.000000 0.000000 0.000000 0.000000 0.000000 0.040822 0.094557 0.150377 0.201277 0.398440 0.631849 0.772313 0.813085 0.822217 0.979019 1.417904 1.601881 1.622427 1.594739 1.361515 3.164054 5.237040 5.830623 5.914692 6.907289 8.792789 8.523578 6.609012 4.712469 4.258244 2.980615 2.445925 2.446249 2.575501 2.684342 2.796557 2.771165 2.259833 1.804915 1.752415 1.063036 0.477874 0.407940 0.345950 0.288702 0.341621 0.351008 0.343217 0.328631 0.362969 0.464043 0.426994 0.361160 0.878829
0.000000 0.000000 0.000000 0.000000 0.000000 0.000000 0.000000 0.000000 0.000000 0.000000 0.000000 0.000000 0.000000 0.000000 0.000000 0.000000 0.054717 0.088373 0.127973 0.212092 0.394694 0.528481 0.560394 0.611647 1.055228 1.453481 1.567145 1.573997 1.408872 1.532934 3.821528 5.575838 5.989192 5.631813 7.641851 8.541579 7.015025 5.207651 4.852594 3.726358 2.979312 2.740802 2.637727 2.499452 2.079277 1.305059 1.531576 1.632274 1.080197 0.286563 0.339727 0.360700 0.366662 0.367333 0.374465 0.383468 0.404236 0.420274 0.408710 0.447379 0.543714 0.762793 1.006422
0.000000 0.000000 0.000000 0.000000 0.000000 0.000000 0.000000 0.000000 0.000000 0.000000 0.000000 0.000000 0.000000 0.000000 0.000000 0.000000 0.000000 0.000000 0.068844 0.085315 0.105048 0.198779 0.255644 0.265599 0.497038 0.839689 1.005650 1.039014 1.032031 0.955101 1.815760 3.751780 4.560042 4.725318 5.904451 6.955985 6.470543 5.179663 5.104398 3.840446 2.935839 2.602002 2.205331 1.438651 1.201022 1.363359 1.467241 1.081582 0.260371 0.241529 0.291644 0.317812 0.338860 0.371099 0.370302 0.363997 0.342266 0.273760 0.184332 0.284677 0.405792 0.518646 0.501391
0.000000 0.000000 0.000000 0.000000 0.000000 0.000000 0.000000 0.000000 0.000000 0.000000 0.000000 0.000000 0.000000 0.000000 0.000000 0.000000 0.000000 0.000000 0.000000 0.000000 0.064079 0.067112 0.068628 0.074310 0.116420 0.223571 0.335487 0.388652 0.405020 0.408313 0.600487 1.579928 2.364381 2.543404 4.211957 5.260516 4.671590 5.060348 4.921271 3.528547 2.624275 1.890395 0.995960 1.169023 1.225367 1.326211 1.089535 0.356754 0.219653 0.218590 0.213923 0.165076 0.173598 0.196658 0.188064 0.167061 0.141146 0.119702 0.119692 0.119244 0.114568 0.107504 0.104763
0.000000 0.000000 0.000000 0.000000 0.000000 0.000000 0.000000 0.000000 0.000000 0.000000 0.000000 0.000000 0.000000 0.000000 0.000000 0.000000 0.000000 0.000000 0.000000 0.000000 0.000000 0.000000 0.000000 0.000000 0.000000 0.000000 0.063716 0.081050 0.091377 0.094437 0.241379 0.574145 0.804090 0.866801 2.602371 3.498092 3.188116 4.952632 4.547152 2.907937 1.712740 0.861444 1.124657 1.232135 1.206960 1.060376 0.479374 0.199923 0.203809 0.175695 0.150222 0.143454 0.135736 0.132758 0.130795 0.128603 0.130244 0.130400 0.128630 0.118494 0.116292 0.105843 0.101676
0.000000 0.000000 0.000000 0.000000 0.000000 0.000000 0.000000 0.000000 0.000000 0.000000 0.000000 0.000000 0.000000 0.000000 0.000000 0.000000 0.000000 0.000000 0.000000 0.000000 0.000000 0.000000 0.000000 0.000000 0.000000 0.000000 0.000000 0.000000 0.000000 0.000000 0.142074 0.282027 0.329703 0.339849 1.445545 2.094298 2.208002 4.540989 4.310492 2.365955 0.838830 0.988329 1.231495 1.235327 1.063654 0.625886 0.155775 0.172554 0.131766 0.106836 0.097198 0.099056 0.111884 0.126318 0.135173 0.136730 0.135956 0.129930 0.115056 0.115171 0.106219 0.103108 0.087136
0.000000 0.000000 0.000000 0.000000 0.000000 0.000000 0.000000 0.000000 0.000000 0.000000 0.000000 0.000000 0.000000 0.000000 0.000000 0.000000 0.000000 0.000000 0.000000 0.000000 0.000000 0.000000 0.000000 0.000000 0.000000 0.000000 0.000000 0.000000 0.000000 0.000000 0.093872 0.181794 0.204532 0.189844 0.748473 1.162611 1.644242 3.914783 4.046505 1.889627 0.808934 1.085579 1.228170 1.191967 0.799134 0.243145 0.147109 0.115890 0.061389 0.054496 0.054017 0.055718 0.058616 0.057191 0.057753 0.067559 0.077549 0.092283 0.096404 0.106656 0.108088 0.125102 0.132556
0.000000 0.000000 0.000000 0.000000 0.000000 0.000000 0.000000 0.000000 0.000000 0.000000 0.000000 0.000000 0.000000 0.000000 0.000000 0.000000 0.000000 0.000000 0.000000 0.000000 0.000000 0.000000 0.000000 0.000000 0.000000 0.000000 0.000000 0.000000 0.000000 0.000000 0.000000 0.132567 0.152633 0.145128 0.348215 0.514453 1.041374 3.246662 3.605672 1.662388 0.906742 1.106406 1.192074 1.029954 0.556928 0.151878 0.116388 0.069178 0.060882 0.056819 0.053557 0.044588 0.034743 0.025876 0.032014 0.043082 0.063007 0.084949 0.103032 0.108734 0.104042 0.128946 0.143432
0.000000 0.000000 0.000000 0.000000 0.000000 0.000000 0.000000 0.000000 0.000000 0.000000 0.000000 0.000000 0.000000 0.000000 0.000000 0.000000 0.000000 0.000000 0.000000 0.000000 0.000000 0.000000 0.000000 0.000000 0.000000 0.000000 0.000000 0.000000 0.000000 0.000000 0.000000 0.095956 0.112907 0.110673 0.188348 0.264102 0.473644 2.447832 2.981863 1.576450 1.013559 1.100288 1.065355 0.768667 0.346709 0.115026 0.075140 0.070006 0.066910 0.062131 0.052646 0.000000 0.000000 0.000000 0.033341 0.069341 0.096569 0.114312 0.111221 0.091744 0.072367 0.096137 0.125258
0.000000 0.000000 0.000000 0.000000 0.000000 0.000000 0.000000 0.000000 0.000000 0.000000 0.000000 0.000000 0.000000 0.000000 0.000000 0.000000 0.000000 0.000000 0.000000 0.000000 0.000000 0.000000 0.000000 0.000000 0.000000 0.000000 0.000000 0.000000 0.000000 0.000000 0.000000 0.000000 0.000000 0.084621 0.099613 0.156019 0.167427 1.625724 2.250863 1.424686 1.054329 1.065440 0.859664 0.511056 0.171010 0.071921 0.068690 0.065084 0.057426 0.000000 0.000000 0.000000 0.000000 0.057279 0.090307 0.115023 0.113151 0.100166 0.067895 0.064132 0.062600 0.067881 0.072083
0.000000 0.000000 0.000000 0.000000 0.000000 0.000000 0.000000 0.000000 0.000000 0.000000 0.000000 0.000000 0.000000 0.000000 0.000000 0.000000 0.000000 0.000000 0.000000 0.000000 0.000000 0.000000 0.000000 0.000000 0.000000 0.000000 0.000000 0.000000 0.000000 0.000000 0.000000 0.000000 0.000000 0.000000 0.000000 0.091815 0.108632 0.938003 1.508565 1.084767 1.045564 0.931243 0.567295 0.263999 0.060878 0.051603 0.000000 0.000000 0.000000 0.000000 0.000000 0.000000 0.087324 0.114574 0.112549 0.097466 0.075181 0.075429 0.070850 0.065210 0.063517 0.059126 0.000000
0.000000 0.000000 0.000000 0.000000 0.000000 0.000000 0.000000 0.000000 0.000000 0.000000 0.000000 0.000000 0.000000 0.000000 0.000000 0.000000 0.000000 0.000000 0.000000 0.000000 0.000000 0.000000 0.000000 0.000000 0.000000 0.000000 0.000000 0.000000 0.000000 0.000000 0.000000 0.000000 0.000000 0.000000 0.000000 0.000000 0.068113 0.468810 0.839292 0.800775 0.944733 0.583928 0.269328 0.067151 0.000000 0.000000 0.000000 0.000000 0.000000 0.000000 0.000000 0.106111 0.136655 0.113805 0.072196 0.097170 0.081304 0.056024 0.039508 0.000000 0.000000 0.000000 0.000000
0.000000 0.000000 0.000000 0.000000 0.000000 0.000000 0.000000 0.000000 0.000000 0.000000 0.000000 0.000000 0.000000 0.000000 0.000000 0.000000 0.000000 0.000000 0.000000 0.000000 0.000000 0.000000 0.000000 0.000000 0.000000 0.000000 0.000000 0.000000 0.000000 0.000000 0.000000 0.000000 0.000000 0.000000 0.000000 0.000000 0.000000 0.157737 0.452861 0.692436 0.597665 0.219989 0.000000 0.000000 0.000000 0.000000 0.000000 0.000000 0.000000 0.000000 0.113713 0.136683 0.109262 0.053712 0.126544 0.170842 0.104688 0.000000 0.000000 0.000000 0.000000 0.000000 0.000000
0.000000 0.000000 0.000000 0.000000 0.000000 0.000000 0.000000 0.000000 0.000000 0.000000 0.000000 0.000000 0.000000 0.000000 0.000000 0.000000 0.000000 0.000000 0.000000 0.000000 0.000000 0.000000 0.000000 0.000000 0.000000 0.000000 0.000000 0.000000 0.000000 0.000000 0.000000 0.000000 0.000000 0.000000 0.000000 0.000000 0.000000 0.154204 0.376950 0.410214 0.196101 0.000000 0.000000 0.000000 0.000000 0.000000 0.000000 0.000000 0.053753 0.129758 0.158373 0.113864 0.067861 0.000000 0.118051 0.185395 0.125448 0.000000 0.000000 0.000000 0.000000 0.000000 0.000000
0.000000 0.000000 0.000000 0.000000 0.000000 0.000000 0.000000 0.000000 0.000000 0.000000 0.000000 0.000000 0.000000 0.000000 0.000000 0.000000 0.000000 0.000000 0.000000 0.000000 0.000000 0.000000 0.000000 0.000000 0.000000 0.000000 0.000000 0.000000 0.000000 0.000000 0.000000 0.000000 0.000000 0.000000 0.000000 0.000000 0.000000 0.139938 0.222900 0.131237 0.000000 0.000000 0.000000 0.000000 0.000000 0.059127 0.072125 0.074689 0.101824 0.167585 0.156418 0.094622 0.000000 0.000000 0.073561 0.109891 0.088688 0.000000 0.000000 0.000000 0.000000 0.000000 0.000000
0.000000 0.000000 0.000000 0.000000 0.000000 0.000000 0.000000 0.000000 0.000000 0.000000 0.000000 0.000000 0.000000 0.000000 0.000000 0.000000 0.000000 0.000000 0.000000 0.000000 0.000000 0.000000 0.000000 0.000000 0.000000 0.000000 0.000000 0.000000 0.000000 0.000000 0.000000 0.000000 0.000000 0.000000 0.000000 0.000000 0.000000 0.086168 0.098671 0.000000 0.000000 0.000000 0.000000 0.059959 0.064276 0.075589 0.078342 0.076979 0.062028 0.130229 0.144967 0.116894 0.000000 0.000000 0.000000 0.000000 0.000000 0.000000 0.000000 0.000000 0.000000 0.000000 0.000000
0.000000 0.000000 0.000000 0.000000 0.000000 0.000000 0.000000 0.000000 0.000000 0.000000 0.000000 0.000000 0.000000 0.000000 0.000000 0.000000 0.000000 0.000000 0.000000 0.000000 0.000000 0.000000 0.000000 0.000000 0.000000 0.000000 0.000000 0.000000 0.000000 0.000000 0.000000 0.000000 0.000000 0.000000 0.000000 0.000000 0.000000 0.000000 0.000000 0.000000 0.000000 0.000000 0.000000 0.000000 0.057920 0.067079 0.068739 0.063515 0.000000 0.075510 0.111679 0.104311 0.084219 0.000000 0.000000 0.000000 0.000000 0.000000 0.000000 0.000000 0.000000 0.000000 0.000000
0.000000 0.000000 0.000000 0.000000 0.000000 0.000000 0.000000 0.000000 0.000000 0.000000 0.000000 0.000000 0.000000 0.000000 0.000000 0.000000 0.000000 0.000000 0.000000 0.000000 0.000000 0.000000 0.000000 0.000000 0.000000 0.000000 0.000000 0.000000 0.000000 0.000000 0.000000 0.000000 0.000000 0.000000 0.000000 0.000000 0.000000 0.000000 0.000000 0.000000 0.000000 0.000000 0.000000 0.000000 0.000000 0.000000 0.000000 0.000000 0.000000 0.000000 0.000000 0.000000 0.000000 0.000000 0.000000 0.000000 0.000000 0.000000 0.000000 0.000000 0.000000 0.000000 0.000000
0.000000 0.000000 0.000000 0.000000 0.000000 0.000000 0.000000 0.000000 0.000000 0.000000 0.000000 0.000000 0.000000 0.000000 0.000000 0.000000 0.000000 0.000000 0.000000 0.000000 0.000000 0.000000 0.000000 0.000000 0.000000 0.000000 0.000000 0.000000 0.000000 0.000000 0.000000 0.000000 0.000000 0.000000 0.000000 0.000000 0.000000 0.000000 0.000000 0.000000 0.000000 0.000000 0.000000 0.000000 0.000000 0.000000 0.000000 0.000000 0.000000 0.000000 0.000000 0.000000 0.000000 0.000000 0.000000 0.000000 0.000000 0.000000 0.000000 0.000000 0.000000 0.000000 0.000000
0.000000 0.000000 0.000000 0.000000 0.000000 0.000000 0.000000 0.000000 0.000000 0.000000 0.000000 0.000000 0.000000 0.000000 0.000000 0.000000 0.000000 0.000000 0.000000 0.000000 0.000000 0.000000 0.000000 0.000000 0.000000 0.000000 0.000000 0.000000 0.000000 0.000000 0.000000 0.000000 0.000000 0.000000 0.000000 0.000000 0.000000 0.000000 0.000000 0.000000 0.000000 0.000000 0.000000 0.000000 0.000000 0.000000 0.000000 0.000000 0.000000 0.000000 0.000000 0.000000 0.000000 0.000000 0.000000 0.000000 0.000000 0.000000 0.000000 0.000000 0.000000 0.000000 0.000000
