tests/test_04/output4/CloudLoad_144.00hrs.dat
NCOLS   360
NROWS    60
XLLCORNER           0.000
YLLCORNER           0.000
CELLSIZE           1.000          1.000
NODATA_VALUE  0.000
[rows 0 to 33 of 60, columns 231 to 307 of 360]
0.000 0.000 0.000 0.000 0.000 0.000 0.000 0.000 0.000 0.000 0.000 0.000 0.616 2.084 3.524 4.115 4.182 3.843 3.445 3.061 2.822 2.617 2.473 2.396 2.366 2.315 2.291 2.190 1.832 1.262 0.545 0.000 0.000 0.000 0.000 0.000 0.000 0.000 0.000 0.000 0.000 0.000 0.000 0.000 0.000 0.000 0.000 0.000 0.000 0.000 0.000 0.000 0.000 0.000 0.000 0.000 0.000 0.000 0.000 0.000 0.000 0.000 0.000 0.000 0.000 0.511 1.118 2.467 3.832 4.447 4.622 4.389 4.368 4.501 4.022 3.337 2.303
0.000 0.000 0.000 0.000 0.000 0.000 0.000 0.000 0.000 0.219 0.415 1.460 3.769 5.361 5.801 5.893 5.371 4.241 3.165 2.495 2.159 1.945 1.799 1.693 1.819 2.019 2.253 2.616 2.764 2.668 2.291 1.418 0.413 0.000 0.000 0.000 0.000 0.000 0.000 0.000 0.000 0.000 0.000 0.000 0.000 0.000 0.000 0.000 0.000 0.000 0.000 0.000 0.000 0.000 0.000 0.000 0.000 0.000 0.000 0.000 0.000 0.000 0.000 0.000 0.241 0.759 2.203 3.602 4.073 4.056 3.723 3.748 4.193 4.088 3.538 2.859 1.784
0.000 0.000 0.000 0.000 0.000 0.000 0.207 0.592 1.232 1.935 3.094 5.544 7.515 8.140 7.995 6.874 4.937 3.209 2.315 2.053 1.885 1.736 1.528 1.319 1.134 0.978 0.870 1.051 1.538 2.279 2.669 2.533 1.902 0.665 0.000 0.000 0.000 0.000 0.000 0.000 0.000 0.000 0.000 0.000 0.000 0.000 0.000 0.000 0.000 0.000 0.000 0.000 0.000 0.000 0.000 0.000 0.000 0.000 0.000 0.000 0.000 0.000 0.000 0.000 0.354 1.660 2.968 3.472 3.522 3.249 3.241 3.753 4.266 4.224 3.939 3.427 2.506
0.000 0.000 0.000 0.000 0.744 2.023 3.509 4.929 5.972 6.715 7.812 9.731 10.821 11.005 10.558 9.442 8.491 7.599 6.364 4.259 3.442 3.082 2.794 2.506 2.202 1.862 1.457 1.052 0.731 0.759 1.533 2.419 2.527 2.153 0.885 0.000 0.000 0.000 0.000 0.000 0.000 0.000 0.000 0.000 0.000 0.000 0.000 0.000 0.000 0.000 0.000 0.000 0.000 0.000 0.000 0.000 0.000 0.000 0.000 0.000 0.000 0.000 0.000 0.000 0.828 2.203 2.756 2.907 2.786 2.745 2.899 3.537 4.110 4.157 4.043 3.873 3.399
0.000 0.000 0.814 3.141 5.817 7.806 9.087 9.507 9.407 9.006 9.182 10.067 10.438 10.654 10.834 11.480 12.826 13.210 11.826 9.137 5.011 3.907 3.511 3.269 3.047 2.836 2.489 2.046 1.563 1.089 0.897 1.187 2.164 2.649 2.382 1.077 0.000 0.000 0.000 0.000 0.000 0.000 0.000 0.000 0.000 0.000 0.000 0.000 0.000 0.000 0.000 0.000 0.000 0.000 0.000 0.000 0.000 0.000 0.000 0.000 0.000 0.000 0.000 0.000 1.363 2.160 2.291 2.169 2.203 2.225 2.370 2.896 3.442 3.701 3.726 3.622 3.302
0.000 4.044 12.342 17.573 19.534 18.034 15.281 12.395 10.356 8.759 8.084 8.231 8.338 8.829 11.261 14.313 15.973 15.273 13.810 13.552 9.587 4.333 3.508 3.277 3.084 2.977 2.884 2.595 2.145 1.736 1.445 1.273 1.296 2.012 2.760 2.663 1.513 0.215 0.000 0.000 0.000 0.000 0.000 0.000 0.000 0.000 0.000 0.000 0.000 0.000 0.000 0.000 0.000 0.000 0.000 0.000 0.000 0.000 0.000 0.000 0.000 0.000 0.000 0.357 1.425 1.766 1.581 1.408 1.385 1.360 1.333 1.483 1.789 2.152 2.421 2.568 2.656
4.122 19.729 34.354 40.021 41.426 38.895 30.983 22.061 13.596 7.263 4.616 4.222 4.216 4.473 8.547 15.318 17.938 15.134 17.590 20.441 18.262 11.313 5.862 4.701 4.031 3.430 2.973 2.542 2.012 1.675 1.681 1.670 1.583 1.459 1.775 2.873 3.398 2.613 1.149 0.289 0.000 0.000 0.000 0.000 0.000 0.000 0.000 0.000 0.000 0.000 0.000 0.000 0.000 0.000 0.000 0.000 0.000 0.000 0.000 0.000 0.000 0.000 0.000 0.334 1.299 1.490 1.046 0.775 0.661 0.538 0.436 0.405 0.486 0.615 0.800 1.025 1.269
14.747 30.990 43.098 46.801 47.084 44.303 34.446 24.007 13.980 5.893 2.517 1.736 1.569 1.552 2.794 10.668 20.060 23.199 27.050 30.690 31.354 22.986 13.624 8.495 7.116 6.317 5.626 5.133 4.716 4.141 3.321 2.645 2.124 1.875 1.644 1.563 1.734 2.559 3.001 2.320 1.218 0.490 0.000 0.000 0.000 0.000 0.000 0.000 0.000 0.000 0.000 0.000 0.000 0.000 0.000 0.000 0.000 0.000 0.000 0.000 0.000 0.000 0.000 0.341 1.167 1.201 0.603 0.353 0.237 0.000 0.000 0.000 0.000 0.000 0.000 0.213 0.318
20.787 31.954 39.119 40.388 39.911 37.550 29.174 20.459 11.739 4.559 1.598 0.758 0.607 0.557 0.557 4.520 24.402 42.162 44.941 44.160 44.451 35.752 25.440 16.186 14.115 14.134 15.163 16.665 18.489 18.645 16.242 12.921 9.235 6.374 4.240 2.872 2.125 1.789 2.402 2.875 2.637 2.115 1.412 0.728 0.295 0.000 0.000 0.000 0.000 0.000 0.000 0.000 0.000 0.000 0.000 0.000 0.000 0.000 0.000 0.000 0.000 0.000 0.000 0.000 1.017 0.935 0.317 0.000 0.000 0.000 0.000 0.000 0.000 0.000 0.000 0.000 0.000
24.336 23.067 19.875 17.874 16.949 14.926 11.464 7.715 3.747 1.252 0.436 0.204 0.000 0.000 0.293 6.316 24.905 50.052 60.946 53.779 53.707 47.057 37.573 27.669 23.435 25.430 29.552 34.286 37.225 37.673 36.731 34.673 31.092 26.009 20.061 14.596 10.037 6.628 4.360 3.314 3.124 2.884 2.483 2.111 1.664 1.069 0.598 0.309 0.000 0.000 0.000 0.000 0.000 0.000 0.000 0.000 0.000 0.000 0.000 0.000 0.000 0.000 0.000 0.000 0.731 0.974 0.309 0.000 0.000 0.000 0.000 0.000 0.000 0.000 0.000 0.000 0.000
21.415 14.511 6.571 3.785 3.003 2.525 1.870 1.129 0.430 0.000 0.000 0.000 0.000 0.000 0.445 9.905 27.807 45.912 57.956 58.020 56.797 47.971 37.633 28.745 26.543 29.257 32.459 35.138 36.476 37.580 38.460 38.596 37.100 34.270 30.374 25.933 21.465 16.884 12.258 8.407 5.428 3.366 2.807 2.771 2.582 2.373 2.057 1.643 1.169 0.775 0.467 0.268 0.000 0.000 0.000 0.000 0.000 0.000 0.000 0.000 0.000 0.000 0.000 0.000 0.364 1.002 0.400 0.000 0.000 0.000 0.000 0.000 0.000 0.000 0.000 0.000 0.000
19.023 13.789 4.377 1.189 0.505 0.332 0.214 0.000 0.000 0.000 0.000 0.000 0.000 0.000 0.883 8.646 19.153 31.553 41.930 43.964 41.645 31.517 21.851 16.997 17.786 21.030 23.164 23.843 23.953 23.566 23.433 23.547 23.975 24.327 24.222 23.063 21.168 18.841 16.284 13.296 10.395 7.430 5.567 4.645 3.901 3.425 3.053 2.802 2.577 2.298 1.932 1.444 1.010 0.574 0.262 0.000 0.000 0.000 0.000 0.000 0.000 0.000 0.000 0.000 0.000 0.782 0.709 0.000 0.000 0.000 0.000 0.000 0.000 0.000 0.000 0.000 0.000
16.752 13.478 4.649 0.914 0.000 0.000 0.000 0.000 0.000 0.000 0.000 0.000 0.000 0.000 1.032 3.920 7.108 10.682 14.929 17.729 14.174 12.278 12.345 12.093 11.953 11.742 11.279 9.829 8.238 6.661 5.786 5.578 5.315 5.738 6.909 8.670 10.490 11.763 12.219 11.892 11.019 9.844 9.078 8.342 7.346 6.105 5.134 4.234 3.654 3.236 2.962 2.653 2.335 1.933 1.244 0.572 0.000 0.000 0.000 0.000 0.000 0.000 0.000 0.000 0.000 0.331 0.716 0.516 0.000 0.000 0.000 0.000 0.000 0.000 0.000 0.000 0.000
11.107 10.501 4.887 0.862 0.000 0.000 0.000 0.000 0.000 0.000 0.000 0.000 0.000 0.000 0.359 0.797 1.286 1.740 4.223 8.530 11.419 12.696 12.368 9.720 6.163 4.037 3.388 3.774 3.434 2.781 2.559 2.701 2.821 2.849 2.862 2.892 3.561 4.845 6.496 8.005 9.125 9.516 9.698 9.717 9.534 9.379 8.752 7.803 6.618 5.625 4.651 3.892 3.275 2.739 2.284 1.697 0.802 0.000 0.000 0.000 0.000 0.000 0.000 0.000 0.000 0.000 0.443 0.623 0.473 0.000 0.000 0.000 0.000 0.000 0.000 0.000 0.000
5.048 4.908 2.337 0.418 0.000 0.000 0.000 0.000 0.000 0.000 0.000 0.000 0.000 0.000 0.000 0.000 0.000 0.397 2.778 7.178 10.044 11.175 10.633 6.140 2.234 0.935 1.357 2.785 3.706 2.952 2.375 2.342 2.384 2.388 2.304 2.282 2.341 2.528 3.087 4.490 6.085 7.458 8.514 9.114 9.300 9.585 9.590 9.329 9.308 9.015 8.422 7.664 6.431 5.186 3.822 2.749 1.802 0.784 0.000 0.000 0.000 0.000 0.000 0.000 0.000 0.000 0.000 0.418 0.525 0.470 0.285 0.000 0.000 0.000 0.000 0.000 0.000
1.647 1.581 0.721 0.000 0.000 0.000 0.000 0.000 0.000 0.000 0.000 0.000 0.000 0.000 0.000 0.000 0.000 0.717 2.085 3.707 5.371 7.127 7.992 5.868 2.681 1.262 0.906 1.849 3.560 3.854 2.769 2.301 2.328 2.583 2.701 2.667 2.638 2.643 2.670 2.758 3.128 3.821 4.587 5.445 6.039 6.595 6.917 7.291 7.800 8.145 8.120 8.329 8.534 8.508 8.022 6.517 4.572 2.602 1.063 0.252 0.000 0.000 0.000 0.000 0.000 0.000 0.000 0.000 0.315 0.452 0.433 0.361 0.261 0.000 0.000 0.000 0.000
0.513 0.488 0.215 0.000 0.000 0.000 0.000 0.000 0.000 0.000 0.000 0.000 0.000 0.000 0.000 0.000 1.309 2.531 1.618 0.725 1.156 2.398 4.531 5.667 4.513 2.934 1.468 1.100 2.407 4.585 4.065 2.859 2.632 2.800 3.065 3.026 2.894 2.768 2.620 2.595 2.716 2.919 3.170 3.341 3.381 3.457 3.393 3.320 3.305 3.430 3.928 4.743 5.733 6.657 7.567 7.850 7.619 6.631 4.420 2.345 0.951 0.241 0.000 0.000 0.000 0.000 0.000 0.000 0.000 0.000 0.324 0.337 0.309 0.265 0.209 0.000 0.000
0.000 0.000 0.000 0.000 0.000 0.000 0.000 0.000 0.000 0.000 0.000 0.000 0.000 0.000 3.132 15.608 9.114 1.359 0.349 0.000 0.000 0.358 1.161 2.786 4.243 3.955 3.491 2.048 1.205 3.215 5.516 4.257 3.074 3.103 3.499 3.445 3.230 3.318 3.591 4.063 4.513 4.705 4.883 4.915 4.757 4.643 4.414 4.083 3.953 3.655 3.142 2.732 2.467 2.770 3.747 4.958 6.198 6.574 6.361 5.556 4.049 2.228 0.874 0.000 0.000 0.000 0.000 0.000 0.000 0.000 0.000 0.000 0.202 0.205 0.000 0.000 0.000
0.000 0.000 0.000 0.000 0.000 0.000 0.000 0.000 0.000 0.000 0.000 0.000 0.000 2.340 35.866 43.927 7.300 0.777 0.000 0.000 0.000 0.000 0.000 0.487 1.268 2.797 3.766 3.763 2.577 1.425 4.070 6.967 5.661 4.006 3.962 4.517 4.822 5.144 5.209 5.099 5.211 5.526 6.127 6.185 6.002 5.425 4.277 3.638 3.742 3.843 3.857 3.572 3.128 2.564 2.502 2.660 3.006 3.994 4.899 5.364 5.114 4.477 3.278 1.786 0.674 0.000 0.000 0.000 0.000 0.000 0.000 0.000 0.000 0.000 0.000 0.000 0.000
0.000 0.000 0.000 0.000 0.000 0.000 0.000 0.000 0.000 0.000 0.000 0.000 0.000 3.398 9.085 4.192 1.543 1.142 0.500 0.000 0.000 0.000 0.000 0.000 0.000 0.521 1.780 3.507 3.831 3.136 1.659 4.395 9.866 8.765 6.177 6.123 6.650 7.005 6.007 4.855 4.334 5.018 6.736 8.023 8.470 8.634 7.404 5.338 3.579 3.250 3.501 3.610 3.538 3.148 2.549 2.387 2.443 2.526 2.767 3.334 3.919 4.069 3.728 3.083 2.162 1.101 0.377 0.000 0.000 0.000 0.000 0.000 0.000 0.000 0.000 0.000 0.000
0.000 0.000 0.000 0.000 0.000 0.000 0.000 0.000 0.000 0.000 0.000 0.000 0.000 0.000 0.250 0.223 0.257 0.412 0.550 0.331 0.000 0.000 0.000 0.000 0.000 0.000 0.336 1.103 3.075 3.929 3.521 1.828 3.157 8.870 12.094 11.212 9.253 8.147 6.581 4.480 2.958 3.062 4.853 7.309 8.933 9.982 9.890 8.469 6.186 3.177 2.777 3.073 3.332 3.373 2.946 2.379 2.157 2.228 2.360 2.449 2.487 2.725 2.912 2.817 2.354 1.843 1.265 0.756 0.431 0.000 0.000 0.000 0.000 0.000 0.000 0.000 0.000
0.000 0.000 0.000 0.000 0.000 0.000 0.000 0.000 0.000 0.000 0.000 0.000 0.000 0.000 0.000 0.000 0.000 0.000 0.000 0.307 0.244 0.000 0.000 0.000 0.000 0.000 0.000 0.261 0.769 2.590 4.031 3.816 2.071 2.951 7.608 11.857 12.488 11.384 8.576 5.697 3.355 2.529 2.971 4.078 5.908 8.656 11.521 11.060 8.753 5.392 2.381 2.294 2.681 3.116 3.260 2.957 2.436 2.110 2.117 2.248 2.390 2.382 2.347 2.271 2.063 1.836 1.445 1.153 1.015 0.791 0.511 0.275 0.000 0.000 0.000 0.000 0.000
0.000 0.000 0.000 0.000 0.000 0.000 0.000 0.000 0.000 0.000 0.000 0.000 0.000 0.000 0.000 0.000 0.000 0.000 0.000 0.000 0.202 0.000 0.000 0.000 0.000 0.000 0.000 0.000 0.201 0.574 2.221 4.122 4.130 2.647 2.164 5.812 9.824 12.390 12.490 10.910 8.427 6.101 4.361 5.030 7.405 10.931 13.224 13.761 10.976 7.325 3.268 1.659 1.663 2.054 2.553 2.868 2.724 2.240 1.876 1.844 2.031 2.215 2.328 2.271 2.109 1.806 1.490 1.244 1.055 0.996 0.924 0.784 0.554 0.348 0.000 0.000 0.000
0.000 0.000 0.000 0.000 0.000 0.000 0.000 0.000 0.000 0.000 0.000 0.000 0.000 0.000 0.000 0.000 0.000 0.000 0.000 0.000 0.000 0.000 0.000 0.000 0.000 0.000 0.000 0.000 0.000 0.000 0.367 1.778 4.076 4.534 3.746 2.613 4.094 7.458 10.454 12.346 12.978 12.842 12.640 12.864 13.555 14.536 14.393 13.975 11.446 7.938 3.891 1.549 1.328 1.556 1.932 2.375 2.512 2.471 2.205 1.800 1.681 1.710 1.937 2.173 2.346 2.295 2.143 1.764 1.352 1.112 0.963 0.907 0.854 0.732 0.529 0.339 0.000
0.000 0.000 0.000 0.000 0.000 0.000 0.000 0.000 0.000 0.000 0.000 0.000 0.000 0.000 0.000 0.000 0.000 0.000 0.000 0.000 0.000 0.000 0.000 0.000 0.000 0.000 0.000 0.000 0.000 0.000 0.000 0.000 0.792 3.282 4.893 4.945 4.282 4.405 5.993 8.015 9.945 11.735 12.412 12.719 12.659 12.572 12.686 12.282 10.272 7.192 3.909 1.697 1.357 1.438 1.847 2.265 2.457 2.357 2.340 2.107 1.781 1.573 1.548 1.676 1.986 2.267 2.466 2.421 2.257 1.800 1.360 1.051 0.891 0.836 0.763 0.589 0.403
0.000 0.000 0.000 0.000 0.000 0.000 0.000 0.000 0.000 0.000 0.000 0.000 0.000 0.000 0.000 0.000 0.000 0.000 0.000 0.000 0.000 0.000 0.000 0.000 0.000 0.000 0.000 0.000 0.000 0.000 0.000 0.000 0.000 0.353 1.513 3.140 4.808 5.272 5.661 6.592 7.791 9.111 10.405 10.952 11.073 11.205 10.816 10.392 8.618 6.095 3.188 1.743 1.513 1.482 1.721 2.028 2.092 2.005 1.811 1.605 1.509 1.512 1.292 1.240 1.394 1.702 2.164 2.473 2.674 2.565 2.278 1.734 1.254 0.910 0.821 0.751 0.598
0.000 0.000 0.000 0.000 0.000 0.000 0.000 0.000 0.000 0.000 0.000 0.000 0.000 0.000 0.000 0.000 0.000 0.000 0.000 0.000 0.000 0.000 0.000 0.000 0.000 0.000 0.000 0.000 0.000 0.000 0.000 0.000 0.000 0.000 0.000 0.295 1.072 1.829 2.381 2.729 2.988 3.507 4.616 5.903 7.238 8.475 9.279 9.681 8.624 6.966 4.508 2.987 2.373 2.010 1.920 1.843 1.699 1.564 1.350 1.261 1.299 1.367 1.233 0.994 1.002 1.208 1.568 2.172 2.669 3.008 2.954 2.697 2.096 1.490 1.004 0.876 0.793
0.000 0.000 0.000 0.000 0.000 0.000 0.000 0.000 0.000 0.000 0.000 0.000 0.000 0.000 0.000 0.000 0.000 0.000 0.000 0.000 0.000 0.000 0.000 0.000 0.000 0.000 0.000 0.000 0.000 0.000 0.000 0.000 0.000 0.000 0.000 0.000 0.000 0.000 0.000 0.000 0.202 0.273 0.432 0.743 1.433 2.851 4.523 5.967 6.013 5.354 4.257 3.796 3.691 3.608 3.210 2.533 1.801 1.133 0.874 0.936 0.971 1.029 1.044 0.871 0.828 0.965 1.264 1.729 2.484 3.151 3.505 3.450 3.180 2.503 1.751 1.143 0.941
0.000 0.000 0.000 0.000 0.000 0.000 0.000 0.000 0.000 0.000 0.000 0.000 0.000 0.000 0.000 0.000 0.000 0.000 0.000 0.000 0.000 0.000 0.000 0.000 0.000 0.000 0.000 0.000 0.000 0.000 0.000 0.000 0.000 0.000 0.000 0.000 0.000 0.000 0.000 0.000 0.000 0.000 0.000 0.212 0.558 1.273 1.837 2.365 2.159 2.112 2.183 2.689 3.245 3.432 3.504 3.357 2.822 1.777 0.934 0.645 0.645 0.668 0.713 0.706 0.721 0.887 1.170 1.497 2.205 3.043 3.766 4.017 3.926 3.579 2.825 1.962 1.259
0.000 0.000 0.000 0.000 0.000 0.000 0.000 0.000 0.000 0.000 0.000 0.000 0.000 0.000 0.000 0.000 0.000 0.000 0.000 0.000 0.000 0.000 0.000 0.000 0.000 0.000 0.000 0.000 0.000 0.000 0.000 0.000 0.000 0.000 0.000 0.000 0.000 0.000 0.000 0.000 0.000 0.000 0.000 0.224 0.464 0.732 0.891 0.979 0.824 0.508 0.369 0.545 1.330 2.132 2.798 2.958 2.881 2.652 1.782 0.774 0.435 0.426 0.445 0.511 0.670 0.950 1.278 1.499 1.999 2.817 3.586 4.240 4.405 4.433 4.200 3.337 2.431
0.000 0.000 0.000 0.000 0.000 0.000 0.000 0.000 0.000 0.000 0.000 0.000 0.000 0.000 0.000 0.000 0.000 0.000 0.000 0.000 0.000 0.000 0.000 0.000 0.000 0.000 0.000 0.000 0.000 0.000 0.000 0.000 0.000 0.000 0.000 0.000 0.000 0.000 0.000 0.000 0.000 0.000 0.204 0.314 0.440 0.436 0.424 0.410 0.377 0.329 0.000 0.000 0.000 0.414 1.125 1.957 2.572 2.600 2.400 1.422 0.450 0.287 0.275 0.304 0.514 0.917 1.439 1.720 2.017 2.586 3.375 4.108 4.793 5.311 5.358 5.175 4.397
0.000 0.000 0.000 0.000 0.000 0.000 0.000 0.000 0.000 0.000 0.000 0.000 0.000 0.000 0.000 0.000 0.000 0.000 0.000 0.000 0.000 0.000 0.000 0.000 0.000 0.000 0.000 0.000 0.000 0.000 0.000 0.000 0.000 0.000 0.000 0.000 0.000 0.000 0.000 0.000 0.000 0.000 0.000 0.313 0.382 0.372 0.362 0.385 0.390 0.305 0.000 0.000 0.000 0.000 0.000 0.596 1.625 2.322 2.300 1.854 0.768 0.228 0.000 0.000 0.278 0.635 1.275 1.891 2.157 2.543 3.060 3.890 4.869 5.763 6.061 6.093 6.103
0.000 0.000 0.000 0.000 0.000 0.000 0.000 0.000 0.000 0.000 0.000 0.000 0.000 0.000 0.000 0.000 0.000 0.000 0.000 0.000 0.000 0.000 0.000 0.000 0.000 0.000 0.000 0.000 0.000 0.000 0.000 0.000 0.000 0.000 0.000 0.000 0.000 0.000 0.000 0.000 0.000 0.000 0.000 0.281 0.354 0.389 0.412 0.421 0.388 0.225 0.000 0.000 0.000 0.000 0.000 0.000 0.628 1.622 2.021 1.925 1.150 0.307 0.000 0.000 0.000 0.269 0.727 1.500 2.038 2.263 2.631 3.293 4.518 5.660 6.468 6.534 6.697
0.000 0.000 0.000 0.000 0.000 0.000 0.000 0.000 0.000 0.000 0.000 0.000 0.000 0.000 0.000 0.000 0.000 0.000 0.000 0.000 0.000 0.000 0.000 0.000 0.000 0.000 0.000 0.000 0.000 0.000 0.000 0.000 0.000 0.000 0.000 0.000 0.000 0.000 0.000 0.000 0.000 0.000 0.000 0.278 0.354 0.393 0.401 0.384 0.272 0.000 0.000 0.000 0.000 0.000 0.000 0.000 0.000 0.898 1.669 1.753 1.382 0.502 0.000 0.000 0.000 0.000 0.308 0.823 1.419 1.772 1.934 2.310 3.125 4.528 5.846 6.581 6.790
