tests/test_04/output4/CloudConcentration_240.00hrs.dat
NCOLS   360
NROWS    60
XLLCORNER           0.000
YLLCORNER           0.000
CELLSIZE           1.000          1.000
NODATA_VALUE -9999.
[rows 0 to 27 of 60, columns 252 to 314 of 360]
0.393946 0.394065 0.388924 0.374497 0.343751 0.313118 0.272801 0.226830 0.171280 0.133629 0.130038 0.128145 0.126651 0.125451 0.122378 0.114453 0.108968 0.103156 0.070274 0.076835 0.183562 0.238164 0.202353 0.000000 0.000000 0.000000 0.000000 0.000000 0.000000 0.000000 0.000000 0.000000 0.000000 0.000000 0.000000 0.000000 0.000000 0.000000 0.000000 0.000000 0.000000 0.000000 0.000000 0.000000 0.000000 0.000000 0.000000 0.000000 0.000000 0.000000 0.000000 0.000000 0.000000 0.000000 0.000000 0.000000 0.000000 0.000000 0.000000 0.000000 0.000000 0.000000 0.049151
0.822387 0.754130 0.690088 0.635167 0.591836 0.557521 0.529787 0.498175 0.458294 0.411881 0.358813 0.275681 0.178739 0.128498 0.127310 0.124457 0.113284 0.087201 0.113274 0.107712 0.111436 0.189279 0.175244 0.071892 0.000000 0.000000 0.000000 0.000000 0.000000 0.000000 0.000000 0.000000 0.000000 0.000000 0.000000 0.000000 0.000000 0.000000 0.000000 0.000000 0.000000 0.000000 0.000000 0.000000 0.000000 0.000000 0.000000 0.000000 0.000000 0.000000 0.000000 0.000000 0.000000 0.000000 0.000000 0.000000 0.000000 0.000000 0.000000 0.000000 0.000000 0.000000 0.000000
0.730149 0.598036 0.495708 0.425238 0.382360 0.353712 0.343446 0.345749 0.365299 0.393970 0.422196 0.449500 0.450549 0.406630 0.267209 0.131790 0.124508 0.106159 0.066120 0.075880 0.095016 0.182923 0.178091 0.080352 0.000000 0.000000 0.000000 0.000000 0.000000 0.000000 0.000000 0.000000 0.000000 0.000000 0.000000 0.000000 0.000000 0.000000 0.000000 0.000000 0.000000 0.000000 0.000000 0.000000 0.000000 0.000000 0.000000 0.000000 0.000000 0.000000 0.000000 0.000000 0.000000 0.000000 0.000000 0.000000 0.000000 0.000000 0.000000 0.000000 0.000000 0.000000 0.000000
0.798459 0.620299 0.464001 0.470851 0.532170 0.406619 0.200716 0.123381 0.123294 0.123393 0.123440 0.137711 0.212996 0.325796 0.417422 0.417042 0.358838 0.211891 0.080738 0.053559 0.072848 0.155081 0.163304 0.089396 0.000000 0.000000 0.000000 0.000000 0.000000 0.000000 0.000000 0.000000 0.000000 0.000000 0.000000 0.000000 0.000000 0.000000 0.000000 0.000000 0.000000 0.000000 0.000000 0.000000 0.000000 0.000000 0.000000 0.000000 0.000000 0.000000 0.000000 0.000000 0.000000 0.000000 0.000000 0.000000 0.000000 0.000000 0.000000 0.000000 0.000000 0.000000 0.000000
1.610248 1.394561 1.226486 1.044407 0.858507 0.670176 0.480910 0.299488 0.145838 0.123862 0.123657 0.122009 0.117918 0.113618 0.111313 0.137138 0.271778 0.310057 0.283289 0.168462 0.061348 0.128396 0.155686 0.102577 0.046308 0.000000 0.000000 0.000000 0.000000 0.000000 0.000000 0.000000 0.000000 0.000000 0.000000 0.000000 0.000000 0.000000 0.000000 0.000000 0.000000 0.000000 0.000000 0.000000 0.000000 0.000000 0.000000 0.000000 0.000000 0.000000 0.000000 0.000000 0.000000 0.000000 0.000000 0.000000 0.000000 0.000000 0.000000 0.000000 0.000000 0.000000 0.000000
1.685525 1.514735 1.390048 1.256515 1.146744 1.045620 0.911179 0.783396 0.623655 0.439270 0.264794 0.116585 0.111245 0.105609 0.101178 0.105327 0.115673 0.152768 0.257148 0.260739 0.203830 0.104756 0.155326 0.123419 0.068648 0.000000 0.000000 0.000000 0.000000 0.000000 0.000000 0.000000 0.000000 0.000000 0.000000 0.000000 0.000000 0.000000 0.000000 0.000000 0.000000 0.000000 0.000000 0.000000 0.000000 0.000000 0.000000 0.000000 0.000000 0.000000 0.000000 0.000000 0.000000 0.000000 0.000000 0.000000 0.000000 0.000000 0.000000 0.000000 0.000000 0.000000 0.000000
0.958935 0.931887 1.252913 1.040217 0.772186 0.784915 0.805564 0.820241 0.819568 0.790781 0.674749 0.503836 0.329020 0.168443 0.090770 0.096069 0.118487 0.123265 0.101587 0.200412 0.228726 0.203226 0.144333 0.135370 0.070781 0.061216 0.000000 0.000000 0.000000 0.000000 0.000000 0.000000 0.000000 0.000000 0.000000 0.000000 0.000000 0.000000 0.000000 0.000000 0.000000 0.000000 0.000000 0.000000 0.000000 0.000000 0.000000 0.000000 0.000000 0.000000 0.000000 0.000000 0.000000 0.000000 0.000000 0.000000 0.000000 0.000000 0.000000 0.000000 0.000000 0.000000 0.000000
0.756584 1.433663 1.334909 0.583691 0.195850 0.200373 0.215586 0.256123 0.332916 0.438652 0.568884 0.631472 0.626313 0.525312 0.328888 0.149367 0.117088 0.128259 0.127788 0.083979 0.159709 0.204379 0.186203 0.136218 0.080021 0.064630 0.000000 0.000000 0.000000 0.000000 0.000000 0.000000 0.000000 0.000000 0.000000 0.000000 0.000000 0.030920 0.031311 0.000000 0.000000 0.000000 0.000000 0.000000 0.000000 0.000000 0.000000 0.000000 0.000000 0.000000 0.000000 0.000000 0.000000 0.000000 0.000000 0.000000 0.000000 0.000000 0.000000 0.000000 0.000000 0.000000 0.000000
1.439636 1.367469 0.664749 0.120193 0.103554 0.118541 0.126383 0.127923 0.128889 0.134498 0.141451 0.229581 0.432578 0.579251 0.584459 0.495660 0.280191 0.128584 0.137042 0.113383 0.060107 0.143591 0.184848 0.166823 0.110727 0.077655 0.061517 0.000000 0.000000 0.000000 0.000000 0.000000 0.000000 0.000000 0.000000 0.000000 0.000000 0.000000 0.030827 0.031081 0.000000 0.000000 0.000000 0.000000 0.000000 0.000000 0.000000 0.000000 0.000000 0.000000 0.000000 0.000000 0.000000 0.000000 0.000000 0.000000 0.000000 0.000000 0.000000 0.000000 0.000000 0.000000 0.000000
1.007319 0.578892 0.134524 0.114465 0.112099 0.109500 0.130985 0.138245 0.129756 0.111201 0.105269 0.106002 0.105357 0.182288 0.416172 0.557900 0.531612 0.363156 0.144066 0.134132 0.087257 0.045499 0.141412 0.170258 0.144564 0.076637 0.068271 0.057745 0.000000 0.000000 0.000000 0.000000 0.000000 0.000000 0.000000 0.000000 0.000000 0.000000 0.000000 0.000000 0.000000 0.000000 0.000000 0.000000 0.000000 0.000000 0.000000 0.000000 0.000000 0.000000 0.000000 0.000000 0.000000 0.000000 0.000000 0.000000 0.000000 0.000000 0.000000 0.000000 0.000000 0.000000 0.000000
0.290744 0.108961 0.121048 0.133584 0.122376 0.095336 0.125399 0.150090 0.159476 0.151900 0.117988 0.091472 0.083213 0.089232 0.133766 0.308373 0.503984 0.504546 0.378001 0.159268 0.117873 0.063859 0.058740 0.146383 0.161635 0.121553 0.074376 0.063654 0.047584 0.000000 0.000000 0.000000 0.000000 0.000000 0.000000 0.000000 0.000000 0.000000 0.000000 0.000000 0.000000 0.000000 0.000000 0.000000 0.000000 0.000000 0.000000 0.000000 0.000000 0.000000 0.000000 0.000000 0.000000 0.000000 0.000000 0.000000 0.000000 0.000000 0.000000 0.000000 0.000000 0.000000 0.000000
0.092321 0.099435 0.143393 0.140713 0.100788 0.092144 0.104686 0.128511 0.163600 0.181247 0.176784 0.142719 0.102203 0.092445 0.094204 0.132191 0.318626 0.482909 0.470806 0.330974 0.131934 0.098070 0.049969 0.080514 0.152146 0.154993 0.101131 0.080943 0.064664 0.000000 0.000000 0.000000 0.000000 0.000000 0.000000 0.000000 0.000000 0.000000 0.000000 0.000000 0.000000 0.000000 0.000000 0.000000 0.000000 0.000000 0.000000 0.000000 0.000000 0.000000 0.000000 0.000000 0.000000 0.000000 0.000000 0.000000 0.000000 0.000000 0.000000 0.000000 0.000000 0.000000 0.041715
0.073802 0.138864 0.154369 0.125133 0.066913 0.078911 0.091893 0.099675 0.114102 0.141784 0.173910 0.189587 0.165424 0.104403 0.096151 0.099601 0.160870 0.373497 0.471803 0.432223 0.252024 0.114405 0.075559 0.042161 0.109529 0.166488 0.152541 0.078347 0.077835 0.052146 0.000000 0.000000 0.000000 0.000000 0.000000 0.000000 0.000000 0.000000 0.000000 0.000000 0.000000 0.000000 0.000000 0.000000 0.000000 0.000000 0.000000 0.000000 0.000000 0.000000 0.000000 0.000000 0.000000 0.000000 0.000000 0.000000 0.000000 0.000000 0.000000 0.000000 0.000000 0.054966 0.081043
0.102794 0.150884 0.148293 0.090222 0.067792 0.073415 0.079167 0.085316 0.090614 0.095988 0.117930 0.151861 0.181276 0.176216 0.114167 0.093862 0.106681 0.217667 0.427822 0.452238 0.374071 0.157549 0.101301 0.062906 0.065500 0.144255 0.169044 0.138431 0.074548 0.072928 0.047540 0.000000 0.000000 0.000000 0.000000 0.000000 0.000000 0.000000 0.000000 0.000000 0.000000 0.000000 0.000000 0.000000 0.000000 0.000000 0.000000 0.000000 0.000000 0.000000 0.000000 0.000000 0.000000 0.000000 0.000000 0.000000 0.000000 0.000000 0.000000 0.039674 0.064072 0.091658 0.111348
0.130884 0.136092 0.120162 0.080034 0.055456 0.055696 0.057249 0.060522 0.063806 0.069970 0.079521 0.097169 0.124177 0.158137 0.173768 0.131980 0.096890 0.135037 0.312135 0.482798 0.456008 0.280300 0.105372 0.083514 0.057792 0.092358 0.155103 0.162889 0.122459 0.077469 0.072205 0.045843 0.000000 0.000000 0.000000 0.000000 0.000000 0.000000 0.000000 0.000000 0.000000 0.000000 0.000000 0.000000 0.000000 0.000000 0.000000 0.000000 0.000000 0.000000 0.000000 0.000000 0.000000 0.000000 0.000000 0.000000 0.000000 0.000000 0.045696 0.069166 0.096454 0.114152 0.204876
0.151381 0.156045 0.154015 0.144083 0.126117 0.096181 0.064738 0.000000 0.000000 0.000000 0.046557 0.061697 0.080121 0.098176 0.130655 0.155746 0.130201 0.102013 0.185836 0.420839 0.505883 0.427870 0.193673 0.082571 0.061476 0.066675 0.110679 0.157192 0.158750 0.112739 0.078727 0.071148 0.042809 0.000000 0.000000 0.000000 0.000000 0.000000 0.000000 0.000000 0.000000 0.000000 0.000000 0.000000 0.000000 0.000000 0.000000 0.000000 0.000000 0.000000 0.000000 0.000000 0.000000 0.000000 0.000000 0.000000 0.031952 0.049528 0.071962 0.097100 0.135853 0.239759 0.331019
0.145466 0.158615 0.162899 0.159034 0.151300 0.138379 0.119312 0.093310 0.000000 0.000000 0.000000 0.000000 0.000000 0.066024 0.083790 0.107832 0.130909 0.117361 0.109510 0.253285 0.457094 0.494823 0.397296 0.137769 0.079796 0.071055 0.080716 0.130003 0.156923 0.150885 0.103001 0.076653 0.065573 0.040249 0.000000 0.000000 0.000000 0.000000 0.000000 0.000000 0.000000 0.000000 0.000000 0.000000 0.000000 0.000000 0.000000 0.000000 0.000000 0.000000 0.000000 0.000000 0.000000 0.000000 0.000000 0.045422 0.062541 0.073420 0.096690 0.144126 0.258964 0.320101 0.443618
0.085855 0.107282 0.126925 0.141502 0.145965 0.140853 0.131859 0.117996 0.104029 0.084235 0.000000 0.000000 0.000000 0.000000 0.054331 0.073020 0.096252 0.115941 0.108473 0.113776 0.271781 0.448609 0.465298 0.366314 0.131537 0.077284 0.073521 0.090210 0.133538 0.143925 0.135173 0.101551 0.077341 0.062168 0.042468 0.000000 0.000000 0.000000 0.000000 0.000000 0.000000 0.000000 0.000000 0.000000 0.000000 0.000000 0.000000 0.000000 0.000000 0.000000 0.000000 0.000000 0.000000 0.038289 0.062569 0.081688 0.086577 0.095128 0.141342 0.264273 0.310740 0.433597 0.463466
0.000000 0.000000 0.000000 0.000000 0.000000 0.082646 0.094035 0.107461 0.112013 0.113291 0.101684 0.077422 0.000000 0.000000 0.000000 0.046448 0.070214 0.095367 0.113483 0.108035 0.116305 0.257043 0.421298 0.439215 0.361525 0.150508 0.068505 0.068186 0.086301 0.117534 0.128653 0.120570 0.104549 0.086426 0.067800 0.048549 0.000000 0.000000 0.000000 0.000000 0.000000 0.000000 0.000000 0.000000 0.000000 0.000000 0.000000 0.000000 0.000000 0.000000 0.000000 0.000000 0.056491 0.078554 0.093356 0.096186 0.097869 0.131795 0.264658 0.315482 0.415385 0.453450 0.441830
0.000000 0.000000 0.000000 0.000000 0.000000 0.000000 0.000000 0.000000 0.000000 0.098463 0.111551 0.115070 0.099678 0.000000 0.000000 0.000000 0.040918 0.068125 0.095383 0.111286 0.117635 0.110003 0.244604 0.400093 0.413231 0.346151 0.152629 0.056223 0.057942 0.076365 0.103848 0.121214 0.115616 0.110628 0.098901 0.070023 0.057579 0.045750 0.032083 0.000000 0.000000 0.000000 0.000000 0.000000 0.000000 0.000000 0.000000 0.000000 0.000000 0.047326 0.056869 0.071934 0.088692 0.100510 0.102486 0.105512 0.118792 0.258749 0.318670 0.377143 0.443871 0.437301 0.352711
0.000000 0.000000 0.000000 0.000000 0.000000 0.000000 0.000000 0.000000 0.000000 0.000000 0.082379 0.118725 0.128634 0.106896 0.050434 0.043404 0.051123 0.073616 0.110810 0.135166 0.130958 0.110564 0.097878 0.241515 0.380963 0.379918 0.299663 0.119366 0.053990 0.052535 0.065763 0.100822 0.125910 0.122825 0.113814 0.110782 0.094215 0.073479 0.063428 0.054575 0.049117 0.044548 0.041161 0.000000 0.000000 0.000000 0.052790 0.056567 0.059271 0.062810 0.073411 0.089687 0.102621 0.106812 0.111579 0.127002 0.249396 0.318911 0.320030 0.421060 0.419230 0.356228 0.193954
0.000000 0.000000 0.000000 0.000000 0.000000 0.000000 0.000000 0.000000 0.000000 0.000000 0.000000 0.091346 0.135303 0.133703 0.094872 0.060288 0.074378 0.108280 0.139177 0.144207 0.134948 0.148691 0.165571 0.163259 0.268781 0.365308 0.346612 0.243677 0.080691 0.052211 0.051321 0.059673 0.099920 0.133786 0.142282 0.129083 0.122110 0.120250 0.110904 0.096388 0.084086 0.073885 0.071741 0.064452 0.061903 0.061968 0.061581 0.060392 0.061033 0.065995 0.082550 0.099348 0.109344 0.117280 0.136196 0.240533 0.318651 0.318599 0.378117 0.385839 0.346425 0.218833 0.098061
0.000000 0.000000 0.000000 0.000000 0.000000 0.000000 0.000000 0.000000 0.000000 0.000000 0.000000 0.000000 0.116256 0.142431 0.121652 0.077405 0.101034 0.133259 0.144990 0.159893 0.189107 0.187168 0.180135 0.163611 0.163605 0.316171 0.360871 0.327166 0.195014 0.111994 0.091565 0.079598 0.083630 0.099133 0.137632 0.161934 0.156861 0.139390 0.131577 0.130881 0.127426 0.119089 0.099791 0.093585 0.093812 0.093531 0.091081 0.085633 0.080366 0.078982 0.100876 0.115238 0.126023 0.147095 0.228342 0.315004 0.318497 0.327983 0.345197 0.323959 0.237103 0.100744 0.112279
0.000000 0.000000 0.000000 0.000000 0.000000 0.000000 0.000000 0.000000 0.000000 0.000000 0.000000 0.000000 0.090085 0.135866 0.131130 0.091863 0.120206 0.152227 0.199817 0.201791 0.191551 0.159419 0.122354 0.115871 0.121389 0.255688 0.364871 0.360163 0.289911 0.141688 0.127715 0.112459 0.101740 0.099713 0.101125 0.152329 0.170355 0.170802 0.166605 0.151908 0.154080 0.153270 0.143255 0.115894 0.116010 0.130443 0.134321 0.135316 0.135105 0.129366 0.129888 0.142619 0.161425 0.220457 0.304463 0.309697 0.283623 0.303501 0.291647 0.240287 0.133450 0.100862 0.126403
0.000000 0.000000 0.000000 0.000000 0.000000 0.000000 0.000000 0.000000 0.000000 0.000000 0.000000 0.000000 0.071722 0.113608 0.135209 0.113598 0.160880 0.193566 0.183155 0.150804 0.120645 0.111842 0.105532 0.096574 0.092406 0.185440 0.340762 0.360357 0.334982 0.215593 0.130407 0.120486 0.114258 0.110682 0.110478 0.119727 0.168097 0.171588 0.169891 0.164502 0.175768 0.177277 0.171463 0.145469 0.135179 0.157798 0.167520 0.173451 0.179984 0.185439 0.183514 0.179267 0.209718 0.288687 0.296217 0.268737 0.262544 0.251417 0.218978 0.146362 0.080446 0.108272 0.132783
0.000000 0.000000 0.000000 0.000000 0.000000 0.000000 0.000000 0.000000 0.000000 0.000000 0.000000 0.000000 0.000000 0.080971 0.129010 0.162389 0.183059 0.167435 0.131473 0.130900 0.130143 0.120465 0.101840 0.103089 0.098366 0.114537 0.281949 0.365080 0.355879 0.290424 0.133142 0.121897 0.120626 0.119299 0.119507 0.122864 0.163341 0.169903 0.185132 0.199874 0.202265 0.201764 0.191346 0.161686 0.170010 0.196796 0.214986 0.224418 0.221425 0.213069 0.195900 0.192033 0.264531 0.285402 0.272318 0.223834 0.210772 0.181494 0.133542 0.077429 0.083298 0.112744 0.136128
0.000000 0.000000 0.000000 0.000000 0.000000 0.000000 0.000000 0.000000 0.000000 0.000000 0.000000 0.000000 0.000000 0.054977 0.109842 0.177076 0.171303 0.146754 0.147907 0.145442 0.135988 0.120530 0.111125 0.101282 0.099129 0.103391 0.178263 0.330740 0.372215 0.348139 0.241555 0.128598 0.128260 0.128842 0.136557 0.159322 0.190168 0.219121 0.231756 0.233360 0.232352 0.223684 0.201952 0.207425 0.242141 0.256112 0.253105 0.240065 0.211221 0.209280 0.199602 0.229302 0.269651 0.265164 0.225294 0.171621 0.142017 0.107276 0.070327 0.059850 0.081883 0.111317 0.133455
0.000000 0.000000 0.000000 0.000000 0.000000 0.000000 0.000000 0.000000 0.000000 0.000000 0.000000 0.000000 0.000000 0.000000 0.110056 0.180441 0.165595 0.154555 0.155149 0.148254 0.128440 0.101651 0.079912 0.075914 0.089460 0.099699 0.112010 0.223435 0.360875 0.375616 0.342088 0.223030 0.173532 0.171835 0.186248 0.220509 0.249361 0.257788 0.255077 0.250400 0.239311 0.235163 0.274739 0.280596 0.272423 0.242726 0.220819 0.220177 0.215674 0.188044 0.212374 0.243875 0.248185 0.229245 0.149793 0.107045 0.074234 0.048452 0.051201 0.057770 0.075940 0.102427 0.199602
