tests/test_04/output4/CloudConcentration_240.00hrs.dat
NCOLS   360
NROWS    60
XLLCORNER           0.000
YLLCORNER           0.000
CELLSIZE           1.000          1.000
NODATA_VALUE -9999.
[rows 0 to 27 of 60, columns 189 to 251 of 360]
0.000000 0.000000 0.000000 0.104955 0.135792 0.142872 0.143484 0.136305 0.381174 0.820392 1.265275 1.598784 1.702282 1.721295 1.717683 1.619255 1.693661 1.695389 1.581235 1.345548 1.107686 0.919956 0.855750 0.846690 0.848305 0.830099 0.765478 0.682125 1.416489 2.726186 3.093463 3.001404 2.245817 1.910702 1.786856 1.691876 1.880448 1.980029 1.853786 1.673869 1.501037 1.322479 1.156444 0.997771 0.876998 0.748262 0.875975 0.927078 0.962487 1.058782 1.141752 1.122199 1.049556 0.914646 0.783274 0.682691 0.602335 0.536276 0.481602 0.434725 0.396359 0.365866 0.351012
0.000000 0.000000 0.081170 0.151908 0.174401 0.177048 0.167422 0.142524 0.525658 0.996464 1.451162 1.652622 1.696005 1.698977 1.680670 1.454831 1.081269 0.851115 0.793238 0.784075 0.788762 0.828494 0.870352 0.885017 0.885019 0.896454 0.875586 0.805917 1.583621 3.244230 3.710638 3.574748 2.645861 2.274691 2.196708 2.373716 2.530860 2.274032 1.939896 1.686404 1.488368 1.341780 1.240612 1.167557 1.143217 1.043938 0.868169 0.885077 1.007302 1.168437 1.183586 1.115828 1.022791 0.901097 0.779599 0.708311 0.873920 1.000533 1.082005 1.081268 1.046058 0.978137 0.894302
0.000000 0.000000 0.000000 0.123704 0.139260 0.140287 0.125162 0.149808 0.403093 0.676215 0.943110 1.074998 1.108038 1.111501 1.108822 1.066396 0.946133 0.849735 0.819947 0.814855 0.817484 0.863439 0.935580 0.986409 0.997880 0.993571 0.945692 0.974669 1.159147 3.467712 4.413107 4.398163 3.420652 2.665076 2.444242 2.949520 2.746127 2.200115 1.885126 1.755348 1.614304 1.438768 1.291403 1.175391 1.071438 0.959557 0.973157 1.112173 1.363308 1.462244 1.431535 1.310368 1.537161 1.884013 2.157967 2.326875 2.302375 2.172769 1.886405 1.597602 1.322343 1.074866 0.888067
0.000000 0.000000 0.000000 0.000000 0.069757 0.070548 0.064903 0.056049 0.121467 0.226167 0.335197 0.444487 0.548257 0.633738 0.697170 0.742879 0.786432 0.812846 0.820318 0.822177 0.824976 0.833161 0.911538 1.018700 1.057951 1.062110 1.044367 1.239893 1.596287 2.484862 4.750855 5.329987 4.569178 3.183437 2.488487 3.063590 2.913956 2.277381 1.897353 1.803616 1.746076 1.657769 1.494815 1.275932 1.114414 1.008132 1.032355 1.260557 1.551504 1.767584 2.428046 3.170535 3.761482 4.094909 3.960915 3.629543 3.229537 2.744902 2.261682 1.830956 1.516320 1.248501 1.004103
0.000000 0.000000 0.000000 0.000000 0.000000 0.000000 0.000000 0.000000 0.000000 0.000000 0.114195 0.187551 0.261141 0.331738 0.406932 0.490079 0.577611 0.665449 0.741093 0.774819 0.789988 0.804089 0.856448 0.977645 1.077640 1.100357 1.098698 1.525966 2.225076 2.469483 4.139307 5.852604 6.114201 4.691555 2.985981 3.193037 3.286831 2.725542 2.096518 1.851096 1.750001 1.646463 1.516460 1.347736 1.214601 1.168553 1.231205 1.613984 2.360594 3.308194 4.261246 4.835434 4.988490 4.795655 4.877684 4.871450 4.851565 4.442103 3.829089 3.282779 2.718434 2.263987 1.910785
0.000000 0.000000 0.000000 0.000000 0.000000 0.000000 0.000000 0.000000 0.000000 0.000000 0.000000 0.075703 0.153972 0.257243 0.354898 0.410137 0.433642 0.461855 0.564111 0.665305 0.743706 0.788626 0.864731 0.971839 1.093203 1.157812 1.165644 1.631215 2.692221 3.356428 3.400942 5.899097 6.903263 6.760888 4.707000 3.028099 3.707438 3.291941 2.462047 2.026062 1.838020 1.693021 1.569502 1.449555 1.551764 2.169564 2.769652 3.268089 3.786350 4.572915 4.941472 4.774389 4.796688 4.760886 4.712413 4.601174 4.556248 4.192511 3.700958 3.214624 2.682554 2.283069 1.969473
0.000000 0.000000 0.000000 0.000000 0.000000 0.000000 0.000000 0.000000 0.000000 0.000000 0.000000 0.000000 0.061302 0.116067 0.263240 0.414738 0.553147 0.620835 0.651281 0.673748 0.686287 0.782173 0.938214 1.104821 1.279690 1.360729 1.372615 1.328244 2.782357 4.050825 4.480443 4.374418 7.091264 7.929566 7.186549 4.835329 3.995803 3.949314 3.027554 2.277194 2.060145 1.909331 2.196564 2.646067 2.981435 3.229392 3.500670 4.207385 4.650081 4.521240 3.463390 2.383788 2.143621 1.947373 1.823119 1.756851 1.773878 1.822085 1.751481 1.611495 1.415884 1.258232 1.117070
0.000000 0.000000 0.000000 0.000000 0.000000 0.000000 0.000000 0.000000 0.000000 0.000000 0.000000 0.000000 0.000000 0.077405 0.107880 0.157184 0.351667 0.549673 0.711210 0.778373 0.808760 0.822697 0.873962 1.168221 1.427899 1.550702 1.566198 1.534542 2.183366 4.193132 5.189390 5.447482 5.188289 8.218465 8.568121 7.425156 5.090051 4.359418 3.780063 2.603914 2.187773 2.027792 2.035164 2.258513 2.745685 3.145549 3.530859 3.551736 2.923176 1.820816 0.986694 0.613491 0.586687 0.561609 0.537851 0.525585 0.521313 0.516793 0.501560 0.463413 0.418350 0.373516 0.324752
0.000000 0.000000 0.000000 0.000000 0.000000 0.000000 0.000000 0.000000 0.000000 0.000000 0.000000 0.000000 0.000000 0.000000 0.040823 0.094557 0.150377 0.201277 0.398442 0.631851 0.772313 0.813085 0.822217 0.979019 1.417905 1.601882 1.622428 1.594740 1.361516 3.164063 5.237045 5.830624 5.914692 6.907290 8.792782 8.523567 6.609001 4.712467 4.258241 2.980613 2.445928 2.446253 2.575506 2.684349 2.796564 2.771170 2.259835 1.804917 1.752416 1.063036 0.477874 0.407939 0.345950 0.288702 0.341621 0.351008 0.343217 0.328632 0.362969 0.464043 0.426994 0.361160 0.878828
0.000000 0.000000 0.000000 0.000000 0.000000 0.000000 0.000000 0.000000 0.000000 0.000000 0.000000 0.000000 0.000000 0.000000 0.000000 0.000000 0.054717 0.088373 0.127973 0.212093 0.394694 0.528482 0.560393 0.611647 1.055228 1.453481 1.567145 1.573997 1.408873 1.532941 3.821534 5.575838 5.989190 5.631808 7.641848 8.541571 7.015013 5.207648 4.852590 3.726358 2.979315 2.740806 2.637732 2.499458 2.079280 1.305061 1.531578 1.632275 1.080198 0.286563 0.339727 0.360700 0.366662 0.367333 0.374465 0.383468 0.404236 0.420274 0.408710 0.447379 0.543714 0.762793 1.006421
0.000000 0.000000 0.000000 0.000000 0.000000 0.000000 0.000000 0.000000 0.000000 0.000000 0.000000 0.000000 0.000000 0.000000 0.000000 0.000000 0.000000 0.000000 0.068845 0.085315 0.105049 0.198779 0.255644 0.265599 0.497038 0.839689 1.005649 1.039013 1.032031 0.955102 1.815765 3.751780 4.560037 4.725312 5.904449 6.955978 6.470533 5.179660 5.104393 3.840444 2.935841 2.602006 2.205334 1.438652 1.201024 1.363361 1.467243 1.081583 0.260371 0.241529 0.291644 0.317812 0.338860 0.371099 0.370302 0.363997 0.342266 0.273760 0.184332 0.284677 0.405792 0.518646 0.501391
0.000000 0.000000 0.000000 0.000000 0.000000 0.000000 0.000000 0.000000 0.000000 0.000000 0.000000 0.000000 0.000000 0.000000 0.000000 0.000000 0.000000 0.000000 0.000000 0.000000 0.064079 0.067112 0.068628 0.074310 0.116420 0.223571 0.335487 0.388652 0.405020 0.408312 0.600489 1.579928 2.364377 2.543399 4.211955 5.260510 4.671582 5.060344 4.921266 3.528545 2.624277 1.890396 0.995962 1.169025 1.225370 1.326213 1.089537 0.356754 0.219652 0.218590 0.213923 0.165076 0.173598 0.196658 0.188064 0.167061 0.141146 0.119702 0.119692 0.119244 0.114568 0.107504 0.104763
0.000000 0.000000 0.000000 0.000000 0.000000 0.000000 0.000000 0.000000 0.000000 0.000000 0.000000 0.000000 0.000000 0.000000 0.000000 0.000000 0.000000 0.000000 0.000000 0.000000 0.000000 0.000000 0.000000 0.000000 0.000000 0.000000 0.063716 0.081050 0.091377 0.094436 0.241379 0.574145 0.804088 0.866798 2.602368 3.498088 3.188110 4.952628 4.547147 2.907935 1.712740 0.861446 1.124659 1.232138 1.206963 1.060378 0.479374 0.199923 0.203809 0.175695 0.150222 0.143454 0.135736 0.132758 0.130795 0.128603 0.130244 0.130400 0.128630 0.118494 0.116292 0.105843 0.101676
0.000000 0.000000 0.000000 0.000000 0.000000 0.000000 0.000000 0.000000 0.000000 0.000000 0.000000 0.000000 0.000000 0.000000 0.000000 0.000000 0.000000 0.000000 0.000000 0.000000 0.000000 0.000000 0.000000 0.000000 0.000000 0.000000 0.000000 0.000000 0.000000 0.000000 0.142074 0.282027 0.329703 0.339850 1.445544 2.094295 2.208002 4.540986 4.310488 2.365953 0.838829 0.988331 1.231498 1.235329 1.063656 0.625886 0.155775 0.172553 0.131766 0.106836 0.097198 0.099056 0.111884 0.126318 0.135173 0.136730 0.135956 0.129930 0.115056 0.115171 0.106219 0.103108 0.087136
0.000000 0.000000 0.000000 0.000000 0.000000 0.000000 0.000000 0.000000 0.000000 0.000000 0.000000 0.000000 0.000000 0.000000 0.000000 0.000000 0.000000 0.000000 0.000000 0.000000 0.000000 0.000000 0.000000 0.000000 0.000000 0.000000 0.000000 0.000000 0.000000 0.000000 0.093872 0.181794 0.204531 0.189844 0.748472 1.162610 1.644242 3.914781 4.046503 1.889624 0.808935 1.085582 1.228173 1.191969 0.799135 0.243143 0.147109 0.115890 0.061389 0.054496 0.054017 0.055718 0.058616 0.057191 0.057753 0.067559 0.077549 0.092283 0.096404 0.106656 0.108088 0.125102 0.132556
0.000000 0.000000 0.000000 0.000000 0.000000 0.000000 0.000000 0.000000 0.000000 0.000000 0.000000 0.000000 0.000000 0.000000 0.000000 0.000000 0.000000 0.000000 0.000000 0.000000 0.000000 0.000000 0.000000 0.000000 0.000000 0.000000 0.000000 0.000000 0.000000 0.000000 0.000000 0.132567 0.152633 0.145128 0.348215 0.514452 1.041375 3.246660 3.605670 1.662385 0.906743 1.106409 1.192077 1.029956 0.556928 0.151878 0.116388 0.069178 0.060883 0.056819 0.053557 0.044588 0.034743 0.025876 0.032014 0.043082 0.063007 0.084949 0.103032 0.108734 0.104042 0.128946 0.143432
0.000000 0.000000 0.000000 0.000000 0.000000 0.000000 0.000000 0.000000 0.000000 0.000000 0.000000 0.000000 0.000000 0.000000 0.000000 0.000000 0.000000 0.000000 0.000000 0.000000 0.000000 0.000000 0.000000 0.000000 0.000000 0.000000 0.000000 0.000000 0.000000 0.000000 0.000000 0.095956 0.112907 0.110673 0.188348 0.264102 0.473644 2.447831 2.981862 1.576448 1.013560 1.100290 1.065357 0.768668 0.346709 0.115026 0.075141 0.070007 0.066910 0.062131 0.052646 0.000000 0.000000 0.000000 0.033341 0.069341 0.096569 0.114312 0.111221 0.091744 0.072367 0.096137 0.125258
0.000000 0.000000 0.000000 0.000000 0.000000 0.000000 0.000000 0.000000 0.000000 0.000000 0.000000 0.000000 0.000000 0.000000 0.000000 0.000000 0.000000 0.000000 0.000000 0.000000 0.000000 0.000000 0.000000 0.000000 0.000000 0.000000 0.000000 0.000000 0.000000 0.000000 0.000000 0.000000 0.000000 0.084621 0.099613 0.156019 0.167427 1.625724 2.250862 1.424684 1.054329 1.065442 0.859665 0.511057 0.171009 0.071922 0.068691 0.065085 0.057427 0.000000 0.000000 0.000000 0.000000 0.057279 0.090307 0.115023 0.113151 0.100166 0.067895 0.064132 0.062600 0.067881 0.072083
0.000000 0.000000 0.000000 0.000000 0.000000 0.000000 0.000000 0.000000 0.000000 0.000000 0.000000 0.000000 0.000000 0.000000 0.000000 0.000000 0.000000 0.000000 0.000000 0.000000 0.000000 0.000000 0.000000 0.000000 0.000000 0.000000 0.000000 0.000000 0.000000 0.000000 0.000000 0.000000 0.000000 0.000000 0.000000 0.091815 0.108632 0.938004 1.508565 1.084766 1.045564 0.931243 0.567296 0.263999 0.060878 0.051603 0.000000 0.000000 0.000000 0.000000 0.000000 0.000000 0.087324 0.114574 0.112549 0.097466 0.075181 0.075429 0.070850 0.065210 0.063517 0.059126 0.000000
0.000000 0.000000 0.000000 0.000000 0.000000 0.000000 0.000000 0.000000 0.000000 0.000000 0.000000 0.000000 0.000000 0.000000 0.000000 0.000000 0.000000 0.000000 0.000000 0.000000 0.000000 0.000000 0.000000 0.000000 0.000000 0.000000 0.000000 0.000000 0.000000 0.000000 0.000000 0.000000 0.000000 0.000000 0.000000 0.000000 0.068113 0.468810 0.839293 0.800775 0.944733 0.583928 0.269327 0.067151 0.000000 0.000000 0.000000 0.000000 0.000000 0.000000 0.000000 0.106111 0.136655 0.113805 0.072196 0.097170 0.081304 0.056024 0.039508 0.000000 0.000000 0.000000 0.000000
0.000000 0.000000 0.000000 0.000000 0.000000 0.000000 0.000000 0.000000 0.000000 0.000000 0.000000 0.000000 0.000000 0.000000 0.000000 0.000000 0.000000 0.000000 0.000000 0.000000 0.000000 0.000000 0.000000 0.000000 0.000000 0.000000 0.000000 0.000000 0.000000 0.000000 0.000000 0.000000 0.000000 0.000000 0.000000 0.000000 0.000000 0.157737 0.452861 0.692436 0.597665 0.219989 0.000000 0.000000 0.000000 0.000000 0.000000 0.000000 0.000000 0.000000 0.113713 0.136683 0.109262 0.053712 0.126544 0.170842 0.104688 0.000000 0.000000 0.000000 0.000000 0.000000 0.000000
0.000000 0.000000 0.000000 0.000000 0.000000 0.000000 0.000000 0.000000 0.000000 0.000000 0.000000 0.000000 0.000000 0.000000 0.000000 0.000000 0.000000 0.000000 0.000000 0.000000 0.000000 0.000000 0.000000 0.000000 0.000000 0.000000 0.000000 0.000000 0.000000 0.000000 0.000000 0.000000 0.000000 0.000000 0.000000 0.000000 0.000000 0.154204 0.376950 0.410214 0.196102 0.000000 0.000000 0.000000 0.000000 0.000000 0.000000 0.000000 0.053753 0.129758 0.158373 0.113864 0.067861 0.000000 0.118051 0.185395 0.125448 0.000000 0.000000 0.000000 0.000000 0.000000 0.000000
0.000000 0.000000 0.000000 0.000000 0.000000 0.000000 0.000000 0.000000 0.000000 0.000000 0.000000 0.000000 0.000000 0.000000 0.000000 0.000000 0.000000 0.000000 0.000000 0.000000 0.000000 0.000000 0.000000 0.000000 0.000000 0.000000 0.000000 0.000000 0.000000 0.000000 0.000000 0.000000 0.000000 0.000000 0.000000 0.000000 0.000000 0.139938 0.222900 0.131238 0.000000 0.000000 0.000000 0.000000 0.000000 0.059127 0.072125 0.074689 0.101824 0.167585 0.156418 0.094622 0.000000 0.000000 0.073561 0.109891 0.088688 0.000000 0.000000 0.000000 0.000000 0.000000 0.000000
0.000000 0.000000 0.000000 0.000000 0.000000 0.000000 0.000000 0.000000 0.000000 0.000000 0.000000 0.000000 0.000000 0.000000 0.000000 0.000000 0.000000 0.000000 0.000000 0.000000 0.000000 0.000000 0.000000 0.000000 0.000000 0.000000 0.000000 0.000000 0.000000 0.000000 0.000000 0.000000 0.000000 0.000000 0.000000 0.000000 0.000000 0.086168 0.098672 0.000000 0.000000 0.000000 0.000000 0.059959 0.064276 0.075589 0.078342 0.076979 0.062028 0.130229 0.144967 0.116894 0.000000 0.000000 0.000000 0.000000 0.000000 0.000000 0.000000 0.000000 0.000000 0.000000 0.000000
0.000000 0.000000 0.000000 0.000000 0.000000 0.000000 0.000000 0.000000 0.000000 0.000000 0.000000 0.000000 0.000000 0.000000 0.000000 0.000000 0.000000 0.000000 0.000000 0.000000 0.000000 0.000000 0.000000 0.000000 0.000000 0.000000 0.000000 0.000000 0.000000 0.000000 0.000000 0.000000 0.000000 0.000000 0.000000 0.000000 0.000000 0.000000 0.000000 0.000000 0.000000 0.000000 0.000000 0.000000 0.057920 0.067079 0.068739 0.063515 0.000000 0.075510 0.111679 0.104311 0.084219 0.000000 0.000000 0.000000 0.000000 0.000000 0.000000 0.000000 0.000000 0.000000 0.000000
0.000000 0.000000 0.000000 0.000000 0.000000 0.000000 0.000000 0.000000 0.000000 0.000000 0.000000 0.000000 0.000000 0.000000 0.000000 0.000000 0.000000 0.000000 0.000000 0.000000 0.000000 0.000000 0.000000 0.000000 0.000000 0.000000 0.000000 0.000000 0.000000 0.000000 0.000000 0.000000 0.000000 0.000000 0.000000 0.000000 0.000000 0.000000 0.000000 0.000000 0.000000 0.000000 0.000000 0.000000 0.000000 0.000000 0.000000 0.000000 0.000000 0.000000 0.000000 0.000000 0.000000 0.000000 0.000000 0.000000 0.000000 0.000000 0.000000 0.000000 0.000000 0.000000 0.000000
0.000000 0.000000 0.000000 0.000000 0.000000 0.000000 0.000000 0.000000 0.000000 0.000000 0.000000 0.000000 0.000000 0.000000 0.000000 0.000000 0.000000 0.000000 0.000000 0.000000 0.000000 0.000000 0.000000 0.000000 0.000000 0.000000 0.000000 0.000000 0.000000 0.000000 0.000000 0.000000 0.000000 0.000000 0.000000 0.000000 0.000000 0.000000 0.000000 0.000000 0.000000 0.000000 0.000000 0.000000 0.000000 0.000000 0.000000 0.000000 0.000000 0.000000 0.000000 0.000000 0.000000 0.000000 0.000000 0.000000 0.000000 0.000000 0.000000 0.000000 0.000000 0.000000 0.000000
0.000000 0.000000 0.000000 0.000000 0.000000 0.000000 0.000000 0.000000 0.000000 0.000000 0.000000 0.000000 0.000000 0.000000 0.000000 0.000000 0.000000 0.000000 0.000000 0.000000 0.000000 0.000000 0.000000 0.000000 0.000000 0.000000 0.000000 0.000000 0.000000 0.000000 0.000000 0.000000 0.000000 0.000000 0.000000 0.000000 0.000000 0.000000 0.000000 0.000000 0.000000 0.000000 0.000000 0.000000 0.000000 0.000000 0.000000 0.000000 0.000000 0.000000 0.000000 0.000000 0.000000 0.000000 0.000000 0.000000 0.000000 0.000000 0.000000 0.000000 0.000000 0.000000 0.000000
