tests/test_04/output4/CloudArrivalTime.dat
NCOLS   360
NROWS    60
XLLCORNER           0.000
YLLCORNER           0.000
CELLSIZE           1.000          1.000
NODATA_VALUE -1.000
[rows 26 to 51 of 60, columns 295 to 353 of 360]
96.289101 97.499130 98.697960 99.885681 101.062599 102.228989 103.389313 88.537369 88.288597 88.288597 88.288597 87.281662 85.994957 85.207069 85.207069 73.893433 -1.000000 -1.000000 -1.000000 -1.000000 64.436478 65.412949 66.620308 67.579483 68.784027 69.994728 71.209846 72.672897 73.893433 75.359421 76.826897 78.295883 80.024193 81.539482 83.350609 85.207069 87.026871 88.537369 90.247322 91.685242 93.134018 94.345703 95.559822 96.774361 98.219780 99.411903 100.593109 101.530403 102.692657 103.855568 105.027473 -1.000000 -1.000000 -1.000000 -1.000000 -1.000000 -1.000000 -1.000000 -1.000000
97.980019 99.174362 100.357727 101.530403 102.692657 103.855568 105.027473 106.445000 107.633087 108.827164 110.028374 93.376160 92.650017 90.247322 88.288597 -1.000000 -1.000000 -1.000000 -1.000000 64.680634 65.168922 65.898422 66.859734 68.060547 69.267609 70.480309 71.940819 73.160980 74.381927 75.848419 77.071632 78.540863 80.024193 81.539482 83.088890 84.674850 86.254890 88.038658 89.764221 91.205002 92.650017 94.103172 95.559822 96.774361 98.219780 99.649010 101.062599 102.461029 103.855568 105.262939 106.919533 108.587852 110.269547 111.966782 113.434227 115.410988 117.168762 118.694771 120.250908
99.411903 100.593109 101.763680 102.924492 104.089233 105.262939 106.445000 107.871422 109.066780 110.269547 111.480247 112.699020 113.926041 115.162109 -1.000000 -1.000000 -1.000000 -1.000000 66.139877 65.898422 65.898422 66.620308 67.579483 -1.000000 -1.000000 71.209846 72.428879 73.649239 75.114983 76.337578 77.561211 78.785942 80.274460 81.795280 83.088890 84.674850 86.254890 88.038658 89.521057 91.205002 92.650017 94.103172 95.802940 97.739799 99.649010 101.530403 103.389313 105.027473 106.919533 108.827164 110.752869 112.699020 114.419189 115.910400 117.168762 118.185829 119.201553 119.957710 121.001518
101.062599 101.996536 103.156708 104.089233 105.262939 106.445000 107.871422 109.066780 110.269547 111.480247 112.699020 113.926041 -1.000000 -1.000000 -1.000000 -1.000000 -1.000000 94.103172 92.650017 67.339317 67.339317 67.579483 -1.000000 -1.000000 70.480309 71.697006 72.916924 74.381927 75.603897 76.826897 78.050949 79.526291 80.777710 82.052040 83.613358 84.941673 86.513512 88.288597 89.764221 91.444939 93.376160 95.316803 97.258003 99.411903 101.530403 103.622261 105.498772 107.394997 109.306709 110.995010 112.454613 113.679970 114.913872 115.910400 116.915947 117.676117 118.440567 119.201553 119.957710
102.461029 103.389313 104.323250 105.498772 106.682152 107.871422 109.066780 110.269547 111.480247 112.699020 -1.000000 -1.000000 -1.000000 -1.000000 -1.000000 -1.000000 121.755836 123.024223 124.296532 69.025688 68.542618 68.784027 69.267609 70.237442 71.209846 72.428879 73.649239 74.870590 76.337578 77.561211 78.785942 80.024193 81.539482 82.828178 84.141983 85.733688 87.281662 88.784981 90.726219 92.650017 94.588333 96.774361 99.174362 101.296707 103.156708 105.027473 106.682152 108.109993 109.787498 110.995010 112.454613 113.434227 114.172447 114.913872 115.660423 116.412041 116.915947 117.676117 118.440567
104.089233 105.027473 105.971413 106.919533 108.109993 109.066780 110.269547 111.480247 112.699020 -1.000000 -1.000000 -1.000000 -1.000000 -1.000000 -1.000000 121.755836 123.024223 124.296532 125.812180 127.068649 69.994728 70.237442 70.480309 71.453346 72.428879 73.405090 74.626244 75.848419 77.316399 78.540863 79.774803 81.030701 82.568481 83.877136 85.207069 86.770828 88.288597 90.247322 92.166908 94.345703 96.531853 98.459091 100.357727 102.228989 103.855568 105.498772 106.919533 108.109993 109.546951 110.511047 111.480247 112.210533 112.699020 113.434227 113.926041 114.666267 115.410988 116.160942 116.915947
106.208092 106.919533 107.633087 108.587852 109.546951 110.752869 111.723351 -1.000000 -1.000000 -1.000000 -1.000000 -1.000000 -1.000000 120.250908 121.503853 123.024223 124.296532 125.812180 127.068649 128.614716 71.453346 71.697006 71.940819 72.672897 73.649239 74.626244 75.848419 77.071632 78.540863 79.774803 81.030701 82.568481 83.877136 85.207069 86.770828 88.288597 90.006302 92.166908 94.103172 95.802940 97.739799 99.649010 101.296707 102.924492 104.323250 105.498772 106.682152 107.871422 108.827164 109.546951 110.269547 110.995010 111.480247 112.210533 112.699020 113.434227 114.172447 114.913872 115.660423
108.587852 -1.000000 -1.000000 -1.000000 -1.000000 -1.000000 -1.000000 -1.000000 -1.000000 -1.000000 -1.000000 -1.000000 -1.000000 121.503853 122.769409 124.296532 125.560402 126.816353 128.353043 129.678131 72.916924 73.160980 73.405090 74.137657 75.114983 76.092979 77.316399 78.785942 80.024193 81.284622 82.568481 83.877136 85.207069 86.770828 88.288597 90.006302 91.925903 93.618401 95.316803 97.016411 98.697960 100.357727 101.763680 102.924492 104.089233 105.262939 106.208092 107.157150 107.871422 108.587852 109.306709 110.028374 110.752869 111.237473 111.966782 112.699020 113.434227 114.172447 114.913872
-1.000000 -1.000000 -1.000000 -1.000000 -1.000000 -1.000000 -1.000000 -1.000000 -1.000000 -1.000000 -1.000000 -1.000000 121.503853 122.769409 124.296532 125.560402 126.816353 128.093018 129.409775 130.768463 74.870590 74.381927 74.870590 75.603897 76.582222 77.806061 79.031868 80.525627 81.795280 83.088890 84.141983 85.471069 87.026871 88.537369 90.247322 91.925903 93.618401 95.316803 96.774361 98.219780 99.649010 100.828072 101.996536 102.924492 104.089233 104.792374 105.734970 106.445000 107.157150 108.109993 108.827164 109.546951 110.269547 110.995010 111.723351 112.454613 113.188828 113.926041 114.666267
-1.000000 -1.000000 -1.000000 -1.000000 -1.000000 -1.000000 -1.000000 -1.000000 -1.000000 -1.000000 -1.000000 -1.000000 123.279373 124.296532 125.560402 126.816353 128.093018 129.409775 130.768463 131.860992 133.195267 76.092979 76.582222 77.316399 78.295883 79.526291 80.777710 82.052040 83.350609 84.674850 85.733688 87.281662 88.537369 90.247322 91.685242 93.376160 94.831062 96.289101 97.499130 98.697960 99.885681 101.062599 101.996536 102.924492 103.622261 104.557632 105.262939 106.208092 106.919533 107.871422 108.587852 109.306709 110.028374 110.752869 111.480247 112.454613 113.188828 113.926041 114.666267
-1.000000 -1.000000 -1.000000 -1.000000 -1.000000 -1.000000 -1.000000 -1.000000 -1.000000 -1.000000 -1.000000 -1.000000 125.055847 126.063629 127.322441 128.614716 129.948166 131.043488 -1.000000 133.462326 134.538864 77.806061 78.050949 78.785942 80.024193 81.030701 82.309769 83.613358 84.674850 85.994957 87.281662 88.537369 90.006302 91.444939 92.891968 94.103172 95.559822 96.774361 97.980019 99.174362 100.121918 101.062599 101.996536 102.692657 103.622261 104.323250 105.262939 105.971413 106.919533 107.871422 108.827164 110.269547 112.210533 114.913872 125.560402 158.080246 159.722275 -1.000000 -1.000000
-1.000000 -1.000000 -1.000000 -1.000000 -1.000000 -1.000000 -1.000000 -1.000000 -1.000000 -1.000000 -1.000000 -1.000000 127.322441 128.614716 129.678131 130.768463 132.130310 -1.000000 -1.000000 135.629044 136.729507 80.024193 79.774803 80.525627 81.539482 82.568481 83.613358 84.941673 85.994957 87.281662 88.537369 89.764221 91.205002 92.408279 93.860741 95.073883 96.289101 97.258003 98.219780 99.174362 100.121918 101.062599 101.996536 102.924492 103.855568 105.027473 106.208092 107.633087 109.546951 150.639938 151.925186 -1.000000 -1.000000 -1.000000 -1.000000 -1.000000 -1.000000 -1.000000 -1.000000
-1.000000 -1.000000 -1.000000 -1.000000 -1.000000 -1.000000 -1.000000 -1.000000 -1.000000 -1.000000 -1.000000 -1.000000 -1.000000 -1.000000 -1.000000 -1.000000 -1.000000 -1.000000 -1.000000 138.366852 139.453445 140.548752 82.052040 82.568481 83.088890 84.141983 84.941673 85.994957 87.026871 88.288597 89.521057 90.726219 91.925903 92.891968 94.103172 95.316803 96.289101 97.499130 98.459091 99.411903 100.593109 101.763680 103.156708 104.557632 106.919533 146.375519 148.003555 149.860336 -1.000000 -1.000000 -1.000000 -1.000000 -1.000000 -1.000000 -1.000000 -1.000000 163.722961 -1.000000 -1.000000
-1.000000 -1.000000 -1.000000 -1.000000 -1.000000 -1.000000 -1.000000 -1.000000 -1.000000 -1.000000 -1.000000 -1.000000 -1.000000 -1.000000 -1.000000 -1.000000 -1.000000 -1.000000 -1.000000 142.483017 144.157715 146.649185 148.538986 85.207069 85.471069 85.733688 86.513512 87.281662 88.288597 89.276810 90.247322 91.444939 92.408279 93.618401 94.831062 96.046127 97.016411 98.219780 99.649010 101.062599 103.156708 143.598541 145.548828 147.464554 149.598267 151.925186 153.951843 155.681992 156.887115 158.317307 160.411407 162.852936 164.378143 165.255325 165.913956 -1.000000 -1.000000 -1.000000 -1.000000
-1.000000 -1.000000 -1.000000 -1.000000 -1.000000 -1.000000 -1.000000 -1.000000 -1.000000 -1.000000 -1.000000 -1.000000 -1.000000 -1.000000 -1.000000 -1.000000 -1.000000 -1.000000 -1.000000 202.683365 205.409775 204.062546 200.781448 197.914032 188.766647 89.031464 89.031464 89.521057 90.006302 90.965408 91.925903 92.891968 93.860741 95.073883 96.289101 97.739799 99.649010 196.661423 196.661423 197.422287 198.630554 201.498871 206.354996 212.658417 216.442795 219.596558 223.528732 227.716400 231.324295 234.819412 238.796524 -1.000000 -1.000000 -1.000000 -1.000000 -1.000000 -1.000000 -1.000000 -1.000000
-1.000000 -1.000000 -1.000000 -1.000000 -1.000000 -1.000000 -1.000000 -1.000000 -1.000000 -1.000000 -1.000000 -1.000000 -1.000000 187.937210 190.447693 -1.000000 -1.000000 -1.000000 -1.000000 206.842743 209.456863 209.456863 206.114960 202.916885 198.394394 193.896835 194.186218 196.661423 203.836365 205.642166 204.509628 202.448334 201.737000 202.211761 202.916885 203.836365 204.730606 206.114960 207.341293 209.456863 212.969147 216.128845 218.970230 222.339249 226.820297 -1.000000 -1.000000 -1.000000 -1.000000 -1.000000 -1.000000 -1.000000 -1.000000 -1.000000 -1.000000 -1.000000 -1.000000 -1.000000 -1.000000
-1.000000 -1.000000 -1.000000 -1.000000 -1.000000 -1.000000 -1.000000 -1.000000 -1.000000 -1.000000 -1.000000 -1.000000 -1.000000 191.872116 195.323196 200.300613 204.062546 206.842743 209.182205 211.743622 214.231827 216.442795 219.596558 209.182205 203.608627 201.260239 205.642166 214.865540 215.182144 213.597565 212.658417 212.658417 212.658417 212.658417 213.282181 214.231827 216.128845 218.655075 -1.000000 -1.000000 -1.000000 -1.000000 -1.000000 -1.000000 -1.000000 -1.000000 -1.000000 -1.000000 -1.000000 -1.000000 -1.000000 -1.000000 -1.000000 -1.000000 -1.000000 -1.000000 -1.000000 -1.000000 -1.000000
-1.000000 -1.000000 -1.000000 -1.000000 -1.000000 -1.000000 -1.000000 -1.000000 -1.000000 -1.000000 -1.000000 -1.000000 -1.000000 209.733673 209.733673 210.577652 211.743622 213.597565 215.813797 218.021011 220.216614 222.933670 225.922562 227.716400 210.863663 210.863663 216.754868 221.438324 225.323151 225.622955 224.723495 224.125336 224.723495 -1.000000 -1.000000 -1.000000 -1.000000 -1.000000 -1.000000 -1.000000 -1.000000 -1.000000 -1.000000 -1.000000 -1.000000 -1.000000 -1.000000 -1.000000 -1.000000 -1.000000 -1.000000 -1.000000 -1.000000 -1.000000 -1.000000 -1.000000 -1.000000 -1.000000 -1.000000
-1.000000 -1.000000 -1.000000 -1.000000 -1.000000 -1.000000 -1.000000 -1.000000 -1.000000 -1.000000 -1.000000 -1.000000 -1.000000 234.535873 232.216293 230.419907 228.909134 227.119186 226.221985 226.221985 227.119186 228.610886 230.115616 231.622971 228.312897 221.438324 223.528732 227.417877 233.096405 -1.000000 -1.000000 -1.000000 -1.000000 -1.000000 -1.000000 -1.000000 -1.000000 -1.000000 -1.000000 -1.000000 -1.000000 -1.000000 -1.000000 -1.000000 -1.000000 -1.000000 -1.000000 -1.000000 -1.000000 -1.000000 -1.000000 -1.000000 -1.000000 -1.000000 -1.000000 -1.000000 -1.000000 -1.000000 -1.000000
-1.000000 -1.000000 -1.000000 -1.000000 -1.000000 -1.000000 -1.000000 -1.000000 -1.000000 -1.000000 -1.000000 -1.000000 -1.000000 239.931824 236.523209 235.386856 234.535873 233.964569 233.096405 232.804321 232.804321 233.387207 234.250977 235.670746 237.376144 234.535873 235.103073 239.364288 -1.000000 -1.000000 -1.000000 -1.000000 -1.000000 -1.000000 -1.000000 -1.000000 -1.000000 -1.000000 -1.000000 -1.000000 -1.000000 -1.000000 -1.000000 -1.000000 -1.000000 -1.000000 -1.000000 -1.000000 -1.000000 -1.000000 -1.000000 -1.000000 -1.000000 -1.000000 -1.000000 -1.000000 -1.000000 -1.000000 -1.000000
-1.000000 -1.000000 -1.000000 -1.000000 -1.000000 -1.000000 -1.000000 -1.000000 -1.000000 -1.000000 -1.000000 -1.000000 -1.000000 -1.000000 -1.000000 239.931824 239.080444 238.228546 237.376144 237.376144 237.660324 238.228546 239.364288 -1.000000 -1.000000 -1.000000 -1.000000 -1.000000 -1.000000 -1.000000 -1.000000 -1.000000 -1.000000 -1.000000 -1.000000 -1.000000 -1.000000 -1.000000 -1.000000 -1.000000 -1.000000 -1.000000 -1.000000 -1.000000 -1.000000 -1.000000 -1.000000 -1.000000 -1.000000 -1.000000 -1.000000 -1.000000 -1.000000 -1.000000 -1.000000 -1.000000 -1.000000 -1.000000 -1.000000
-1.000000 -1.000000 -1.000000 -1.000000 -1.000000 -1.000000 -1.000000 -1.000000 -1.000000 -1.000000 -1.000000 -1.000000 -1.000000 -1.000000 -1.000000 -1.000000 -1.000000 -1.000000 -1.000000 -1.000000 -1.000000 -1.000000 -1.000000 -1.000000 -1.000000 -1.000000 -1.000000 -1.000000 -1.000000 -1.000000 -1.000000 -1.000000 -1.000000 -1.000000 -1.000000 -1.000000 -1.000000 -1.000000 -1.000000 -1.000000 -1.000000 -1.000000 -1.000000 -1.000000 -1.000000 -1.000000 -1.000000 -1.000000 -1.000000 -1.000000 -1.000000 -1.000000 -1.000000 -1.000000 -1.000000 -1.000000 -1.000000 -1.000000 -1.000000
-1.000000 -1.000000 -1.000000 -1.000000 -1.000000 -1.000000 -1.000000 -1.000000 -1.000000 -1.000000 -1.000000 -1.000000 -1.000000 -1.000000 -1.000000 -1.000000 -1.000000 -1.000000 -1.000000 -1.000000 -1.000000 -1.000000 -1.000000 -1.000000 -1.000000 -1.000000 -1.000000 -1.000000 -1.000000 -1.000000 -1.000000 -1.000000 -1.000000 -1.000000 -1.000000 -1.000000 -1.000000 -1.000000 -1.000000 -1.000000 -1.000000 -1.000000 -1.000000 -1.000000 -1.000000 -1.000000 -1.000000 -1.000000 -1.000000 -1.000000 -1.000000 -1.000000 -1.000000 -1.000000 -1.000000 -1.000000 -1.000000 -1.000000 -1.000000
-1.000000 -1.000000 -1.000000 -1.000000 -1.000000 -1.000000 -1.000000 -1.000000 -1.000000 -1.000000 -1.000000 -1.000000 -1.000000 -1.000000 -1.000000 -1.000000 -1.000000 -1.000000 -1.000000 -1.000000 -1.000000 -1.000000 -1.000000 -1.000000 -1.000000 -1.000000 -1.000000 -1.000000 -1.000000 -1.000000 -1.000000 -1.000000 -1.000000 -1.000000 -1.000000 -1.000000 -1.000000 -1.000000 -1.000000 -1.000000 -1.000000 -1.000000 -1.000000 -1.000000 -1.000000 -1.000000 -1.000000 -1.000000 -1.000000 -1.000000 -1.000000 -1.000000 -1.000000 -1.000000 -1.000000 -1.000000 -1.000000 -1.000000 -1.000000
-1.000000 -1.000000 -1.000000 -1.000000 -1.000000 -1.000000 -1.000000 -1.000000 -1.000000 -1.000000 -1.000000 -1.000000 -1.000000 -1.000000 -1.000000 -1.000000 -1.000000 -1.000000 -1.000000 -1.000000 -1.000000 -1.000000 -1.000000 -1.000000 -1.000000 -1.000000 -1.000000 -1.000000 -1.000000 -1.000000 -1.000000 -1.000000 -1.000000 -1.000000 -1.000000 -1.000000 -1.000000 -1.000000 -1.000000 -1.000000 -1.000000 -1.000000 -1.000000 -1.000000 -1.000000 -1.000000 -1.000000 -1.000000 -1.000000 -1.000000 -1.000000 -1.000000 -1.000000 -1.000000 -1.000000 -1.000000 -1.000000 -1.000000 -1.000000
-1.000000 -1.000000 -1.000000 -1.000000 -1.000000 -1.000000 -1.000000 -1.000000 -1.000000 -1.000000 -1.000000 -1.000000 -1.000000 -1.000000 -1.000000 -1.000000 -1.000000 -1.000000 -1.000000 -1.000000 -1.000000 -1.000000 -1.000000 -1.000000 -1.000000 -1.000000 -1.000000 -1.000000 -1.000000 -1.000000 -1.000000 -1.000000 -1.000000 -1.000000 -1.000000 -1.000000 -1.000000 -1.000000 -1.000000 -1.000000 -1.000000 -1.000000 -1.000000 -1.000000 -1.000000 -1.000000 -1.000000 -1.000000 -1.000000 -1.000000 -1.000000 -1.000000 -1.000000 -1.000000 -1.000000 -1.000000 -1.000000 -1.000000 -1.000000
