tests/test_04/output4/CloudArrivalTime.dat
NCOLS   360
NROWS    60
XLLCORNER           0.000
YLLCORNER           0.000
CELLSIZE           1.000          1.000
NODATA_VALUE -1.000
[rows 26 to 51 of 60, columns 0 to 58 of 360]
125.812180 126.816353 128.093018 129.409775 130.219894 131.317261 132.130310 132.929016 133.730225 134.538864 135.355194 136.179413 137.003738 137.823196 138.637894 139.453445 140.274246 141.099106 141.928055 142.761185 143.598541 144.157715 144.993958 145.825363 146.649185 147.734497 148.538986 149.335098 150.121307 150.897873 151.669022 152.435852 153.449173 154.451111 155.681992 144.436829 144.993958 146.100922 147.464554 148.805374 150.381195 151.925186 153.700867 156.166916 172.559647 174.764069 176.567307 178.008896 179.019409 180.324600 181.883728 186.302872 187.388229 188.212891 188.766647 189.044754 189.603424 189.884003 190.447693
127.322441 128.093018 128.614716 129.409775 129.948166 130.768463 131.589813 132.130310 132.929016 133.730225 134.268478 135.082230 135.903793 136.454742 137.277435 137.823196 138.637894 139.453445 140.274246 141.099106 141.928055 142.761185 143.598541 144.436829 144.993958 146.100922 146.921906 147.734497 148.805374 149.860336 150.897873 151.925186 153.196823 154.451111 155.681992 156.887115 158.317307 159.722275 161.090546 162.636063 164.378143 166.133347 168.318909 170.518829 172.784042 174.330444 175.649796 176.801880 178.257614 179.804474 183.530182 184.928696 185.756546 186.573517 187.114914 187.388229 187.937210 188.489365 -1.000000
126.063629 126.816353 127.577751 128.353043 128.878036 129.678131 130.493362 131.043488 131.860992 132.663559 133.195267 133.998932 134.810120 135.355194 136.179413 137.003738 137.550583 138.366852 139.180817 140.000198 140.823700 141.651276 142.483017 143.318954 144.436829 145.271683 146.375519 147.193695 148.271713 149.598267 150.639938 151.925186 153.196823 154.201935 155.681992 156.887115 158.317307 159.953033 161.314682 162.852936 164.597046 166.352676 168.318909 170.294861 172.108215 173.452057 174.764069 176.104507 177.762726 180.324600 182.421921 183.248932 184.092468 184.928696 185.481506 186.030548 186.573517 -1.000000 -1.000000
125.308289 126.063629 126.816353 127.577751 128.093018 128.878036 129.678131 130.219894 131.043488 131.860992 132.397827 133.195267 133.998932 134.538864 135.355194 135.903793 136.729507 137.550583 138.366852 139.180817 140.000198 140.823700 141.928055 142.761185 143.598541 144.715637 145.825363 146.921906 148.003555 149.070816 150.381195 151.669022 152.943832 154.201935 155.437927 156.887115 158.317307 159.722275 161.314682 162.852936 164.378143 166.133347 167.883514 169.628571 171.196503 172.559647 174.112320 175.649796 177.762726 179.540665 180.836395 181.618347 182.694885 183.248932 184.092468 -1.000000 -1.000000 -1.000000 -1.000000
124.042747 124.803078 125.560402 126.314751 127.068649 127.577751 128.353043 129.143051 129.948166 130.768463 131.589813 132.130310 132.929016 133.462326 134.268478 135.082230 135.903793 136.729507 137.277435 138.366852 139.180817 140.000198 141.099106 141.928055 143.039825 143.878281 144.993958 146.100922 147.193695 148.538986 149.598267 150.897873 152.180862 153.449173 154.946548 156.407822 157.604111 159.257507 160.638916 162.200302 163.941101 165.474945 167.228745 168.970444 170.294861 172.108215 173.673035 175.202911 176.801880 178.008896 179.019409 180.065765 181.094727 181.883728 -1.000000 -1.000000 -1.000000 -1.000000 -1.000000
122.515167 123.279373 124.296532 125.055847 125.812180 126.565536 127.322441 128.093018 128.878036 129.678131 130.493362 131.317261 132.130310 132.663559 133.462326 134.268478 135.082230 135.629044 136.454742 137.277435 138.366852 139.180817 140.274246 141.099106 142.205307 143.039825 144.157715 145.271683 146.375519 147.464554 148.538986 149.860336 151.155365 152.690170 153.951843 155.437927 156.887115 158.553558 160.182755 161.759720 163.287445 165.035645 166.571930 168.101334 169.628571 171.424347 172.784042 174.330444 175.649796 176.567307 177.518997 178.508957 179.540665 180.836395 -1.000000 -1.000000 -1.000000 -1.000000 -1.000000
121.503853 122.261497 123.279373 124.042747 124.803078 125.812180 126.565536 127.322441 128.093018 129.143051 129.948166 130.493362 131.317261 132.130310 -1.000000 -1.000000 -1.000000 -1.000000 -1.000000 -1.000000 -1.000000 138.366852 139.453445 140.274246 141.374954 142.205307 143.318954 144.157715 145.271683 146.375519 147.464554 148.805374 150.121307 151.412415 152.943832 154.451111 156.166916 157.842407 159.490433 161.090546 162.636063 164.159485 165.694473 167.228745 168.752823 170.294861 171.881165 173.230225 174.330444 175.425354 176.334869 177.518997 178.762878 -1.000000 -1.000000 -1.000000 -1.000000 -1.000000 -1.000000
120.751183 121.755836 122.515167 123.534172 124.296532 125.055847 125.812180 126.816353 127.577751 -1.000000 -1.000000 -1.000000 -1.000000 -1.000000 -1.000000 -1.000000 -1.000000 -1.000000 -1.000000 -1.000000 -1.000000 -1.000000 138.637894 139.726593 140.548752 141.651276 142.483017 143.598541 144.715637 145.825363 146.921906 148.003555 149.335098 150.639938 151.925186 153.449173 154.946548 156.647690 158.317307 159.953033 161.537735 163.287445 164.816223 166.352676 167.883514 169.408295 170.743744 172.108215 173.230225 174.330444 175.425354 176.567307 178.257614 -1.000000 -1.000000 -1.000000 -1.000000 -1.000000 -1.000000
120.000000 121.001518 121.755836 122.769409 123.534172 -1.000000 -1.000000 -1.000000 -1.000000 -1.000000 -1.000000 -1.000000 -1.000000 -1.000000 -1.000000 -1.000000 -1.000000 -1.000000 -1.000000 -1.000000 -1.000000 -1.000000 138.095291 138.908966 140.000198 140.823700 141.928055 142.761185 143.878281 144.993958 146.100922 147.193695 148.538986 149.598267 150.897873 152.435852 153.951843 155.437927 157.126373 159.023651 160.638916 162.200302 163.941101 165.474945 167.010040 168.536087 169.849747 170.969635 172.334381 173.452057 174.764069 176.334869 -1.000000 -1.000000 -1.000000 -1.000000 -1.000000 -1.000000 -1.000000
119.957710 -1.000000 -1.000000 -1.000000 -1.000000 -1.000000 -1.000000 -1.000000 -1.000000 -1.000000 -1.000000 -1.000000 -1.000000 -1.000000 -1.000000 -1.000000 -1.000000 -1.000000 -1.000000 -1.000000 -1.000000 -1.000000 -1.000000 138.908966 140.000198 140.823700 141.651276 142.761185 143.598541 144.436829 145.548828 146.649185 147.734497 149.070816 150.381195 151.669022 152.943832 154.451111 156.166916 157.842407 159.722275 161.314682 163.070068 164.816223 166.133347 167.665497 168.970444 170.294861 171.653214 173.007553 174.547562 176.567307 -1.000000 -1.000000 -1.000000 -1.000000 -1.000000 -1.000000 -1.000000
-1.000000 -1.000000 -1.000000 -1.000000 -1.000000 -1.000000 -1.000000 -1.000000 -1.000000 -1.000000 -1.000000 -1.000000 -1.000000 -1.000000 -1.000000 -1.000000 -1.000000 -1.000000 -1.000000 -1.000000 -1.000000 -1.000000 -1.000000 139.726593 140.548752 141.374954 141.928055 142.761185 143.598541 144.715637 145.548828 146.649185 147.734497 148.805374 149.860336 151.155365 152.435852 153.700867 155.192795 157.126373 158.789001 160.638916 162.200302 163.941101 165.474945 166.791107 168.318909 169.849747 171.424347 173.007553 175.649796 -1.000000 -1.000000 -1.000000 -1.000000 -1.000000 -1.000000 -1.000000 -1.000000
-1.000000 -1.000000 -1.000000 -1.000000 -1.000000 -1.000000 -1.000000 -1.000000 -1.000000 -1.000000 -1.000000 -1.000000 -1.000000 -1.000000 -1.000000 -1.000000 -1.000000 -1.000000 -1.000000 -1.000000 -1.000000 -1.000000 -1.000000 141.651276 142.205307 142.761185 143.318954 143.878281 144.436829 145.271683 145.825363 146.649185 147.734497 148.538986 149.598267 150.639938 151.925186 153.196823 154.699310 156.166916 158.080246 159.722275 161.537735 163.287445 164.816223 166.571930 168.101334 169.628571 171.653214 174.982498 -1.000000 -1.000000 -1.000000 -1.000000 -1.000000 -1.000000 -1.000000 -1.000000 -1.000000
-1.000000 -1.000000 -1.000000 -1.000000 -1.000000 -1.000000 -1.000000 -1.000000 -1.000000 -1.000000 -1.000000 -1.000000 -1.000000 -1.000000 -1.000000 -1.000000 -1.000000 -1.000000 -1.000000 203.608627 204.954117 175.425354 175.202911 175.425354 175.876175 176.567307 177.518997 178.508957 179.540665 180.581039 147.734497 148.003555 148.271713 149.070816 149.860336 150.897873 151.925186 153.196823 154.451111 155.924973 157.604111 159.257507 161.090546 162.852936 164.597046 166.352676 168.318909 170.518829 232.804321 239.080444 -1.000000 -1.000000 -1.000000 -1.000000 -1.000000 -1.000000 -1.000000 -1.000000 -1.000000
-1.000000 -1.000000 -1.000000 -1.000000 -1.000000 -1.000000 -1.000000 -1.000000 -1.000000 -1.000000 -1.000000 -1.000000 -1.000000 -1.000000 -1.000000 -1.000000 -1.000000 231.324295 208.111023 207.594849 207.851395 208.640030 209.456863 181.618347 180.324600 180.324600 180.581039 181.094727 181.883728 182.694885 183.811813 184.928696 186.030548 151.412415 151.412415 151.925186 152.435852 153.449173 154.451111 155.924973 157.365387 159.023651 160.865295 162.636063 164.597046 166.571930 168.970444 228.014740 235.670746 -1.000000 -1.000000 -1.000000 -1.000000 -1.000000 -1.000000 -1.000000 -1.000000 -1.000000 -1.000000
-1.000000 -1.000000 -1.000000 -1.000000 -1.000000 -1.000000 -1.000000 -1.000000 -1.000000 -1.000000 -1.000000 -1.000000 -1.000000 -1.000000 -1.000000 -1.000000 -1.000000 238.228546 233.676666 230.419907 213.597565 212.349945 212.044708 212.349945 212.969147 198.155594 185.205566 184.650894 184.650894 185.205566 186.030548 186.843246 187.937210 189.044754 190.165421 191.585464 154.699310 154.699310 155.437927 156.166916 157.604111 159.257507 160.865295 162.852936 165.035645 167.883514 224.125336 231.920303 -1.000000 -1.000000 -1.000000 -1.000000 -1.000000 -1.000000 -1.000000 -1.000000 -1.000000 -1.000000 -1.000000
-1.000000 -1.000000 -1.000000 -1.000000 -1.000000 -1.000000 -1.000000 -1.000000 -1.000000 -1.000000 -1.000000 -1.000000 -1.000000 -1.000000 -1.000000 -1.000000 -1.000000 -1.000000 239.648087 235.954773 228.909134 217.385056 215.182144 215.182144 215.182144 215.498215 204.509628 193.027206 189.603424 188.766647 188.766647 189.044754 189.603424 190.730835 191.872116 193.317078 194.761887 196.661423 157.365387 157.604111 158.553558 159.953033 161.759720 164.159485 167.447235 222.040375 225.922562 235.954773 -1.000000 -1.000000 -1.000000 -1.000000 -1.000000 -1.000000 -1.000000 -1.000000 -1.000000 -1.000000 -1.000000
-1.000000 -1.000000 -1.000000 -1.000000 -1.000000 -1.000000 -1.000000 -1.000000 -1.000000 -1.000000 -1.000000 -1.000000 -1.000000 -1.000000 -1.000000 -1.000000 -1.000000 -1.000000 -1.000000 239.080444 233.676666 226.521240 219.907364 218.021011 217.702393 217.385056 215.498215 207.594849 197.422287 193.896835 192.159653 191.872116 192.159653 192.448120 193.607117 194.761887 196.401123 197.914032 199.578537 201.498871 161.980621 163.287445 208.640030 213.597565 219.596558 223.528732 230.722778 -1.000000 -1.000000 -1.000000 -1.000000 -1.000000 -1.000000 -1.000000 -1.000000 -1.000000 -1.000000 -1.000000 -1.000000
-1.000000 -1.000000 -1.000000 -1.000000 -1.000000 -1.000000 -1.000000 -1.000000 -1.000000 -1.000000 -1.000000 -1.000000 -1.000000 -1.000000 -1.000000 -1.000000 -1.000000 -1.000000 -1.000000 -1.000000 235.954773 230.722778 227.119186 222.636734 220.830475 220.524307 219.284164 214.548767 210.012726 205.642166 197.669632 195.323196 195.044464 195.044464 195.598206 196.661423 197.914032 199.339844 201.021103 202.916885 205.180466 207.851395 211.743622 218.021011 222.636734 227.716400 237.660324 -1.000000 -1.000000 -1.000000 -1.000000 -1.000000 -1.000000 -1.000000 -1.000000 -1.000000 -1.000000 -1.000000 -1.000000
-1.000000 -1.000000 -1.000000 -1.000000 -1.000000 -1.000000 -1.000000 -1.000000 -1.000000 -1.000000 -1.000000 -1.000000 -1.000000 -1.000000 -1.000000 -1.000000 -1.000000 -1.000000 -1.000000 -1.000000 237.660324 234.250977 231.324295 228.909134 225.023163 223.528732 222.636734 219.907364 215.498215 211.743622 208.640030 201.021103 198.394394 197.914032 197.914032 198.630554 199.578537 201.021103 202.683365 204.730606 207.341293 210.863663 216.128845 221.740067 226.521240 235.386856 -1.000000 -1.000000 -1.000000 -1.000000 -1.000000 -1.000000 -1.000000 -1.000000 -1.000000 -1.000000 -1.000000 -1.000000 -1.000000
-1.000000 -1.000000 -1.000000 -1.000000 -1.000000 -1.000000 -1.000000 -1.000000 -1.000000 -1.000000 -1.000000 -1.000000 -1.000000 -1.000000 -1.000000 -1.000000 -1.000000 -1.000000 -1.000000 -1.000000 -1.000000 238.228546 235.954773 233.676666 229.811935 227.119186 225.922562 224.723495 220.830475 216.442795 213.597565 210.863663 203.836365 201.260239 200.781448 201.021103 201.737000 202.916885 204.730606 207.090637 210.294022 215.182144 221.438324 227.119186 -1.000000 -1.000000 -1.000000 -1.000000 -1.000000 -1.000000 -1.000000 -1.000000 -1.000000 -1.000000 -1.000000 -1.000000 -1.000000 -1.000000 -1.000000
-1.000000 -1.000000 -1.000000 -1.000000 -1.000000 -1.000000 -1.000000 -1.000000 -1.000000 -1.000000 -1.000000 -1.000000 -1.000000 -1.000000 -1.000000 -1.000000 -1.000000 -1.000000 -1.000000 -1.000000 -1.000000 -1.000000 -1.000000 238.512573 234.819412 230.722778 229.208710 228.312897 226.820297 222.040375 218.021011 215.498215 211.153244 205.642166 203.836365 203.608627 204.062546 205.180466 207.090637 210.012726 215.498215 222.339249 229.208710 -1.000000 -1.000000 -1.000000 -1.000000 -1.000000 -1.000000 -1.000000 -1.000000 -1.000000 -1.000000 -1.000000 -1.000000 -1.000000 -1.000000 -1.000000 -1.000000
-1.000000 -1.000000 -1.000000 -1.000000 -1.000000 -1.000000 -1.000000 -1.000000 -1.000000 -1.000000 -1.000000 -1.000000 -1.000000 -1.000000 -1.000000 -1.000000 -1.000000 -1.000000 -1.000000 -1.000000 -1.000000 -1.000000 -1.000000 -1.000000 239.648087 235.954773 233.096405 231.920303 230.722778 228.014740 223.826843 220.216614 217.068954 210.863663 207.341293 206.354996 206.597565 207.851395 210.294022 215.813797 223.231003 -1.000000 -1.000000 -1.000000 -1.000000 -1.000000 -1.000000 -1.000000 -1.000000 -1.000000 -1.000000 -1.000000 -1.000000 -1.000000 -1.000000 -1.000000 -1.000000 -1.000000 -1.000000
-1.000000 -1.000000 -1.000000 -1.000000 -1.000000 -1.000000 -1.000000 -1.000000 -1.000000 -1.000000 -1.000000 -1.000000 -1.000000 -1.000000 -1.000000 -1.000000 -1.000000 -1.000000 -1.000000 -1.000000 -1.000000 -1.000000 -1.000000 -1.000000 -1.000000 -1.000000 239.080444 236.807587 235.386856 233.096405 229.208710 225.922562 223.231003 216.442795 210.863663 209.456863 210.012726 211.446518 216.128845 223.528732 -1.000000 -1.000000 -1.000000 -1.000000 -1.000000 -1.000000 -1.000000 -1.000000 -1.000000 -1.000000 -1.000000 -1.000000 -1.000000 -1.000000 -1.000000 -1.000000 -1.000000 -1.000000 -1.000000
-1.000000 -1.000000 -1.000000 -1.000000 -1.000000 -1.000000 -1.000000 -1.000000 -1.000000 -1.000000 -1.000000 -1.000000 -1.000000 -1.000000 -1.000000 -1.000000 -1.000000 -1.000000 -1.000000 -1.000000 -1.000000 -1.000000 -1.000000 -1.000000 -1.000000 -1.000000 -1.000000 -1.000000 -1.000000 238.512573 235.103073 231.622971 230.419907 234.250977 -1.000000 212.969147 213.914764 217.385056 223.528732 -1.000000 -1.000000 -1.000000 -1.000000 -1.000000 -1.000000 -1.000000 -1.000000 -1.000000 -1.000000 -1.000000 -1.000000 -1.000000 -1.000000 -1.000000 -1.000000 -1.000000 -1.000000 -1.000000 -1.000000
-1.000000 -1.000000 -1.000000 -1.000000 -1.000000 -1.000000 -1.000000 -1.000000 -1.000000 -1.000000 -1.000000 -1.000000 -1.000000 -1.000000 -1.000000 -1.000000 -1.000000 -1.000000 -1.000000 -1.000000 -1.000000 -1.000000 -1.000000 -1.000000 -1.000000 -1.000000 -1.000000 -1.000000 -1.000000 -1.000000 -1.000000 -1.000000 -1.000000 -1.000000 -1.000000 216.754868 218.970230 223.528732 -1.000000 -1.000000 -1.000000 -1.000000 -1.000000 -1.000000 -1.000000 -1.000000 -1.000000 -1.000000 -1.000000 -1.000000 -1.000000 -1.000000 -1.000000 -1.000000 -1.000000 -1.000000 -1.000000 -1.000000 -1.000000
-1.000000 -1.000000 -1.000000 -1.000000 -1.000000 -1.000000 -1.000000 -1.000000 -1.000000 -1.000000 -1.000000 -1.000000 -1.000000 -1.000000 -1.000000 -1.000000 -1.000000 -1.000000 -1.000000 -1.000000 -1.000000 -1.000000 -1.000000 -1.000000 -1.000000 -1.000000 -1.000000 -1.000000 -1.000000 -1.000000 -1.000000 -1.000000 -1.000000 -1.000000 222.040375 220.830475 224.125336 229.811935 -1.000000 -1.000000 -1.000000 -1.000000 -1.000000 -1.000000 -1.000000 -1.000000 -1.000000 -1.000000 -1.000000 -1.000000 -1.000000 -1.000000 -1.000000 -1.000000 -1.000000 -1.000000 -1.000000 -1.000000 -1.000000
