tests/test_04/output4/CloudConcentration_240.00hrs.dat
NCOLS   360
NROWS    60
XLLCORNER           0.000
YLLCORNER           0.000
CELLSIZE           1.000          1.000
NODATA_VALUE  0.000
[rows 0 to 33 of 60, columns 0 to 76 of 360]
0.000 0.000 0.000 0.000 0.000 0.000 0.000 0.000 0.054 0.066 0.068 0.078 0.079 0.000 0.000 0.000 0.000 0.000 0.000 0.000 0.055 0.062 0.078 0.100 0.106 0.099 0.079 0.077 0.000 0.000 0.000 0.000 0.000 0.000 0.000 0.000 0.000 0.000 0.000 0.000 0.000 0.000 0.000 0.000 0.000 0.000 0.000 0.000 0.000 0.000 0.000 0.000 0.000 0.000 0.000 0.000 0.000 0.000 0.000 0.000 0.000 0.077 0.099 0.162 0.225 0.232 0.207 0.129 0.000 0.000 0.000 0.000 0.000 0.000 0.000 0.000 0.000
0.000 0.000 0.000 0.000 0.000 0.000 0.000 0.000 0.064 0.067 0.065 0.075 0.000 0.000 0.000 0.000 0.000 0.000 0.000 0.000 0.048 0.052 0.067 0.084 0.099 0.120 0.129 0.123 0.163 0.165 0.157 0.134 0.109 0.000 0.000 0.000 0.000 0.000 0.000 0.000 0.000 0.000 0.000 0.000 0.000 0.000 0.000 0.000 0.000 0.000 0.000 0.000 0.000 0.000 0.000 0.000 0.000 0.000 0.000 0.000 0.089 0.118 0.163 0.208 0.258 0.283 0.282 0.262 0.173 0.000 0.000 0.000 0.000 0.000 0.000 0.000 0.000
0.000 0.000 0.000 0.000 0.000 0.000 0.000 0.048 0.073 0.070 0.061 0.074 0.000 0.000 0.000 0.000 0.000 0.000 0.000 0.000 0.000 0.043 0.054 0.072 0.093 0.105 0.124 0.146 0.152 0.173 0.179 0.178 0.176 0.168 0.159 0.150 0.142 0.133 0.122 0.106 0.000 0.000 0.000 0.000 0.000 0.000 0.000 0.000 0.000 0.000 0.000 0.000 0.000 0.000 0.000 0.000 0.000 0.000 0.075 0.113 0.161 0.203 0.235 0.260 0.284 0.299 0.300 0.297 0.270 0.155 0.000 0.000 0.000 0.000 0.000 0.000 0.000
0.000 0.000 0.000 0.000 0.000 0.000 0.000 0.052 0.080 0.072 0.055 0.000 0.000 0.000 0.000 0.000 0.000 0.000 0.000 0.000 0.000 0.000 0.043 0.047 0.061 0.093 0.119 0.120 0.135 0.152 0.169 0.168 0.162 0.155 0.145 0.134 0.127 0.121 0.114 0.103 0.083 0.057 0.000 0.000 0.000 0.000 0.000 0.000 0.000 0.000 0.000 0.000 0.000 0.000 0.000 0.000 0.059 0.107 0.157 0.199 0.226 0.243 0.256 0.272 0.288 0.300 0.301 0.299 0.286 0.216 0.079 0.000 0.000 0.000 0.000 0.000 0.000
0.000 0.000 0.000 0.000 0.000 0.000 0.000 0.066 0.088 0.073 0.000 0.000 0.000 0.000 0.000 0.000 0.000 0.000 0.000 0.000 0.000 0.000 0.000 0.000 0.000 0.048 0.065 0.101 0.130 0.133 0.129 0.149 0.164 0.173 0.180 0.177 0.171 0.159 0.148 0.140 0.136 0.138 0.145 0.150 0.146 0.120 0.000 0.000 0.000 0.000 0.000 0.000 0.000 0.000 0.051 0.094 0.140 0.183 0.216 0.232 0.240 0.247 0.253 0.263 0.277 0.294 0.304 0.304 0.297 0.253 0.121 0.000 0.000 0.000 0.000 0.000 0.000
0.000 0.000 0.000 0.000 0.000 0.000 0.000 0.081 0.097 0.075 0.000 0.000 0.063 0.058 0.051 0.057 0.073 0.079 0.071 0.067 0.049 0.000 0.000 0.000 0.000 0.000 0.000 0.047 0.072 0.109 0.128 0.127 0.125 0.130 0.156 0.172 0.183 0.190 0.196 0.196 0.195 0.194 0.188 0.170 0.111 0.000 0.000 0.000 0.000 0.000 0.000 0.000 0.000 0.068 0.106 0.146 0.184 0.215 0.233 0.237 0.238 0.239 0.240 0.243 0.253 0.273 0.295 0.300 0.294 0.254 0.144 0.064 0.000 0.000 0.000 0.000 0.000
0.000 0.000 0.000 0.000 0.000 0.000 0.000 0.099 0.109 0.081 0.000 0.000 0.000 0.056 0.083 0.102 0.128 0.146 0.147 0.153 0.145 0.121 0.096 0.051 0.000 0.000 0.000 0.000 0.000 0.049 0.079 0.111 0.122 0.120 0.115 0.120 0.155 0.184 0.196 0.196 0.194 0.190 0.173 0.106 0.000 0.000 0.000 0.000 0.000 0.000 0.000 0.000 0.055 0.099 0.130 0.163 0.203 0.227 0.237 0.237 0.238 0.238 0.238 0.240 0.248 0.264 0.281 0.285 0.279 0.237 0.141 0.072 0.070 0.000 0.000 0.000 0.000
0.000 0.000 0.000 0.000 0.000 0.000 0.000 0.118 0.125 0.098 0.000 0.063 0.062 0.089 0.131 0.156 0.188 0.218 0.224 0.236 0.237 0.220 0.202 0.164 0.113 0.000 0.000 0.000 0.000 0.000 0.000 0.056 0.087 0.106 0.105 0.099 0.109 0.164 0.191 0.191 0.186 0.163 0.000 0.000 0.000 0.000 0.000 0.000 0.000 0.000 0.000 0.038 0.091 0.130 0.132 0.168 0.214 0.235 0.242 0.241 0.241 0.241 0.240 0.242 0.248 0.260 0.271 0.270 0.256 0.203 0.129 0.079 0.078 0.064 0.000 0.000 0.000
0.000 0.000 0.000 0.000 0.000 0.000 0.065 0.138 0.146 0.123 0.091 0.097 0.103 0.134 0.183 0.214 0.235 0.252 0.258 0.269 0.282 0.289 0.283 0.264 0.226 0.173 0.106 0.000 0.000 0.000 0.000 0.000 0.000 0.053 0.069 0.070 0.076 0.127 0.167 0.167 0.152 0.000 0.000 0.000 0.000 0.000 0.000 0.000 0.000 0.000 0.000 0.062 0.114 0.132 0.128 0.168 0.227 0.243 0.246 0.287 0.310 0.305 0.281 0.243 0.248 0.255 0.260 0.257 0.236 0.182 0.129 0.087 0.085 0.081 0.069 0.000 0.000
0.000 0.000 0.000 0.000 0.000 0.000 0.075 0.149 0.171 0.158 0.137 0.149 0.163 0.191 0.228 0.243 0.247 0.255 0.261 0.269 0.285 0.305 0.330 0.323 0.301 0.269 0.222 0.150 0.000 0.000 0.000 0.000 0.000 0.000 0.000 0.055 0.064 0.095 0.124 0.122 0.000 0.000 0.000 0.000 0.000 0.000 0.000 0.000 0.000 0.000 0.000 0.076 0.120 0.122 0.114 0.168 0.233 0.245 0.313 0.334 0.345 0.356 0.349 0.310 0.255 0.263 0.263 0.257 0.227 0.181 0.142 0.119 0.105 0.106 0.099 0.061 0.000
0.000 0.000 0.000 0.000 0.000 0.000 0.078 0.151 0.189 0.199 0.196 0.211 0.229 0.239 0.245 0.249 0.241 0.213 0.192 0.187 0.204 0.269 0.345 0.376 0.365 0.334 0.294 0.251 0.187 0.104 0.000 0.000 0.000 0.000 0.000 0.000 0.000 0.076 0.083 0.000 0.000 0.000 0.000 0.000 0.000 0.000 0.000 0.000 0.000 0.000 0.036 0.085 0.115 0.114 0.101 0.170 0.234 0.299 0.337 0.340 0.347 0.374 0.388 0.377 0.338 0.269 0.287 0.275 0.239 0.197 0.171 0.159 0.145 0.125 0.122 0.097 0.000
0.000 0.000 0.000 0.000 0.000 0.000 0.000 0.133 0.187 0.213 0.221 0.233 0.248 0.248 0.237 0.205 0.150 0.096 0.080 0.083 0.087 0.156 0.305 0.423 0.429 0.414 0.368 0.313 0.269 0.215 0.133 0.000 0.000 0.000 0.000 0.000 0.000 0.066 0.066 0.000 0.000 0.000 0.000 0.000 0.000 0.000 0.000 0.000 0.000 0.000 0.048 0.092 0.110 0.107 0.086 0.178 0.231 0.337 0.343 0.340 0.346 0.379 0.410 0.429 0.445 0.443 0.414 0.350 0.287 0.250 0.219 0.206 0.197 0.178 0.129 0.122 0.077
0.000 0.000 0.000 0.000 0.000 0.000 0.000 0.066 0.125 0.180 0.209 0.214 0.208 0.185 0.137 0.088 0.066 0.000 0.000 0.076 0.089 0.100 0.266 0.435 0.477 0.475 0.454 0.391 0.323 0.268 0.225 0.152 0.000 0.000 0.000 0.000 0.000 0.000 0.000 0.000 0.000 0.000 0.000 0.000 0.000 0.000 0.000 0.000 0.000 0.000 0.058 0.098 0.104 0.096 0.099 0.193 0.266 0.351 0.347 0.336 0.347 0.403 0.456 0.485 0.509 0.531 0.565 0.577 0.535 0.443 0.317 0.247 0.243 0.236 0.214 0.152 0.108
0.000 0.000 0.000 0.000 0.000 0.000 0.000 0.000 0.000 0.080 0.086 0.085 0.082 0.075 0.066 0.000 0.000 0.000 0.000 0.000 0.090 0.105 0.266 0.449 0.502 0.501 0.496 0.467 0.391 0.318 0.262 0.220 0.145 0.000 0.000 0.000 0.000 0.000 0.000 0.000 0.000 0.000 0.000 0.000 0.000 0.000 0.000 0.000 0.000 0.046 0.077 0.103 0.100 0.082 0.137 0.216 0.317 0.363 0.348 0.303 0.290 0.313 0.382 0.438 0.476 0.504 0.546 0.587 0.616 0.615 0.562 0.431 0.283 0.283 0.279 0.253 0.181
0.000 0.000 0.000 0.000 0.000 0.000 0.000 0.000 0.000 0.000 0.000 0.000 0.000 0.000 0.000 0.000 0.000 0.000 0.000 0.000 0.097 0.134 0.330 0.482 0.510 0.511 0.508 0.495 0.452 0.380 0.310 0.260 0.213 0.130 0.000 0.000 0.000 0.000 0.000 0.000 0.000 0.000 0.000 0.000 0.000 0.000 0.000 0.000 0.000 0.047 0.094 0.101 0.093 0.092 0.179 0.226 0.370 0.386 0.355 0.301 0.249 0.266 0.275 0.290 0.321 0.351 0.391 0.476 0.553 0.609 0.631 0.612 0.507 0.329 0.330 0.328 0.303
0.000 0.000 0.000 0.000 0.000 0.000 0.000 0.000 0.000 0.000 0.000 0.000 0.000 0.000 0.000 0.000 0.000 0.000 0.000 0.085 0.109 0.250 0.392 0.484 0.483 0.471 0.473 0.484 0.472 0.416 0.351 0.290 0.247 0.179 0.088 0.000 0.000 0.000 0.000 0.000 0.000 0.000 0.000 0.000 0.000 0.000 0.000 0.000 0.043 0.081 0.101 0.098 0.079 0.142 0.215 0.269 0.422 0.415 0.365 0.303 0.255 0.260 0.285 0.287 0.291 0.292 0.287 0.278 0.373 0.476 0.608 0.618 0.602 0.478 0.353 0.345 0.340
0.000 0.000 0.000 0.000 0.000 0.000 0.000 0.000 0.000 0.000 0.000 0.000 0.000 0.000 0.000 0.000 0.000 0.000 0.074 0.106 0.163 0.304 0.400 0.382 0.318 0.245 0.247 0.285 0.375 0.413 0.388 0.322 0.270 0.220 0.126 0.000 0.000 0.000 0.000 0.000 0.000 0.000 0.000 0.000 0.000 0.000 0.000 0.042 0.064 0.101 0.101 0.093 0.121 0.196 0.234 0.363 0.470 0.450 0.373 0.299 0.246 0.222 0.237 0.255 0.276 0.294 0.294 0.287 0.340 0.389 0.486 0.610 0.602 0.543 0.356 0.346 0.344
0.000 0.000 0.000 0.000 0.000 0.000 0.000 0.000 0.000 0.000 0.000 0.000 0.000 0.000 0.000 0.000 0.000 0.000 0.095 0.113 0.214 0.327 0.316 0.268 0.142 0.000 0.067 0.083 0.147 0.291 0.362 0.348 0.300 0.253 0.153 0.044 0.000 0.000 0.000 0.000 0.000 0.000 0.000 0.000 0.000 0.000 0.044 0.057 0.094 0.105 0.102 0.105 0.178 0.229 0.244 0.443 0.541 0.514 0.427 0.343 0.281 0.239 0.215 0.217 0.222 0.236 0.262 0.269 0.270 0.343 0.363 0.570 0.600 0.549 0.370 0.366 0.409
0.000 0.000 0.000 0.000 0.000 0.000 0.000 0.000 0.000 0.000 0.000 0.000 0.000 0.000 0.000 0.000 0.000 0.074 0.105 0.107 0.241 0.273 0.255 0.162 0.000 0.000 0.075 0.115 0.120 0.114 0.239 0.307 0.299 0.270 0.187 0.065 0.086 0.089 0.000 0.000 0.000 0.000 0.000 0.000 0.042 0.049 0.062 0.119 0.112 0.105 0.098 0.154 0.223 0.241 0.250 0.462 0.632 0.608 0.526 0.425 0.344 0.289 0.256 0.230 0.222 0.198 0.195 0.211 0.235 0.297 0.296 0.515 0.586 0.539 0.463 0.432 0.436
0.000 0.000 0.000 0.000 0.000 0.000 0.000 0.000 0.000 0.000 0.000 0.000 0.000 0.000 0.000 0.000 0.000 0.093 0.108 0.112 0.228 0.240 0.209 0.105 0.000 0.093 0.147 0.201 0.214 0.210 0.193 0.229 0.281 0.274 0.225 0.098 0.102 0.101 0.087 0.000 0.000 0.000 0.054 0.051 0.056 0.057 0.158 0.171 0.126 0.106 0.124 0.208 0.258 0.258 0.261 0.460 0.688 0.713 0.663 0.541 0.401 0.288 0.235 0.247 0.245 0.234 0.188 0.158 0.177 0.262 0.252 0.472 0.587 0.542 0.544 0.541 0.482
0.000 0.000 0.000 0.000 0.000 0.000 0.000 0.000 0.000 0.000 0.000 0.000 0.000 0.000 0.000 0.000 0.058 0.103 0.106 0.111 0.215 0.223 0.190 0.084 0.097 0.159 0.219 0.278 0.294 0.293 0.284 0.244 0.241 0.262 0.242 0.138 0.124 0.121 0.095 0.000 0.000 0.000 0.062 0.063 0.062 0.141 0.251 0.231 0.132 0.116 0.155 0.249 0.283 0.282 0.318 0.363 0.650 0.826 0.828 0.784 0.626 0.370 0.245 0.257 0.264 0.262 0.243 0.178 0.162 0.242 0.241 0.433 0.612 0.580 0.595 0.647 0.613
0.000 0.000 0.000 0.000 0.000 0.000 0.000 0.000 0.000 0.000 0.000 0.000 0.000 0.000 0.000 0.043 0.065 0.102 0.103 0.102 0.196 0.204 0.171 0.097 0.163 0.228 0.293 0.333 0.335 0.333 0.327 0.309 0.259 0.246 0.238 0.186 0.145 0.141 0.107 0.000 0.000 0.067 0.067 0.096 0.134 0.259 0.345 0.292 0.153 0.136 0.174 0.260 0.330 0.372 0.370 0.362 0.485 0.773 0.928 0.933 0.902 0.723 0.342 0.267 0.279 0.284 0.281 0.253 0.169 0.224 0.231 0.356 0.665 0.682 0.602 0.742 0.764
0.000 0.000 0.000 0.000 0.000 0.000 0.000 0.000 0.000 0.000 0.000 0.000 0.046 0.061 0.082 0.106 0.116 0.114 0.108 0.097 0.182 0.186 0.146 0.163 0.228 0.295 0.349 0.354 0.352 0.344 0.334 0.323 0.301 0.275 0.265 0.241 0.190 0.177 0.141 0.059 0.059 0.085 0.135 0.188 0.226 0.386 0.440 0.366 0.187 0.161 0.275 0.374 0.390 0.387 0.373 0.331 0.341 0.599 0.877 0.963 0.958 0.910 0.680 0.255 0.269 0.285 0.288 0.285 0.251 0.208 0.225 0.206 0.563 0.829 0.818 0.721 0.831
0.000 0.000 0.000 0.000 0.000 0.000 0.000 0.000 0.048 0.084 0.122 0.154 0.179 0.196 0.209 0.217 0.215 0.209 0.196 0.176 0.179 0.173 0.179 0.230 0.291 0.354 0.377 0.377 0.373 0.359 0.343 0.330 0.320 0.295 0.288 0.278 0.247 0.244 0.219 0.126 0.116 0.146 0.212 0.281 0.297 0.472 0.532 0.451 0.233 0.292 0.392 0.399 0.395 0.356 0.350 0.348 0.326 0.507 0.719 0.913 0.948 0.935 0.855 0.548 0.169 0.217 0.260 0.272 0.267 0.233 0.234 0.224 0.272 0.689 0.910 1.015 0.969
0.000 0.000 0.000 0.000 0.048 0.102 0.164 0.220 0.266 0.299 0.322 0.335 0.341 0.343 0.340 0.333 0.323 0.309 0.290 0.266 0.242 0.230 0.264 0.306 0.351 0.390 0.398 0.397 0.388 0.367 0.346 0.332 0.329 0.323 0.306 0.305 0.309 0.322 0.310 0.262 0.177 0.211 0.294 0.354 0.353 0.581 0.610 0.493 0.296 0.394 0.405 0.394 0.322 0.346 0.350 0.348 0.387 0.528 0.652 0.753 0.823 0.847 0.841 0.727 0.342 0.087 0.146 0.204 0.244 0.239 0.221 0.239 0.231 0.264 0.666 0.944 1.118
0.000 0.078 0.159 0.250 0.337 0.407 0.455 0.485 0.496 0.491 0.482 0.467 0.452 0.436 0.420 0.405 0.391 0.378 0.365 0.347 0.328 0.308 0.325 0.350 0.378 0.400 0.403 0.401 0.389 0.343 0.320 0.308 0.304 0.314 0.310 0.318 0.405 0.430 0.423 0.402 0.335 0.314 0.374 0.398 0.556 0.671 0.656 0.481 0.382 0.409 0.386 0.281 0.324 0.342 0.342 0.403 0.496 0.581 0.571 0.532 0.499 0.478 0.476 0.456 0.314 0.109 0.044 0.085 0.143 0.197 0.196 0.231 0.232 0.230 0.218 0.490 0.847
0.372 0.466 0.548 0.607 0.640 0.638 0.626 0.603 0.580 0.554 0.529 0.505 0.483 0.463 0.444 0.427 0.412 0.399 0.389 0.378 0.366 0.353 0.347 0.366 0.387 0.406 0.409 0.406 0.385 0.333 0.328 0.318 0.306 0.381 0.445 0.479 0.528 0.556 0.552 0.547 0.527 0.526 0.542 0.592 0.647 0.659 0.619 0.410 0.401 0.371 0.286 0.286 0.326 0.340 0.409 0.490 0.492 0.428 0.323 0.231 0.169 0.132 0.123 0.127 0.126 0.078 0.000 0.000 0.038 0.082 0.130 0.185 0.218 0.229 0.229 0.228 0.251
0.752 0.759 0.755 0.743 0.716 0.686 0.653 0.621 0.591 0.562 0.535 0.509 0.486 0.465 0.447 0.431 0.416 0.404 0.395 0.386 0.379 0.370 0.360 0.380 0.405 0.415 0.413 0.399 0.341 0.329 0.359 0.582 0.686 0.691 0.684 0.652 0.635 0.624 0.601 0.583 0.582 0.580 0.588 0.616 0.641 0.637 0.538 0.383 0.353 0.328 0.298 0.287 0.325 0.429 0.470 0.447 0.335 0.188 0.000 0.000 0.000 0.000 0.000 0.000 0.000 0.000 0.000 0.000 0.000 0.000 0.068 0.100 0.147 0.189 0.212 0.220 0.223
0.828 0.807 0.785 0.751 0.706 0.652 0.594 0.538 0.487 0.442 0.404 0.374 0.352 0.337 0.328 0.328 0.332 0.340 0.350 0.360 0.365 0.364 0.359 0.351 0.372 0.375 0.365 0.332 0.326 0.437 0.753 0.911 0.901 0.830 0.765 0.698 0.648 0.621 0.594 0.575 0.576 0.575 0.583 0.600 0.590 0.494 0.381 0.354 0.350 0.348 0.309 0.339 0.463 0.486 0.450 0.284 0.105 0.000 0.000 0.000 0.000 0.000 0.000 0.000 0.000 0.000 0.000 0.000 0.000 0.000 0.000 0.000 0.000 0.094 0.141 0.180 0.204
0.711 0.689 0.633 0.560 0.485 0.416 0.352 0.294 0.245 0.206 0.176 0.159 0.159 0.160 0.162 0.163 0.165 0.177 0.200 0.230 0.263 0.294 0.318 0.329 0.328 0.326 0.323 0.318 0.393 0.729 0.808 0.862 0.839 0.757 0.699 0.637 0.588 0.561 0.537 0.522 0.520 0.512 0.493 0.432 0.403 0.398 0.379 0.344 0.373 0.341 0.343 0.448 0.534 0.498 0.298 0.000 0.000 0.000 0.000 0.000 0.000 0.000 0.000 0.000 0.000 0.000 0.000 0.000 0.000 0.000 0.000 0.000 0.000 0.000 0.000 0.102 0.145
0.504 0.442 0.372 0.299 0.230 0.175 0.166 0.158 0.152 0.148 0.143 0.141 0.141 0.142 0.141 0.140 0.136 0.132 0.129 0.127 0.128 0.159 0.198 0.232 0.258 0.276 0.282 0.309 0.594 0.692 0.651 0.633 0.599 0.534 0.532 0.503 0.486 0.470 0.434 0.428 0.505 0.527 0.501 0.445 0.429 0.412 0.351 0.374 0.344 0.331 0.407 0.560 0.552 0.375 0.000 0.000 0.000 0.000 0.000 0.000 0.000 0.000 0.000 0.000 0.000 0.000 0.000 0.000 0.000 0.000 0.000 0.000 0.000 0.000 0.000 0.000 0.000
0.258 0.197 0.188 0.178 0.167 0.156 0.144 0.134 0.124 0.116 0.110 0.104 0.100 0.094 0.088 0.082 0.077 0.073 0.070 0.070 0.072 0.077 0.085 0.119 0.151 0.175 0.192 0.451 0.545 0.462 0.400 0.466 0.506 0.496 0.522 0.488 0.438 0.396 0.417 0.487 0.546 0.536 0.491 0.453 0.421 0.317 0.318 0.309 0.310 0.344 0.538 0.600 0.505 0.189 0.000 0.000 0.000 0.000 0.000 0.000 0.000 0.000 0.000 0.000 0.000 0.000 0.000 0.000 0.000 0.000 0.000 0.000 0.000 0.000 0.000 0.000 0.000
0.181 0.167 0.150 0.134 0.118 0.104 0.091 0.080 0.070 0.062 0.054 0.050 0.041 0.035 0.000 0.000 0.000 0.000 0.000 0.000 0.000 0.032 0.040 0.071 0.120 0.132 0.282 0.437 0.362 0.280 0.354 0.471 0.508 0.507 0.524 0.468 0.438 0.418 0.479 0.560 0.569 0.542 0.490 0.436 0.313 0.250 0.272 0.287 0.309 0.430 0.606 0.602 0.364 0.000 0.000 0.000 0.000 0.000 0.000 0.000 0.000 0.000 0.000 0.000 0.000 0.000 0.000 0.000 0.000 0.000 0.000 0.000 0.000 0.000 0.000 0.000 0.000
0.099 0.082 0.073 0.071 0.067 0.061 0.049 0.037 0.028 0.000 0.000 0.000 0.000 0.000 0.000 0.000 0.000 0.000 0.000 0.000 0.000 0.000 0.039 0.110 0.156 0.171 0.333 0.321 0.203 0.278 0.374 0.523 0.550 0.563 0.574 0.539 0.542 0.492 0.589 0.623 0.611 0.564 0.499 0.351 0.222 0.277 0.283 0.281 0.314 0.495 0.594 0.497 0.182 0.000 0.000 0.000 0.000 0.000 0.000 0.000 0.000 0.000 0.000 0.000 0.000 0.000 0.000 0.000 0.000 0.000 0.000 0.000 0.000 0.000 0.000 0.000 0.000
