tests/test_04/output4/CloudConcentration_240.00hrs.dat
NCOLS   360
NROWS    60
XLLCORNER           0.000
YLLCORNER           0.000
CELLSIZE           1.000          1.000
NODATA_VALUE  0.000
[rows 0 to 27 of 60, columns 0 to 62 of 360]
0.000000 0.000000 0.000000 0.000000 0.000000 0.000000 0.000000 0.000000 0.054012 0.065639 0.068023 0.078343 0.078622 0.000000 0.000000 0.000000 0.000000 0.000000 0.000000 0.000000 0.055208 0.061853 0.077679 0.100010 0.105867 0.098833 0.078960 0.076790 0.000000 0.000000 0.000000 0.000000 0.000000 0.000000 0.000000 0.000000 0.000000 0.000000 0.000000 0.000000 0.000000 0.000000 0.000000 0.000000 0.000000 0.000000 0.000000 0.000000 0.000000 0.000000 0.000000 0.000000 0.000000 0.000000 0.000000 0.000000 0.000000 0.000000 0.000000 0.000000 0.000000 0.076789 0.098643
0.000000 0.000000 0.000000 0.000000 0.000000 0.000000 0.000000 0.000000 0.063605 0.067451 0.064704 0.075116 0.000000 0.000000 0.000000 0.000000 0.000000 0.000000 0.000000 0.000000 0.047658 0.052069 0.067040 0.083782 0.098654 0.120430 0.129299 0.123291 0.162896 0.165315 0.157368 0.134022 0.109315 0.000000 0.000000 0.000000 0.000000 0.000000 0.000000 0.000000 0.000000 0.000000 0.000000 0.000000 0.000000 0.000000 0.000000 0.000000 0.000000 0.000000 0.000000 0.000000 0.000000 0.000000 0.000000 0.000000 0.000000 0.000000 0.000000 0.000000 0.088561 0.118406 0.162948
0.000000 0.000000 0.000000 0.000000 0.000000 0.000000 0.000000 0.047563 0.072731 0.070420 0.061019 0.073935 0.000000 0.000000 0.000000 0.000000 0.000000 0.000000 0.000000 0.000000 0.000000 0.043299 0.053849 0.072375 0.092741 0.105202 0.124478 0.145659 0.151766 0.172907 0.178662 0.178367 0.175729 0.168461 0.159202 0.150485 0.142389 0.133081 0.122328 0.105855 0.000000 0.000000 0.000000 0.000000 0.000000 0.000000 0.000000 0.000000 0.000000 0.000000 0.000000 0.000000 0.000000 0.000000 0.000000 0.000000 0.000000 0.000000 0.075399 0.112840 0.160927 0.202677 0.234837
0.000000 0.000000 0.000000 0.000000 0.000000 0.000000 0.000000 0.051508 0.079787 0.071750 0.054798 0.000000 0.000000 0.000000 0.000000 0.000000 0.000000 0.000000 0.000000 0.000000 0.000000 0.000000 0.043138 0.047403 0.060812 0.092886 0.118701 0.119654 0.135287 0.152395 0.168805 0.167634 0.161831 0.154534 0.144606 0.134226 0.127134 0.121316 0.114365 0.102688 0.083266 0.056878 0.000000 0.000000 0.000000 0.000000 0.000000 0.000000 0.000000 0.000000 0.000000 0.000000 0.000000 0.000000 0.000000 0.000000 0.058501 0.107343 0.157357 0.199056 0.226484 0.243309 0.256368
0.000000 0.000000 0.000000 0.000000 0.000000 0.000000 0.000000 0.065943 0.087634 0.073468 0.000000 0.000000 0.000000 0.000000 0.000000 0.000000 0.000000 0.000000 0.000000 0.000000 0.000000 0.000000 0.000000 0.000000 0.000000 0.047842 0.065112 0.100891 0.129886 0.132563 0.129221 0.148565 0.163644 0.173453 0.180019 0.177423 0.171002 0.159187 0.148160 0.140044 0.135692 0.138311 0.145379 0.150488 0.146493 0.119796 0.000000 0.000000 0.000000 0.000000 0.000000 0.000000 0.000000 0.000000 0.051068 0.094330 0.140250 0.183303 0.216068 0.232163 0.240343 0.246824 0.253265
0.000000 0.000000 0.000000 0.000000 0.000000 0.000000 0.000000 0.081455 0.096527 0.075114 0.000000 0.000000 0.062545 0.057658 0.050833 0.056815 0.072685 0.079296 0.071125 0.066944 0.049418 0.000000 0.000000 0.000000 0.000000 0.000000 0.000000 0.047440 0.071744 0.109490 0.127645 0.127382 0.125108 0.130333 0.155852 0.172344 0.182630 0.190404 0.196318 0.196214 0.195043 0.193699 0.187689 0.169587 0.111478 0.000000 0.000000 0.000000 0.000000 0.000000 0.000000 0.000000 0.000000 0.067576 0.106402 0.146128 0.184380 0.214813 0.233116 0.236505 0.237956 0.238510 0.239563
0.000000 0.000000 0.000000 0.000000 0.000000 0.000000 0.000000 0.098654 0.108604 0.081088 0.000000 0.000000 0.000000 0.056404 0.083084 0.102012 0.128484 0.146437 0.146805 0.153432 0.144520 0.121228 0.095567 0.050863 0.000000 0.000000 0.000000 0.000000 0.000000 0.049286 0.078948 0.110748 0.121645 0.120096 0.114547 0.119541 0.155395 0.183523 0.195916 0.195646 0.194081 0.190059 0.172534 0.106140 0.000000 0.000000 0.000000 0.000000 0.000000 0.000000 0.000000 0.000000 0.055322 0.098765 0.129594 0.162980 0.202564 0.227492 0.237098 0.237094 0.237833 0.238252 0.238366
0.000000 0.000000 0.000000 0.000000 0.000000 0.000000 0.000000 0.118031 0.125249 0.098230 0.000000 0.063352 0.062366 0.089365 0.130651 0.156342 0.188099 0.217900 0.224016 0.236246 0.237272 0.220084 0.201509 0.163568 0.113093 0.000000 0.000000 0.000000 0.000000 0.000000 0.000000 0.055556 0.086539 0.106394 0.105242 0.098716 0.108919 0.163659 0.191206 0.190698 0.185626 0.162818 0.000000 0.000000 0.000000 0.000000 0.000000 0.000000 0.000000 0.000000 0.000000 0.038199 0.091071 0.130188 0.131975 0.168352 0.214317 0.234650 0.241566 0.241286 0.240993 0.241010 0.240500
0.000000 0.000000 0.000000 0.000000 0.000000 0.000000 0.065417 0.138274 0.145693 0.123282 0.091483 0.097357 0.102835 0.134160 0.182730 0.214161 0.235375 0.251606 0.258290 0.268655 0.281667 0.289230 0.283349 0.264030 0.226369 0.173232 0.106387 0.000000 0.000000 0.000000 0.000000 0.000000 0.000000 0.053326 0.068802 0.070309 0.076317 0.126651 0.166975 0.166676 0.151783 0.000000 0.000000 0.000000 0.000000 0.000000 0.000000 0.000000 0.000000 0.000000 0.000000 0.061542 0.113826 0.131517 0.128212 0.168457 0.226806 0.243436 0.246025 0.286809 0.309691 0.304863 0.281168
0.000000 0.000000 0.000000 0.000000 0.000000 0.000000 0.074766 0.148624 0.170875 0.158146 0.136924 0.148887 0.163225 0.191121 0.228447 0.242722 0.247340 0.254884 0.260631 0.268997 0.285098 0.305336 0.330081 0.322994 0.301109 0.269075 0.221610 0.150165 0.000000 0.000000 0.000000 0.000000 0.000000 0.000000 0.000000 0.054803 0.064142 0.095225 0.124135 0.121562 0.000000 0.000000 0.000000 0.000000 0.000000 0.000000 0.000000 0.000000 0.000000 0.000000 0.000000 0.076178 0.120461 0.121720 0.114339 0.167709 0.233104 0.244731 0.312845 0.334134 0.344631 0.356314 0.348557
0.000000 0.000000 0.000000 0.000000 0.000000 0.000000 0.078151 0.150684 0.189148 0.199244 0.196283 0.210735 0.229249 0.239154 0.244839 0.248545 0.240819 0.213142 0.191828 0.187106 0.203521 0.269137 0.344736 0.375802 0.365426 0.334090 0.293620 0.251180 0.186750 0.103664 0.000000 0.000000 0.000000 0.000000 0.000000 0.000000 0.000000 0.076178 0.083233 0.000000 0.000000 0.000000 0.000000 0.000000 0.000000 0.000000 0.000000 0.000000 0.000000 0.000000 0.035512 0.085324 0.114950 0.113751 0.101168 0.169931 0.234164 0.298968 0.337438 0.339915 0.346651 0.374095 0.388046
0.000000 0.000000 0.000000 0.000000 0.000000 0.000000 0.000000 0.133209 0.186705 0.213039 0.221092 0.233093 0.247669 0.247692 0.236523 0.204842 0.149797 0.096453 0.080283 0.082671 0.087073 0.155842 0.305327 0.422839 0.428864 0.414376 0.368439 0.312812 0.268583 0.214586 0.132549 0.000000 0.000000 0.000000 0.000000 0.000000 0.000000 0.065991 0.066104 0.000000 0.000000 0.000000 0.000000 0.000000 0.000000 0.000000 0.000000 0.000000 0.000000 0.000000 0.048408 0.092138 0.109927 0.106605 0.085771 0.177524 0.231271 0.336698 0.343040 0.340307 0.346193 0.379269 0.409950
0.000000 0.000000 0.000000 0.000000 0.000000 0.000000 0.000000 0.065543 0.124550 0.179784 0.209376 0.213695 0.208201 0.185151 0.137180 0.087897 0.065739 0.000000 0.000000 0.075716 0.088876 0.099982 0.266073 0.434834 0.477382 0.474533 0.454122 0.390863 0.322788 0.268446 0.225402 0.151557 0.000000 0.000000 0.000000 0.000000 0.000000 0.000000 0.000000 0.000000 0.000000 0.000000 0.000000 0.000000 0.000000 0.000000 0.000000 0.000000 0.000000 0.000000 0.057821 0.097654 0.103912 0.095988 0.098904 0.193150 0.266218 0.351254 0.347455 0.335965 0.347409 0.402673 0.456059
0.000000 0.000000 0.000000 0.000000 0.000000 0.000000 0.000000 0.000000 0.000000 0.079714 0.085533 0.084732 0.082100 0.074946 0.065767 0.000000 0.000000 0.000000 0.000000 0.000000 0.089875 0.105142 0.265800 0.449073 0.501526 0.501304 0.495609 0.466593 0.391239 0.317556 0.261889 0.220173 0.145109 0.000000 0.000000 0.000000 0.000000 0.000000 0.000000 0.000000 0.000000 0.000000 0.000000 0.000000 0.000000 0.000000 0.000000 0.000000 0.000000 0.045779 0.077290 0.102580 0.099967 0.081669 0.136671 0.215740 0.316662 0.362533 0.347532 0.303028 0.290310 0.312750 0.382206
0.000000 0.000000 0.000000 0.000000 0.000000 0.000000 0.000000 0.000000 0.000000 0.000000 0.000000 0.000000 0.000000 0.000000 0.000000 0.000000 0.000000 0.000000 0.000000 0.000000 0.097012 0.134426 0.329656 0.482184 0.510418 0.510595 0.508339 0.495492 0.452260 0.379922 0.310470 0.259859 0.212525 0.129722 0.000000 0.000000 0.000000 0.000000 0.000000 0.000000 0.000000 0.000000 0.000000 0.000000 0.000000 0.000000 0.000000 0.000000 0.000000 0.047142 0.094069 0.100840 0.092646 0.091782 0.178538 0.226315 0.369895 0.385852 0.355238 0.300562 0.249407 0.266157 0.275247
0.000000 0.000000 0.000000 0.000000 0.000000 0.000000 0.000000 0.000000 0.000000 0.000000 0.000000 0.000000 0.000000 0.000000 0.000000 0.000000 0.000000 0.000000 0.000000 0.085187 0.108637 0.250454 0.391676 0.484332 0.483423 0.470705 0.473470 0.484257 0.472024 0.415962 0.351311 0.289968 0.246565 0.178751 0.088367 0.000000 0.000000 0.000000 0.000000 0.000000 0.000000 0.000000 0.000000 0.000000 0.000000 0.000000 0.000000 0.000000 0.043395 0.081462 0.100576 0.097596 0.079307 0.142304 0.214518 0.269155 0.421714 0.415023 0.364843 0.302935 0.254850 0.260153 0.284644
0.000000 0.000000 0.000000 0.000000 0.000000 0.000000 0.000000 0.000000 0.000000 0.000000 0.000000 0.000000 0.000000 0.000000 0.000000 0.000000 0.000000 0.000000 0.074194 0.105509 0.162821 0.303846 0.399942 0.381662 0.317890 0.244571 0.247161 0.284868 0.375001 0.412611 0.387877 0.321713 0.269901 0.220360 0.126160 0.000000 0.000000 0.000000 0.000000 0.000000 0.000000 0.000000 0.000000 0.000000 0.000000 0.000000 0.000000 0.042434 0.063520 0.100788 0.101189 0.092545 0.120591 0.195552 0.233587 0.363092 0.470339 0.449502 0.373306 0.298846 0.246362 0.222481 0.236861
0.000000 0.000000 0.000000 0.000000 0.000000 0.000000 0.000000 0.000000 0.000000 0.000000 0.000000 0.000000 0.000000 0.000000 0.000000 0.000000 0.000000 0.000000 0.094503 0.113137 0.214498 0.326687 0.315810 0.267511 0.142391 0.000000 0.067293 0.083345 0.147247 0.291255 0.361660 0.347648 0.299924 0.253103 0.153227 0.044488 0.000000 0.000000 0.000000 0.000000 0.000000 0.000000 0.000000 0.000000 0.000000 0.000000 0.044074 0.056850 0.093973 0.104566 0.101529 0.105334 0.177991 0.228841 0.243658 0.442838 0.541477 0.514210 0.426971 0.343332 0.280568 0.239224 0.215319
0.000000 0.000000 0.000000 0.000000 0.000000 0.000000 0.000000 0.000000 0.000000 0.000000 0.000000 0.000000 0.000000 0.000000 0.000000 0.000000 0.000000 0.074071 0.105273 0.106744 0.240548 0.272733 0.254671 0.161583 0.000000 0.000000 0.074850 0.115486 0.119780 0.113766 0.239008 0.306968 0.298728 0.269868 0.187394 0.064822 0.086103 0.089183 0.000000 0.000000 0.000000 0.000000 0.000000 0.000000 0.042265 0.049254 0.061917 0.119371 0.111743 0.105236 0.098146 0.154275 0.222553 0.241418 0.249529 0.462172 0.631982 0.608023 0.526425 0.424672 0.343675 0.289453 0.255556
0.000000 0.000000 0.000000 0.000000 0.000000 0.000000 0.000000 0.000000 0.000000 0.000000 0.000000 0.000000 0.000000 0.000000 0.000000 0.000000 0.000000 0.093399 0.108014 0.111746 0.228124 0.240077 0.209375 0.105491 0.000000 0.092691 0.146578 0.201348 0.213785 0.210323 0.192511 0.228709 0.281195 0.273954 0.225015 0.098168 0.101573 0.101278 0.087411 0.000000 0.000000 0.000000 0.053849 0.051260 0.056125 0.056570 0.157825 0.171100 0.126415 0.106335 0.124125 0.207537 0.257994 0.258483 0.261197 0.460179 0.688476 0.712823 0.662807 0.541353 0.400992 0.287654 0.235049
0.000000 0.000000 0.000000 0.000000 0.000000 0.000000 0.000000 0.000000 0.000000 0.000000 0.000000 0.000000 0.000000 0.000000 0.000000 0.000000 0.058035 0.102663 0.106298 0.111231 0.214890 0.223460 0.189762 0.083976 0.096993 0.158834 0.219253 0.278087 0.294340 0.293407 0.283719 0.244098 0.241440 0.262318 0.241662 0.138447 0.124443 0.121467 0.094644 0.000000 0.000000 0.000000 0.062243 0.062739 0.062069 0.140960 0.250527 0.230673 0.132106 0.116038 0.154794 0.248893 0.282738 0.281688 0.318485 0.363125 0.650045 0.825699 0.828435 0.784057 0.625719 0.369611 0.244565
0.000000 0.000000 0.000000 0.000000 0.000000 0.000000 0.000000 0.000000 0.000000 0.000000 0.000000 0.000000 0.000000 0.000000 0.000000 0.043387 0.065460 0.101847 0.102678 0.102136 0.196349 0.204475 0.171484 0.097061 0.162611 0.228130 0.292700 0.333247 0.334822 0.333207 0.326867 0.308795 0.258652 0.246026 0.238330 0.185713 0.144707 0.140996 0.107494 0.000000 0.000000 0.066977 0.067066 0.095804 0.133888 0.259411 0.344587 0.292183 0.153201 0.135817 0.174346 0.260274 0.330294 0.371925 0.370268 0.362367 0.484677 0.773159 0.928396 0.933219 0.902011 0.722948 0.341729
0.000000 0.000000 0.000000 0.000000 0.000000 0.000000 0.000000 0.000000 0.000000 0.000000 0.000000 0.000000 0.045797 0.060706 0.081858 0.105766 0.115773 0.114333 0.107967 0.097218 0.182221 0.186368 0.146395 0.163339 0.227886 0.295485 0.348879 0.353747 0.352048 0.344189 0.333832 0.323403 0.300851 0.275009 0.264793 0.241367 0.190446 0.177485 0.141043 0.059439 0.058768 0.085389 0.134996 0.188007 0.226280 0.386419 0.440442 0.365635 0.187175 0.160607 0.274666 0.373878 0.390340 0.386776 0.373307 0.330690 0.340930 0.598915 0.876604 0.962910 0.958081 0.910405 0.679907
0.000000 0.000000 0.000000 0.000000 0.000000 0.000000 0.000000 0.000000 0.047597 0.083595 0.121541 0.153931 0.178929 0.196462 0.208594 0.216588 0.214888 0.209084 0.195506 0.175894 0.178915 0.173144 0.179275 0.229948 0.291174 0.353677 0.376913 0.377176 0.373187 0.359127 0.342625 0.329760 0.319585 0.294521 0.288020 0.277738 0.246997 0.244442 0.219366 0.126242 0.116323 0.145577 0.212399 0.280658 0.296803 0.471789 0.532203 0.450900 0.232691 0.291983 0.391734 0.398798 0.395452 0.356167 0.350141 0.348044 0.326407 0.507019 0.719177 0.913323 0.948019 0.934526 0.854513
0.000000 0.000000 0.000000 0.000000 0.048418 0.102174 0.163860 0.219503 0.265624 0.298636 0.322024 0.335125 0.341493 0.342587 0.339700 0.333429 0.322881 0.309040 0.289891 0.266209 0.242486 0.229633 0.263811 0.305949 0.351248 0.390202 0.398016 0.396828 0.388249 0.367385 0.346338 0.331773 0.328548 0.322893 0.305971 0.304754 0.308621 0.322444 0.310103 0.261915 0.177232 0.210965 0.294382 0.353637 0.353388 0.580607 0.609705 0.492637 0.295855 0.393507 0.405231 0.393792 0.321518 0.346371 0.349541 0.347602 0.386909 0.527697 0.652170 0.753245 0.823203 0.846566 0.841044
0.000000 0.078082 0.158600 0.250432 0.337427 0.406646 0.455425 0.484592 0.495885 0.491137 0.481884 0.467235 0.451530 0.435886 0.420288 0.405365 0.390930 0.378076 0.364857 0.347202 0.328119 0.308066 0.325262 0.349772 0.377515 0.399777 0.402737 0.400647 0.388767 0.342817 0.319797 0.308180 0.304145 0.313923 0.310330 0.318415 0.405400 0.430250 0.423317 0.401764 0.335398 0.313709 0.374165 0.398094 0.555516 0.671302 0.655768 0.480598 0.382459 0.408534 0.386310 0.280689 0.324122 0.342261 0.341861 0.403012 0.496075 0.580708 0.570796 0.532232 0.498903 0.478240 0.476093
0.371528 0.466368 0.548004 0.607126 0.639779 0.638233 0.625890 0.603056 0.579565 0.553741 0.529038 0.505285 0.482891 0.462558 0.443889 0.427215 0.411970 0.399300 0.389026 0.378025 0.366428 0.353167 0.347128 0.366252 0.387084 0.405639 0.408763 0.405675 0.385245 0.332664 0.327846 0.318197 0.306100 0.381293 0.444732 0.479245 0.528163 0.555591 0.552382 0.546755 0.526792 0.526099 0.541950 0.592314 0.646532 0.658511 0.618879 0.409781 0.401468 0.371494 0.285575 0.285611 0.326354 0.339761 0.408687 0.489984 0.492221 0.428278 0.322531 0.230960 0.169302 0.131969 0.123455
0.751974 0.758824 0.755253 0.743276 0.716296 0.686099 0.653145 0.621330 0.591363 0.562089 0.534823 0.509368 0.485977 0.465325 0.446836 0.430899 0.416223 0.404106 0.394515 0.386146 0.378534 0.369523 0.360021 0.379896 0.404544 0.415015 0.413408 0.399095 0.341177 0.328950 0.359283 0.582076 0.685895 0.690940 0.683814 0.652182 0.635417 0.623696 0.600819 0.582614 0.581616 0.579686 0.587828 0.616461 0.641192 0.637004 0.538009 0.383266 0.353375 0.327747 0.298080 0.286624 0.325334 0.428967 0.470289 0.447364 0.335061 0.187581 0.000000 0.000000 0.000000 0.000000 0.000000
