tests/test_04/output4/CloudLoad_192.00hrs.dat
NCOLS   360
NROWS    60
XLLCORNER           0.000
YLLCORNER           0.000
CELLSIZE           1.000          1.000
NODATA_VALUE  0.000
[rows 0 to 33 of 60, columns 0 to 76 of 360]
0.000 0.000 0.000 0.000 0.000 0.000 0.000 0.000 0.000 0.000 0.000 0.000 0.000 0.000 0.000 0.000 0.000 0.000 0.000 0.000 0.000 0.000 0.000 0.000 0.000 0.000 0.000 0.000 0.000 0.000 0.000 0.000 0.000 0.000 0.000 0.000 0.000 0.000 0.000 0.000 0.000 0.000 0.000 0.000 0.000 0.000 0.000 0.000 0.000 0.000 0.000 0.000 0.000 0.000 0.000 0.000 0.000 0.000 0.000 0.000 0.000 0.000 0.000 0.000 0.000 0.000 0.000 0.000 0.000 0.000 0.000 0.000 0.000 0.000 0.000 0.000 0.000
0.000 0.000 0.000 0.000 0.000 0.000 0.000 0.000 0.000 0.000 0.000 0.000 0.000 0.000 0.000 0.000 0.000 0.000 0.000 0.000 0.000 0.000 0.000 0.000 0.000 0.000 0.000 0.000 0.000 0.000 0.000 0.000 0.000 0.000 0.000 0.000 0.000 0.000 0.000 0.000 0.000 0.000 0.000 0.000 0.000 0.000 0.000 0.000 0.000 0.000 0.000 0.000 0.000 0.000 0.000 0.000 0.000 0.000 0.000 0.000 0.000 0.000 0.000 0.000 0.000 0.000 0.000 0.000 0.000 0.000 0.000 0.000 0.000 0.000 0.000 0.000 0.000
0.000 0.000 0.000 0.000 0.000 0.000 0.000 0.000 0.000 0.000 0.000 0.000 0.000 0.000 0.000 0.000 0.000 0.000 0.000 0.000 0.000 0.000 0.000 0.000 0.000 0.000 0.000 0.000 0.000 0.000 0.000 0.000 0.000 0.000 0.000 0.000 0.000 0.000 0.000 0.000 0.000 0.000 0.000 0.000 0.000 0.000 0.000 0.000 0.000 0.000 0.000 0.000 0.000 0.000 0.000 0.000 0.000 0.000 0.000 0.000 0.000 0.000 0.000 0.000 0.000 0.000 0.000 0.000 0.000 0.000 0.000 0.000 0.000 0.000 0.000 0.275 0.311
0.000 0.000 0.000 0.000 0.000 0.000 0.000 0.000 0.000 0.000 0.000 0.000 0.000 0.000 0.000 0.000 0.000 0.000 0.000 0.000 0.000 0.000 0.000 0.000 0.000 0.000 0.000 0.000 0.000 0.000 0.000 0.000 0.000 0.000 0.000 0.000 0.000 0.000 0.000 0.000 0.000 0.000 0.000 0.000 0.000 0.000 0.000 0.000 0.000 0.000 0.000 0.000 0.000 0.000 0.000 0.000 0.000 0.000 0.000 0.000 0.000 0.000 0.000 0.000 0.000 0.000 0.000 0.000 0.000 0.000 0.000 0.000 0.252 0.330 0.355 0.332 0.267
0.000 0.000 0.000 0.000 0.000 0.000 0.000 0.000 0.000 0.000 0.000 0.000 0.000 0.000 0.000 0.000 0.000 0.000 0.000 0.000 0.000 0.000 0.000 0.000 0.000 0.000 0.000 0.000 0.000 0.000 0.000 0.000 0.000 0.000 0.000 0.000 0.000 0.000 0.000 0.000 0.000 0.000 0.000 0.000 0.000 0.000 0.000 0.000 0.000 0.000 0.000 0.000 0.000 0.000 0.000 0.000 0.000 0.000 0.000 0.000 0.000 0.000 0.000 0.000 0.000 0.000 0.000 0.000 0.000 0.000 0.322 0.385 0.382 0.323 0.225 0.000 0.000
0.000 0.000 0.000 0.265 0.436 0.535 0.521 0.457 0.340 0.000 0.000 0.000 0.000 0.000 0.000 0.000 0.000 0.000 0.000 0.000 0.000 0.000 0.000 0.000 0.000 0.000 0.000 0.000 0.000 0.000 0.000 0.000 0.000 0.000 0.000 0.000 0.000 0.000 0.000 0.000 0.000 0.000 0.214 0.329 0.443 0.512 0.551 0.568 0.556 0.531 0.505 0.478 0.444 0.392 0.323 0.250 0.000 0.000 0.000 0.000 0.000 0.000 0.000 0.000 0.000 0.000 0.000 0.291 0.436 0.478 0.413 0.283 0.000 0.000 0.000 0.000 0.000
0.000 0.000 0.279 0.526 0.767 0.872 0.886 0.823 0.704 0.573 0.396 0.232 0.000 0.000 0.000 0.000 0.000 0.000 0.000 0.000 0.000 0.000 0.000 0.000 0.000 0.000 0.000 0.000 0.000 0.000 0.000 0.000 0.000 0.000 0.000 0.000 0.000 0.000 0.000 0.000 0.203 0.356 0.560 0.772 0.959 1.059 1.110 1.120 1.093 1.038 0.979 0.934 0.909 0.881 0.774 0.618 0.453 0.324 0.211 0.000 0.000 0.000 0.000 0.000 0.292 0.651 0.750 0.685 0.454 0.221 0.000 0.000 0.000 0.000 0.000 0.000 0.000
0.000 0.259 0.515 0.749 0.923 0.983 0.986 0.914 0.775 0.620 0.474 0.358 0.259 0.000 0.000 0.000 0.000 0.000 0.000 0.000 0.000 0.000 0.000 0.000 0.000 0.000 0.000 0.000 0.000 0.000 0.000 0.000 0.000 0.000 0.000 0.000 0.000 0.000 0.000 0.000 0.359 0.610 0.914 1.195 1.420 1.533 1.594 1.608 1.582 1.519 1.451 1.390 1.342 1.329 1.228 0.991 0.700 0.532 0.359 0.000 0.000 0.264 0.482 0.823 0.895 0.771 0.378 0.000 0.000 0.000 0.000 0.000 0.000 0.000 0.000 0.000 0.000
0.253 0.544 0.776 0.928 0.984 0.968 0.901 0.712 0.449 0.234 0.000 0.000 0.000 0.000 0.000 0.000 0.000 0.000 0.000 0.000 0.000 0.000 0.000 0.000 0.000 0.000 0.000 0.000 0.000 0.000 0.000 0.000 0.000 0.000 0.000 0.000 0.000 0.000 0.000 0.207 0.462 0.766 1.155 1.511 1.817 1.974 2.058 2.076 2.046 1.996 1.926 1.859 1.791 1.785 1.678 1.380 1.011 0.809 0.574 0.423 0.567 0.782 0.960 0.884 0.469 0.000 0.000 0.000 0.000 0.000 0.000 0.000 0.253 0.252 0.215 0.000 0.000
0.499 0.822 0.964 1.021 1.003 0.907 0.665 0.351 0.000 0.000 0.000 0.000 0.000 0.000 0.000 0.000 0.000 0.000 0.000 0.000 0.000 0.000 0.000 0.000 0.000 0.000 0.000 0.000 0.000 0.000 0.000 0.000 0.000 0.000 0.000 0.000 0.000 0.000 0.000 0.209 0.493 0.837 1.274 1.669 2.032 2.308 2.476 2.592 2.609 2.575 2.516 2.447 2.393 2.375 2.205 1.805 1.422 1.189 0.852 0.841 0.949 1.047 0.830 0.300 0.000 0.000 0.000 0.000 0.000 0.000 0.266 0.452 0.512 0.488 0.393 0.000 0.000
0.746 0.975 1.025 1.056 1.016 0.822 0.452 0.000 0.000 0.000 0.000 0.000 0.000 0.000 0.000 0.000 0.000 0.000 0.000 0.000 0.000 0.000 0.000 0.000 0.000 0.000 0.000 0.000 0.000 0.000 0.000 0.000 0.000 0.000 0.000 0.000 0.000 0.000 0.000 0.000 0.474 0.861 1.342 1.765 2.144 2.485 2.745 3.025 3.303 3.555 3.746 3.691 3.501 3.244 2.947 2.434 1.883 1.562 1.126 1.018 1.048 0.907 0.416 0.000 0.000 0.000 0.000 0.000 0.000 0.000 0.464 0.711 0.768 0.725 0.581 0.266 0.000
0.860 1.044 1.054 1.060 1.056 0.864 0.480 0.246 0.000 0.000 0.000 0.000 0.000 0.000 0.000 0.000 0.000 0.000 0.000 0.000 0.000 0.000 0.000 0.000 0.000 0.000 0.000 0.000 0.000 0.000 0.000 0.000 0.000 0.000 0.000 0.000 0.000 0.000 0.000 0.000 0.395 0.821 1.359 1.869 2.312 2.716 3.066 3.465 3.990 4.597 5.153 5.543 5.469 5.142 4.365 3.487 2.709 1.971 1.494 1.145 1.036 0.734 0.296 0.000 0.000 0.000 0.000 0.000 0.000 0.214 0.585 0.937 1.027 0.973 0.793 0.388 0.000
0.954 1.074 1.062 1.054 1.083 0.952 0.734 0.509 0.333 0.000 0.000 0.000 0.000 0.000 0.000 0.000 0.000 0.000 0.000 0.000 0.000 0.000 0.000 0.000 0.000 0.000 0.000 0.000 0.000 0.000 0.000 0.000 0.000 0.000 0.000 0.000 0.000 0.000 0.000 0.000 0.347 0.841 1.439 1.999 2.492 2.952 3.350 3.902 4.705 5.547 6.350 6.961 7.390 7.269 6.810 5.717 4.188 2.927 2.019 1.466 1.156 0.788 0.351 0.000 0.000 0.000 0.000 0.000 0.000 0.213 0.651 1.129 1.268 1.217 1.017 0.532 0.000
0.997 1.039 0.999 0.908 0.983 1.024 0.950 0.742 0.630 0.531 0.397 0.274 0.000 0.000 0.000 0.000 0.000 0.000 0.000 0.000 0.000 0.000 0.000 0.000 0.000 0.000 0.000 0.000 0.000 0.000 0.000 0.000 0.000 0.000 0.000 0.000 0.000 0.000 0.000 0.000 0.401 0.928 1.550 2.121 2.675 3.168 3.626 4.434 5.440 6.365 7.303 7.920 8.384 8.627 8.437 8.036 6.890 4.863 3.181 2.146 1.465 1.074 0.621 0.219 0.000 0.000 0.000 0.000 0.000 0.000 0.671 1.341 1.509 1.476 1.246 0.700 0.000
1.019 1.052 1.039 0.942 0.902 0.894 0.948 0.957 0.925 0.870 0.798 0.713 0.629 0.535 0.435 0.334 0.230 0.000 0.000 0.000 0.000 0.000 0.000 0.000 0.000 0.000 0.000 0.000 0.000 0.000 0.000 0.000 0.000 0.000 0.000 0.000 0.000 0.000 0.000 0.000 0.538 1.098 1.726 2.277 2.859 3.395 4.034 5.117 6.113 6.905 7.462 7.816 8.240 8.720 9.045 9.061 8.717 7.663 5.498 3.506 2.288 1.486 1.050 0.624 0.283 0.000 0.000 0.000 0.000 0.513 1.175 1.691 1.739 1.665 1.335 0.764 0.237
0.965 1.037 1.070 1.045 1.049 1.007 0.957 0.948 0.947 0.975 1.025 1.044 1.041 1.024 0.996 0.961 0.908 0.809 0.659 0.459 0.234 0.000 0.000 0.000 0.000 0.000 0.000 0.000 0.000 0.000 0.000 0.000 0.000 0.000 0.000 0.000 0.000 0.000 0.000 0.314 0.768 1.354 1.903 2.439 3.113 3.727 4.719 5.924 6.782 7.074 7.223 7.377 7.656 8.155 8.694 9.210 9.388 9.156 8.274 6.077 3.990 2.802 1.984 1.569 1.200 0.733 0.549 0.598 0.854 1.353 1.891 2.015 1.932 1.757 1.349 0.790 0.274
0.865 0.945 0.982 1.004 1.064 1.107 1.121 1.109 1.074 0.990 0.878 0.769 0.750 0.791 0.866 0.958 1.039 1.086 1.108 1.101 0.925 0.676 0.398 0.000 0.000 0.000 0.000 0.000 0.000 0.000 0.000 0.000 0.000 0.000 0.000 0.000 0.000 0.000 0.000 0.490 1.038 1.582 2.133 2.732 3.439 4.222 5.573 6.662 6.914 6.927 6.890 6.883 7.009 7.300 7.824 8.482 9.008 9.116 8.859 7.992 6.285 4.678 3.596 2.839 2.401 2.042 1.906 1.964 2.231 2.423 2.467 2.279 2.035 1.784 1.313 0.779 0.285
0.713 0.761 0.791 0.782 0.815 0.862 0.918 1.001 1.095 1.162 1.184 1.155 0.990 0.757 0.552 0.438 0.448 0.540 0.701 0.884 0.991 1.059 1.062 0.814 0.477 0.229 0.000 0.000 0.000 0.000 0.000 0.000 0.000 0.000 0.000 0.000 0.000 0.000 0.284 0.661 1.269 1.871 2.443 3.097 3.828 4.876 6.273 6.848 6.802 6.621 6.405 6.107 6.022 6.083 6.333 6.952 7.725 8.421 8.712 8.443 7.770 6.722 5.575 4.646 4.040 3.712 3.508 3.485 3.395 3.153 2.779 2.333 1.859 1.377 0.958 0.560 0.000
0.467 0.567 0.675 0.711 0.715 0.676 0.639 0.632 0.659 0.758 0.977 1.218 1.305 1.281 1.145 0.821 0.489 0.364 0.377 0.441 0.620 0.848 1.014 1.150 1.117 0.831 0.466 0.227 0.000 0.000 0.000 0.000 0.000 0.000 0.000 0.000 0.000 0.211 0.346 0.840 1.601 2.309 2.867 3.570 4.309 5.544 6.615 6.767 6.541 6.128 5.574 4.938 4.603 4.507 4.542 4.819 5.485 6.332 7.078 7.534 7.454 7.074 6.565 5.991 5.614 5.391 5.075 4.493 3.724 2.861 2.083 1.471 1.061 0.809 0.591 0.355 0.000
0.348 0.551 0.739 0.789 0.751 0.618 0.519 0.495 0.479 0.506 0.662 1.020 1.344 1.386 1.370 1.261 0.896 0.479 0.334 0.344 0.378 0.453 0.651 0.915 1.154 1.288 1.147 0.845 0.528 0.322 0.000 0.000 0.000 0.000 0.000 0.000 0.220 0.283 0.475 1.132 2.109 2.827 3.348 4.002 4.751 5.925 6.660 6.492 5.992 5.211 4.380 3.708 3.319 3.129 3.012 3.014 3.166 3.598 4.254 4.929 5.365 5.478 5.357 5.135 4.650 3.989 3.230 2.473 1.738 1.300 1.126 0.924 0.695 0.483 0.388 0.253 0.000
0.361 0.695 0.900 0.922 0.798 0.560 0.441 0.417 0.446 0.544 0.742 1.067 1.394 1.471 1.470 1.391 1.064 0.604 0.329 0.307 0.331 0.358 0.398 0.518 0.785 1.179 1.431 1.426 1.267 1.003 0.769 0.602 0.502 0.466 0.468 0.483 0.486 0.528 0.725 1.636 2.771 3.365 3.854 4.254 4.936 5.873 6.096 5.719 5.046 4.077 3.237 2.671 2.262 2.029 1.873 1.759 1.659 1.604 1.577 1.689 1.830 1.874 1.785 1.606 1.380 1.183 1.079 0.998 0.930 0.813 0.677 0.530 0.379 0.266 0.233 0.000 0.000
0.442 0.861 1.004 0.957 0.750 0.474 0.391 0.461 0.704 0.971 1.262 1.576 1.721 1.726 1.688 1.559 1.182 0.734 0.433 0.370 0.340 0.324 0.354 0.402 0.484 0.739 1.189 1.551 1.721 1.630 1.497 1.360 1.238 1.148 1.047 0.933 0.829 0.801 1.116 2.426 3.416 3.995 4.202 4.315 4.828 5.395 5.401 4.873 4.091 3.142 2.430 1.856 1.405 1.160 1.008 0.858 0.693 0.515 0.340 0.248 0.254 0.285 0.325 0.394 0.471 0.533 0.535 0.530 0.502 0.410 0.292 0.000 0.000 0.000 0.000 0.000 0.000
0.573 0.951 0.994 0.907 0.654 0.413 0.419 0.660 1.058 1.471 1.887 2.152 2.209 2.207 2.151 2.008 1.729 1.360 0.930 0.688 0.609 0.526 0.448 0.405 0.423 0.523 0.780 1.213 1.585 1.742 1.682 1.577 1.477 1.386 1.274 1.145 1.057 1.092 1.847 3.324 4.168 4.474 4.211 4.154 4.293 4.623 4.571 4.089 3.409 2.578 1.907 1.329 0.853 0.629 0.550 0.498 0.432 0.353 0.275 0.217 0.000 0.000 0.000 0.000 0.000 0.000 0.000 0.000 0.000 0.000 0.000 0.000 0.000 0.000 0.000 0.000 0.000
0.748 0.989 0.948 0.811 0.542 0.421 0.563 1.036 1.605 2.170 2.611 2.736 2.797 2.803 2.757 2.668 2.509 2.262 1.885 1.457 1.148 1.053 0.938 0.787 0.682 0.661 0.816 1.184 1.553 1.718 1.720 1.693 1.577 1.326 1.135 1.068 1.105 1.523 2.858 4.256 4.712 4.415 3.832 3.485 3.509 3.681 3.728 3.323 2.812 2.132 1.535 1.014 0.562 0.291 0.210 0.000 0.000 0.000 0.000 0.000 0.000 0.000 0.000 0.000 0.000 0.000 0.000 0.000 0.000 0.000 0.000 0.000 0.000 0.000 0.000 0.000 0.000
0.857 0.950 0.884 0.728 0.548 0.615 0.994 1.691 2.369 2.920 3.181 3.285 3.322 3.258 3.114 2.977 2.860 2.785 2.678 2.383 1.937 1.571 1.445 1.353 1.213 1.160 1.247 1.529 1.736 1.742 1.732 1.582 1.261 1.060 1.042 1.113 1.393 2.401 4.085 4.848 4.672 3.976 3.155 2.842 2.754 2.743 2.812 2.500 2.139 1.818 1.409 1.088 0.808 0.538 0.311 0.000 0.000 0.000 0.000 0.000 0.000 0.000 0.000 0.000 0.000 0.000 0.000 0.000 0.000 0.000 0.000 0.000 0.000 0.000 0.000 0.000 0.000
0.908 0.894 0.905 0.856 0.821 1.042 1.630 2.339 2.929 3.378 3.496 3.482 3.333 3.065 2.770 2.712 2.761 2.824 2.843 2.877 2.732 2.258 1.893 1.746 1.594 1.537 1.822 2.081 1.968 1.797 1.538 1.189 1.044 1.055 1.114 1.334 2.204 3.864 4.890 4.755 4.205 3.328 2.650 2.275 2.047 1.915 1.869 1.730 1.537 1.439 1.333 1.139 0.920 0.746 0.611 0.486 0.364 0.258 0.000 0.000 0.000 0.000 0.000 0.000 0.000 0.000 0.000 0.000 0.000 0.000 0.000 0.000 0.000 0.000 0.000 0.000 0.000
0.976 1.094 1.194 1.155 1.211 1.621 2.229 2.803 3.245 3.440 3.455 3.322 2.999 2.481 2.192 2.144 2.090 2.133 2.367 2.627 2.687 2.772 2.447 2.131 2.087 1.957 2.059 2.275 2.257 2.039 1.508 1.182 1.157 1.213 1.435 2.114 3.679 4.647 4.642 4.069 3.594 2.928 2.245 1.656 1.356 1.118 1.033 1.035 0.951 0.851 0.777 0.753 0.751 0.705 0.641 0.584 0.523 0.480 0.428 0.359 0.282 0.203 0.000 0.000 0.000 0.000 0.000 0.000 0.000 0.000 0.000 0.000 0.000 0.000 0.000 0.000 0.000
1.390 1.537 1.572 1.505 1.740 2.235 2.770 3.120 3.230 3.304 3.285 3.059 2.659 2.221 2.073 1.951 1.732 1.460 1.336 1.579 2.044 2.234 2.467 2.685 2.710 2.741 2.569 2.314 2.268 1.885 1.558 1.440 1.381 1.540 2.044 3.335 4.316 4.320 3.983 3.673 3.379 2.683 1.905 1.206 0.845 0.645 0.533 0.504 0.452 0.376 0.305 0.260 0.247 0.276 0.345 0.435 0.497 0.503 0.482 0.424 0.346 0.256 0.000 0.000 0.000 0.000 0.000 0.000 0.000 0.000 0.000 0.000 0.000 0.000 0.000 0.000 0.000
1.987 1.998 1.948 2.019 2.370 2.788 3.172 3.210 3.204 3.193 3.145 2.849 2.463 2.182 2.082 1.905 1.553 1.166 0.762 0.573 1.064 1.874 2.203 2.613 3.129 3.162 2.925 2.200 1.640 1.473 1.477 1.491 1.522 1.709 2.321 3.566 4.021 4.005 3.716 3.484 3.124 2.424 1.666 0.993 0.627 0.443 0.341 0.307 0.267 0.207 0.000 0.000 0.000 0.000 0.000 0.220 0.316 0.371 0.378 0.370 0.313 0.204 0.000 0.000 0.000 0.000 0.000 0.000 0.000 0.000 0.000 0.000 0.000 0.000 0.000 0.000 0.000
2.426 2.338 2.350 2.549 2.882 3.211 3.255 3.235 3.128 3.047 2.954 2.666 2.306 2.162 2.052 1.799 1.424 0.990 0.524 0.395 0.653 1.519 2.354 2.540 3.150 3.504 3.044 2.126 1.103 1.047 1.319 1.465 1.600 1.878 2.785 3.790 3.941 3.769 3.406 3.182 2.729 2.083 1.490 0.926 0.539 0.340 0.247 0.223 0.000 0.000 0.000 0.000 0.000 0.000 0.000 0.000 0.204 0.214 0.203 0.000 0.000 0.000 0.000 0.000 0.000 0.000 0.000 0.000 0.000 0.000 0.000 0.000 0.000 0.000 0.000 0.000 0.000
2.544 2.382 2.481 2.793 3.225 3.265 3.275 3.219 3.002 2.765 2.573 2.274 1.958 1.871 1.729 1.468 1.183 0.779 0.410 0.529 0.973 2.037 3.022 3.140 3.556 3.887 3.168 2.147 0.930 0.727 0.993 1.279 1.567 2.131 3.291 4.001 3.874 3.467 3.025 2.735 2.245 1.737 1.364 0.925 0.514 0.286 0.000 0.000 0.000 0.000 0.000 0.000 0.000 0.000 0.000 0.000 0.000 0.000 0.000 0.000 0.000 0.000 0.000 0.000 0.000 0.000 0.000 0.000 0.000 0.000 0.000 0.000 0.000 0.000 0.000 0.000 0.000
2.033 1.909 2.158 2.695 3.164 3.193 3.190 3.069 2.737 2.349 2.088 1.707 1.491 1.436 1.315 1.118 0.960 0.726 1.024 1.979 2.687 3.155 3.145 3.180 3.544 3.526 2.799 1.790 0.812 0.602 0.818 1.067 1.442 2.173 3.265 3.690 3.315 2.890 2.331 1.904 1.501 1.276 1.101 0.828 0.508 0.240 0.000 0.000 0.000 0.000 0.000 0.000 0.000 0.000 0.000 0.000 0.000 0.000 0.000 0.000 0.000 0.000 0.000 0.000 0.000 0.000 0.000 0.000 0.000 0.000 0.000 0.000 0.000 0.000 0.000 0.000 0.000
1.400 1.472 1.927 2.617 3.094 3.113 3.076 2.829 2.322 1.893 1.545 1.197 1.083 1.010 0.904 0.798 0.765 1.003 2.253 3.321 3.343 3.163 2.842 2.792 3.106 2.931 2.399 1.485 0.703 0.571 0.757 1.051 1.474 2.136 3.029 3.187 2.749 2.377 1.691 1.111 0.872 0.827 0.762 0.629 0.447 0.209 0.000 0.000 0.000 0.000 0.000 0.000 0.000 0.000 0.000 0.000 0.000 0.000 0.000 0.000 0.000 0.000 0.000 0.000 0.000 0.000 0.000 0.000 0.000 0.000 0.000 0.000 0.000 0.000 0.000 0.000 0.000
1.230 1.436 1.997 2.671 3.042 3.006 2.777 2.251 1.670 1.298 0.921 0.743 0.643 0.665 0.668 0.646 0.640 1.315 2.785 3.307 3.173 2.775 2.417 2.594 2.862 2.593 2.158 1.301 0.675 0.624 0.766 1.132 1.643 2.250 2.849 2.890 2.556 2.295 1.610 0.721 0.472 0.460 0.457 0.417 0.319 0.000 0.000 0.000 0.000 0.000 0.000 0.000 0.000 0.000 0.000 0.000 0.000 0.000 0.000 0.000 0.000 0.000 0.000 0.000 0.000 0.000 0.000 0.000 0.000 0.000 0.000 0.000 0.000 0.000 0.000 0.000 0.000
