tests/test_04/output4/CloudLoad_240.00hrs.dat
NCOLS   360
NROWS    60
XLLCORNER           0.000
YLLCORNER           0.000
CELLSIZE           1.000          1.000
NODATA_VALUE  0.000
[rows 0 to 27 of 60, columns 252 to 314 of 360]
2.644493 2.683911 2.614961 2.502328 2.549627 2.726115 2.629129 2.094119 1.410392 0.996052 0.749672 0.573995 0.515540 0.481107 0.432348 0.369412 0.312660 0.283346 0.230535 0.309576 0.552305 0.569749 0.401319 0.000000 0.000000 0.000000 0.000000 0.000000 0.000000 0.000000 0.000000 0.000000 0.000000 0.000000 0.000000 0.000000 0.000000 0.000000 0.000000 0.000000 0.000000 0.000000 0.000000 0.000000 0.000000 0.000000 0.000000 0.000000 0.000000 0.000000 0.000000 0.000000 0.000000 0.219925 0.233005 0.230232 0.215793 0.214470 0.218814 0.226324 0.233572 0.242241 0.247745
3.065132 3.029625 2.927250 2.860758 3.439229 4.064168 3.856405 3.031937 2.247280 1.775865 1.535909 1.324815 1.031647 0.709964 0.417573 0.314797 0.274505 0.283499 0.293218 0.319489 0.438177 0.499878 0.377899 0.000000 0.000000 0.000000 0.000000 0.000000 0.000000 0.000000 0.000000 0.000000 0.000000 0.000000 0.000000 0.000000 0.000000 0.000000 0.000000 0.000000 0.000000 0.000000 0.000000 0.000000 0.000000 0.000000 0.000000 0.000000 0.000000 0.000000 0.241870 0.314004 0.313247 0.281987 0.245241 0.221486 0.203032 0.000000 0.000000 0.000000 0.201668 0.211788 0.219664
1.732623 1.726552 1.717506 2.244215 3.982587 4.293684 3.398389 2.268021 1.645459 1.362464 1.313391 1.475647 1.607854 1.595082 1.305969 0.815759 0.378464 0.000000 0.000000 0.252803 0.412488 0.593655 0.471572 0.000000 0.000000 0.000000 0.000000 0.000000 0.000000 0.000000 0.000000 0.000000 0.000000 0.000000 0.000000 0.000000 0.000000 0.000000 0.000000 0.000000 0.000000 0.000000 0.000000 0.000000 0.000000 0.000000 0.000000 0.000000 0.223184 0.338252 0.417758 0.399489 0.335315 0.280090 0.253455 0.234748 0.215723 0.204045 0.000000 0.000000 0.201402 0.205908 0.000000
2.598073 2.328259 2.355263 4.259777 6.031315 4.929015 2.956485 1.641504 1.146598 0.774230 0.447150 0.439156 0.577881 0.930450 1.325466 1.394996 1.256520 0.843437 0.429277 0.203988 0.312041 0.526965 0.544216 0.298889 0.000000 0.000000 0.000000 0.000000 0.000000 0.000000 0.000000 0.000000 0.000000 0.000000 0.000000 0.000000 0.000000 0.000000 0.000000 0.000000 0.000000 0.000000 0.000000 0.000000 0.000000 0.000000 0.000000 0.256857 0.409758 0.523920 0.580806 0.495333 0.416208 0.343512 0.310730 0.284040 0.260629 0.245907 0.223434 0.000000 0.000000 0.000000 0.000000
3.641042 3.394621 4.932775 8.575685 8.122126 5.502208 2.588863 1.689389 1.233253 0.722589 0.323952 0.236134 0.275431 0.363283 0.431578 0.554664 0.868159 1.005441 0.905949 0.614617 0.368320 0.436846 0.522589 0.403645 0.000000 0.000000 0.000000 0.000000 0.000000 0.000000 0.000000 0.000000 0.000000 0.000000 0.000000 0.000000 0.000000 0.000000 0.000000 0.000000 0.000000 0.000000 0.000000 0.000000 0.000000 0.000000 0.239888 0.412282 0.573745 0.679890 0.667921 0.574345 0.499137 0.400389 0.310518 0.270370 0.254721 0.237823 0.206260 0.000000 0.000000 0.000000 0.000000
3.611077 4.583594 9.675676 10.981937 8.632815 3.424224 2.064196 2.032761 1.749045 1.107911 0.505428 0.235903 0.000000 0.248249 0.333394 0.379028 0.430216 0.581304 0.811066 0.815578 0.715133 0.566023 0.485299 0.439105 0.281463 0.000000 0.000000 0.000000 0.000000 0.000000 0.000000 0.000000 0.000000 0.000000 0.000000 0.000000 0.000000 0.000000 0.000000 0.000000 0.000000 0.000000 0.000000 0.000000 0.000000 0.000000 0.351529 0.535419 0.668559 0.753109 0.718286 0.624946 0.514591 0.362284 0.244198 0.218850 0.000000 0.000000 0.000000 0.000000 0.000000 0.000000 0.000000
3.268053 8.459079 12.774141 11.190773 4.490880 1.528848 1.541724 1.862434 1.874818 1.466331 0.990897 0.701017 0.463383 0.286464 0.253417 0.342442 0.366127 0.365668 0.433690 0.663725 0.746489 0.784442 0.646813 0.473820 0.315572 0.219397 0.000000 0.000000 0.000000 0.000000 0.000000 0.000000 0.000000 0.000000 0.000000 0.000000 0.229647 0.237990 0.000000 0.000000 0.000000 0.000000 0.000000 0.000000 0.000000 0.290894 0.459899 0.631695 0.698556 0.748165 0.736069 0.603854 0.416570 0.239878 0.000000 0.000000 0.000000 0.000000 0.000000 0.000000 0.000000 0.000000 0.000000
6.181464 13.236965 12.931794 6.187310 0.580446 0.390433 0.527581 0.921041 1.059910 0.996015 0.954277 0.964829 0.937550 0.751289 0.518891 0.359885 0.344769 0.340352 0.317658 0.344678 0.571338 0.740522 0.798234 0.627288 0.375579 0.274793 0.000000 0.000000 0.000000 0.000000 0.000000 0.000000 0.000000 0.000000 0.000000 0.000000 0.231030 0.279626 0.304052 0.296644 0.258475 0.230997 0.202200 0.212943 0.329421 0.444862 0.584124 0.670374 0.698819 0.717293 0.660663 0.476295 0.247039 0.000000 0.000000 0.000000 0.000000 0.000000 0.000000 0.000000 0.000000 0.000000 0.000000
12.965824 13.205616 7.467872 0.675525 0.000000 0.000000 0.243434 0.360627 0.379989 0.278379 0.208122 0.337257 0.652152 0.862358 0.877370 0.768173 0.562060 0.371018 0.321978 0.270774 0.301161 0.549357 0.746151 0.748077 0.558179 0.312874 0.249787 0.000000 0.000000 0.000000 0.000000 0.000000 0.000000 0.000000 0.000000 0.000000 0.000000 0.256254 0.306101 0.350563 0.394277 0.417771 0.439465 0.470601 0.540179 0.600007 0.646430 0.676013 0.678353 0.635095 0.453057 0.213164 0.000000 0.000000 0.000000 0.000000 0.000000 0.000000 0.000000 0.000000 0.000000 0.000000 0.000000
9.241700 6.323222 0.888202 0.000000 0.000000 0.000000 0.000000 0.000000 0.000000 0.000000 0.000000 0.000000 0.000000 0.221802 0.617777 0.821691 0.859349 0.693506 0.428819 0.287062 0.234599 0.296441 0.573671 0.713242 0.696283 0.453029 0.276073 0.215941 0.000000 0.000000 0.000000 0.000000 0.000000 0.000000 0.000000 0.000000 0.000000 0.000000 0.232602 0.304026 0.367029 0.414880 0.468012 0.514906 0.557338 0.598846 0.622719 0.620927 0.576597 0.405002 0.000000 0.000000 0.000000 0.000000 0.000000 0.000000 0.000000 0.000000 0.000000 0.000000 0.000000 0.000000 0.000000
2.964022 0.523792 0.000000 0.000000 0.000000 0.000000 0.000000 0.000000 0.000000 0.000000 0.000000 0.000000 0.000000 0.000000 0.000000 0.438166 0.734648 0.828005 0.720395 0.413410 0.246058 0.221458 0.336072 0.621736 0.720859 0.648066 0.372578 0.270254 0.000000 0.000000 0.000000 0.000000 0.000000 0.000000 0.000000 0.000000 0.000000 0.000000 0.000000 0.000000 0.231308 0.285996 0.356704 0.416244 0.450127 0.476660 0.474176 0.425930 0.311430 0.000000 0.000000 0.000000 0.000000 0.000000 0.000000 0.000000 0.000000 0.000000 0.000000 0.000000 0.000000 0.202620 0.266506
0.000000 0.000000 0.000000 0.000000 0.000000 0.000000 0.000000 0.000000 0.000000 0.000000 0.000000 0.000000 0.000000 0.000000 0.000000 0.000000 0.449014 0.740821 0.837187 0.658407 0.323235 0.213359 0.222416 0.418593 0.676317 0.695927 0.581198 0.354665 0.270434 0.000000 0.000000 0.000000 0.000000 0.000000 0.000000 0.000000 0.000000 0.000000 0.000000 0.000000 0.000000 0.000000 0.000000 0.000000 0.205093 0.231014 0.240976 0.209865 0.000000 0.000000 0.000000 0.000000 0.000000 0.000000 0.000000 0.000000 0.000000 0.000000 0.201582 0.305891 0.372515 0.430098 0.550829
0.000000 0.000000 0.000000 0.000000 0.000000 0.000000 0.000000 0.000000 0.000000 0.000000 0.000000 0.000000 0.000000 0.000000 0.000000 0.000000 0.000000 0.585456 0.774235 0.801449 0.508441 0.236407 0.000000 0.244725 0.534184 0.689661 0.679229 0.513212 0.323469 0.251443 0.000000 0.000000 0.000000 0.000000 0.000000 0.000000 0.000000 0.000000 0.000000 0.202461 0.000000 0.000000 0.000000 0.000000 0.000000 0.000000 0.000000 0.000000 0.000000 0.000000 0.000000 0.000000 0.000000 0.000000 0.000000 0.000000 0.000000 0.000000 0.272348 0.424727 0.510414 0.664832 0.884868
0.000000 0.000000 0.000000 0.000000 0.000000 0.000000 0.000000 0.000000 0.000000 0.000000 0.000000 0.000000 0.000000 0.000000 0.000000 0.000000 0.000000 0.347512 0.737026 0.860686 0.716960 0.353445 0.200472 0.000000 0.312584 0.617800 0.749539 0.697484 0.461006 0.306750 0.230147 0.000000 0.000000 0.000000 0.000000 0.000000 0.000000 0.000000 0.000000 0.217539 0.221942 0.204860 0.203469 0.206718 0.219899 0.236575 0.237090 0.215627 0.000000 0.000000 0.000000 0.000000 0.000000 0.000000 0.000000 0.000000 0.000000 0.000000 0.241442 0.418685 0.656699 0.927661 1.414118
0.000000 0.000000 0.000000 0.000000 0.000000 0.000000 0.000000 0.000000 0.000000 0.000000 0.000000 0.000000 0.000000 0.000000 0.000000 0.000000 0.000000 0.000000 0.587398 0.860455 0.849666 0.534471 0.233134 0.000000 0.000000 0.387782 0.686841 0.818811 0.734636 0.455207 0.298230 0.203202 0.000000 0.000000 0.000000 0.000000 0.000000 0.000000 0.000000 0.000000 0.227448 0.229852 0.230033 0.235324 0.243924 0.247690 0.232444 0.202969 0.000000 0.000000 0.000000 0.000000 0.000000 0.000000 0.000000 0.000000 0.000000 0.000000 0.261774 0.501797 0.863370 1.423285 2.449847
0.000000 0.000000 0.000000 0.000000 0.000000 0.000000 0.000000 0.000000 0.000000 0.000000 0.000000 0.000000 0.000000 0.000000 0.000000 0.000000 0.000000 0.000000 0.321039 0.803723 0.916406 0.786563 0.379076 0.000000 0.000000 0.226815 0.486858 0.759021 0.858209 0.752327 0.454926 0.297044 0.000000 0.000000 0.000000 0.000000 0.000000 0.000000 0.000000 0.000000 0.000000 0.214183 0.223630 0.226117 0.226113 0.219739 0.205900 0.000000 0.000000 0.000000 0.000000 0.000000 0.000000 0.000000 0.000000 0.000000 0.236891 0.342768 0.537573 0.879764 1.417297 2.479652 3.687927
0.000000 0.000000 0.000000 0.000000 0.000000 0.000000 0.000000 0.000000 0.000000 0.000000 0.000000 0.000000 0.000000 0.000000 0.000000 0.000000 0.000000 0.000000 0.000000 0.544518 0.953237 0.980419 0.732969 0.331080 0.000000 0.000000 0.272593 0.555139 0.772466 0.837566 0.727809 0.443705 0.288464 0.000000 0.000000 0.000000 0.000000 0.000000 0.000000 0.000000 0.000000 0.000000 0.000000 0.200772 0.000000 0.000000 0.000000 0.000000 0.000000 0.000000 0.000000 0.000000 0.000000 0.000000 0.219515 0.331751 0.453094 0.634101 0.936655 1.384591 2.319927 3.636216 4.344825
0.000000 0.000000 0.000000 0.000000 0.000000 0.000000 0.000000 0.000000 0.000000 0.000000 0.000000 0.000000 0.000000 0.000000 0.000000 0.000000 0.000000 0.000000 0.000000 0.250715 0.651388 0.974166 0.955769 0.682522 0.327160 0.000000 0.000000 0.306456 0.566999 0.744386 0.801543 0.684884 0.431289 0.294114 0.205110 0.000000 0.000000 0.000000 0.000000 0.000000 0.000000 0.000000 0.000000 0.000000 0.000000 0.000000 0.000000 0.000000 0.000000 0.000000 0.000000 0.000000 0.201037 0.312719 0.429950 0.556359 0.730050 1.005991 1.382224 2.116221 3.397915 4.317699 4.501095
0.000000 0.000000 0.000000 0.000000 0.000000 0.000000 0.000000 0.000000 0.000000 0.000000 0.000000 0.000000 0.000000 0.000000 0.000000 0.000000 0.000000 0.000000 0.000000 0.000000 0.278066 0.615928 0.875885 0.869110 0.663248 0.345060 0.000000 0.000000 0.322351 0.561482 0.737186 0.797351 0.681392 0.456239 0.322346 0.248998 0.000000 0.000000 0.000000 0.000000 0.000000 0.000000 0.000000 0.000000 0.000000 0.000000 0.000000 0.000000 0.000000 0.000000 0.237471 0.312239 0.410505 0.520208 0.635582 0.797499 1.067617 1.397509 1.973634 3.071071 4.177834 4.489427 4.184754
0.000000 0.000000 0.000000 0.000000 0.000000 0.000000 0.000000 0.000000 0.000000 0.000000 0.000000 0.000000 0.000000 0.000000 0.000000 0.000000 0.000000 0.000000 0.000000 0.000000 0.000000 0.237409 0.537979 0.829226 0.848397 0.685112 0.372425 0.000000 0.214156 0.346355 0.586700 0.794629 0.834286 0.733350 0.538607 0.395221 0.317927 0.257064 0.000000 0.000000 0.000000 0.000000 0.000000 0.000000 0.000000 0.000000 0.000000 0.222305 0.293248 0.361666 0.417734 0.485388 0.573764 0.669530 0.814553 1.098297 1.410917 1.844238 2.761131 3.935900 4.418228 4.124002 3.454712
0.000000 0.000000 0.000000 0.000000 0.000000 0.000000 0.000000 0.000000 0.000000 0.000000 0.000000 0.000000 0.000000 0.000000 0.000000 0.000000 0.000000 0.000000 0.234495 0.239719 0.263518 0.300390 0.416151 0.768039 1.003899 0.983825 0.759361 0.414135 0.228160 0.254724 0.401693 0.659540 0.867785 0.912418 0.847354 0.683957 0.538777 0.448896 0.393825 0.344946 0.298872 0.257994 0.234436 0.229493 0.241926 0.267130 0.300434 0.339363 0.377997 0.414929 0.473362 0.554213 0.654134 0.829401 1.129142 1.432085 1.785996 2.522095 3.696844 4.299064 3.983219 3.407460 2.246966
0.000000 0.000000 0.000000 0.000000 0.000000 0.000000 0.000000 0.000000 0.000000 0.000000 0.000000 0.000000 0.000000 0.000000 0.000000 0.000000 0.000000 0.304263 0.420034 0.560266 0.701066 0.830149 0.924764 0.999963 1.277853 1.407366 1.307998 0.938859 0.503869 0.296370 0.332028 0.514687 0.769800 0.934492 0.960865 0.947652 0.862925 0.768465 0.664678 0.578521 0.516681 0.461102 0.412021 0.374181 0.355567 0.357342 0.363553 0.365691 0.372283 0.403286 0.485153 0.625999 0.868661 1.194886 1.476353 1.791303 2.425445 3.521506 4.096263 3.840328 3.301938 2.198596 1.026655
0.000000 0.000000 0.000000 0.000000 0.000000 0.000000 0.000000 0.000000 0.000000 0.000000 0.000000 0.000000 0.000000 0.000000 0.000000 0.250855 0.402445 0.727797 0.979447 1.072160 1.077559 1.007475 0.945701 0.853176 1.005397 1.293280 1.401963 1.356187 1.031405 0.600292 0.419210 0.461050 0.628132 0.835848 0.978643 1.002181 0.994334 0.952150 0.891919 0.799338 0.687819 0.591745 0.521759 0.459449 0.399974 0.354809 0.350923 0.365997 0.405868 0.527602 0.727167 1.024266 1.334187 1.572460 1.868308 2.483212 3.377681 3.830852 3.582865 3.043582 2.032562 0.974103 0.378256
0.000000 0.000000 0.000000 0.000000 0.000000 0.000000 0.000000 0.000000 0.000000 0.000000 0.000000 0.000000 0.000000 0.000000 0.325610 0.623386 0.956605 1.199970 1.309266 1.206052 1.013820 0.748142 0.492773 0.318979 0.437968 0.845911 1.236336 1.355901 1.262908 0.936627 0.625264 0.519223 0.548876 0.678524 0.875196 1.039364 1.067591 1.057789 1.024609 0.936843 0.812998 0.666061 0.562355 0.522055 0.456557 0.388177 0.375263 0.494447 0.743072 1.054257 1.364856 1.610679 1.785564 2.081092 2.640982 3.279919 3.556682 3.262252 2.581024 1.811937 0.984785 0.372329 0.000000
0.000000 0.000000 0.000000 0.000000 0.000000 0.000000 0.000000 0.000000 0.000000 0.000000 0.000000 0.000000 0.000000 0.000000 0.585687 1.060874 1.271207 1.332669 1.219238 0.917195 0.607267 0.403383 0.286789 0.209908 0.214679 0.442008 0.915170 1.236267 1.334059 1.120010 0.772616 0.599874 0.546315 0.583692 0.751506 0.976956 1.067705 1.085459 1.106320 1.049226 0.867220 0.679659 0.622755 0.588392 0.528441 0.541510 0.776466 1.135558 1.510414 1.810771 1.937371 2.095869 2.418988 2.812757 3.231605 3.143712 2.752543 2.069921 1.514831 0.987407 0.433448 0.000000 0.000000
0.000000 0.000000 0.000000 0.000000 0.000000 0.000000 0.000000 0.000000 0.000000 0.000000 0.000000 0.000000 0.000000 0.224072 0.793589 1.273928 1.338257 1.146454 0.896058 0.836020 0.716235 0.584575 0.446846 0.347468 0.297567 0.363209 0.666215 1.045360 1.267498 1.210447 0.902212 0.632955 0.553036 0.593619 0.767304 1.021762 1.142010 1.185723 1.219688 1.132327 0.914337 0.753650 0.737128 0.754949 0.954000 1.298313 1.726368 2.094094 2.246351 2.310944 2.521335 2.752536 3.002931 2.982268 2.706096 2.152999 1.655994 1.275107 0.907773 0.473283 0.000000 0.000000 0.000000
0.000000 0.000000 0.000000 0.000000 0.000000 0.000000 0.000000 0.000000 0.000000 0.000000 0.000000 0.000000 0.000000 0.213696 0.894324 1.241485 1.225239 0.956841 1.083323 1.051907 0.856799 0.570085 0.374413 0.284132 0.235377 0.242778 0.416672 0.777682 1.083974 1.188446 1.019884 0.723643 0.580333 0.626412 0.826627 1.113711 1.257583 1.344343 1.349173 1.209154 1.026663 0.902669 1.047794 1.485407 1.962830 2.407012 2.566287 2.563494 2.626683 2.881947 3.071877 2.988824 2.697874 2.175833 1.660083 1.353444 1.087720 0.776019 0.438495 0.000000 0.000000 0.000000 0.000000
0.000000 0.000000 0.000000 0.000000 0.000000 0.000000 0.000000 0.000000 0.000000 0.000000 0.000000 0.000000 0.000000 0.000000 0.893446 1.258645 1.226429 1.005965 1.307641 1.172722 0.652668 0.245799 0.000000 0.000000 0.000000 0.000000 0.000000 0.406897 0.832771 1.073770 1.118935 0.955942 0.769607 0.747795 0.987779 1.244376 1.333211 1.388084 1.362460 1.233958 1.203791 1.513004 2.085484 2.672529 2.845105 2.842038 2.849854 3.112272 3.335844 3.254318 2.793985 2.162313 1.632687 1.319097 1.134379 0.891847 0.589839 0.343443 0.000000 0.000000 0.000000 0.000000 0.491433
