tests/test_04/output4/CloudConcentration_120.00hrs.dat
NCOLS   360
NROWS    60
XLLCORNER           0.000
YLLCORNER           0.000
CELLSIZE           1.000          1.000
NODATA_VALUE  0.000
[rows 0 to 27 of 60, columns 252 to 314 of 360]
0.000000 0.000000 0.000000 0.000000 0.000000 0.000000 0.000000 0.000000 0.000000 0.000000 0.000000 0.000000 0.000000 0.000000 0.000000 0.000000 0.000000 0.000000 0.000000 0.000000 0.000000 0.000000 0.000000 0.000000 0.000000 0.000000 0.000000 0.000000 0.000000 0.000000 0.000000 0.000000 0.000000 0.000000 0.000000 0.000000 0.000000 0.000000 0.000000 0.000000 0.000000 0.000000 0.000000 0.000000 0.000000 0.000000 0.000000 0.000000 0.000000 0.000000 0.000000 0.000000 0.000000 0.000000 0.000000 0.000000 0.000000 0.000000 0.150473 0.621194 0.821758 0.647373 0.418297
0.000000 0.000000 0.000000 0.000000 0.000000 0.000000 0.000000 0.000000 0.000000 0.000000 0.000000 0.000000 0.000000 0.000000 0.000000 0.000000 0.000000 0.000000 0.000000 0.000000 0.000000 0.000000 0.000000 0.000000 0.000000 0.000000 0.000000 0.000000 0.000000 0.000000 0.000000 0.000000 0.000000 0.000000 0.000000 0.000000 0.000000 0.000000 0.000000 0.000000 0.000000 0.000000 0.000000 0.000000 0.000000 0.000000 0.000000 0.000000 0.000000 0.000000 0.000000 0.000000 0.000000 0.000000 0.000000 0.000000 0.000000 0.156304 0.717404 1.103150 0.893649 0.506166 0.331210
0.000000 0.000000 0.000000 0.000000 0.000000 0.000000 0.000000 0.000000 0.000000 0.000000 0.000000 0.000000 0.000000 0.000000 0.000000 0.000000 0.000000 0.000000 0.000000 0.000000 0.000000 0.000000 0.000000 0.000000 0.000000 0.000000 0.000000 0.000000 0.000000 0.000000 0.000000 0.000000 0.000000 0.000000 0.000000 0.000000 0.000000 0.000000 0.000000 0.000000 0.000000 0.000000 0.000000 0.000000 0.000000 0.000000 0.000000 0.000000 0.000000 0.000000 0.000000 0.000000 0.000000 0.000000 0.000000 0.000000 0.230845 0.813010 1.389738 1.214831 0.690761 0.347949 0.366321
0.000000 0.000000 0.000000 0.000000 0.000000 0.000000 0.000000 0.000000 0.000000 0.000000 0.092499 0.121023 0.137543 0.141427 0.139160 0.099737 0.000000 0.000000 0.000000 0.000000 0.000000 0.000000 0.000000 0.000000 0.000000 0.000000 0.000000 0.000000 0.000000 0.000000 0.000000 0.000000 0.000000 0.000000 0.000000 0.000000 0.000000 0.000000 0.000000 0.000000 0.000000 0.000000 0.000000 0.000000 0.000000 0.000000 0.000000 0.000000 0.000000 0.000000 0.000000 0.000000 0.000000 0.000000 0.056928 0.331760 0.969745 1.611196 1.666499 1.139295 0.338023 0.357205 0.371510
0.148138 0.000000 0.000000 0.000000 0.000000 0.071792 0.196761 0.344672 0.518356 0.708668 0.899439 1.069400 1.153227 1.179138 1.173594 0.939492 0.655220 0.429888 0.196164 0.000000 0.000000 0.000000 0.000000 0.000000 0.000000 0.000000 0.000000 0.000000 0.000000 0.000000 0.000000 0.000000 0.000000 0.000000 0.000000 0.000000 0.000000 0.000000 0.000000 0.000000 0.000000 0.000000 0.000000 0.000000 0.000000 0.000000 0.000000 0.000000 0.000000 0.000000 0.000000 0.000000 0.000000 0.052456 0.375856 1.067996 1.744141 2.011836 1.760538 0.748257 0.340180 0.358661 0.375829
0.553566 0.569908 0.586890 0.641939 0.906174 1.391371 1.416443 1.348341 1.561649 1.746991 1.921929 2.045179 2.090840 2.105043 2.084127 2.025674 1.780328 1.424768 1.054002 0.662132 0.292810 0.090535 0.000000 0.000000 0.000000 0.000000 0.000000 0.000000 0.000000 0.000000 0.000000 0.000000 0.000000 0.000000 0.000000 0.000000 0.000000 0.000000 0.000000 0.000000 0.000000 0.000000 0.000000 0.000000 0.000000 0.000000 0.000000 0.000000 0.000000 0.000000 0.000000 0.000000 0.000000 0.301811 0.940878 1.667223 2.110257 2.155007 1.793181 0.639556 0.334798 0.348697 0.382789
1.109451 1.289543 2.098221 2.776070 5.158751 8.095617 9.932143 9.811217 9.341269 8.243398 6.599351 4.824458 3.127498 2.651015 2.480340 2.232922 1.946773 1.614680 1.254286 1.026311 0.768941 0.464051 0.237699 0.137519 0.000000 0.000000 0.000000 0.000000 0.000000 0.000000 0.000000 0.000000 0.000000 0.000000 0.000000 0.000000 0.000000 0.000000 0.000000 0.000000 0.000000 0.000000 0.000000 0.000000 0.000000 0.000000 0.000000 0.000000 0.000000 0.000000 0.000000 0.000000 0.088813 0.550822 1.188959 1.855865 2.256402 2.320349 2.047990 0.758762 0.331124 0.342965 0.393788
3.476511 2.666250 3.315463 5.820411 10.035424 14.472848 16.605085 16.604116 16.352905 15.248424 12.295560 8.928632 5.632277 3.600528 3.393305 3.371460 3.371250 3.296019 3.079237 2.726689 2.360653 1.807960 1.250228 0.769263 0.404583 0.149324 0.000000 0.000000 0.000000 0.000000 0.000000 0.000000 0.000000 0.000000 0.000000 0.000000 0.000000 0.000000 0.000000 0.000000 0.000000 0.000000 0.000000 0.000000 0.000000 0.000000 0.000000 0.000000 0.000000 0.000000 0.000000 0.000000 0.232449 0.555641 1.166272 1.859746 2.347356 2.527068 2.512779 1.671134 0.469312 0.345323 0.407376
15.681706 11.983020 7.584453 9.548068 14.108231 17.564619 17.870598 17.806599 17.317154 15.215736 10.615116 6.022288 4.683991 4.597649 4.534075 4.521162 4.600142 4.905794 5.054121 5.010910 4.870892 4.529174 3.684004 2.700728 1.763806 0.946074 0.358156 0.000000 0.000000 0.000000 0.000000 0.000000 0.000000 0.000000 0.000000 0.000000 0.000000 0.000000 0.000000 0.000000 0.000000 0.000000 0.000000 0.000000 0.000000 0.000000 0.000000 0.000000 0.000000 0.000000 0.000000 0.000000 0.254346 0.514765 0.740780 1.153818 2.034206 2.590178 2.660305 2.551219 1.643367 0.429828 0.406796
25.586878 23.982063 19.092239 11.868549 15.502604 17.571043 17.537050 16.972954 14.506458 9.052615 4.483732 4.393115 4.322019 4.309099 4.320735 4.377517 4.597058 4.961604 5.304367 5.452880 5.443396 5.393925 5.223978 4.654220 3.634032 2.605214 1.581460 0.685748 0.104082 0.000000 0.000000 0.000000 0.000000 0.000000 0.000000 0.000000 0.000000 0.000000 0.000000 0.000000 0.000000 0.000000 0.000000 0.000000 0.000000 0.000000 0.000000 0.000000 0.000000 0.000000 0.000000 0.000000 0.113833 0.189932 0.313259 0.503850 0.936525 1.762501 2.488455 2.744299 2.788103 1.894685 0.573941
28.780800 27.574848 22.817287 13.469167 13.525387 13.676421 13.412665 11.746830 6.770485 2.805112 2.233234 1.829823 1.569528 1.648349 1.873753 2.261177 2.801198 3.515906 4.209975 4.759118 5.105585 5.104995 5.022883 4.655618 3.757627 2.814663 1.895612 1.017310 0.231200 0.000000 0.000000 0.000000 0.000000 0.000000 0.000000 0.000000 0.000000 0.000000 0.000000 0.000000 0.000000 0.000000 0.000000 0.000000 0.000000 0.000000 0.000000 0.000000 0.000000 0.000000 0.000000 0.000000 0.000000 0.000000 0.000000 0.088762 0.190911 0.440260 1.218578 2.396661 2.940236 3.014866 2.352325
29.397430 27.788029 20.093721 7.895581 8.375985 8.941208 8.446810 5.811077 1.774697 0.504779 0.164049 0.122064 0.343604 0.656238 0.939783 1.110552 1.132967 1.159055 1.462676 2.234985 2.901467 3.364045 3.421999 3.345761 2.906512 2.193313 1.483362 0.775891 0.245599 0.125288 0.000000 0.000000 0.000000 0.000000 0.000000 0.000000 0.000000 0.000000 0.000000 0.000000 0.000000 0.000000 0.000000 0.000000 0.000000 0.000000 0.000000 0.000000 0.000000 0.000000 0.000000 0.000000 0.000000 0.000000 0.000000 0.000000 0.000000 0.041515 0.151572 0.604543 1.636389 2.871646 3.283250
20.945623 18.501554 8.632952 3.619923 6.355762 6.640297 5.677528 2.635849 0.205896 0.099363 0.111728 0.126078 0.336171 0.702783 1.045015 1.086553 1.068771 1.042017 0.970542 0.907301 0.839701 0.765095 0.796830 0.827462 0.788806 0.619731 0.402050 0.293747 0.203482 0.116373 0.000000 0.000000 0.000000 0.000000 0.000000 0.000000 0.000000 0.000000 0.000000 0.000000 0.000000 0.000000 0.000000 0.000000 0.000000 0.000000 0.000000 0.000000 0.000000 0.000000 0.000000 0.000000 0.000000 0.000000 0.000000 0.000000 0.000000 0.000000 0.000000 0.085472 0.457966 1.282602 2.740005
8.219687 6.167790 1.401477 3.377738 5.961914 5.763009 3.540096 0.659315 0.129631 0.140508 0.143818 0.367033 0.675627 0.920050 0.998120 0.954189 0.864615 0.755888 0.628062 0.531944 0.441884 0.371357 0.320194 0.281980 0.252422 0.225137 0.199348 0.171832 0.137816 0.098073 0.059295 0.000000 0.000000 0.000000 0.000000 0.000000 0.000000 0.000000 0.000000 0.000000 0.000000 0.000000 0.000000 0.000000 0.000000 0.000000 0.000000 0.000000 0.000000 0.000000 0.000000 0.000000 0.000000 0.000000 0.000000 0.000000 0.000000 0.000000 0.000000 0.000000 0.108704 0.583157 1.485229
2.331029 1.366490 0.993013 4.009768 5.920710 4.676211 1.236123 0.119483 0.118523 0.111439 0.222611 0.422296 0.511714 0.535625 0.526551 0.412859 0.305489 0.253668 0.265656 0.271113 0.252082 0.187860 0.123768 0.105332 0.101866 0.074564 0.049591 0.053088 0.059250 0.063022 0.057046 0.000000 0.000000 0.000000 0.000000 0.000000 0.000000 0.000000 0.000000 0.000000 0.000000 0.000000 0.000000 0.000000 0.000000 0.000000 0.000000 0.000000 0.000000 0.000000 0.000000 0.000000 0.000000 0.000000 0.000000 0.000000 0.000000 0.000000 0.000000 0.000000 0.000000 0.165444 0.724968
0.572120 0.235810 1.155065 4.746318 5.623475 3.115548 0.231803 0.000000 0.072315 0.190711 0.218387 0.283126 0.351301 0.401443 0.423305 0.425447 0.420279 0.384814 0.340029 0.318875 0.325148 0.310816 0.289946 0.277033 0.264210 0.253034 0.213728 0.145185 0.073674 0.061096 0.045877 0.036247 0.000000 0.000000 0.000000 0.000000 0.000000 0.000000 0.000000 0.000000 0.000000 0.000000 0.000000 0.000000 0.000000 0.000000 0.000000 0.000000 0.000000 0.000000 0.000000 0.000000 0.000000 0.000000 0.000000 0.000000 0.000000 0.000000 0.000000 0.000000 0.000000 0.000000 0.232760
0.250199 0.182410 1.188407 5.035707 5.228188 1.801597 0.205362 0.155696 0.385434 0.578742 0.688824 0.719176 0.704359 0.679712 0.651272 0.623597 0.596484 0.562305 0.545026 0.551960 0.548436 0.556987 0.578609 0.575390 0.570820 0.581382 0.591554 0.594522 0.590282 0.539024 0.401827 0.255808 0.138958 0.066678 0.000000 0.000000 0.000000 0.000000 0.000000 0.000000 0.000000 0.000000 0.000000 0.000000 0.000000 0.000000 0.000000 0.000000 0.000000 0.000000 0.000000 0.000000 0.000000 0.000000 0.000000 0.000000 0.000000 0.000000 0.000000 0.000000 0.000000 0.000000 0.075668
0.251492 0.198298 1.283555 5.106694 4.730094 1.123403 0.386137 0.495295 0.825962 0.926616 0.922303 0.854747 0.776221 0.718753 0.689882 0.680131 0.677067 1.077797 1.682801 2.104238 2.229316 2.251869 2.302020 2.113421 1.908671 1.783780 1.467677 1.003766 0.519516 0.565493 0.617430 0.625203 0.591681 0.475818 0.297509 0.148050 0.000000 0.000000 0.000000 0.000000 0.000000 0.000000 0.000000 0.000000 0.000000 0.000000 0.000000 0.000000 0.000000 0.000000 0.000000 0.000000 0.000000 0.000000 0.000000 0.000000 0.000000 0.000000 0.000000 0.000000 0.000000 0.000000 0.054109
0.169345 0.198261 1.020064 4.652534 4.579278 1.251255 0.430749 0.626420 1.045844 1.047259 0.950813 0.839579 0.805764 1.099211 2.067540 3.183754 3.829018 3.871030 3.756237 3.462110 3.038842 2.769201 2.622834 2.485660 2.465543 2.504697 2.560550 2.547786 2.376806 1.887231 1.063274 0.413341 0.468945 0.528835 0.531452 0.489390 0.330509 0.169655 0.000000 0.000000 0.000000 0.000000 0.000000 0.000000 0.000000 0.000000 0.000000 0.000000 0.000000 0.000000 0.000000 0.000000 0.000000 0.000000 0.000000 0.000000 0.000000 0.000000 0.000000 0.000000 0.000000 0.000000 0.062910
0.000000 0.131756 0.678156 3.905887 4.468016 1.635113 0.303464 0.530501 1.153692 1.191506 1.947759 2.929959 4.028112 5.195595 5.643759 5.627699 4.614597 3.237859 2.119107 1.446638 1.039497 0.927255 0.912843 0.975441 1.090839 1.194426 1.420256 1.732983 2.156753 2.563958 2.691935 2.458314 1.496127 0.462551 0.470529 0.516164 0.520892 0.479154 0.325553 0.164604 0.000000 0.000000 0.000000 0.000000 0.000000 0.000000 0.000000 0.000000 0.000000 0.000000 0.000000 0.000000 0.000000 0.000000 0.000000 0.000000 0.000000 0.000000 0.000000 0.000000 0.000000 0.000000 0.097285
0.000000 0.000000 0.259930 2.469018 4.310026 2.771417 0.314422 0.546108 0.959710 2.230416 4.380457 6.133981 6.724232 6.803471 5.485781 3.510487 1.518317 0.898279 0.785782 0.853775 0.852448 0.844338 0.884693 0.903219 0.825275 0.905054 0.911933 0.888825 0.965455 1.143248 1.664480 2.485083 2.767686 2.523242 1.543421 0.494905 0.485176 0.517155 0.514222 0.456601 0.290538 0.139766 0.000000 0.000000 0.000000 0.000000 0.000000 0.000000 0.000000 0.000000 0.000000 0.000000 0.000000 0.000000 0.000000 0.000000 0.000000 0.000000 0.000000 0.000000 0.000000 0.000000 0.259597
0.000000 0.000000 0.077046 1.014997 3.798452 3.899700 1.674341 0.204504 0.694676 1.135681 4.398837 6.524283 6.851925 6.558165 4.291811 1.545127 0.951422 0.875083 0.918793 0.902766 0.820446 0.741187 0.763185 0.890587 0.948453 0.905248 0.854415 1.083819 1.019771 0.854810 0.884060 0.980696 1.439829 2.632471 2.926059 2.598589 1.490428 0.467966 0.498332 0.524019 0.513163 0.441588 0.272951 0.132601 0.000000 0.000000 0.000000 0.000000 0.000000 0.000000 0.000000 0.000000 0.000000 0.000000 0.000000 0.000000 0.000000 0.000000 0.000000 0.000000 0.000000 0.124811 0.539533
0.000000 0.000000 0.000000 0.297434 2.338547 4.366546 3.790159 1.205914 0.258556 0.812159 1.952118 5.508417 7.072174 6.652384 3.539664 1.432859 0.793587 1.010683 0.994465 0.837487 0.440711 0.303919 0.446653 0.730009 0.811780 0.844943 0.845846 0.790944 1.069559 1.034871 0.836283 0.842432 0.854781 0.954474 1.551586 2.558359 2.674817 2.177019 1.032952 0.475765 0.509107 0.538347 0.519348 0.424023 0.246787 0.102703 0.000000 0.000000 0.000000 0.000000 0.000000 0.000000 0.000000 0.000000 0.000000 0.000000 0.000000 0.000000 0.000000 0.000000 0.068119 0.408223 0.807744
0.000000 0.000000 0.000000 0.084091 0.506088 2.981254 4.714170 3.956256 1.439528 0.263132 0.976217 1.704752 4.579171 5.776847 5.244943 3.282160 1.221130 1.095683 1.123348 0.845389 0.289145 0.182200 0.596997 0.916215 0.921717 0.887737 0.800628 0.747752 0.756763 0.986559 0.889782 0.842162 0.824346 0.806412 0.850007 1.201738 2.131736 2.594973 2.392297 1.450101 0.427665 0.486231 0.529960 0.545656 0.501639 0.341003 0.148967 0.000000 0.000000 0.000000 0.000000 0.000000 0.000000 0.000000 0.000000 0.000000 0.000000 0.000000 0.000000 0.064222 0.383630 0.816202 1.043215
0.000000 0.000000 0.000000 0.000000 0.144881 0.550943 2.916626 4.725969 4.333087 2.526127 0.684265 1.297411 2.131436 2.180399 2.359978 2.408220 2.282130 2.413040 2.480798 2.043955 0.972586 0.403787 0.866866 1.035998 1.023393 0.945112 0.786444 0.593283 0.547243 0.774389 0.807256 0.825616 0.857414 0.825681 0.775855 0.798508 1.057613 1.885734 2.589031 2.512797 1.744891 0.609674 0.447283 0.519741 0.566486 0.536366 0.387162 0.166141 0.000000 0.000000 0.000000 0.000000 0.000000 0.000000 0.000000 0.000000 0.000000 0.000000 0.097225 0.467560 0.929043 1.093471 1.599663
0.000000 0.000000 0.000000 0.000000 0.113579 0.143554 0.430049 2.344131 4.774154 5.105856 4.218081 2.565473 1.628188 2.586242 3.363440 3.937174 4.217481 4.218195 3.947834 2.881778 1.385327 0.900768 1.180942 1.170225 1.091027 0.902883 0.652989 0.414802 0.396767 0.639381 0.644856 0.508802 0.724632 0.774614 0.739769 0.670476 0.688627 0.944250 1.803767 2.546988 2.498080 1.782782 0.599837 0.421332 0.530209 0.590514 0.562869 0.383749 0.125519 0.000000 0.000000 0.000000 0.000000 0.000000 0.000000 0.061100 0.143011 0.376442 0.781667 1.041606 1.400010 1.605247 1.511303
0.000000 0.000000 0.000000 0.000000 0.000000 0.142420 0.114751 0.183998 0.870962 2.789131 4.220742 4.372899 4.180420 3.476255 2.946346 3.948648 4.332171 4.306134 4.007982 2.908162 1.829909 1.684023 1.456477 1.208868 0.960315 0.663824 0.426514 0.233251 0.417898 0.564841 0.526559 0.301649 0.427082 0.660939 0.681810 0.624322 0.564935 0.602497 0.932144 1.915921 2.628053 2.506526 1.667503 0.460677 0.441027 0.578236 0.591239 0.526243 0.274824 0.075525 0.039759 0.062031 0.111654 0.209227 0.350630 0.534606 0.747064 0.878358 1.067831 1.590579 1.583577 1.334736 0.651735
0.000000 0.000000 0.000000 0.000000 0.000000 0.000000 0.118816 0.000000 0.000000 0.121130 0.432405 1.047617 1.972021 2.839137 3.193775 3.398515 3.519001 3.479992 3.276750 3.061095 2.873325 2.699819 2.486390 2.237970 1.896071 1.340586 0.658499 0.222531 0.421479 0.464429 0.381032 0.123309 0.162800 0.369633 0.547584 0.546458 0.481736 0.460549 0.544405 1.113109 2.266275 2.700022 2.473446 1.392851 0.551977 0.519856 0.611206 0.588280 0.406530 0.245187 0.327148 0.445574 0.583743 0.709830 0.767461 0.785664 0.781561 1.307589 1.472601 1.399492 0.960351 0.297690 0.000000
