tests/test_04/output4/CloudConcentration_240.00hrs.dat
NCOLS   360
NROWS    60
XLLCORNER           0.000
YLLCORNER           0.000
CELLSIZE           1.000          1.000
NODATA_VALUE  0.000
[rows 0 to 27 of 60, columns 252 to 314 of 360]
0.799250 0.788577 0.751168 0.700129 0.641250 0.608745 0.642068 0.466398 0.327712 0.210983 0.142795 0.133008 0.121610 0.103202 0.108141 0.115199 0.116449 0.106679 0.067627 0.086959 0.215602 0.234723 0.173347 0.000000 0.000000 0.000000 0.000000 0.000000 0.000000 0.000000 0.000000 0.000000 0.000000 0.000000 0.000000 0.000000 0.000000 0.000000 0.000000 0.000000 0.000000 0.000000 0.000000 0.000000 0.000000 0.000000 0.000000 0.000000 0.000000 0.000000 0.000000 0.000000 0.000000 0.051273 0.055276 0.052298 0.044551 0.041301 0.039967 0.039668 0.040201 0.042904 0.045326
1.193068 1.091709 1.001032 0.928136 0.878357 1.109691 1.033439 0.789269 0.744357 0.668025 0.575069 0.460776 0.313169 0.158777 0.095501 0.065577 0.082515 0.117956 0.126135 0.115629 0.103734 0.164009 0.139404 0.000000 0.000000 0.000000 0.000000 0.000000 0.000000 0.000000 0.000000 0.000000 0.000000 0.000000 0.000000 0.000000 0.000000 0.000000 0.000000 0.000000 0.000000 0.000000 0.000000 0.000000 0.000000 0.000000 0.000000 0.000000 0.000000 0.000000 0.068189 0.073168 0.073665 0.075026 0.060364 0.047683 0.034881 0.000000 0.000000 0.000000 0.027762 0.028331 0.028286
0.551874 0.472344 0.409041 0.708748 1.599135 1.765728 1.321185 0.746911 0.395835 0.458947 0.536021 0.608699 0.647159 0.631350 0.484233 0.253120 0.064497 0.000000 0.000000 0.099474 0.104191 0.144892 0.128635 0.000000 0.000000 0.000000 0.000000 0.000000 0.000000 0.000000 0.000000 0.000000 0.000000 0.000000 0.000000 0.000000 0.000000 0.000000 0.000000 0.000000 0.000000 0.000000 0.000000 0.000000 0.000000 0.000000 0.000000 0.000000 0.084876 0.110631 0.117150 0.088923 0.089355 0.078778 0.067825 0.055724 0.040052 0.025560 0.000000 0.000000 0.030517 0.029185 0.000000
0.618652 0.469580 0.540603 1.641064 2.650864 2.196007 1.286982 0.667659 0.432156 0.247296 0.134200 0.147285 0.190917 0.335928 0.522220 0.551324 0.497390 0.314703 0.131987 0.057463 0.086996 0.123099 0.116965 0.047695 0.000000 0.000000 0.000000 0.000000 0.000000 0.000000 0.000000 0.000000 0.000000 0.000000 0.000000 0.000000 0.000000 0.000000 0.000000 0.000000 0.000000 0.000000 0.000000 0.000000 0.000000 0.000000 0.000000 0.107181 0.151829 0.169061 0.163815 0.116933 0.119091 0.107565 0.097702 0.082832 0.064046 0.045277 0.032448 0.000000 0.000000 0.000000 0.000000
1.222910 1.016340 1.369320 3.380754 3.338447 2.201674 0.898745 0.583870 0.454715 0.260367 0.079166 0.078030 0.078707 0.094570 0.112297 0.144649 0.305169 0.393507 0.370122 0.237794 0.081372 0.110337 0.113276 0.088573 0.000000 0.000000 0.000000 0.000000 0.000000 0.000000 0.000000 0.000000 0.000000 0.000000 0.000000 0.000000 0.000000 0.000000 0.000000 0.000000 0.000000 0.000000 0.000000 0.000000 0.000000 0.000000 0.106435 0.169917 0.210810 0.223338 0.198059 0.146777 0.121173 0.115927 0.100224 0.085048 0.067353 0.048255 0.033234 0.000000 0.000000 0.000000 0.000000
1.296848 1.118077 3.706012 4.510694 3.472147 0.970925 0.577635 0.487102 0.442008 0.247226 0.131241 0.057517 0.000000 0.062617 0.102400 0.115188 0.116959 0.174291 0.313432 0.336314 0.282192 0.123440 0.116830 0.094350 0.084264 0.000000 0.000000 0.000000 0.000000 0.000000 0.000000 0.000000 0.000000 0.000000 0.000000 0.000000 0.000000 0.000000 0.000000 0.000000 0.000000 0.000000 0.000000 0.000000 0.000000 0.000000 0.155248 0.223423 0.255851 0.263013 0.226122 0.178799 0.127413 0.094736 0.074816 0.054461 0.000000 0.000000 0.000000 0.000000 0.000000 0.000000 0.000000
0.796586 3.490903 5.717510 4.986018 1.638047 0.581025 0.574904 0.568180 0.553711 0.509173 0.417158 0.301421 0.182108 0.070969 0.071770 0.114416 0.120565 0.111452 0.116280 0.252181 0.302475 0.274385 0.137417 0.092386 0.091653 0.073955 0.000000 0.000000 0.000000 0.000000 0.000000 0.000000 0.000000 0.000000 0.000000 0.000000 0.082666 0.084285 0.000000 0.000000 0.000000 0.000000 0.000000 0.000000 0.000000 0.124529 0.201570 0.265751 0.271372 0.269642 0.246276 0.183121 0.096783 0.064557 0.000000 0.000000 0.000000 0.000000 0.000000 0.000000 0.000000 0.000000 0.000000
2.848076 6.417274 6.306389 2.961987 0.158564 0.130480 0.147233 0.264376 0.269900 0.343173 0.429578 0.458925 0.443167 0.340402 0.190389 0.086806 0.121175 0.119689 0.105592 0.084766 0.210614 0.271958 0.249319 0.125372 0.088122 0.089653 0.000000 0.000000 0.000000 0.000000 0.000000 0.000000 0.000000 0.000000 0.000000 0.000000 0.079986 0.103861 0.117337 0.112932 0.090906 0.075573 0.063990 0.071650 0.128283 0.183572 0.243289 0.270208 0.270209 0.264545 0.231929 0.139362 0.046799 0.000000 0.000000 0.000000 0.000000 0.000000 0.000000 0.000000 0.000000 0.000000 0.000000
6.390001 6.542816 3.698928 0.312739 0.000000 0.000000 0.103185 0.159008 0.161758 0.095323 0.075067 0.157850 0.315651 0.417005 0.410187 0.312801 0.148136 0.122707 0.117726 0.092058 0.073683 0.194932 0.245922 0.220927 0.099096 0.089956 0.085114 0.000000 0.000000 0.000000 0.000000 0.000000 0.000000 0.000000 0.000000 0.000000 0.000000 0.090476 0.118137 0.139577 0.157391 0.164055 0.168797 0.180093 0.209909 0.236029 0.254221 0.264434 0.260529 0.233842 0.144454 0.035127 0.000000 0.000000 0.000000 0.000000 0.000000 0.000000 0.000000 0.000000 0.000000 0.000000 0.000000
4.585335 3.147854 0.435955 0.000000 0.000000 0.000000 0.000000 0.000000 0.000000 0.000000 0.000000 0.000000 0.000000 0.107079 0.300862 0.385372 0.353411 0.209446 0.121223 0.103149 0.077080 0.077892 0.194948 0.227176 0.189609 0.079682 0.087092 0.071904 0.000000 0.000000 0.000000 0.000000 0.000000 0.000000 0.000000 0.000000 0.000000 0.000000 0.081217 0.119752 0.149408 0.168529 0.187663 0.204828 0.220220 0.235819 0.245062 0.240471 0.212840 0.129280 0.000000 0.000000 0.000000 0.000000 0.000000 0.000000 0.000000 0.000000 0.000000 0.000000 0.000000 0.000000 0.000000
1.475980 0.259545 0.000000 0.000000 0.000000 0.000000 0.000000 0.000000 0.000000 0.000000 0.000000 0.000000 0.000000 0.000000 0.000000 0.212586 0.340442 0.326310 0.213143 0.112344 0.084588 0.069203 0.095685 0.200449 0.215404 0.156162 0.083656 0.083769 0.000000 0.000000 0.000000 0.000000 0.000000 0.000000 0.000000 0.000000 0.000000 0.000000 0.000000 0.000000 0.086508 0.115743 0.148458 0.172914 0.185101 0.191338 0.182708 0.147964 0.086398 0.000000 0.000000 0.000000 0.000000 0.000000 0.000000 0.000000 0.000000 0.000000 0.000000 0.000000 0.000000 0.050242 0.068593
0.000000 0.000000 0.000000 0.000000 0.000000 0.000000 0.000000 0.000000 0.000000 0.000000 0.000000 0.000000 0.000000 0.000000 0.000000 0.000000 0.216108 0.333769 0.311672 0.181374 0.093079 0.070323 0.063570 0.121532 0.205993 0.205282 0.124075 0.090884 0.083307 0.000000 0.000000 0.000000 0.000000 0.000000 0.000000 0.000000 0.000000 0.000000 0.000000 0.000000 0.000000 0.000000 0.000000 0.000000 0.068293 0.066444 0.054968 0.031258 0.000000 0.000000 0.000000 0.000000 0.000000 0.000000 0.000000 0.000000 0.000000 0.000000 0.055934 0.091380 0.098867 0.097900 0.104266
0.000000 0.000000 0.000000 0.000000 0.000000 0.000000 0.000000 0.000000 0.000000 0.000000 0.000000 0.000000 0.000000 0.000000 0.000000 0.000000 0.000000 0.277372 0.325475 0.279577 0.122481 0.075446 0.000000 0.060397 0.161124 0.215951 0.188489 0.079805 0.092802 0.079277 0.000000 0.000000 0.000000 0.000000 0.000000 0.000000 0.000000 0.000000 0.000000 0.026121 0.000000 0.000000 0.000000 0.000000 0.000000 0.000000 0.000000 0.000000 0.000000 0.000000 0.000000 0.000000 0.000000 0.000000 0.000000 0.000000 0.000000 0.000000 0.083044 0.134000 0.140074 0.135435 0.151127
0.000000 0.000000 0.000000 0.000000 0.000000 0.000000 0.000000 0.000000 0.000000 0.000000 0.000000 0.000000 0.000000 0.000000 0.000000 0.000000 0.000000 0.166412 0.334798 0.338101 0.235138 0.082701 0.062665 0.000000 0.090373 0.190734 0.217284 0.168026 0.086152 0.091275 0.071565 0.000000 0.000000 0.000000 0.000000 0.000000 0.000000 0.000000 0.000000 0.027090 0.026590 0.025895 0.026201 0.026742 0.027025 0.026712 0.025228 0.025943 0.000000 0.000000 0.000000 0.000000 0.000000 0.000000 0.000000 0.000000 0.000000 0.000000 0.064274 0.113046 0.137402 0.170923 0.217249
0.000000 0.000000 0.000000 0.000000 0.000000 0.000000 0.000000 0.000000 0.000000 0.000000 0.000000 0.000000 0.000000 0.000000 0.000000 0.000000 0.000000 0.000000 0.270724 0.357275 0.313210 0.148963 0.066758 0.000000 0.000000 0.122356 0.208202 0.218139 0.154014 0.089237 0.089175 0.061047 0.000000 0.000000 0.000000 0.000000 0.000000 0.000000 0.000000 0.000000 0.025374 0.025587 0.025689 0.025467 0.027640 0.028258 0.027044 0.024631 0.000000 0.000000 0.000000 0.000000 0.000000 0.000000 0.000000 0.000000 0.000000 0.000000 0.035361 0.095865 0.181173 0.224204 0.319962
0.000000 0.000000 0.000000 0.000000 0.000000 0.000000 0.000000 0.000000 0.000000 0.000000 0.000000 0.000000 0.000000 0.000000 0.000000 0.000000 0.000000 0.000000 0.141961 0.338911 0.358297 0.279820 0.085396 0.000000 0.000000 0.065179 0.167316 0.221063 0.215014 0.139686 0.092468 0.089268 0.000000 0.000000 0.000000 0.000000 0.000000 0.000000 0.000000 0.000000 0.000000 0.027038 0.030114 0.030219 0.030161 0.029618 0.027735 0.000000 0.000000 0.000000 0.000000 0.000000 0.000000 0.000000 0.000000 0.000000 0.058800 0.089612 0.109394 0.184241 0.243612 0.374805 0.597318
0.000000 0.000000 0.000000 0.000000 0.000000 0.000000 0.000000 0.000000 0.000000 0.000000 0.000000 0.000000 0.000000 0.000000 0.000000 0.000000 0.000000 0.000000 0.000000 0.205462 0.387456 0.387187 0.262607 0.077539 0.000000 0.000000 0.090083 0.189580 0.211606 0.199987 0.123687 0.092259 0.087947 0.000000 0.000000 0.000000 0.000000 0.000000 0.000000 0.000000 0.000000 0.000000 0.000000 0.028120 0.000000 0.000000 0.000000 0.000000 0.000000 0.000000 0.000000 0.000000 0.000000 0.000000 0.045283 0.097447 0.141395 0.170449 0.218945 0.308655 0.420461 0.552813 0.738196
0.000000 0.000000 0.000000 0.000000 0.000000 0.000000 0.000000 0.000000 0.000000 0.000000 0.000000 0.000000 0.000000 0.000000 0.000000 0.000000 0.000000 0.000000 0.000000 0.077949 0.237676 0.392130 0.381856 0.250155 0.077532 0.000000 0.000000 0.103439 0.182288 0.195201 0.180458 0.109622 0.090914 0.087886 0.063248 0.000000 0.000000 0.000000 0.000000 0.000000 0.000000 0.000000 0.000000 0.000000 0.000000 0.000000 0.000000 0.000000 0.000000 0.000000 0.000000 0.000000 0.039304 0.086934 0.138528 0.186843 0.220064 0.264735 0.347065 0.440400 0.488365 0.709605 0.746437
0.000000 0.000000 0.000000 0.000000 0.000000 0.000000 0.000000 0.000000 0.000000 0.000000 0.000000 0.000000 0.000000 0.000000 0.000000 0.000000 0.000000 0.000000 0.000000 0.000000 0.089433 0.227184 0.365044 0.353536 0.240876 0.083424 0.000000 0.000000 0.105602 0.168550 0.186464 0.169516 0.104800 0.090886 0.090717 0.077618 0.000000 0.000000 0.000000 0.000000 0.000000 0.000000 0.000000 0.000000 0.000000 0.000000 0.000000 0.000000 0.000000 0.000000 0.061135 0.088742 0.129188 0.176843 0.222161 0.256349 0.298800 0.374649 0.458343 0.486070 0.666748 0.726691 0.695257
0.000000 0.000000 0.000000 0.000000 0.000000 0.000000 0.000000 0.000000 0.000000 0.000000 0.000000 0.000000 0.000000 0.000000 0.000000 0.000000 0.000000 0.000000 0.000000 0.000000 0.000000 0.067287 0.205713 0.332792 0.326287 0.236935 0.087229 0.000000 0.053036 0.102462 0.159209 0.189496 0.172478 0.123629 0.087566 0.094505 0.090855 0.077529 0.000000 0.000000 0.000000 0.000000 0.000000 0.000000 0.000000 0.000000 0.000000 0.063289 0.088813 0.113426 0.134838 0.164109 0.203149 0.240368 0.270975 0.318717 0.393738 0.469239 0.493652 0.583252 0.705860 0.687887 0.661579
0.000000 0.000000 0.000000 0.000000 0.000000 0.000000 0.000000 0.000000 0.000000 0.000000 0.000000 0.000000 0.000000 0.000000 0.000000 0.000000 0.000000 0.000000 0.115874 0.112487 0.093910 0.076141 0.107205 0.191809 0.303697 0.296798 0.213768 0.073964 0.042478 0.052534 0.097152 0.157325 0.196815 0.184906 0.161713 0.121734 0.092897 0.098682 0.098012 0.094019 0.087952 0.081798 0.080931 0.083460 0.090133 0.099435 0.109786 0.119757 0.129688 0.140805 0.164042 0.198996 0.238528 0.278096 0.331039 0.406885 0.479325 0.497847 0.491910 0.659449 0.686295 0.658919 0.472976
0.000000 0.000000 0.000000 0.000000 0.000000 0.000000 0.000000 0.000000 0.000000 0.000000 0.000000 0.000000 0.000000 0.000000 0.000000 0.000000 0.000000 0.128953 0.141816 0.145308 0.245359 0.338240 0.403166 0.398911 0.383503 0.356885 0.296947 0.196338 0.110237 0.062143 0.070916 0.113842 0.167025 0.212185 0.207062 0.186746 0.171317 0.155443 0.127882 0.101242 0.103540 0.105644 0.107704 0.109741 0.112875 0.116347 0.119952 0.121568 0.127406 0.143422 0.182091 0.238175 0.292253 0.350765 0.424548 0.487095 0.502676 0.494261 0.648637 0.690170 0.631610 0.408883 0.250571
0.000000 0.000000 0.000000 0.000000 0.000000 0.000000 0.000000 0.000000 0.000000 0.000000 0.000000 0.000000 0.000000 0.000000 0.000000 0.104572 0.126512 0.201282 0.319601 0.385710 0.435820 0.440713 0.430731 0.383522 0.369777 0.369335 0.368636 0.346761 0.284530 0.187582 0.127130 0.137795 0.170258 0.190568 0.235498 0.238364 0.219421 0.180826 0.175165 0.159260 0.134976 0.114408 0.093967 0.093326 0.090589 0.086707 0.086807 0.095067 0.115603 0.175634 0.254441 0.323171 0.383104 0.450729 0.498316 0.504345 0.488611 0.634920 0.642624 0.544573 0.364510 0.234883 0.151747
0.000000 0.000000 0.000000 0.000000 0.000000 0.000000 0.000000 0.000000 0.000000 0.000000 0.000000 0.000000 0.000000 0.000000 0.107944 0.174809 0.312325 0.412226 0.470699 0.458230 0.413577 0.315952 0.203966 0.122233 0.148493 0.215708 0.306483 0.344589 0.332743 0.292271 0.221027 0.174297 0.176567 0.183876 0.195331 0.267346 0.275637 0.269065 0.247002 0.194226 0.165909 0.161563 0.150634 0.128678 0.086505 0.079827 0.087281 0.121449 0.221512 0.308078 0.377286 0.436663 0.487346 0.512506 0.508611 0.494094 0.602640 0.557146 0.480352 0.392352 0.222372 0.135918 0.000000
0.000000 0.000000 0.000000 0.000000 0.000000 0.000000 0.000000 0.000000 0.000000 0.000000 0.000000 0.000000 0.000000 0.000000 0.170900 0.358456 0.434749 0.467334 0.419934 0.290953 0.162690 0.079039 0.063212 0.043484 0.043360 0.125605 0.252026 0.270361 0.315601 0.293748 0.238796 0.184405 0.155111 0.152095 0.150823 0.256433 0.299829 0.301127 0.293391 0.246521 0.191804 0.194310 0.188059 0.153014 0.102225 0.119005 0.204516 0.307745 0.391844 0.456927 0.505835 0.535924 0.528355 0.513437 0.520513 0.513403 0.442308 0.429216 0.375129 0.235659 0.122503 0.000000 0.000000
0.000000 0.000000 0.000000 0.000000 0.000000 0.000000 0.000000 0.000000 0.000000 0.000000 0.000000 0.000000 0.000000 0.060471 0.270397 0.440082 0.438699 0.341041 0.176620 0.179953 0.175424 0.157959 0.138067 0.119113 0.104864 0.094909 0.203428 0.276881 0.269311 0.261222 0.232396 0.175016 0.134352 0.130616 0.148159 0.261259 0.306123 0.305983 0.292307 0.227783 0.203780 0.199968 0.182889 0.137928 0.200327 0.325464 0.430363 0.506372 0.557654 0.582716 0.573586 0.555756 0.497839 0.477033 0.406221 0.390976 0.376107 0.332090 0.234373 0.118511 0.000000 0.000000 0.000000
0.000000 0.000000 0.000000 0.000000 0.000000 0.000000 0.000000 0.000000 0.000000 0.000000 0.000000 0.000000 0.000000 0.074278 0.326929 0.416201 0.343321 0.255952 0.248627 0.249112 0.208728 0.152648 0.121087 0.102641 0.091554 0.084318 0.121467 0.250573 0.288381 0.268086 0.206540 0.173949 0.145228 0.143451 0.162869 0.277423 0.309339 0.307184 0.284423 0.204325 0.195430 0.169139 0.183170 0.341687 0.479709 0.577622 0.627817 0.641283 0.631152 0.612004 0.560991 0.482597 0.429223 0.338660 0.347230 0.325288 0.280641 0.208830 0.129876 0.000000 0.000000 0.000000 0.000000
0.000000 0.000000 0.000000 0.000000 0.000000 0.000000 0.000000 0.000000 0.000000 0.000000 0.000000 0.000000 0.000000 0.000000 0.341184 0.412320 0.305853 0.320106 0.331837 0.301093 0.205942 0.096371 0.000000 0.000000 0.000000 0.000000 0.000000 0.164000 0.278527 0.288678 0.264240 0.185419 0.184266 0.187195 0.204777 0.303062 0.315559 0.311426 0.282991 0.205625 0.161343 0.305558 0.484388 0.630099 0.681278 0.696688 0.686904 0.667255 0.618424 0.496826 0.453889 0.305548 0.320685 0.314034 0.278184 0.226603 0.170899 0.115503 0.000000 0.000000 0.000000 0.000000 0.167479
