tests/test_04/output4/CloudArrivalTime.dat
NCOLS   360
NROWS    60
XLLCORNER           0.000
YLLCORNER           0.000
CELLSIZE           1.000          1.000
NODATA_VALUE -1.000
[rows 0 to 25 of 60, columns 0 to 58 of 360]
-1.000000 -1.000000 -1.000000 -1.000000 -1.000000 -1.000000 -1.000000 -1.000000 219.907364 217.702393 215.182144 213.282181 211.743622 -1.000000 -1.000000 -1.000000 -1.000000 -1.000000 -1.000000 -1.000000 211.743622 212.969147 214.548767 216.442795 218.655075 220.524307 222.339249 224.723495 -1.000000 -1.000000 -1.000000 -1.000000 -1.000000 -1.000000 -1.000000 -1.000000 -1.000000 -1.000000 -1.000000 -1.000000 -1.000000 -1.000000 -1.000000 -1.000000 -1.000000 -1.000000 -1.000000 -1.000000 -1.000000 -1.000000 -1.000000 -1.000000 -1.000000 -1.000000 -1.000000 -1.000000 -1.000000 -1.000000 -1.000000
-1.000000 -1.000000 -1.000000 -1.000000 -1.000000 -1.000000 -1.000000 -1.000000 212.969147 210.577652 208.640030 206.842743 -1.000000 -1.000000 -1.000000 -1.000000 -1.000000 -1.000000 -1.000000 -1.000000 210.863663 212.044708 212.969147 214.231827 215.182144 216.442795 218.338669 220.524307 222.636734 224.424225 226.221985 228.014740 230.115616 -1.000000 -1.000000 -1.000000 -1.000000 -1.000000 -1.000000 -1.000000 -1.000000 -1.000000 -1.000000 -1.000000 -1.000000 -1.000000 -1.000000 -1.000000 -1.000000 -1.000000 -1.000000 -1.000000 -1.000000 -1.000000 -1.000000 -1.000000 -1.000000 -1.000000 -1.000000
-1.000000 -1.000000 -1.000000 -1.000000 -1.000000 -1.000000 -1.000000 153.951843 200.059402 200.300613 200.781448 201.498871 -1.000000 -1.000000 -1.000000 -1.000000 -1.000000 -1.000000 -1.000000 -1.000000 -1.000000 211.743622 212.969147 213.914764 214.865540 215.813797 217.068954 218.021011 218.970230 220.216614 221.740067 223.826843 226.221985 228.014740 229.811935 231.920303 233.964569 235.670746 237.376144 239.080444 -1.000000 -1.000000 -1.000000 -1.000000 -1.000000 -1.000000 -1.000000 -1.000000 -1.000000 -1.000000 -1.000000 -1.000000 -1.000000 -1.000000 -1.000000 -1.000000 -1.000000 -1.000000 206.597565
-1.000000 -1.000000 -1.000000 -1.000000 -1.000000 -1.000000 -1.000000 153.449173 154.946548 197.914032 198.865875 -1.000000 -1.000000 -1.000000 -1.000000 -1.000000 -1.000000 -1.000000 -1.000000 -1.000000 -1.000000 -1.000000 212.969147 213.914764 215.182144 216.128845 217.068954 218.021011 218.970230 219.907364 221.135147 222.040375 222.933670 224.125336 225.323151 226.521240 228.014740 230.419907 233.676666 235.670746 237.944473 239.931824 -1.000000 -1.000000 -1.000000 -1.000000 -1.000000 -1.000000 -1.000000 -1.000000 -1.000000 -1.000000 -1.000000 -1.000000 -1.000000 -1.000000 201.021103 201.974625 203.148926
-1.000000 -1.000000 -1.000000 -1.000000 -1.000000 -1.000000 -1.000000 154.201935 155.192795 156.407822 -1.000000 -1.000000 -1.000000 -1.000000 -1.000000 -1.000000 -1.000000 -1.000000 -1.000000 -1.000000 -1.000000 -1.000000 -1.000000 -1.000000 -1.000000 217.068954 218.338669 219.284164 219.907364 220.830475 221.740067 222.636734 223.528732 224.424225 225.323151 226.521240 227.716400 228.610886 229.811935 231.024231 232.216293 233.676666 195.044464 194.186218 193.607117 193.317078 -1.000000 -1.000000 -1.000000 -1.000000 -1.000000 -1.000000 -1.000000 -1.000000 195.323196 196.137253 197.171875 198.394394 176.801880
-1.000000 -1.000000 -1.000000 -1.000000 -1.000000 -1.000000 -1.000000 155.192795 156.166916 157.126373 -1.000000 -1.000000 197.669632 199.102295 200.781448 202.448334 203.836365 205.409775 207.090637 208.640030 210.012726 -1.000000 -1.000000 -1.000000 -1.000000 -1.000000 -1.000000 220.524307 221.740067 222.933670 223.826843 224.424225 225.323151 225.922562 226.521240 227.417877 228.312897 229.208710 230.419907 231.622971 232.804321 193.317078 191.872116 191.014832 190.447693 -1.000000 -1.000000 -1.000000 -1.000000 -1.000000 -1.000000 -1.000000 -1.000000 172.334381 172.784042 173.230225 173.893173 174.547562 175.425354
-1.000000 -1.000000 -1.000000 -1.000000 -1.000000 -1.000000 -1.000000 156.887115 157.604111 158.553558 -1.000000 -1.000000 -1.000000 196.137253 198.155594 200.300613 201.974625 203.836365 205.642166 207.341293 208.909653 210.577652 212.044708 213.597565 -1.000000 -1.000000 -1.000000 -1.000000 -1.000000 223.528732 224.723495 226.221985 227.119186 228.312897 228.909134 229.811935 230.419907 231.024231 231.920303 232.804321 192.159653 190.165421 188.766647 187.662323 -1.000000 -1.000000 -1.000000 -1.000000 -1.000000 -1.000000 -1.000000 -1.000000 170.071838 170.743744 171.653214 172.559647 173.452057 174.547562 175.649796
-1.000000 -1.000000 -1.000000 -1.000000 -1.000000 -1.000000 -1.000000 184.928696 159.722275 160.182755 -1.000000 162.200302 163.722961 192.737488 194.761887 196.918304 199.102295 201.021103 203.148926 204.954117 206.842743 208.640030 210.294022 212.044708 213.914764 -1.000000 -1.000000 -1.000000 -1.000000 -1.000000 -1.000000 228.014740 229.509644 230.419907 231.324295 232.216293 233.096405 233.676666 234.535873 235.386856 188.489365 186.843246 -1.000000 -1.000000 -1.000000 -1.000000 -1.000000 -1.000000 -1.000000 -1.000000 -1.000000 168.752823 169.628571 170.743744 171.653214 172.784042 174.112320 175.649796 177.277664
-1.000000 -1.000000 -1.000000 -1.000000 -1.000000 -1.000000 183.811813 186.030548 188.489365 163.070068 163.287445 164.159485 165.474945 208.373856 197.914032 198.630554 200.059402 201.737000 203.836365 214.865540 215.498215 216.128845 216.754868 218.021011 218.970230 220.216614 221.438324 -1.000000 -1.000000 -1.000000 -1.000000 -1.000000 -1.000000 231.622971 232.804321 233.964569 234.819412 235.670746 236.523209 187.388229 161.537735 -1.000000 -1.000000 -1.000000 -1.000000 -1.000000 -1.000000 -1.000000 -1.000000 -1.000000 -1.000000 169.188934 170.294861 171.653214 173.007553 174.547562 176.104507 178.008896 179.804474
-1.000000 -1.000000 -1.000000 -1.000000 -1.000000 -1.000000 185.481506 189.323669 193.896835 198.155594 201.260239 167.228745 205.409775 206.842743 208.111023 209.182205 210.012726 210.863663 211.446518 212.044708 212.658417 213.282181 214.231827 215.498215 216.754868 218.021011 219.596558 221.135147 -1.000000 -1.000000 -1.000000 -1.000000 -1.000000 -1.000000 -1.000000 234.819412 235.954773 237.091888 187.114914 159.722275 -1.000000 -1.000000 -1.000000 -1.000000 -1.000000 -1.000000 -1.000000 -1.000000 -1.000000 -1.000000 -1.000000 170.294861 171.653214 173.230225 174.764069 176.567307 178.257614 180.324600 182.421921
-1.000000 -1.000000 -1.000000 -1.000000 -1.000000 -1.000000 188.212891 192.448120 195.323196 197.669632 199.578537 201.260239 202.683365 204.062546 205.180466 206.354996 207.090637 207.851395 208.373856 209.182205 209.733673 210.577652 211.446518 212.658417 214.231827 215.498215 217.068954 218.970230 220.830475 222.636734 -1.000000 -1.000000 -1.000000 -1.000000 -1.000000 -1.000000 -1.000000 158.553558 157.842407 -1.000000 -1.000000 -1.000000 -1.000000 -1.000000 -1.000000 -1.000000 -1.000000 -1.000000 -1.000000 -1.000000 169.628571 170.969635 172.559647 174.330444 176.104507 178.008896 179.804474 181.883728 183.811813
-1.000000 -1.000000 -1.000000 -1.000000 -1.000000 -1.000000 -1.000000 191.585464 193.607117 195.323196 197.171875 198.630554 199.818375 201.021103 201.974625 202.916885 203.379486 204.062546 204.730606 205.642166 206.354996 207.594849 208.640030 210.012726 211.153244 212.658417 214.548767 216.128845 218.338669 220.524307 222.933670 -1.000000 -1.000000 -1.000000 -1.000000 -1.000000 -1.000000 156.166916 156.166916 -1.000000 -1.000000 -1.000000 -1.000000 -1.000000 -1.000000 -1.000000 -1.000000 -1.000000 -1.000000 -1.000000 169.628571 171.196503 172.784042 174.547562 176.334869 178.008896 180.065765 182.151566 184.092468
-1.000000 -1.000000 -1.000000 -1.000000 -1.000000 -1.000000 -1.000000 188.766647 190.730835 192.448120 194.186218 195.323196 196.401123 197.171875 197.914032 198.394394 199.102295 -1.000000 -1.000000 201.737000 202.683365 204.286957 205.642166 207.341293 208.909653 210.294022 212.044708 213.914764 215.813797 217.702393 220.524307 223.231003 -1.000000 -1.000000 -1.000000 -1.000000 -1.000000 -1.000000 -1.000000 -1.000000 -1.000000 -1.000000 -1.000000 -1.000000 -1.000000 -1.000000 -1.000000 -1.000000 -1.000000 -1.000000 169.628571 171.196503 172.784042 174.547562 176.104507 178.008896 179.804474 181.883728 183.811813
-1.000000 -1.000000 -1.000000 -1.000000 -1.000000 -1.000000 -1.000000 -1.000000 -1.000000 188.766647 190.165421 191.299698 192.159653 193.317078 194.186218 -1.000000 -1.000000 -1.000000 -1.000000 -1.000000 200.059402 201.498871 202.916885 204.509628 206.114960 207.594849 209.456863 211.153244 212.969147 215.182144 217.702393 220.524307 223.528732 -1.000000 -1.000000 -1.000000 -1.000000 -1.000000 -1.000000 -1.000000 -1.000000 -1.000000 -1.000000 -1.000000 -1.000000 -1.000000 -1.000000 -1.000000 -1.000000 167.228745 168.970444 170.518829 172.108215 173.673035 175.202911 177.038635 178.762878 180.836395 182.694885
-1.000000 -1.000000 -1.000000 -1.000000 -1.000000 -1.000000 -1.000000 -1.000000 -1.000000 -1.000000 -1.000000 -1.000000 -1.000000 -1.000000 -1.000000 -1.000000 -1.000000 -1.000000 -1.000000 -1.000000 197.422287 198.865875 200.059402 201.498871 203.148926 204.730606 206.597565 208.640030 210.294022 212.349945 214.548767 217.068954 220.524307 223.528732 -1.000000 -1.000000 -1.000000 -1.000000 -1.000000 -1.000000 -1.000000 -1.000000 -1.000000 -1.000000 -1.000000 -1.000000 -1.000000 -1.000000 -1.000000 166.571930 168.101334 169.628571 171.196503 172.559647 174.112320 175.649796 177.277664 179.019409 181.094727
-1.000000 -1.000000 -1.000000 -1.000000 -1.000000 -1.000000 -1.000000 -1.000000 -1.000000 -1.000000 -1.000000 -1.000000 -1.000000 -1.000000 -1.000000 -1.000000 -1.000000 -1.000000 -1.000000 189.603424 191.585464 193.896835 195.869659 197.914032 199.578537 201.260239 203.379486 205.642166 207.594849 209.733673 211.446518 213.597565 216.128845 148.271713 148.271713 -1.000000 -1.000000 -1.000000 -1.000000 -1.000000 -1.000000 -1.000000 -1.000000 -1.000000 -1.000000 -1.000000 -1.000000 -1.000000 164.159485 165.474945 167.010040 168.536087 170.071838 171.424347 172.784042 174.112320 175.425354 176.801880 178.008896
-1.000000 -1.000000 -1.000000 -1.000000 -1.000000 -1.000000 -1.000000 -1.000000 -1.000000 -1.000000 -1.000000 -1.000000 -1.000000 -1.000000 -1.000000 -1.000000 -1.000000 -1.000000 177.518997 179.278641 181.618347 184.650894 188.766647 192.448120 195.044464 197.171875 199.102295 201.021103 203.379486 206.354996 208.640030 210.577652 145.825363 145.825363 146.100922 -1.000000 -1.000000 -1.000000 -1.000000 -1.000000 -1.000000 -1.000000 -1.000000 -1.000000 -1.000000 -1.000000 -1.000000 161.759720 163.287445 164.597046 165.913956 167.447235 168.970444 170.294861 171.424347 172.559647 173.673035 174.764069 175.876175
-1.000000 -1.000000 -1.000000 -1.000000 -1.000000 -1.000000 -1.000000 -1.000000 -1.000000 -1.000000 -1.000000 -1.000000 -1.000000 -1.000000 -1.000000 -1.000000 -1.000000 -1.000000 172.108215 173.893173 176.104507 180.065765 184.650894 186.843246 189.323669 -1.000000 194.186218 196.401123 198.394394 200.300613 202.683365 143.598541 143.598541 143.878281 144.715637 145.548828 -1.000000 -1.000000 -1.000000 -1.000000 -1.000000 -1.000000 -1.000000 -1.000000 -1.000000 -1.000000 159.490433 160.865295 161.980621 163.287445 164.597046 165.694473 167.010040 168.318909 169.408295 170.518829 170.518829 170.518829 170.518829
-1.000000 -1.000000 -1.000000 -1.000000 -1.000000 -1.000000 -1.000000 -1.000000 -1.000000 -1.000000 -1.000000 -1.000000 -1.000000 -1.000000 -1.000000 -1.000000 -1.000000 165.474945 167.228745 169.408295 171.653214 173.893173 175.876175 178.257614 -1.000000 -1.000000 189.884003 191.872116 193.607117 195.323196 141.099106 141.099106 141.651276 142.205307 143.039825 144.157715 145.271683 146.375519 -1.000000 -1.000000 -1.000000 -1.000000 -1.000000 -1.000000 155.924973 157.126373 158.553558 159.722275 160.865295 161.980621 163.070068 164.159485 164.816223 165.694473 166.571930 167.228745 168.101334 168.970444 169.849747
-1.000000 -1.000000 -1.000000 -1.000000 -1.000000 -1.000000 -1.000000 -1.000000 -1.000000 -1.000000 -1.000000 -1.000000 -1.000000 -1.000000 -1.000000 -1.000000 -1.000000 159.490433 161.314682 163.287445 165.913956 168.536087 170.743744 172.784042 -1.000000 177.277664 179.278641 181.618347 138.366852 138.366852 138.908966 139.453445 140.274246 141.099106 142.205307 143.318954 144.436829 145.825363 147.193695 -1.000000 -1.000000 -1.000000 152.690170 153.951843 155.192795 156.647690 157.842407 159.023651 159.953033 161.090546 161.980621 163.070068 163.941101 164.816223 165.913956 166.791107 167.883514 168.970444 170.071838
-1.000000 -1.000000 -1.000000 -1.000000 -1.000000 -1.000000 -1.000000 -1.000000 -1.000000 -1.000000 -1.000000 -1.000000 -1.000000 -1.000000 -1.000000 -1.000000 151.925186 152.943832 154.201935 155.192795 156.166916 157.126373 157.842407 158.553558 159.257507 136.729507 135.903793 135.903793 136.454742 137.003738 137.823196 138.637894 139.726593 140.548752 141.651276 142.761185 144.157715 145.548828 146.921906 -1.000000 -1.000000 -1.000000 152.690170 153.951843 155.192795 156.647690 157.842407 158.789001 159.953033 161.090546 161.980621 163.070068 164.159485 165.255325 166.571930 167.665497 168.970444 170.294861 171.424347
-1.000000 -1.000000 -1.000000 -1.000000 -1.000000 -1.000000 -1.000000 -1.000000 -1.000000 -1.000000 -1.000000 -1.000000 -1.000000 -1.000000 -1.000000 148.538986 149.335098 150.121307 151.155365 151.925186 152.943832 136.454742 134.810120 133.730225 133.730225 133.998932 134.538864 135.082230 135.903793 136.454742 137.550583 138.366852 139.180817 140.274246 141.374954 142.483017 143.878281 145.548828 146.921906 -1.000000 -1.000000 151.412415 152.690170 154.201935 155.437927 156.887115 158.080246 159.257507 160.411407 161.759720 162.852936 163.941101 165.255325 166.571930 167.883514 169.408295 170.969635 172.334381 173.673035
-1.000000 -1.000000 -1.000000 -1.000000 -1.000000 -1.000000 -1.000000 -1.000000 -1.000000 -1.000000 -1.000000 -1.000000 142.483017 143.318954 144.715637 133.998932 132.929016 132.130310 131.589813 131.317261 131.317261 131.317261 131.589813 132.130310 132.663559 133.195267 133.998932 134.810120 135.629044 136.454742 137.277435 138.095291 139.180817 140.274246 141.374954 142.483017 143.878281 145.548828 147.193695 148.538986 150.121307 151.412415 152.943832 154.451111 155.681992 157.126373 158.553558 159.722275 161.090546 162.418777 163.722961 165.035645 166.791107 168.318909 170.294861 172.334381 189.884003 190.447693 191.299698
-1.000000 -1.000000 -1.000000 -1.000000 -1.000000 -1.000000 -1.000000 -1.000000 123.024223 123.788628 124.549973 125.308289 126.063629 126.565536 127.322441 127.577751 128.093018 128.353043 128.878036 129.409775 129.948166 130.493362 131.043488 131.860992 132.397827 133.195267 133.730225 134.538864 135.629044 136.454742 137.277435 138.095291 139.180817 140.274246 141.374954 142.761185 144.157715 145.548828 147.193695 148.805374 150.121307 151.669022 152.943832 154.451111 155.924973 157.365387 158.789001 159.953033 161.537735 163.070068 164.816223 167.010040 169.408295 186.843246 187.662323 188.766647 189.884003 191.014832 196.661423
-1.000000 -1.000000 -1.000000 -1.000000 119.957710 120.501297 121.001518 121.755836 122.261497 122.769409 123.534172 124.042747 124.549973 125.308289 125.812180 126.314751 127.068649 127.577751 128.353043 128.878036 129.678131 130.219894 131.043488 131.589813 132.397827 133.195267 133.730225 134.538864 135.629044 136.454742 137.277435 138.366852 139.180817 140.274246 141.374954 142.761185 144.157715 145.548828 147.193695 148.805374 150.121307 151.669022 152.943832 154.451111 155.924973 157.365387 159.023651 160.638916 162.418777 165.474945 183.248932 184.372162 185.205566 186.573517 187.662323 192.448120 193.027206 193.607117 194.475281
-1.000000 120.751183 120.501297 120.501297 120.501297 120.751183 121.252411 121.755836 122.261497 122.769409 123.534172 124.042747 124.549973 125.308289 125.812180 126.565536 127.068649 127.834602 128.353043 129.143051 129.948166 130.493362 131.317261 132.130310 132.929016 133.730225 134.268478 135.355194 136.179413 137.003738 138.095291 138.908966 139.726593 140.548752 141.651276 142.761185 144.157715 145.548828 147.193695 148.538986 150.121307 151.412415 152.943832 154.451111 156.166916 158.080246 160.638916 178.508957 180.065765 181.355377 182.421921 183.811813 185.205566 189.603424 190.165421 190.730835 191.299698 191.872116 192.159653
