tests/test_04/output4/CloudConcentration_120.00hrs.dat
NCOLS   360
NROWS    60
XLLCORNER           0.000
YLLCORNER           0.000
CELLSIZE           1.000          1.000
NODATA_VALUE -9999.
[rows 0 to 27 of 60, columns 252 to 314 of 360]
0.000000 0.000000 0.000000 0.000000 0.000000 0.000000 0.000000 0.000000 0.000000 0.000000 0.000000 0.000000 0.000000 0.000000 0.000000 0.000000 0.000000 0.000000 0.000000 0.000000 0.000000 0.000000 0.000000 0.000000 0.000000 0.000000 0.000000 0.000000 0.000000 0.000000 0.000000 0.000000 0.000000 0.000000 0.000000 0.000000 0.000000 0.000000 0.000000 0.000000 0.000000 0.000000 0.000000 0.000000 0.000000 0.000000 0.000000 0.000000 0.000000 0.000000 0.000000 0.000000 0.000000 0.000000 0.000000 0.000000 0.000000 0.000000 0.188035 0.257827 0.255944 0.258679 0.340440
0.083200 0.077273 0.069774 0.061313 0.052717 0.044339 0.000000 0.000000 0.000000 0.000000 0.000000 0.000000 0.000000 0.000000 0.000000 0.000000 0.000000 0.000000 0.000000 0.000000 0.000000 0.000000 0.000000 0.000000 0.000000 0.000000 0.000000 0.000000 0.000000 0.000000 0.000000 0.000000 0.000000 0.000000 0.000000 0.000000 0.000000 0.000000 0.000000 0.000000 0.000000 0.000000 0.000000 0.000000 0.000000 0.000000 0.000000 0.000000 0.000000 0.000000 0.000000 0.000000 0.000000 0.000000 0.000000 0.000000 0.120784 0.220362 0.296049 0.287558 0.365778 0.438307 0.434634
0.173414 0.091021 0.089695 0.086270 0.080826 0.074583 0.068267 0.061607 0.054140 0.045479 0.000000 0.048994 0.058632 0.000000 0.000000 0.000000 0.000000 0.000000 0.000000 0.000000 0.000000 0.000000 0.000000 0.000000 0.000000 0.000000 0.000000 0.000000 0.000000 0.000000 0.000000 0.000000 0.000000 0.000000 0.000000 0.000000 0.000000 0.000000 0.000000 0.000000 0.000000 0.000000 0.000000 0.000000 0.000000 0.000000 0.000000 0.000000 0.000000 0.000000 0.000000 0.000000 0.000000 0.000000 0.000000 0.137982 0.251037 0.334169 0.326949 0.449406 0.498124 0.480182 0.447955
1.968757 1.627533 0.868450 0.185201 0.061510 0.059744 0.058181 0.056954 0.072340 0.125574 0.178447 0.230164 0.256840 0.293752 0.293239 0.263216 0.188064 0.114550 0.055452 0.000000 0.000000 0.000000 0.000000 0.000000 0.000000 0.000000 0.000000 0.000000 0.000000 0.000000 0.000000 0.000000 0.000000 0.000000 0.000000 0.000000 0.000000 0.000000 0.000000 0.000000 0.000000 0.000000 0.000000 0.000000 0.000000 0.000000 0.000000 0.000000 0.000000 0.000000 0.000000 0.000000 0.000000 0.000000 0.128393 0.263045 0.371142 0.379787 0.514863 0.557427 0.515678 0.470328 0.409773
3.915744 4.600759 4.707125 4.529948 3.638670 2.425841 1.355463 0.635669 0.952359 1.282974 1.603478 1.890388 2.012196 2.049101 2.036333 1.645795 1.171324 0.777738 0.391697 0.198271 0.157984 0.124600 0.090889 0.000000 0.000000 0.000000 0.000000 0.000000 0.000000 0.000000 0.000000 0.000000 0.000000 0.000000 0.000000 0.000000 0.000000 0.000000 0.000000 0.000000 0.000000 0.000000 0.000000 0.000000 0.000000 0.000000 0.000000 0.000000 0.000000 0.000000 0.000000 0.000000 0.000000 0.000000 0.228947 0.378002 0.450447 0.518835 0.619810 0.575569 0.492955 0.413427 0.383044
4.257827 5.845524 8.012948 10.473873 12.592484 12.597148 11.884342 9.722409 7.309964 5.162801 3.413745 2.893373 2.926687 2.932646 2.920254 2.920851 2.779112 2.308779 1.786159 1.165956 0.585303 0.510570 0.407429 0.296199 0.183672 0.094400 0.000000 0.000000 0.000000 0.000000 0.000000 0.000000 0.000000 0.000000 0.000000 0.000000 0.000000 0.000000 0.000000 0.000000 0.000000 0.000000 0.000000 0.000000 0.000000 0.000000 0.000000 0.000000 0.000000 0.000000 0.000000 0.000000 0.000000 0.131068 0.303959 0.475532 0.528249 0.606581 0.645540 0.575854 0.442814 0.384324 0.383358
3.609877 5.742718 8.630724 12.299675 16.505749 20.036085 20.543686 20.423780 19.773563 17.557985 13.810163 10.080974 6.610758 3.575342 3.682790 4.174140 4.325673 4.274087 4.032269 3.325530 2.442210 1.577335 0.905385 0.603417 0.507312 0.342069 0.186667 0.066845 0.000000 0.000000 0.000000 0.000000 0.000000 0.000000 0.000000 0.000000 0.000000 0.000000 0.000000 0.000000 0.000000 0.000000 0.000000 0.000000 0.000000 0.000000 0.000000 0.000000 0.000000 0.000000 0.000000 0.000000 0.000000 0.138720 0.324794 0.529908 0.623086 0.632620 0.658510 0.590321 0.428959 0.379977 0.407900
9.124364 5.892129 7.563887 12.157259 16.684540 20.520437 21.502676 21.635702 21.537811 20.586952 17.153139 12.710141 8.440682 4.413603 4.356652 4.584436 4.678854 4.725617 4.868301 4.886869 4.713625 4.293024 3.337594 2.310650 1.359809 0.662416 0.421660 0.263453 0.114404 0.000000 0.000000 0.000000 0.000000 0.000000 0.000000 0.000000 0.000000 0.000000 0.000000 0.000000 0.000000 0.000000 0.000000 0.000000 0.000000 0.000000 0.000000 0.000000 0.000000 0.000000 0.000000 0.000000 0.000000 0.000000 0.296759 0.535330 0.690402 0.766736 0.671336 0.635393 0.453730 0.390364 0.438782
17.395111 13.741628 9.355980 9.816006 16.327572 19.811087 20.120310 20.107971 19.468376 16.514191 11.228409 6.180477 3.271887 3.508734 3.692174 3.845941 4.013094 4.229717 4.523067 4.786222 5.039432 5.108403 5.031306 4.674289 3.765555 2.537254 1.427857 0.553284 0.303348 0.154672 0.000000 0.000000 0.000000 0.000000 0.000000 0.000000 0.000000 0.000000 0.000000 0.000000 0.000000 0.000000 0.000000 0.000000 0.000000 0.000000 0.000000 0.000000 0.000000 0.000000 0.000000 0.000000 0.000000 0.000000 0.119478 0.355354 0.677931 0.836353 0.894215 0.673304 0.559505 0.437900 0.445146
20.786921 19.265856 14.718594 8.836263 11.317277 15.334317 15.562879 15.282120 13.322504 8.153320 2.917487 2.336485 2.341171 2.259302 2.217406 2.257813 2.385410 2.659769 3.221364 3.957751 4.614312 5.021664 5.020750 4.956452 4.737714 4.032723 2.883150 1.766946 0.724453 0.296544 0.180000 0.000000 0.000000 0.000000 0.000000 0.000000 0.000000 0.000000 0.000000 0.000000 0.000000 0.000000 0.000000 0.000000 0.000000 0.000000 0.000000 0.000000 0.000000 0.000000 0.000000 0.000000 0.000000 0.000000 0.000000 0.096772 0.372006 0.760720 0.941540 0.984585 0.794878 0.547709 0.481715
22.069164 20.890203 16.236055 8.463663 6.914271 9.691001 9.733915 8.977422 5.764058 1.732718 1.251839 0.996699 0.795668 0.629424 0.644924 0.724538 0.876379 1.124206 1.623467 2.277976 3.193019 4.051587 4.544549 4.544502 4.420765 3.894234 2.881025 1.859301 0.875623 0.320633 0.277549 0.199548 0.000000 0.000000 0.000000 0.000000 0.000000 0.000000 0.000000 0.000000 0.000000 0.000000 0.000000 0.000000 0.000000 0.000000 0.000000 0.000000 0.000000 0.000000 0.000000 0.000000 0.000000 0.000000 0.000000 0.000000 0.065554 0.297348 0.644044 0.971440 1.090241 0.997624 0.611020
22.454472 21.328270 14.551291 4.572322 5.486898 6.688710 6.374241 4.719136 1.766893 0.347485 0.130152 0.086083 0.188751 0.369245 0.559538 0.751883 0.928679 1.083633 1.186885 1.257032 1.268969 1.844986 2.403045 2.721871 2.729958 2.594892 2.044426 1.316070 0.630199 0.467292 0.295726 0.261707 0.183531 0.000000 0.000000 0.000000 0.000000 0.000000 0.000000 0.000000 0.000000 0.000000 0.000000 0.000000 0.000000 0.000000 0.000000 0.000000 0.000000 0.000000 0.000000 0.000000 0.000000 0.000000 0.000000 0.000000 0.000000 0.000000 0.107216 0.406563 0.909333 1.174524 1.352903
17.283972 16.386492 9.230577 2.554670 5.141221 5.514801 4.779793 2.323832 0.231363 0.132842 0.137227 0.144680 0.155787 0.284634 0.561727 0.785288 0.917144 1.013393 1.043290 1.047349 1.018367 0.976389 0.941263 0.902610 0.864072 0.814844 0.753380 0.672604 0.564223 0.444539 0.327734 0.261139 0.239596 0.142926 0.000000 0.000000 0.000000 0.000000 0.000000 0.000000 0.000000 0.000000 0.000000 0.000000 0.000000 0.000000 0.000000 0.000000 0.000000 0.000000 0.000000 0.000000 0.000000 0.000000 0.000000 0.000000 0.000000 0.000000 0.000000 0.042856 0.243198 0.738707 1.436597
10.405794 9.682726 3.908711 2.859015 5.004739 4.861440 3.011328 0.562956 0.152355 0.153114 0.203620 0.217742 0.182807 0.229251 0.421902 0.507583 0.521034 0.509553 0.459262 0.402248 0.338347 0.291128 0.259641 0.247380 0.257221 0.276077 0.296540 0.317676 0.320043 0.311777 0.282367 0.254184 0.239498 0.184016 0.069794 0.000000 0.000000 0.000000 0.000000 0.000000 0.000000 0.000000 0.000000 0.000000 0.000000 0.000000 0.000000 0.000000 0.000000 0.000000 0.000000 0.000000 0.000000 0.000000 0.000000 0.000000 0.000000 0.000000 0.000000 0.000000 0.057726 0.319121 0.866219
4.950428 4.691060 1.683788 3.423496 4.855490 3.849994 1.018278 0.118233 0.115537 0.221704 0.320883 0.366423 0.375972 0.316171 0.325304 0.364073 0.404708 0.484198 0.512532 0.519790 0.434208 0.279560 0.154822 0.107805 0.110472 0.133591 0.156935 0.180349 0.201942 0.220609 0.230670 0.230379 0.222618 0.177879 0.087883 0.000000 0.000000 0.000000 0.000000 0.000000 0.000000 0.000000 0.000000 0.000000 0.000000 0.000000 0.000000 0.000000 0.000000 0.000000 0.000000 0.000000 0.000000 0.000000 0.000000 0.000000 0.000000 0.000000 0.000000 0.000000 0.000000 0.090828 0.417288
2.627111 2.656562 1.270183 4.021317 4.590406 2.535597 0.186829 0.116574 0.228086 0.344024 0.457836 0.586359 0.717493 0.843923 0.889978 0.891898 0.874123 0.806588 0.763371 0.769413 0.736283 0.675648 0.577710 0.416410 0.239387 0.215868 0.170478 0.133594 0.155449 0.173634 0.191752 0.192728 0.188264 0.162457 0.096679 0.057108 0.000000 0.000000 0.000000 0.000000 0.000000 0.000000 0.000000 0.000000 0.000000 0.000000 0.000000 0.000000 0.000000 0.000000 0.000000 0.000000 0.000000 0.000000 0.000000 0.000000 0.000000 0.000000 0.000000 0.000000 0.000000 0.078065 0.134572
1.804444 1.891872 1.409783 4.249786 4.252811 1.457471 0.326503 0.389986 0.609856 0.771102 0.886318 1.004264 1.069938 1.085099 1.082392 1.045633 0.996061 0.931161 0.864460 0.806154 0.743286 0.729933 0.717475 0.667973 0.599225 0.483359 0.457394 0.451290 0.440903 0.382989 0.276932 0.174939 0.158500 0.147055 0.116284 0.066680 0.000000 0.000000 0.000000 0.000000 0.000000 0.000000 0.000000 0.000000 0.000000 0.000000 0.000000 0.000000 0.000000 0.000000 0.000000 0.000000 0.000000 0.000000 0.000000 0.000000 0.000000 0.000000 0.000000 0.000000 0.000000 0.000000 0.165969
1.475186 1.525188 1.556360 4.286136 3.863518 0.902954 0.733184 0.525982 0.746117 0.883659 0.991029 1.074036 1.086026 1.054276 0.945683 0.874398 0.855175 0.836379 1.333504 1.757101 1.956212 2.046279 2.145738 2.027757 1.878983 1.789442 1.514080 1.043085 0.494027 0.291226 0.364302 0.417911 0.400155 0.336159 0.217022 0.113917 0.067764 0.000000 0.000000 0.000000 0.000000 0.000000 0.000000 0.000000 0.000000 0.000000 0.000000 0.000000 0.000000 0.000000 0.000000 0.000000 0.000000 0.000000 0.000000 0.000000 0.000000 0.000000 0.000000 0.000000 0.000000 0.000000 0.150402
1.255403 1.215290 1.272841 3.998152 3.860137 1.053117 0.869054 0.527467 0.743489 0.833774 0.858027 0.842991 1.011036 1.104654 1.601483 2.542130 3.194802 3.256425 3.210448 3.048961 2.792223 2.669893 2.611767 2.545063 2.587736 2.659698 2.716952 2.695676 2.496212 1.955223 1.108689 0.425630 0.223636 0.269855 0.319553 0.303747 0.226878 0.123157 0.056594 0.000000 0.000000 0.000000 0.000000 0.000000 0.000000 0.000000 0.000000 0.000000 0.000000 0.000000 0.000000 0.000000 0.000000 0.000000 0.000000 0.000000 0.000000 0.000000 0.000000 0.000000 0.000000 0.000000 0.092678
0.996661 0.841117 0.916629 3.454138 3.839958 1.425751 0.666222 0.663880 0.773033 0.998236 1.786522 2.560110 3.419347 4.344125 4.735904 4.743968 4.006529 2.957447 2.066941 1.499365 1.166175 1.081921 1.089684 1.178160 1.308263 1.399171 1.594245 1.861826 2.240670 2.608810 2.725522 2.478469 1.506525 0.519366 0.303100 0.241027 0.282943 0.270245 0.203641 0.108970 0.046389 0.000000 0.000000 0.000000 0.000000 0.000000 0.000000 0.000000 0.000000 0.000000 0.000000 0.000000 0.000000 0.000000 0.000000 0.000000 0.000000 0.000000 0.000000 0.000000 0.000000 0.000000 0.060716
0.734504 0.463526 0.496775 2.258796 3.714434 2.381088 0.279795 0.651666 0.793916 2.310831 4.341877 5.635157 6.044281 6.135248 4.998923 3.214488 1.575510 0.701232 0.429237 0.352491 0.400130 0.526807 0.688691 0.823309 0.914170 0.949201 0.962640 0.979455 1.031096 1.180933 1.642285 2.422252 2.710078 2.478905 1.540080 0.529028 0.269776 0.232567 0.258134 0.244477 0.176972 0.091960 0.034485 0.000000 0.000000 0.000000 0.000000 0.000000 0.000000 0.000000 0.000000 0.000000 0.000000 0.000000 0.000000 0.000000 0.000000 0.000000 0.000000 0.000000 0.000000 0.000000 0.204435
0.486550 0.298405 0.261523 1.042880 3.244713 3.302777 1.433701 0.445972 0.570687 1.069966 4.622722 6.581546 6.829722 6.156549 4.150152 1.629716 0.510691 0.237144 0.161900 0.148276 0.229566 0.407305 0.640737 0.814124 0.898802 0.920933 0.908784 0.896737 0.894234 0.895948 0.905131 0.970445 1.343348 2.446435 2.759315 2.473834 1.454542 0.443406 0.207148 0.236503 0.251602 0.234859 0.161952 0.079420 0.000000 0.000000 0.000000 0.000000 0.000000 0.000000 0.000000 0.000000 0.000000 0.000000 0.000000 0.000000 0.000000 0.000000 0.000000 0.000000 0.000000 0.117377 0.825639
0.299136 0.238855 0.132157 0.394741 2.067278 3.703476 3.203098 1.043642 0.555285 0.583883 2.114814 5.629759 6.999512 6.522911 3.583134 1.051040 0.353416 0.170151 0.101680 0.103945 0.149261 0.343987 0.696985 0.937250 0.948763 0.928938 0.890962 0.859655 0.855634 0.856068 0.848846 0.836531 0.840467 0.928177 1.395541 2.306143 2.431598 2.019755 0.998564 0.293622 0.205055 0.242371 0.241457 0.211934 0.126457 0.056457 0.000000 0.000000 0.000000 0.000000 0.000000 0.000000 0.000000 0.000000 0.000000 0.000000 0.000000 0.000000 0.000000 0.000000 0.164360 0.582599 2.224258
0.193786 0.212297 0.157034 0.113078 0.510999 2.478839 3.873109 3.247068 1.220713 0.523501 0.745314 1.324093 4.585923 5.716240 5.219001 3.342943 1.359818 0.249612 0.191151 0.168413 0.159255 0.309985 0.795491 1.018797 1.013426 0.968142 0.889434 0.778941 0.773107 0.801803 0.845845 0.854096 0.825559 0.773637 0.809254 1.137769 1.866984 2.330006 2.173587 1.384201 0.461637 0.167089 0.221635 0.233643 0.220711 0.156608 0.071134 0.000000 0.000000 0.000000 0.000000 0.000000 0.000000 0.000000 0.000000 0.000000 0.000000 0.000000 0.000000 0.273345 0.718758 2.354414 3.389261
0.147312 0.203064 0.212357 0.161205 0.292823 0.525085 2.355752 3.774947 3.480720 2.062442 0.746870 0.807705 0.875138 1.275262 2.280487 2.279121 1.840514 0.878332 0.686661 0.629383 0.324275 0.489568 0.929820 1.056964 1.039912 0.981169 0.758638 0.503473 0.464435 0.492410 0.609768 0.792685 0.861075 0.841578 0.745452 0.943903 1.257036 1.612546 2.283640 2.264838 1.677869 0.675165 0.183098 0.203520 0.234473 0.227287 0.171347 0.077782 0.000000 0.000000 0.000000 0.000000 0.000000 0.000000 0.000000 0.000000 0.000000 0.114214 0.553828 1.041380 2.501675 3.703504 3.579477
0.088616 0.197487 0.228363 0.230749 0.221991 0.387668 0.425439 1.855245 3.743104 4.054108 3.429237 2.152844 1.319702 0.886383 0.866042 0.922313 0.919808 1.090800 1.106107 0.950868 0.575330 0.860856 1.089231 1.082070 1.023708 0.780759 0.489657 0.295279 0.282740 0.317567 0.316204 0.412854 0.665964 0.768148 0.751435 0.651459 1.145397 1.383970 1.511463 2.219396 2.238901 1.734357 0.700596 0.176807 0.207882 0.237694 0.230847 0.166237 0.071402 0.000000 0.000000 0.000000 0.000000 0.000000 0.057231 0.139495 0.443198 1.165124 1.442477 3.359893 3.882923 3.636437 2.270029
0.000000 0.116604 0.219776 0.242770 0.214583 0.377177 0.374973 0.244537 0.732006 2.171415 3.398671 3.591449 3.535083 3.100765 2.550814 2.269682 2.281847 2.292546 2.296167 2.268266 2.226550 2.186403 2.089612 1.867948 1.499154 1.090708 0.707387 0.375382 0.208461 0.276432 0.256133 0.162850 0.329884 0.609009 0.678179 0.637790 0.547345 1.214484 1.465780 1.577615 2.250522 2.223831 1.647952 0.588530 0.199194 0.227010 0.239076 0.218498 0.126535 0.102377 0.138337 0.211781 0.339582 0.584663 0.967713 1.437235 1.702829 2.508442 3.529035 3.611373 3.311896 1.927019 0.474511
0.000000 0.000000 0.123960 0.209133 0.233426 0.221207 0.382832 0.286192 0.185297 0.173122 0.401379 0.858913 1.604368 2.380010 2.796780 3.021671 3.212742 3.264703 3.211206 3.065805 2.947223 2.877577 2.712360 2.475371 2.217601 1.846135 1.354463 0.855995 0.407303 0.226609 0.184832 0.089640 0.122118 0.288650 0.523197 0.554056 0.499218 0.637377 1.236356 1.672673 1.862568 2.229251 2.132425 1.402084 0.400540 0.395008 0.456879 0.590500 0.774671 0.982559 1.214016 1.457404 1.629059 1.706788 2.006674 2.478781 2.898152 3.113606 3.093311 2.610235 1.153302 0.190021 0.084620
