tests/test_04/output4/CloudArrivalTime.dat
NCOLS   360
NROWS    60
XLLCORNER           0.000
YLLCORNER           0.000
CELLSIZE           1.000          1.000
NODATA_VALUE -9999.
[rows 0 to 23 of 60, columns 216 to 269 of 360]
192.737488 191.014832 189.044754 186.030548 183.248932 181.355377 179.540665 177.277664 172.784042 167.883514 165.035645 162.636063 160.182755 157.604111 154.946548 152.180862 149.598267 146.921906 144.436829 142.483017 140.548752 138.366852 136.729507 135.082230 126.314751 123.534172 122.261497 121.503853 121.252411 121.001518 120.751183 120.751183 120.501297 120.501297 120.501297 120.751183 120.751183 121.001518 121.252411 121.755836 122.261497 122.769409 123.279373 124.042747 125.055847 126.314751 129.143051 138.366852 140.000198 141.928055 144.157715 216.128845 220.524307 224.424225
188.489365 187.662323 185.205566 182.970535 180.836395 178.508957 175.649796 173.007553 170.743744 168.536087 165.913956 162.852936 159.490433 156.647690 153.700867 150.639938 147.464554 144.715637 141.928055 139.180817 136.179413 133.998932 131.317261 125.812180 122.515167 121.001518 119.957710 119.454132 119.201553 118.948433 118.694771 118.440567 118.185829 118.185829 117.930679 117.930679 118.185829 118.185829 118.440567 118.948433 119.454132 119.957710 120.751183 121.503853 122.261497 123.024223 124.042747 125.055847 126.063629 127.322441 129.409775 140.823700 142.483017 144.436829
185.481506 183.248932 181.094727 179.278641 177.762726 175.425354 172.334381 170.071838 168.101334 166.133347 163.505081 160.411407 157.604111 154.699310 151.669022 149.070816 146.100922 142.761185 139.180817 135.903793 133.462326 131.043488 126.565536 122.769409 120.751183 119.201553 118.440567 117.930679 117.422150 116.915947 116.412041 115.910400 115.410988 114.913872 114.419189 114.419189 114.172447 114.172447 114.172447 108.827164 108.587852 108.587852 109.066780 109.787498 110.511047 111.480247 112.454613 113.679970 114.419189 110.511047 107.633087 106.919533 109.306709 130.768463
184.372162 181.618347 179.019409 176.567307 174.764069 172.559647 170.294861 168.101334 165.913956 163.287445 160.411407 157.604111 155.192795 152.435852 149.598267 147.193695 144.993958 141.374954 137.277435 134.268478 131.860992 129.143051 124.803078 121.252411 119.201553 117.676117 116.915947 116.160942 115.162109 114.419189 113.434227 112.210533 111.237473 110.511047 109.546951 108.109993 104.089233 103.622261 103.622261 103.855568 104.323250 104.792374 105.262939 105.734970 106.445000 107.157150 107.871422 108.348801 104.089233 100.593109 99.885681 100.357727 102.461029 105.498772
183.811813 180.581039 177.762726 175.425354 173.230225 170.743744 168.318909 166.133347 163.505081 160.411407 157.842407 155.437927 152.943832 150.121307 147.464554 145.271683 143.318954 140.548752 136.729507 133.730225 131.317261 128.614716 124.296532 120.501297 117.930679 116.412041 115.410988 114.172447 112.943764 111.723351 110.028374 108.348801 106.919533 102.692657 100.828072 100.357727 100.121918 100.357727 100.357727 100.121918 98.459091 97.980019 97.980019 98.459091 98.936378 99.411903 100.357727 99.649010 97.258003 95.802940 95.316803 95.559822 96.774361 99.174362
183.811813 180.324600 177.277664 174.764069 172.334381 169.628571 167.010040 164.378143 161.314682 158.317307 155.681992 153.196823 150.639938 148.003555 145.825363 143.598541 141.651276 138.637894 135.629044 133.195267 131.043488 128.614716 124.803078 120.501297 117.422150 115.162109 113.679970 111.723351 110.028374 107.633087 105.498772 102.461029 98.697960 97.980019 97.258003 97.016411 96.774361 96.046127 94.345703 93.618401 93.618401 93.618401 93.860741 94.345703 94.831062 95.316803 96.046127 94.588333 91.925903 89.764221 89.276810 89.276810 90.006302 92.408279
183.811813 180.065765 177.038635 174.330444 171.653214 168.752823 165.913956 162.852936 159.490433 156.407822 153.700867 151.155365 148.538986 146.375519 144.157715 141.928055 139.453445 136.454742 133.998932 131.589813 129.143051 126.063629 122.769409 119.454132 116.160942 113.188828 110.752869 108.587852 104.792374 102.228989 98.459091 96.289101 95.073883 94.103172 93.376160 91.925903 89.031464 88.537369 88.537369 88.537369 88.784981 89.276810 89.764221 90.487289 91.205002 91.685242 88.537369 86.254890 84.941673 84.141983 83.613358 83.877136 84.407883 85.733688
185.205566 180.836395 177.038635 174.330444 171.424347 168.536087 165.255325 161.759720 158.317307 154.946548 152.180862 149.598267 146.921906 144.715637 142.483017 140.000198 137.003738 134.268478 131.860992 129.409775 126.565536 123.534172 120.250908 117.168762 113.434227 110.269547 107.394997 101.530403 99.174362 97.016411 94.103172 91.925903 89.764221 87.026871 84.674850 84.407883 84.407883 84.407883 83.613358 83.877136 84.141983 84.674850 85.207069 85.994957 85.733688 84.141983 81.284622 77.806061 76.092979 75.848419 76.582222 78.050949 80.024193 81.795280
187.388229 183.811813 178.762878 174.982498 171.653214 168.318909 164.816223 161.090546 157.604111 154.201935 151.155365 148.271713 145.825363 143.318954 140.548752 137.823196 134.810120 132.397827 129.678131 126.314751 123.279373 120.501297 117.422150 113.926041 110.269547 106.919533 100.121918 97.016411 95.559822 91.685242 88.288597 83.613358 80.274460 79.031868 77.561211 77.561211 77.806061 78.295883 79.031868 80.024193 80.777710 82.052040 82.568481 81.795280 73.893433 70.723328 69.267609 68.301460 64.192322 64.924782 67.579483 69.509781 71.697006 74.381927
189.044754 185.481506 181.355377 176.567307 173.007553 169.188934 165.035645 160.865295 157.126373 153.700867 150.381195 147.464554 144.715637 142.205307 139.180817 136.179413 133.195267 130.493362 126.816353 123.279373 120.501297 117.422150 113.679970 109.787498 106.208092 100.593109 95.316803 93.376160 89.521057 85.471069 77.806061 75.359421 74.137657 73.649239 72.184792 69.994728 69.752182 69.752182 70.723328 71.940819 73.160980 70.480309 50.786430 51.544601 52.785431 54.477779 56.392460 58.574650 60.529190 62.483028 64.436478 66.139877 67.819893 69.267609
191.014832 187.388229 183.811813 178.762878 174.764069 170.969635 166.571930 161.980621 157.604111 153.700867 150.121307 146.921906 144.157715 141.374954 138.095291 135.082230 132.130310 128.878036 124.296532 121.001518 117.930679 113.679970 109.546951 105.262939 98.936378 94.831062 90.247322 86.770828 82.828178 73.649239 71.453346 68.301460 61.994610 61.261929 61.261929 61.017689 61.261929 61.750389 41.444180 42.220631 43.752960 45.041889 46.604679 48.182201 49.758652 51.544601 53.274132 54.715511 56.392460 57.844570 59.551319 61.017689 62.483028 63.948151
192.737488 188.766647 185.205566 181.094727 176.567307 172.784042 168.536087 163.941101 159.490433 154.946548 150.897873 147.193695 144.157715 140.823700 137.550583 134.268478 131.317261 127.322441 122.769409 119.454132 115.162109 110.028374 105.027473 97.980019 93.860741 87.281662 83.613358 72.672897 27.073090 27.375860 27.975420 28.269991 29.134251 30.515760 32.147228 33.543179 35.216808 36.876591 38.513149 40.391071 42.476582 44.524738 46.604679 48.710880 50.786430 52.785431 54.953629 56.875038 58.818470 60.773441 62.727230 64.680634 66.380508 68.060547
194.186218 189.884003 186.573517 182.970535 178.508957 174.547562 170.518829 166.133347 161.537735 157.126373 152.690170 148.538986 144.993958 141.374954 137.550583 133.998932 130.493362 125.812180 121.755836 118.185829 111.966782 105.971413 98.219780 91.925903 84.941673 19.824780 20.406700 19.535900 20.115040 21.290279 23.403231 25.242901 27.375860 29.134251 31.053680 32.983459 34.938438 36.876591 39.053452 41.444180 43.752960 46.082088 48.446381 51.040329 53.516899 55.911339 58.331059 60.773441 63.459801 66.139877 68.542618 70.723328 71.697006 71.940819
195.323196 190.730835 187.388229 184.372162 180.065765 175.876175 172.108215 167.665497 163.505081 159.023651 154.946548 150.381195 146.649185 143.039825 138.908966 134.538864 130.493362 125.308289 120.501297 115.410988 108.587852 98.697960 90.726219 13.714740 13.445650 12.111490 12.910160 11.845490 12.910160 14.527470 22.792900 24.935570 27.073090 28.849300 30.784000 32.983459 34.938438 37.150761 39.590721 42.731140 45.561131 48.710880 51.544601 54.239071 56.875038 59.306801 61.506161 65.412949 69.509781 74.137657 75.359421 76.582222 78.540863 80.777710
197.422287 192.448120 188.489365 185.481506 181.883728 177.518997 173.673035 169.628571 165.255325 161.090546 156.887115 152.690170 148.271713 144.715637 140.548752 135.903793 131.589813 126.314751 120.250908 111.480247 101.062599 11.845490 2.663580 2.417190 2.910900 3.408370 3.907540 4.905080 5.901550 6.897620 8.163810 9.725850 11.579660 14.800020 18.680880 21.290279 27.975420 37.424370 40.920029 44.524738 48.182201 51.544601 54.477779 57.359089 60.284851 63.703979 68.784027 76.337578 97.739799 99.411903 101.530403 103.389313 106.208092 111.966782
201.021103 195.044464 190.165421 186.843246 183.530182 179.278641 175.202911 171.196503 167.010040 162.852936 158.789001 154.699310 150.121307 146.100922 142.205307 137.277435 132.929016 128.353043 121.503853 111.237473 96.289101 0.717610 0.957780 1.198810 1.440710 2.171720 2.910900 3.907540 4.905080 5.901550 6.897620 8.421000 9.989280 11.845490 13.984730 16.448111 20.115040 24.015030 34.101971 46.604679 51.040329 54.477779 57.601669 61.017689 65.412949 107.394997 104.089233 100.828072 100.121918 102.924492 106.682152 108.827164 109.787498 109.546951
205.642166 199.578537 192.737488 188.489365 185.205566 181.355377 177.277664 173.007553 168.752823 164.378143 160.411407 156.166916 151.925186 147.464554 143.598541 138.637894 133.730225 129.409775 122.515167 112.943764 86.254890 0.238980 0.238980 0.478180 1.198810 1.927160 2.663580 3.657990 4.655800 5.652530 6.648200 7.653440 8.939510 10.518040 12.910160 15.073170 17.280569 19.535900 23.097879 28.561251 53.999359 57.844570 61.994610 71.209846 108.348801 105.498772 103.855568 102.692657 103.156708 103.855568 103.389313 102.924492 102.461029 101.530403
-9999.000000 -9999.000000 199.339844 191.014832 187.114914 183.530182 179.804474 175.876175 170.969635 166.352676 161.980621 157.842407 153.700867 148.538986 144.157715 139.180817 133.998932 129.409775 122.261497 111.480247 15.896280 0.238980 0.238980 0.478180 0.957780 1.683490 2.663580 3.657990 4.655800 5.652530 6.648200 7.653440 8.939510 10.253340 11.845490 13.714740 16.171881 18.399509 20.699780 23.097879 25.242901 64.680634 112.699020 114.172447 111.723351 109.066780 106.445000 103.389313 100.593109 98.697960 96.289101 93.376160 88.537369 84.141983
-9999.000000 -9999.000000 -9999.000000 -9999.000000 -9999.000000 -9999.000000 184.650894 181.355377 178.762878 171.881165 166.571930 161.759720 157.604111 153.196823 146.921906 140.548752 133.730225 128.093018 119.957710 105.971413 14.527470 0.478180 1.683490 3.408370 3.657990 3.159160 3.408370 4.157030 4.905080 5.901550 6.897620 7.907960 9.200870 10.253340 11.845490 13.445650 15.073170 17.280569 19.824780 21.886721 24.015030 25.855579 27.975420 30.515760 109.546951 106.682152 103.156708 99.174362 96.046127 93.376160 90.247322 86.254890 81.284622 78.785942
-9999.000000 -9999.000000 -9999.000000 -9999.000000 -9999.000000 -9999.000000 -9999.000000 -9999.000000 -9999.000000 237.944473 230.115616 227.119186 225.622955 226.820297 231.024231 234.819412 238.796524 132.663559 118.185829 97.499130 15.073170 6.399380 6.897620 7.653440 8.679560 9.463050 9.463050 5.403450 5.652530 6.150500 6.897620 8.163810 9.200870 10.518040 11.845490 13.445650 15.073170 16.724960 18.680880 20.699780 22.792900 24.628300 26.769680 28.849300 30.515760 32.424450 34.381020 36.326359 37.969910 39.858238 41.963261 44.783051 81.284622 46.604679
-9999.000000 -9999.000000 -9999.000000 -9999.000000 -9999.000000 -9999.000000 -9999.000000 -9999.000000 -9999.000000 -9999.000000 235.670746 231.324295 231.024231 232.216293 235.954773 -9999.000000 -9999.000000 -9999.000000 210.294022 25.855579 19.535900 15.073170 16.171881 15.073170 14.527470 13.714740 14.527470 14.255640 13.984730 7.400220 7.653440 8.163810 9.463050 10.783190 12.111490 13.445650 15.073170 16.724960 18.118799 20.115040 21.886721 23.708950 25.242901 27.073090 29.134251 31.053680 32.703251 34.381020 35.772861 37.150761 38.241852 39.322460 39.590721 39.590721
-9999.000000 -9999.000000 -9999.000000 -9999.000000 -9999.000000 -9999.000000 -9999.000000 -9999.000000 -9999.000000 -9999.000000 237.660324 234.250977 234.819412 236.807587 -9999.000000 -9999.000000 229.208710 221.438324 213.282181 204.730606 25.855579 27.677420 32.147228 38.783680 25.549570 22.187220 21.587749 20.994301 20.406700 19.535900 9.463050 9.463050 9.725850 10.783190 12.111490 13.714740 15.073170 16.448111 18.118799 19.535900 21.290279 22.792900 24.321480 26.160931 27.677420 29.416201 31.053680 32.703251 34.101971 35.216808 36.050030 36.601849 36.601849 35.494949
-9999.000000 -9999.000000 -9999.000000 -9999.000000 -9999.000000 -9999.000000 -9999.000000 -9999.000000 -9999.000000 -9999.000000 237.944473 236.523209 238.512573 -9999.000000 -9999.000000 235.954773 230.115616 224.424225 219.284164 44.266960 31.324820 34.938438 38.783680 57.116879 56.151718 56.151718 61.017689 84.141983 29.134251 26.769680 25.549570 11.579660 11.314000 11.579660 12.377660 13.714740 15.073170 16.448111 17.838739 19.535900 20.994301 22.489269 23.708950 25.242901 26.769680 28.269991 29.695240 31.053680 32.147228 32.983459 33.822689 33.822689 34.101971 34.381020
-9999.000000 -9999.000000 -9999.000000 -9999.000000 -9999.000000 -9999.000000 -9999.000000 -9999.000000 -9999.000000 -9999.000000 239.364288 239.080444 -9999.000000 -9999.000000 -9999.000000 -9999.000000 235.386856 231.622971 228.610886 39.322460 35.494949 39.858238 54.477779 61.017689 65.898422 65.898422 82.052040 89.276810 97.016411 100.828072 40.391071 32.703251 13.984730 13.445650 13.445650 13.984730 15.073170 16.448111 17.559330 18.963730 20.406700 21.886721 23.097879 24.628300 25.855579 27.073090 28.269991 29.416201 30.515760 31.053680 31.871571 32.703251 33.543179 34.381020
