tests/test_04/output4/CloudLoad_240.00hrs.dat
NCOLS   360
NROWS    60
XLLCORNER           0.000
YLLCORNER           0.000
CELLSIZE           1.000          1.000
NODATA_VALUE -9999.
[rows 0 to 27 of 60, columns 252 to 314 of 360]
1.963448 2.066934 2.137652 2.171871 2.143805 2.038399 1.843214 1.591315 1.357238 1.164130 1.007239 0.921977 0.899045 0.877706 0.820704 0.755118 0.658592 0.512027 0.412001 0.402830 0.646511 0.730078 0.554771 0.000000 0.000000 0.000000 0.000000 0.000000 0.000000 0.000000 0.000000 0.000000 0.000000 0.000000 0.000000 0.000000 0.000000 0.000000 0.000000 0.000000 0.000000 0.000000 0.000000 0.000000 0.000000 0.000000 0.000000 0.000000 0.000000 0.000000 0.000000 0.000000 0.000000 0.000000 0.000000 0.000000 0.000000 0.000000 0.000000 0.000000 0.000000 0.000000 0.209379
2.729568 2.714821 2.694522 2.668588 2.629473 2.493627 2.267213 1.980214 1.757900 1.591257 1.442616 1.267456 1.078324 0.886568 0.741300 0.676757 0.607883 0.540995 0.461208 0.454233 0.560697 0.698457 0.570399 0.223341 0.000000 0.000000 0.000000 0.000000 0.000000 0.000000 0.000000 0.000000 0.000000 0.000000 0.000000 0.000000 0.000000 0.000000 0.000000 0.000000 0.000000 0.000000 0.000000 0.000000 0.000000 0.000000 0.000000 0.000000 0.000000 0.000000 0.000000 0.000000 0.000000 0.000000 0.000000 0.000000 0.000000 0.000000 0.000000 0.000000 0.000000 0.000000 0.000000
2.422801 2.307732 2.234893 2.240638 2.260034 2.059790 1.717829 1.459532 1.382558 1.363586 1.358009 1.405203 1.449279 1.393934 1.131868 0.866909 0.623136 0.486016 0.385889 0.399749 0.527156 0.793023 0.706230 0.319928 0.000000 0.000000 0.000000 0.000000 0.000000 0.000000 0.000000 0.000000 0.000000 0.000000 0.000000 0.000000 0.000000 0.000000 0.000000 0.000000 0.000000 0.000000 0.000000 0.000000 0.000000 0.000000 0.000000 0.000000 0.000000 0.000000 0.000000 0.000000 0.000000 0.000000 0.000000 0.000000 0.000000 0.000000 0.000000 0.000000 0.000000 0.000000 0.000000
3.562525 3.152659 2.808588 2.774813 2.440429 1.847975 1.191703 0.881188 0.771063 0.696965 0.649745 0.684707 0.854574 1.127246 1.332896 1.353316 1.234764 0.894304 0.508587 0.312948 0.386592 0.667813 0.742129 0.477051 0.000000 0.000000 0.000000 0.000000 0.000000 0.000000 0.000000 0.000000 0.000000 0.000000 0.000000 0.000000 0.000000 0.000000 0.000000 0.000000 0.000000 0.000000 0.000000 0.000000 0.000000 0.000000 0.000000 0.000000 0.000000 0.000000 0.000000 0.000000 0.000000 0.000000 0.000000 0.000000 0.000000 0.000000 0.000000 0.000000 0.000000 0.000000 0.000000
5.118540 4.621911 4.606949 4.634857 3.935519 2.764880 1.776096 1.269267 0.873168 0.601142 0.495676 0.448612 0.454914 0.511989 0.603990 0.766633 1.039310 1.079504 0.937832 0.602027 0.378983 0.487026 0.677438 0.571097 0.245454 0.000000 0.000000 0.000000 0.000000 0.000000 0.000000 0.000000 0.000000 0.000000 0.000000 0.000000 0.000000 0.000000 0.000000 0.000000 0.000000 0.000000 0.000000 0.000000 0.000000 0.000000 0.000000 0.000000 0.000000 0.000000 0.000000 0.000000 0.000000 0.000000 0.000000 0.000000 0.000000 0.000000 0.000000 0.000000 0.000000 0.000000 0.000000
5.034551 4.978128 5.663033 5.360774 4.418164 3.090230 2.508358 2.178145 1.801192 1.369301 0.939441 0.564486 0.397154 0.410145 0.464646 0.538472 0.617111 0.794364 0.908472 0.794587 0.647535 0.515168 0.560007 0.595207 0.368932 0.000000 0.000000 0.000000 0.000000 0.000000 0.000000 0.000000 0.000000 0.000000 0.000000 0.000000 0.000000 0.000000 0.000000 0.000000 0.000000 0.000000 0.000000 0.000000 0.000000 0.000000 0.000000 0.000000 0.000000 0.000000 0.000000 0.000000 0.000000 0.000000 0.000000 0.000000 0.000000 0.000000 0.000000 0.000000 0.000000 0.000000 0.000000
3.473301 4.466066 4.942227 4.334489 2.858730 2.288754 2.254518 2.285758 2.239288 2.114132 1.782519 1.349572 0.952257 0.616994 0.420872 0.476719 0.516616 0.541241 0.602371 0.714710 0.683620 0.674030 0.610803 0.558147 0.427786 0.251152 0.000000 0.000000 0.000000 0.000000 0.000000 0.000000 0.000000 0.000000 0.000000 0.000000 0.000000 0.000000 0.000000 0.000000 0.000000 0.000000 0.000000 0.000000 0.000000 0.000000 0.000000 0.000000 0.000000 0.000000 0.000000 0.000000 0.000000 0.000000 0.000000 0.000000 0.000000 0.000000 0.000000 0.000000 0.000000 0.000000 0.000000
2.769017 4.022464 3.718443 2.083513 1.071331 0.990257 1.008438 1.121441 1.288726 1.474161 1.676039 1.709610 1.622974 1.352146 0.935433 0.632941 0.507574 0.507397 0.489530 0.454226 0.587148 0.645181 0.716177 0.604611 0.469606 0.324093 0.000000 0.000000 0.000000 0.000000 0.000000 0.000000 0.000000 0.000000 0.000000 0.000000 0.000000 0.215282 0.205986 0.000000 0.000000 0.000000 0.000000 0.000000 0.000000 0.000000 0.000000 0.000000 0.000000 0.000000 0.000000 0.000000 0.000000 0.000000 0.000000 0.000000 0.000000 0.000000 0.000000 0.000000 0.000000 0.000000 0.000000
3.717251 3.445404 1.918355 0.735554 0.672501 0.668516 0.661580 0.658869 0.648735 0.664905 0.717341 0.871528 1.261183 1.516772 1.485523 1.297832 0.917730 0.616118 0.512609 0.430787 0.378389 0.529365 0.659963 0.687826 0.569033 0.386248 0.276413 0.000000 0.000000 0.000000 0.000000 0.000000 0.000000 0.000000 0.000000 0.000000 0.000000 0.000000 0.206266 0.205921 0.000000 0.000000 0.000000 0.000000 0.000000 0.000000 0.000000 0.000000 0.000000 0.000000 0.000000 0.000000 0.000000 0.000000 0.000000 0.000000 0.000000 0.000000 0.000000 0.000000 0.000000 0.000000 0.000000
2.718482 1.722097 0.723458 0.609483 0.607791 0.613887 0.637987 0.614968 0.559347 0.486845 0.455624 0.475579 0.520839 0.655774 1.107215 1.385762 1.356423 1.089553 0.713620 0.480067 0.360565 0.335201 0.528173 0.670178 0.647297 0.490269 0.336679 0.239350 0.000000 0.000000 0.000000 0.000000 0.000000 0.000000 0.000000 0.000000 0.000000 0.000000 0.000000 0.000000 0.000000 0.000000 0.000000 0.000000 0.000000 0.000000 0.000000 0.000000 0.000000 0.000000 0.000000 0.000000 0.000000 0.000000 0.000000 0.000000 0.000000 0.000000 0.000000 0.000000 0.000000 0.000000 0.000000
1.147802 0.683695 0.622529 0.629566 0.622446 0.572244 0.589425 0.599028 0.586700 0.553477 0.468205 0.401923 0.388646 0.390403 0.466904 0.811153 1.218215 1.280851 1.133547 0.737949 0.423959 0.304622 0.333031 0.564161 0.643339 0.607047 0.456669 0.318847 0.209267 0.000000 0.000000 0.000000 0.000000 0.000000 0.000000 0.000000 0.000000 0.000000 0.000000 0.000000 0.000000 0.000000 0.000000 0.000000 0.000000 0.000000 0.000000 0.000000 0.000000 0.000000 0.000000 0.000000 0.000000 0.000000 0.000000 0.000000 0.000000 0.000000 0.000000 0.000000 0.000000 0.000000 0.000000
0.547846 0.515647 0.577075 0.618939 0.569641 0.484728 0.475657 0.511925 0.579204 0.618781 0.608123 0.532309 0.424347 0.343072 0.319714 0.387664 0.766828 1.120462 1.197722 1.034581 0.609567 0.347564 0.263893 0.369079 0.595256 0.619612 0.583823 0.416352 0.311127 0.000000 0.000000 0.000000 0.000000 0.000000 0.000000 0.000000 0.000000 0.000000 0.000000 0.000000 0.000000 0.000000 0.000000 0.000000 0.000000 0.000000 0.000000 0.000000 0.000000 0.000000 0.000000 0.000000 0.000000 0.000000 0.000000 0.000000 0.000000 0.000000 0.000000 0.000000 0.000000 0.000000 0.228364
0.507243 0.513286 0.532016 0.498678 0.404896 0.388907 0.410489 0.428396 0.462937 0.526817 0.598539 0.627115 0.572306 0.422422 0.308326 0.286765 0.409348 0.850413 1.089896 1.143999 0.849267 0.435892 0.274160 0.244735 0.428594 0.622152 0.624838 0.535023 0.373006 0.283334 0.000000 0.000000 0.000000 0.000000 0.000000 0.000000 0.000000 0.000000 0.000000 0.000000 0.000000 0.000000 0.000000 0.000000 0.000000 0.000000 0.000000 0.000000 0.000000 0.000000 0.000000 0.000000 0.000000 0.000000 0.000000 0.000000 0.000000 0.000000 0.000000 0.000000 0.000000 0.273128 0.374808
0.572940 0.548322 0.519377 0.400074 0.292858 0.281366 0.302192 0.344189 0.375022 0.402066 0.453856 0.534787 0.595309 0.579878 0.439571 0.301943 0.277010 0.508053 0.958866 1.100341 1.073785 0.656287 0.324670 0.244668 0.269382 0.514568 0.640870 0.626396 0.487696 0.369822 0.273429 0.000000 0.000000 0.000000 0.000000 0.000000 0.000000 0.000000 0.000000 0.000000 0.000000 0.000000 0.000000 0.000000 0.000000 0.000000 0.000000 0.000000 0.000000 0.000000 0.000000 0.000000 0.000000 0.000000 0.000000 0.000000 0.000000 0.000000 0.000000 0.204531 0.294983 0.446548 0.752493
0.635523 0.645155 0.582122 0.409173 0.267991 0.227874 0.217574 0.239224 0.260623 0.300597 0.341189 0.393245 0.471521 0.545891 0.566089 0.468774 0.310833 0.326001 0.697231 1.111639 1.203565 0.933099 0.476131 0.292749 0.252615 0.335353 0.559307 0.660472 0.638130 0.505482 0.380883 0.268826 0.000000 0.000000 0.000000 0.000000 0.000000 0.000000 0.000000 0.000000 0.000000 0.000000 0.000000 0.000000 0.000000 0.000000 0.000000 0.000000 0.000000 0.000000 0.000000 0.000000 0.000000 0.000000 0.000000 0.000000 0.000000 0.000000 0.214347 0.300269 0.494373 0.864077 1.464417
0.583646 0.617828 0.559748 0.434591 0.352683 0.281495 0.218026 0.000000 0.000000 0.000000 0.215455 0.263493 0.325317 0.398375 0.484067 0.521924 0.460802 0.330163 0.434540 0.958599 1.266012 1.227364 0.780724 0.367040 0.270088 0.268886 0.395152 0.601593 0.700334 0.686233 0.528841 0.387169 0.253677 0.000000 0.000000 0.000000 0.000000 0.000000 0.000000 0.000000 0.000000 0.000000 0.000000 0.000000 0.000000 0.000000 0.000000 0.000000 0.000000 0.000000 0.000000 0.000000 0.000000 0.000000 0.000000 0.000000 0.200706 0.267059 0.341957 0.527014 0.933577 1.570662 2.209442
0.528649 0.536454 0.456098 0.394162 0.362522 0.329116 0.293817 0.247691 0.000000 0.000000 0.000000 0.000000 0.000000 0.263858 0.349314 0.428310 0.467334 0.428772 0.380563 0.649657 1.162384 1.341424 1.205158 0.646742 0.314304 0.278582 0.303851 0.455710 0.626873 0.705732 0.684173 0.537325 0.379089 0.234858 0.000000 0.000000 0.000000 0.000000 0.000000 0.000000 0.000000 0.000000 0.000000 0.000000 0.000000 0.000000 0.000000 0.000000 0.000000 0.000000 0.000000 0.000000 0.000000 0.000000 0.000000 0.250340 0.322065 0.390013 0.565840 0.981211 1.619337 2.253613 2.592769
0.342667 0.322713 0.315075 0.339151 0.342790 0.332041 0.320799 0.299138 0.272643 0.232495 0.000000 0.000000 0.000000 0.000000 0.229371 0.319142 0.405556 0.448485 0.442268 0.502106 0.844776 1.237786 1.337061 1.143639 0.594893 0.309607 0.286167 0.324870 0.473117 0.603250 0.686132 0.673303 0.546688 0.386762 0.249062 0.000000 0.000000 0.000000 0.000000 0.000000 0.000000 0.000000 0.000000 0.000000 0.000000 0.000000 0.000000 0.000000 0.000000 0.000000 0.000000 0.000000 0.000000 0.211438 0.295923 0.369306 0.431980 0.593422 0.999974 1.607912 2.236692 2.601755 2.659653
0.000000 0.000000 0.000000 0.000000 0.000000 0.200930 0.232113 0.268174 0.283344 0.289625 0.262502 0.211811 0.000000 0.000000 0.000000 0.231165 0.331095 0.433022 0.506123 0.568356 0.631318 0.878075 1.199782 1.255405 1.085447 0.619876 0.308702 0.284951 0.325120 0.439896 0.567712 0.657431 0.666464 0.576562 0.438022 0.305095 0.000000 0.000000 0.000000 0.000000 0.000000 0.000000 0.000000 0.000000 0.000000 0.000000 0.000000 0.000000 0.000000 0.000000 0.000000 0.000000 0.262575 0.335369 0.392200 0.452613 0.604693 0.991766 1.579121 2.162400 2.569882 2.614112 2.375996
0.000000 0.000000 0.000000 0.000000 0.000000 0.000000 0.000000 0.000000 0.000000 0.251194 0.282283 0.292065 0.274578 0.000000 0.000000 0.000000 0.258354 0.379231 0.527331 0.619502 0.617137 0.615980 0.821897 1.106077 1.168556 1.039561 0.599865 0.291858 0.271929 0.315697 0.417503 0.549500 0.641753 0.681985 0.615028 0.506109 0.401383 0.297832 0.202250 0.000000 0.000000 0.000000 0.000000 0.000000 0.000000 0.000000 0.000000 0.000000 0.000000 0.200745 0.249525 0.304306 0.357208 0.401889 0.459249 0.608982 0.969974 1.511136 2.057759 2.495026 2.562286 2.281655 1.783088
0.000000 0.000000 0.000000 0.000000 0.000000 0.000000 0.000000 0.000000 0.000000 0.000000 0.214867 0.304859 0.347131 0.323468 0.235967 0.205483 0.249572 0.353083 0.511760 0.627380 0.653741 0.632847 0.616218 0.837116 1.113467 1.135272 0.943234 0.520537 0.268078 0.265840 0.329043 0.450616 0.571447 0.657419 0.713237 0.684305 0.613642 0.531577 0.464323 0.387485 0.314503 0.252860 0.207053 0.000000 0.000000 0.000000 0.202446 0.225627 0.251311 0.279449 0.316159 0.360611 0.403954 0.466219 0.619912 0.960158 1.473898 1.952276 2.376196 2.483813 2.158278 1.715666 1.155794
0.000000 0.000000 0.000000 0.000000 0.000000 0.000000 0.000000 0.000000 0.000000 0.000000 0.000000 0.242877 0.366773 0.392288 0.345162 0.260959 0.282090 0.384582 0.540801 0.674799 0.807053 0.843205 0.789878 0.781391 1.033669 1.232112 1.183125 0.901029 0.484663 0.285485 0.293613 0.363516 0.503858 0.619319 0.702684 0.758139 0.777230 0.745306 0.686185 0.622724 0.571414 0.524223 0.471453 0.419443 0.371850 0.345199 0.337133 0.333022 0.333637 0.334124 0.366164 0.413935 0.504275 0.674706 0.993706 1.476976 1.899772 2.263758 2.374656 2.041954 1.649115 1.187121 0.743971
0.000000 0.000000 0.000000 0.000000 0.000000 0.000000 0.000000 0.000000 0.000000 0.000000 0.000000 0.000000 0.324097 0.419926 0.418374 0.338628 0.348293 0.507930 0.703801 0.857575 0.938885 0.907509 0.834024 0.730986 0.840681 1.131837 1.249779 1.189997 0.862557 0.484732 0.357766 0.341475 0.407412 0.549277 0.652057 0.742876 0.787365 0.822888 0.839779 0.816727 0.767743 0.694663 0.632511 0.587575 0.538480 0.486511 0.450406 0.432787 0.429511 0.460698 0.529207 0.649450 0.816563 1.114007 1.525174 1.902331 2.201189 2.263618 1.923788 1.553761 1.174780 0.779272 0.497752
0.000000 0.000000 0.000000 0.000000 0.000000 0.000000 0.000000 0.000000 0.000000 0.000000 0.000000 0.000000 0.258262 0.410053 0.474352 0.484492 0.557915 0.737298 0.864711 0.890692 0.900179 0.846224 0.740748 0.664726 0.670769 0.966800 1.232461 1.264970 1.108939 0.740015 0.469450 0.415464 0.401085 0.457751 0.591368 0.720461 0.789154 0.833973 0.883554 0.915485 0.880620 0.777519 0.675827 0.620404 0.586184 0.554073 0.523738 0.533154 0.614758 0.731298 0.892570 1.076774 1.321267 1.651164 1.948389 2.154593 2.164790 1.827272 1.431975 1.121568 0.780423 0.490766 0.388093
0.000000 0.000000 0.000000 0.000000 0.000000 0.000000 0.000000 0.000000 0.000000 0.000000 0.000000 0.000000 0.202565 0.373300 0.567340 0.718730 0.778722 0.838815 0.808975 0.752363 0.750398 0.782684 0.739842 0.665585 0.618861 0.817893 1.171426 1.280665 1.255912 0.984136 0.626111 0.497731 0.479468 0.480285 0.550076 0.707335 0.838128 0.891763 0.938260 0.960928 0.872155 0.747475 0.651644 0.621539 0.619252 0.639077 0.692735 0.826352 1.028788 1.227026 1.368831 1.565280 1.780674 1.994952 2.091220 2.031564 1.727817 1.324962 1.029451 0.745813 0.489218 0.346030 0.358955
0.000000 0.000000 0.000000 0.000000 0.000000 0.000000 0.000000 0.000000 0.000000 0.000000 0.000000 0.000000 0.000000 0.296174 0.634422 0.863593 0.881230 0.799934 0.744300 0.783349 0.834004 0.866757 0.845904 0.765527 0.702068 0.786120 1.137417 1.370053 1.401366 1.250943 0.888388 0.628439 0.613689 0.623098 0.676047 0.826349 0.974827 1.038991 1.083342 1.042348 0.906191 0.784688 0.735939 0.749733 0.851469 1.017476 1.249112 1.475371 1.602036 1.667154 1.751253 1.851855 1.991224 1.973461 1.865991 1.605500 1.241530 0.924965 0.659602 0.449261 0.321552 0.317228 0.381644
0.000000 0.000000 0.000000 0.000000 0.000000 0.000000 0.000000 0.000000 0.000000 0.000000 0.000000 0.000000 0.000000 0.218309 0.605573 0.893921 0.915020 0.786720 0.824523 0.916847 0.879197 0.832862 0.814083 0.756233 0.710118 0.775779 1.047232 1.405781 1.535777 1.495990 1.252995 0.911210 0.783833 0.805317 0.869699 1.041360 1.206424 1.261340 1.245089 1.159944 1.042903 0.988551 1.063042 1.280636 1.566795 1.794153 1.912079 1.900117 1.831416 1.782747 1.832465 1.886231 1.842112 1.701516 1.513084 1.170962 0.815812 0.569177 0.393755 0.303922 0.274696 0.347682 0.631820
0.000000 0.000000 0.000000 0.000000 0.000000 0.000000 0.000000 0.000000 0.000000 0.000000 0.000000 0.000000 0.000000 0.000000 0.499735 0.874419 0.939765 0.830723 0.896912 0.952909 0.833606 0.693149 0.609765 0.614035 0.654629 0.739963 0.882102 1.277524 1.663296 1.771857 1.698598 1.469075 1.183817 1.088380 1.166775 1.328350 1.456904 1.450711 1.406870 1.369020 1.415934 1.640597 1.976871 2.151503 2.167967 2.075316 1.920665 1.853084 1.831861 1.807348 1.774133 1.695072 1.562978 1.415237 1.092217 0.689771 0.457112 0.335171 0.278850 0.251343 0.305188 0.669384 1.253566
