tests/test_04/output4/CloudLoad_120.00hrs.dat
NCOLS   360
NROWS    60
XLLCORNER           0.000
YLLCORNER           0.000
CELLSIZE           1.000          1.000
NODATA_VALUE  0.000
[rows 0 to 33 of 60, columns 231 to 307 of 360]
0.000 0.000 0.000 0.000 0.000 0.000 0.000 0.000 0.000 0.000 0.000 0.000 0.000 0.000 0.000 0.000 0.000 0.000 0.000 0.000 0.000 0.000 0.000 0.000 0.000 0.000 0.000 0.000 0.000 0.000 0.000 0.000 0.000 0.000 0.000 0.000 0.000 0.000 0.000 0.000 0.000 0.000 0.000 0.000 0.000 0.000 0.000 0.000 0.000 0.000 0.000 0.000 0.000 0.000 0.000 0.000 0.000 0.000 0.000 0.000 0.000 0.000 0.000 0.000 0.000 0.000 0.000 0.000 0.000 0.000 0.000 0.000 0.000 0.000 0.000 0.000 0.000
0.000 0.000 0.000 0.000 0.000 0.000 0.000 0.000 0.000 0.000 0.000 0.000 0.000 0.000 0.000 0.000 0.000 0.000 0.000 0.000 0.000 0.000 0.000 0.000 0.000 0.000 0.000 0.000 0.000 0.000 0.000 0.000 0.000 0.000 0.000 0.000 0.000 0.000 0.000 0.000 0.000 0.000 0.000 0.000 0.000 0.000 0.000 0.000 0.000 0.000 0.000 0.000 0.000 0.000 0.000 0.000 0.000 0.000 0.000 0.000 0.000 0.000 0.000 0.000 0.000 0.000 0.000 0.000 0.000 0.000 0.000 0.000 0.000 0.000 0.000 0.000 0.000
0.000 0.000 0.000 0.000 0.000 0.000 0.000 0.000 0.000 0.000 0.000 0.000 0.000 0.000 0.000 0.000 0.000 0.000 0.000 0.000 0.000 0.000 0.000 0.000 0.000 0.000 0.000 0.000 0.000 0.000 0.000 0.000 0.000 0.000 0.000 0.000 0.000 0.000 0.000 0.000 0.000 0.000 0.000 0.000 0.000 0.000 0.000 0.000 0.000 0.000 0.000 0.000 0.000 0.000 0.000 0.000 0.000 0.000 0.000 0.000 0.000 0.000 0.000 0.000 0.000 0.000 0.000 0.000 0.000 0.000 0.000 0.000 0.000 0.000 0.000 0.000 0.000
0.000 0.000 0.000 0.000 0.000 0.000 0.000 0.000 0.000 0.000 0.000 0.000 0.000 0.000 0.000 0.000 0.000 0.000 0.000 0.000 0.000 0.000 0.000 0.000 0.000 0.000 0.000 0.000 0.000 0.000 0.000 0.203 0.260 0.291 0.296 0.289 0.207 0.000 0.000 0.000 0.000 0.000 0.000 0.000 0.000 0.000 0.000 0.000 0.000 0.000 0.000 0.000 0.000 0.000 0.000 0.000 0.000 0.000 0.000 0.000 0.000 0.000 0.000 0.000 0.000 0.000 0.000 0.000 0.000 0.000 0.000 0.000 0.000 0.000 0.000 0.209 1.138
0.000 0.000 0.000 0.000 0.000 0.000 0.000 0.000 0.000 0.000 0.000 0.000 0.000 0.000 0.000 0.260 0.360 0.435 0.491 0.493 0.450 0.329 0.000 0.000 0.000 0.000 0.229 0.486 0.809 1.206 1.657 2.143 2.551 2.713 2.727 2.628 2.073 1.430 0.926 0.423 0.000 0.000 0.000 0.000 0.000 0.000 0.000 0.000 0.000 0.000 0.000 0.000 0.000 0.000 0.000 0.000 0.000 0.000 0.000 0.000 0.000 0.000 0.000 0.000 0.000 0.000 0.000 0.000 0.000 0.000 0.000 0.000 0.000 0.000 0.209 1.260 3.357
0.000 0.000 0.000 0.000 0.000 0.000 0.000 0.000 0.000 0.000 0.000 0.000 0.375 1.136 1.875 2.424 2.429 1.939 1.088 1.081 1.120 1.162 1.348 2.114 3.221 4.778 6.699 7.547 7.976 7.799 7.585 7.579 7.481 7.060 6.538 5.885 5.252 4.375 3.387 2.453 1.547 0.735 0.280 0.000 0.000 0.000 0.000 0.000 0.000 0.000 0.000 0.000 0.000 0.000 0.000 0.000 0.000 0.000 0.000 0.000 0.000 0.000 0.000 0.000 0.000 0.000 0.000 0.000 0.000 0.000 0.000 0.000 0.000 0.000 1.058 3.177 5.251
0.000 0.000 0.000 0.000 0.000 0.000 0.000 0.000 0.000 0.000 1.043 2.797 4.769 6.778 8.034 8.812 8.972 8.736 7.343 4.093 2.280 3.526 6.444 9.837 13.811 19.467 25.906 30.078 30.517 30.153 28.532 25.849 22.641 19.126 15.679 12.142 10.078 8.642 7.271 6.265 5.278 3.814 2.397 1.215 0.442 0.000 0.000 0.000 0.000 0.000 0.000 0.000 0.000 0.000 0.000 0.000 0.000 0.000 0.000 0.000 0.000 0.000 0.000 0.000 0.000 0.000 0.000 0.000 0.000 0.000 0.000 0.000 0.000 0.412 2.139 4.185 6.011
0.000 0.000 0.000 0.000 0.000 0.000 0.000 0.000 0.865 4.193 7.407 10.211 11.424 12.413 12.733 12.689 13.147 14.446 17.653 19.219 18.213 16.886 16.116 17.562 22.158 30.313 38.773 43.186 43.843 44.138 42.968 38.175 32.434 26.155 19.961 15.252 14.378 13.950 13.584 12.953 11.927 10.596 8.486 5.821 3.372 1.497 0.420 0.000 0.000 0.000 0.000 0.000 0.000 0.000 0.000 0.000 0.000 0.000 0.000 0.000 0.000 0.000 0.000 0.000 0.000 0.000 0.000 0.000 0.000 0.000 0.000 0.000 0.000 0.739 2.343 4.262 6.128
0.000 0.000 0.000 0.000 0.000 0.000 0.000 4.480 18.372 29.959 34.753 35.381 29.131 23.160 16.940 13.460 13.278 15.359 22.004 36.798 44.355 46.034 42.415 36.438 35.050 37.916 41.906 41.865 42.716 43.146 40.280 32.260 23.793 15.688 12.577 12.352 12.573 13.152 14.257 15.106 15.490 15.235 14.288 11.990 9.006 5.851 2.880 0.924 0.000 0.000 0.000 0.000 0.000 0.000 0.000 0.000 0.000 0.000 0.000 0.000 0.000 0.000 0.000 0.000 0.000 0.000 0.000 0.000 0.000 0.000 0.000 0.000 0.000 0.617 1.418 2.652 4.480
0.000 0.000 0.000 0.000 0.000 0.000 3.391 21.513 42.429 55.356 59.855 57.911 44.168 29.044 14.318 8.194 8.042 12.659 22.781 42.533 61.744 65.507 64.200 57.357 48.647 44.389 40.007 40.564 41.054 37.658 27.720 17.265 10.558 10.276 10.510 10.767 11.045 11.602 12.526 13.501 14.238 14.672 15.003 14.656 13.225 10.481 7.409 4.204 1.719 0.334 0.000 0.000 0.000 0.000 0.000 0.000 0.000 0.000 0.000 0.000 0.000 0.000 0.000 0.000 0.000 0.000 0.000 0.000 0.000 0.000 0.000 0.000 0.000 0.274 0.471 0.863 1.778
0.000 0.000 0.000 0.000 0.000 1.829 14.046 30.587 48.657 59.300 60.796 55.182 38.921 22.625 7.988 2.591 2.267 6.798 19.810 42.885 64.521 68.671 68.134 62.642 50.735 38.113 32.087 33.397 30.788 20.569 9.331 5.241 4.693 4.585 5.091 5.837 6.860 8.130 9.697 11.239 12.717 13.871 14.102 13.911 12.973 10.780 8.168 5.450 2.961 0.927 0.000 0.000 0.000 0.000 0.000 0.000 0.000 0.000 0.000 0.000 0.000 0.000 0.000 0.000 0.000 0.000 0.000 0.000 0.000 0.000 0.000 0.000 0.000 0.000 0.000 0.000 0.291
0.000 0.000 0.000 0.863 4.975 13.474 23.822 32.192 38.261 38.755 37.087 28.697 18.187 7.260 1.763 0.440 0.565 3.009 11.743 36.156 61.398 66.476 64.932 51.305 30.602 21.099 23.233 21.839 15.498 5.767 1.275 0.598 0.600 1.047 1.688 2.308 2.826 3.258 4.147 5.632 7.594 9.408 10.408 10.386 9.942 8.553 6.499 4.438 2.549 0.937 0.326 0.000 0.000 0.000 0.000 0.000 0.000 0.000 0.000 0.000 0.000 0.000 0.000 0.000 0.000 0.000 0.000 0.000 0.000 0.000 0.000 0.000 0.000 0.000 0.000 0.000 0.000
0.000 0.000 0.000 2.084 12.487 24.040 29.715 22.241 13.689 10.295 8.253 5.721 3.159 0.953 0.210 0.000 0.000 1.165 5.137 17.983 37.472 46.763 42.862 24.182 13.042 17.472 16.975 13.489 6.229 0.712 0.262 0.325 0.517 0.960 1.686 2.361 2.421 2.370 2.344 2.371 2.741 3.388 3.844 4.094 3.979 3.550 2.805 1.936 1.226 0.697 0.394 0.000 0.000 0.000 0.000 0.000 0.000 0.000 0.000 0.000 0.000 0.000 0.000 0.000 0.000 0.000 0.000 0.000 0.000 0.000 0.000 0.000 0.000 0.000 0.000 0.000 0.000
0.000 0.000 0.000 1.893 14.380 26.403 27.903 14.970 4.148 1.934 1.340 0.847 0.383 0.000 0.000 0.000 0.000 0.594 2.441 6.357 13.690 18.870 15.163 8.138 12.459 16.390 13.467 7.757 1.628 0.326 0.354 0.565 1.043 1.640 2.092 2.222 2.145 2.010 1.880 1.691 1.577 1.449 1.312 1.229 1.146 1.040 0.875 0.696 0.565 0.478 0.371 0.229 0.000 0.000 0.000 0.000 0.000 0.000 0.000 0.000 0.000 0.000 0.000 0.000 0.000 0.000 0.000 0.000 0.000 0.000 0.000 0.000 0.000 0.000 0.000 0.000 0.000
0.000 0.000 0.000 0.967 11.978 23.524 24.446 11.254 1.922 0.406 0.000 0.000 0.000 0.000 0.000 0.000 0.000 0.736 1.111 2.058 4.737 5.947 4.142 5.154 13.568 15.666 10.571 2.803 0.301 0.297 0.447 0.834 1.202 1.354 1.447 1.600 1.535 1.451 1.382 1.256 1.183 1.071 0.926 0.817 0.668 0.579 0.474 0.342 0.255 0.250 0.262 0.235 0.000 0.000 0.000 0.000 0.000 0.000 0.000 0.000 0.000 0.000 0.000 0.000 0.000 0.000 0.000 0.000 0.000 0.000 0.000 0.000 0.000 0.000 0.000 0.000 0.000
0.000 0.000 0.000 0.687 7.732 13.791 13.062 3.864 0.481 0.000 0.000 0.000 0.000 0.000 0.000 0.337 0.945 0.849 0.454 1.158 1.846 1.953 1.450 4.815 13.793 14.030 7.590 0.751 0.000 0.367 0.798 1.074 1.345 1.567 1.716 1.746 1.729 1.719 1.681 1.699 1.741 1.744 1.691 1.653 1.515 1.318 1.145 0.976 0.755 0.501 0.326 0.262 0.202 0.000 0.000 0.000 0.000 0.000 0.000 0.000 0.000 0.000 0.000 0.000 0.000 0.000 0.000 0.000 0.000 0.000 0.000 0.000 0.000 0.000 0.000 0.000 0.000
0.000 0.000 0.000 0.594 3.327 4.560 3.274 0.738 0.000 0.000 0.000 0.000 0.000 0.418 2.127 2.401 1.046 0.709 1.021 1.098 0.940 0.812 0.860 5.071 13.630 12.212 5.088 0.734 0.554 1.310 2.150 2.544 2.740 2.652 2.546 2.556 2.603 2.717 2.773 2.755 2.897 3.036 3.186 3.326 3.098 2.717 2.380 2.038 1.766 1.675 1.569 1.277 0.922 0.585 0.324 0.000 0.000 0.000 0.000 0.000 0.000 0.000 0.000 0.000 0.000 0.000 0.000 0.000 0.000 0.000 0.000 0.000 0.000 0.000 0.000 0.000 0.000
0.000 0.000 0.000 0.373 0.922 1.008 0.523 0.000 0.000 0.000 0.000 0.000 1.749 12.951 9.901 0.950 0.577 0.837 0.830 0.685 0.594 0.550 0.643 4.876 13.614 10.560 3.636 1.371 1.627 2.721 3.780 4.080 3.907 3.660 3.457 3.260 3.159 3.912 5.056 6.109 6.814 6.877 6.807 6.842 6.435 6.039 5.780 5.091 4.056 2.760 1.755 1.635 1.661 1.616 1.364 0.901 0.473 0.000 0.000 0.000 0.000 0.000 0.000 0.000 0.000 0.000 0.000 0.000 0.000 0.000 0.000 0.000 0.000 0.000 0.000 0.000 0.000
0.000 0.000 0.000 0.000 0.000 0.000 0.000 0.000 0.000 0.000 0.000 0.309 9.706 32.237 14.298 0.442 0.000 0.000 0.000 0.000 0.251 0.345 0.522 3.530 12.890 10.198 3.310 1.713 2.857 3.752 4.664 4.927 4.471 4.475 5.600 7.379 9.329 10.445 10.370 9.956 9.289 8.336 7.711 7.285 6.793 6.600 6.583 6.719 6.836 6.666 5.762 3.904 2.129 1.554 1.549 1.460 1.333 0.913 0.488 0.000 0.000 0.000 0.000 0.000 0.000 0.000 0.000 0.000 0.000 0.000 0.000 0.000 0.000 0.000 0.000 0.000 0.000
0.000 0.000 0.000 0.000 0.000 0.000 0.000 0.000 0.000 0.000 0.000 0.501 10.386 19.847 9.699 1.643 0.000 0.000 0.000 0.000 0.000 0.000 0.333 2.079 11.357 10.932 3.661 1.346 3.233 4.997 7.288 9.048 10.020 11.407 13.352 14.121 14.115 11.966 9.201 7.028 5.852 5.088 4.881 4.849 4.681 4.508 4.259 4.173 4.568 5.530 6.649 7.280 6.961 5.059 2.794 1.728 1.561 1.412 1.270 0.874 0.465 0.000 0.000 0.000 0.000 0.000 0.000 0.000 0.000 0.000 0.000 0.000 0.000 0.000 0.000 0.000 0.000
0.000 0.000 0.000 0.000 0.000 0.000 0.000 0.000 0.000 0.000 0.000 0.000 2.325 5.314 4.802 2.299 0.617 0.000 0.000 0.000 0.000 0.000 0.000 0.884 6.986 11.518 6.581 1.196 2.279 5.496 10.074 13.980 16.639 16.800 16.812 14.260 10.074 6.253 4.472 3.806 3.517 3.485 3.699 4.205 4.670 4.930 4.875 4.314 3.564 2.895 2.909 4.085 6.222 7.301 7.020 5.211 2.966 1.812 1.553 1.371 1.177 0.777 0.405 0.000 0.000 0.000 0.000 0.000 0.000 0.000 0.000 0.000 0.000 0.000 0.000 0.000 0.000
0.000 0.000 0.000 0.000 0.000 0.000 0.000 0.000 0.000 0.000 0.000 0.000 0.372 1.346 1.712 1.655 0.903 0.211 0.000 0.000 0.000 0.000 0.000 0.312 2.702 10.291 10.198 4.135 0.888 2.776 7.145 14.255 17.884 17.451 16.668 12.241 6.678 4.166 3.216 2.706 2.577 2.552 2.643 3.117 3.633 4.045 4.461 5.032 4.860 4.079 3.123 2.220 2.327 3.505 6.492 7.813 7.429 5.187 2.828 1.745 1.496 1.324 1.114 0.720 0.380 0.000 0.000 0.000 0.000 0.000 0.000 0.000 0.000 0.000 0.000 0.000 0.000
0.000 0.000 0.000 0.000 0.000 0.000 0.000 0.000 0.000 0.000 0.000 0.000 0.000 0.351 0.798 0.897 0.784 0.399 0.000 0.000 0.000 0.000 0.000 0.000 0.902 5.784 11.395 9.968 3.545 1.331 3.940 10.127 17.143 18.935 17.628 11.509 5.561 3.747 2.924 2.606 2.341 1.668 1.710 2.256 3.005 3.495 3.666 3.792 4.318 4.699 4.030 3.187 2.129 1.968 2.347 3.854 6.662 7.484 6.724 4.239 2.139 1.571 1.404 1.292 1.052 0.651 0.315 0.000 0.000 0.000 0.000 0.000 0.000 0.000 0.000 0.000 0.000
0.000 0.000 0.000 0.000 0.000 0.000 0.000 0.000 0.000 0.000 0.000 0.000 0.000 0.000 0.423 0.633 0.611 0.431 0.000 0.000 0.000 0.000 0.000 0.000 0.259 1.380 6.941 12.140 10.861 5.084 1.984 5.161 9.960 16.084 17.546 16.097 11.447 6.452 3.952 3.802 3.326 1.899 1.636 2.486 3.200 3.249 3.213 3.188 3.331 3.936 4.184 3.623 2.762 1.920 1.844 2.089 3.041 5.453 7.066 6.984 5.040 2.593 1.589 1.397 1.347 1.235 0.871 0.442 0.000 0.000 0.000 0.000 0.000 0.000 0.000 0.000 0.000
0.000 0.000 0.000 0.000 0.000 0.000 0.000 0.000 0.000 0.000 0.000 0.000 0.000 0.000 0.259 0.500 0.498 0.408 0.000 0.000 0.000 0.000 0.000 0.000 0.000 0.402 1.415 6.311 11.281 11.779 8.347 4.660 5.730 9.031 11.365 13.213 12.307 10.578 9.589 8.621 7.212 3.869 2.511 3.179 3.491 3.328 2.964 2.655 2.505 2.962 3.432 3.235 2.946 2.121 1.814 1.781 1.985 2.738 4.940 6.941 7.066 5.478 2.833 1.555 1.384 1.402 1.330 0.986 0.499 0.000 0.000 0.000 0.000 0.000 0.000 0.000 0.000
0.000 0.000 0.000 0.000 0.000 0.000 0.000 0.000 0.000 0.000 0.000 0.000 0.000 0.000 0.000 0.410 0.434 0.377 0.000 0.000 0.000 0.000 0.000 0.000 0.000 0.235 0.395 1.057 4.906 10.353 12.777 12.202 10.010 10.491 11.732 13.184 14.188 14.958 14.863 13.954 10.540 6.262 4.206 4.242 3.869 3.233 2.557 2.032 1.726 2.021 2.457 2.269 2.073 1.806 1.664 1.629 1.558 1.757 2.553 4.918 6.853 6.966 5.412 2.742 1.531 1.432 1.474 1.409 1.000 0.432 0.000 0.000 0.000 0.000 0.000 0.000 0.259
0.000 0.000 0.000 0.000 0.000 0.000 0.000 0.000 0.000 0.000 0.000 0.000 0.000 0.000 0.000 0.376 0.407 0.351 0.000 0.000 0.000 0.000 0.000 0.000 0.000 0.000 0.289 0.277 0.507 1.894 6.060 9.355 10.540 12.414 14.761 17.141 19.594 20.885 20.400 19.035 14.795 10.457 7.848 6.990 5.785 4.000 2.307 1.354 1.144 1.457 1.738 1.563 1.086 0.981 1.397 1.478 1.393 1.326 1.586 2.688 5.429 7.111 7.059 5.220 2.570 1.708 1.683 1.598 1.432 0.886 0.370 0.250 0.285 0.453 0.780 1.291 2.025
0.000 0.000 0.000 0.000 0.000 0.000 0.000 0.000 0.000 0.000 0.000 0.000 0.000 0.000 0.000 0.369 0.380 0.270 0.000 0.000 0.000 0.000 0.000 0.000 0.000 0.000 0.000 0.238 0.000 0.000 0.483 1.341 2.655 4.650 7.251 10.274 14.851 17.270 17.170 15.074 11.792 9.655 8.807 7.872 6.453 4.968 3.500 2.026 1.031 1.230 1.293 1.054 0.474 0.350 0.776 1.170 1.194 1.067 1.078 1.502 3.349 6.391 7.574 7.333 5.046 2.692 2.469 2.436 2.341 2.002 1.510 1.489 1.789 2.232 2.682 3.035 3.493
0.000 0.000 0.000 0.000 0.000 0.000 0.000 0.000 0.000 0.000 0.000 0.000 0.000 0.000 0.223 0.401 0.350 0.000 0.000 0.000 0.000 0.000 0.000 0.000 0.000 0.000 0.000 0.000 0.000 0.000 0.000 0.411 0.577 0.646 0.837 1.248 2.635 3.828 4.139 4.117 4.221 4.597 5.076 5.161 4.914 4.705 4.147 3.170 2.116 1.224 0.978 0.569 0.000 0.000 0.377 0.771 0.888 0.838 0.759 0.834 1.625 4.411 7.094 7.762 7.376 5.043 3.785 4.058 4.177 3.999 3.371 2.948 2.871 2.843 2.907 3.187 4.330
0.000 0.000 0.000 0.000 0.000 0.000 0.000 0.000 0.000 0.000 0.000 0.000 0.000 0.000 0.313 0.414 0.262 0.000 0.000 0.000 0.000 0.000 0.000 0.000 0.000 0.000 0.000 0.000 0.000 0.000 0.000 0.230 0.483 0.567 0.501 0.399 0.369 0.313 0.367 0.531 0.880 1.083 1.028 0.919 1.402 2.615 3.517 3.594 3.206 1.911 0.764 0.272 0.000 0.000 0.000 0.460 0.633 0.619 0.549 0.544 0.757 2.290 5.511 7.058 7.363 6.453 4.551 4.217 4.393 4.271 3.640 2.898 2.546 2.265 2.268 3.234 3.965
0.000 0.000 0.000 0.000 0.000 0.000 0.000 0.000 0.000 0.000 0.000 0.000 0.000 0.000 0.415 0.406 0.000 0.000 0.000 0.000 0.000 0.000 0.000 0.000 0.000 0.000 0.000 0.000 0.000 0.000 0.000 0.000 0.248 0.507 0.649 0.631 0.541 0.501 0.581 0.752 0.784 0.658 0.341 0.000 0.226 0.508 1.306 2.188 2.430 2.158 1.045 0.000 0.000 0.000 0.000 0.267 0.422 0.426 0.382 0.370 0.460 1.096 3.309 5.534 6.023 5.611 4.160 3.288 3.441 3.358 2.822 2.036 1.662 1.676 2.597 3.426 3.374
0.000 0.000 0.000 0.000 0.000 0.000 0.000 0.000 0.000 0.000 0.000 0.000 0.000 0.238 0.471 0.298 0.000 0.000 0.000 0.000 0.000 0.000 0.000 0.000 0.000 0.000 0.000 0.000 0.000 0.000 0.000 0.000 0.000 0.242 0.480 0.652 0.769 0.852 0.862 0.818 0.677 0.329 0.000 0.000 0.000 0.201 0.406 1.074 1.613 1.537 0.947 0.244 0.000 0.000 0.000 0.000 0.263 0.271 0.247 0.242 0.314 0.629 1.865 3.492 3.989 3.892 2.902 1.983 2.089 2.224 2.136 1.977 2.100 2.751 3.311 3.285 2.752
0.000 0.000 0.000 0.000 0.000 0.000 0.000 0.000 0.000 0.000 0.000 0.000 0.000 0.435 0.495 0.000 0.000 0.000 0.000 0.000 0.000 0.000 0.000 0.000 0.000 0.000 0.000 0.000 0.000 0.000 0.000 0.000 0.000 0.000 0.000 0.330 0.526 0.574 0.544 0.400 0.214 0.000 0.000 0.000 0.000 0.000 0.000 0.395 0.848 0.895 0.708 0.307 0.000 0.000 0.000 0.000 0.000 0.000 0.000 0.000 0.231 0.410 0.879 1.564 2.050 2.175 2.136 1.768 1.820 2.167 2.398 2.657 3.031 3.256 3.235 2.774 1.345
0.000 0.000 0.000 0.000 0.000 0.000 0.000 0.000 0.000 0.000 0.000 0.000 0.202 0.623 0.474 0.000 0.000 0.000 0.000 0.000 0.000 0.000 0.000 0.000 0.000 0.000 0.000 0.000 0.000 0.000 0.000 0.000 0.000 0.000 0.000 0.000 0.000 0.000 0.000 0.000 0.000 0.000 0.000 0.000 0.000 0.000 0.000 0.000 0.326 0.475 0.440 0.266 0.000 0.000 0.000 0.000 0.000 0.000 0.000 0.000 0.000 0.289 0.343 0.523 0.769 1.049 1.363 1.649 1.950 2.344 2.717 3.024 3.134 3.114 2.641 1.326 0.208
