tests/test_04/output4/CloudLoad_120.00hrs.dat
NCOLS   360
NROWS    60
XLLCORNER           0.000
YLLCORNER           0.000
CELLSIZE           1.000          1.000
NODATA_VALUE -9999.
[rows 0 to 27 of 60, columns 252 to 314 of 360]
0.000000 0.000000 0.000000 0.000000 0.000000 0.000000 0.000000 0.000000 0.000000 0.000000 0.000000 0.000000 0.000000 0.000000 0.000000 0.000000 0.000000 0.000000 0.000000 0.000000 0.000000 0.000000 0.000000 0.000000 0.000000 0.000000 0.000000 0.000000 0.000000 0.000000 0.000000 0.000000 0.000000 0.000000 0.000000 0.000000 0.000000 0.000000 0.000000 0.000000 0.000000 0.000000 0.000000 0.000000 0.000000 0.000000 0.000000 0.000000 0.000000 0.000000 0.000000 0.000000 0.000000 0.000000 0.000000 0.000000 0.000000 0.000000 0.414106 0.645676 0.840953 0.996102 1.045870
0.346936 0.327586 0.305706 0.277495 0.243337 0.208437 0.000000 0.000000 0.000000 0.000000 0.000000 0.000000 0.000000 0.000000 0.000000 0.000000 0.000000 0.000000 0.000000 0.000000 0.000000 0.000000 0.000000 0.000000 0.000000 0.000000 0.000000 0.000000 0.000000 0.000000 0.000000 0.000000 0.000000 0.000000 0.000000 0.000000 0.000000 0.000000 0.000000 0.000000 0.000000 0.000000 0.000000 0.000000 0.000000 0.000000 0.000000 0.000000 0.000000 0.000000 0.000000 0.000000 0.000000 0.000000 0.000000 0.000000 0.261799 0.518082 0.838368 1.074134 1.234790 1.171264 1.003923
0.819658 0.506940 0.441225 0.403885 0.367085 0.330101 0.292390 0.260799 0.232786 0.209130 0.000000 0.205814 0.206461 0.000000 0.000000 0.000000 0.000000 0.000000 0.000000 0.000000 0.000000 0.000000 0.000000 0.000000 0.000000 0.000000 0.000000 0.000000 0.000000 0.000000 0.000000 0.000000 0.000000 0.000000 0.000000 0.000000 0.000000 0.000000 0.000000 0.000000 0.000000 0.000000 0.000000 0.000000 0.000000 0.000000 0.000000 0.000000 0.000000 0.000000 0.000000 0.000000 0.000000 0.000000 0.000000 0.302673 0.631752 1.018433 1.293832 1.454645 1.287742 1.064238 0.978744
4.329252 3.614232 2.082542 0.701778 0.359028 0.328774 0.307938 0.324298 0.411042 0.514853 0.637591 0.807716 1.060258 1.246695 1.227400 1.015426 0.705568 0.429404 0.224493 0.000000 0.000000 0.000000 0.000000 0.000000 0.000000 0.000000 0.000000 0.000000 0.000000 0.000000 0.000000 0.000000 0.000000 0.000000 0.000000 0.000000 0.000000 0.000000 0.000000 0.000000 0.000000 0.000000 0.000000 0.000000 0.000000 0.000000 0.000000 0.000000 0.000000 0.000000 0.000000 0.000000 0.000000 0.000000 0.285264 0.666108 1.126984 1.458365 1.696846 1.455833 1.150229 1.036737 0.942948
8.300099 9.566551 9.699080 9.319098 7.572430 5.408945 3.772166 2.565642 2.375862 2.998177 3.721328 4.599346 5.422920 6.238820 6.558869 5.794772 4.613857 3.363876 2.083257 1.154863 0.652647 0.405699 0.287352 0.000000 0.000000 0.000000 0.000000 0.000000 0.000000 0.000000 0.000000 0.000000 0.000000 0.000000 0.000000 0.000000 0.000000 0.000000 0.000000 0.000000 0.000000 0.000000 0.000000 0.000000 0.000000 0.000000 0.000000 0.000000 0.000000 0.000000 0.000000 0.000000 0.000000 0.000000 0.539473 1.082623 1.586098 1.911212 1.832539 1.365042 1.106132 0.971266 0.998115
9.585256 12.934397 17.634062 23.350401 28.295109 28.985678 28.332846 24.858192 20.658949 16.990120 14.483774 12.925565 12.037603 11.748265 11.906702 12.077499 11.838384 10.522501 8.364303 5.958192 3.730999 2.260085 1.398762 0.923267 0.562717 0.289416 0.000000 0.000000 0.000000 0.000000 0.000000 0.000000 0.000000 0.000000 0.000000 0.000000 0.000000 0.000000 0.000000 0.000000 0.000000 0.000000 0.000000 0.000000 0.000000 0.000000 0.000000 0.000000 0.000000 0.000000 0.000000 0.000000 0.000000 0.289875 0.765620 1.471151 2.016194 2.242973 1.854448 1.381662 1.050222 0.960509 1.142987
12.525034 16.901804 24.156433 32.286350 40.574379 46.941013 47.201298 46.484398 45.090805 41.072517 34.830006 28.835848 23.300652 18.327810 13.890985 13.004716 13.100444 12.962358 13.096364 12.242264 9.859459 6.967678 4.543993 2.891123 1.947729 1.150376 0.572125 0.213918 0.000000 0.000000 0.000000 0.000000 0.000000 0.000000 0.000000 0.000000 0.000000 0.000000 0.000000 0.000000 0.000000 0.000000 0.000000 0.000000 0.000000 0.000000 0.000000 0.000000 0.000000 0.000000 0.000000 0.000000 0.000000 0.316994 0.852330 1.662520 2.341982 2.603850 2.063843 1.508497 1.112776 1.028249 1.270105
28.214430 25.827600 28.452791 33.946594 41.055340 47.311333 48.310589 47.674038 46.867893 44.999004 39.655586 32.635292 25.919987 19.463995 13.612795 12.488220 12.784549 12.969240 13.342510 13.482467 13.511504 13.099974 10.521870 7.600213 5.011643 3.123532 1.802076 0.895444 0.364610 0.000000 0.000000 0.000000 0.000000 0.000000 0.000000 0.000000 0.000000 0.000000 0.000000 0.000000 0.000000 0.000000 0.000000 0.000000 0.000000 0.000000 0.000000 0.000000 0.000000 0.000000 0.000000 0.000000 0.000000 0.000000 0.757064 1.641706 2.529455 3.111463 2.931664 2.134755 1.463197 1.156219 1.377533
47.494617 40.075615 32.358433 33.427254 38.859413 44.262012 44.457111 44.406235 43.540714 38.072109 28.052109 18.831036 11.228592 9.020679 8.876140 9.290823 9.845594 10.575549 11.521890 12.425489 13.196379 13.553537 13.710258 12.793802 10.534952 7.479595 4.682498 2.491234 1.098130 0.449802 0.000000 0.000000 0.000000 0.000000 0.000000 0.000000 0.000000 0.000000 0.000000 0.000000 0.000000 0.000000 0.000000 0.000000 0.000000 0.000000 0.000000 0.000000 0.000000 0.000000 0.000000 0.000000 0.000000 0.000000 0.318416 0.980809 2.147162 3.207987 3.886078 3.704051 2.638949 1.643771 1.427407
53.966972 48.520554 37.319801 29.393974 29.846407 35.324512 36.465897 36.545254 32.396084 21.795492 10.945128 5.735512 5.635209 5.615201 5.682105 5.773818 6.048381 6.666932 7.961641 9.774862 11.498906 12.749087 12.989542 12.904927 12.466889 10.952388 8.202168 5.364445 2.804316 1.084697 0.472133 0.000000 0.000000 0.000000 0.000000 0.000000 0.000000 0.000000 0.000000 0.000000 0.000000 0.000000 0.000000 0.000000 0.000000 0.000000 0.000000 0.000000 0.000000 0.000000 0.000000 0.000000 0.000000 0.000000 0.000000 0.309370 1.135971 2.551762 3.913880 5.031428 5.050770 3.350760 1.858529
53.377060 49.880013 38.965847 24.083994 18.533228 24.077106 24.871870 23.656969 16.127859 6.915170 3.228889 2.841578 2.632325 2.411231 2.580975 2.866835 3.294789 3.966554 5.204248 6.897553 9.194343 11.242558 12.366445 12.478744 12.130526 10.800307 8.477064 6.075363 3.671661 1.598088 0.900958 0.489728 0.000000 0.000000 0.000000 0.000000 0.000000 0.000000 0.000000 0.000000 0.000000 0.000000 0.000000 0.000000 0.000000 0.000000 0.000000 0.000000 0.000000 0.000000 0.000000 0.000000 0.000000 0.000000 0.000000 0.000000 0.215790 0.981327 2.502757 4.712286 6.413481 6.721792 4.650499
52.077614 49.432728 35.132977 15.833311 14.355063 17.794783 17.113853 12.870871 5.326011 1.111210 0.575658 0.477606 0.683847 1.045567 1.426733 1.809896 2.190135 2.613677 3.210742 4.358626 5.877538 7.198228 8.331672 8.940685 8.721644 8.115077 6.700192 4.923536 3.175132 1.848807 1.288597 0.861948 0.465841 0.000000 0.000000 0.000000 0.000000 0.000000 0.000000 0.000000 0.000000 0.000000 0.000000 0.000000 0.000000 0.000000 0.000000 0.000000 0.000000 0.000000 0.000000 0.000000 0.000000 0.000000 0.000000 0.000000 0.000000 0.000000 0.439715 1.995152 5.269997 7.742614 8.478311
41.306839 39.616627 25.264751 11.349048 14.458698 14.886006 12.251122 5.943820 0.969414 0.560174 0.625091 0.637763 0.643179 0.980861 1.520995 1.940424 2.189948 2.379206 2.509736 2.687375 2.831779 3.052768 3.409869 3.691307 3.795785 3.587434 3.242018 2.677286 2.095392 1.730480 1.456738 1.120515 0.772900 0.386377 0.000000 0.000000 0.000000 0.000000 0.000000 0.000000 0.000000 0.000000 0.000000 0.000000 0.000000 0.000000 0.000000 0.000000 0.000000 0.000000 0.000000 0.000000 0.000000 0.000000 0.000000 0.000000 0.000000 0.000000 0.000000 0.217598 1.420119 4.912856 8.845379
26.113758 25.752863 15.363267 12.407704 15.015514 12.373172 7.050135 1.671513 0.672960 0.834357 0.922999 0.907664 0.885606 1.004563 1.212887 1.307642 1.370286 1.422862 1.365370 1.288961 1.143620 1.001071 1.017245 1.078774 1.182553 1.246093 1.290768 1.335839 1.371570 1.412943 1.378833 1.190032 0.933972 0.623302 0.256597 0.000000 0.000000 0.000000 0.000000 0.000000 0.000000 0.000000 0.000000 0.000000 0.000000 0.000000 0.000000 0.000000 0.000000 0.000000 0.000000 0.000000 0.000000 0.000000 0.000000 0.000000 0.000000 0.000000 0.000000 0.000000 0.220287 1.208432 4.757049
13.328761 13.360614 10.339379 14.320457 15.319029 9.509319 2.523840 0.462890 0.652356 0.863408 1.077216 1.275954 1.475376 1.587827 1.801642 2.016383 2.177243 2.205353 2.066102 1.937321 1.624204 1.181996 0.879265 0.655025 0.527174 0.503022 0.506759 0.565552 0.675660 0.811835 0.938599 0.984212 0.917760 0.689294 0.387061 0.000000 0.000000 0.000000 0.000000 0.000000 0.000000 0.000000 0.000000 0.000000 0.000000 0.000000 0.000000 0.000000 0.000000 0.000000 0.000000 0.000000 0.000000 0.000000 0.000000 0.000000 0.000000 0.000000 0.000000 0.000000 0.000000 0.387075 1.552011
7.424226 7.949148 8.586466 14.744062 13.974458 7.184149 0.771823 0.520725 0.947450 1.411033 1.854892 2.420389 3.125065 3.943906 4.443899 4.567744 4.497678 4.342355 4.179106 4.028128 3.750413 3.375341 2.947507 2.333123 1.778898 1.407132 1.153826 0.962200 0.771864 0.644001 0.638835 0.655975 0.668162 0.613186 0.414155 0.215625 0.000000 0.000000 0.000000 0.000000 0.000000 0.000000 0.000000 0.000000 0.000000 0.000000 0.000000 0.000000 0.000000 0.000000 0.000000 0.000000 0.000000 0.000000 0.000000 0.000000 0.000000 0.000000 0.000000 0.000000 0.000000 0.221809 0.696569
5.242111 5.893266 8.230949 14.060916 12.088758 5.364304 1.238532 1.079605 1.808402 2.532718 3.420796 4.591890 5.325120 5.559007 5.701264 5.800349 5.910931 5.943166 5.885102 5.927703 5.887089 5.825407 5.768055 5.206614 4.368291 3.460676 2.611412 2.108809 1.886992 1.735800 1.435979 1.138931 0.870154 0.666019 0.479955 0.300899 0.000000 0.000000 0.000000 0.000000 0.000000 0.000000 0.000000 0.000000 0.000000 0.000000 0.000000 0.000000 0.000000 0.000000 0.000000 0.000000 0.000000 0.000000 0.000000 0.000000 0.000000 0.000000 0.000000 0.000000 0.000000 0.000000 0.510358
4.384616 4.837831 7.619678 13.571904 9.956162 4.212881 2.389169 2.080048 3.021083 4.204968 5.132598 5.873808 6.400424 6.558252 6.224571 5.774570 5.997162 6.760668 7.534935 8.290247 8.604153 8.824991 9.110131 8.911665 8.545956 8.078619 6.965448 5.205854 3.290171 1.940995 1.796246 1.827528 1.731130 1.446337 1.015357 0.644001 0.358599 0.000000 0.000000 0.000000 0.000000 0.000000 0.000000 0.000000 0.000000 0.000000 0.000000 0.000000 0.000000 0.000000 0.000000 0.000000 0.000000 0.000000 0.000000 0.000000 0.000000 0.000000 0.000000 0.000000 0.000000 0.000000 0.402341
3.696307 3.944737 5.184210 12.621036 9.593156 3.549344 2.784938 3.670006 4.234589 5.167433 5.668592 5.918896 5.902584 6.626370 7.793126 9.268234 10.028663 9.652054 9.129035 8.519059 7.853943 7.646115 7.666712 7.772357 8.280555 8.941970 9.526472 9.744864 9.087589 7.333265 4.531133 2.210772 1.550124 1.517455 1.443076 1.213523 0.891091 0.561107 0.296846 0.000000 0.000000 0.000000 0.000000 0.000000 0.000000 0.000000 0.000000 0.000000 0.000000 0.000000 0.000000 0.000000 0.000000 0.000000 0.000000 0.000000 0.000000 0.000000 0.000000 0.000000 0.000000 0.000000 0.308822
2.775615 2.870792 3.288200 10.919822 10.270065 3.624033 2.089906 4.292600 5.670784 7.982951 9.799294 10.673841 11.647655 12.818383 12.763318 12.092110 10.020675 7.581768 5.630459 4.375329 3.650563 3.542821 3.648789 3.932344 4.337384 4.723819 5.490149 6.667349 8.248034 9.596347 10.019068 8.680506 5.564432 2.896016 1.636311 1.394783 1.191878 0.996609 0.745908 0.472484 0.247736 0.000000 0.000000 0.000000 0.000000 0.000000 0.000000 0.000000 0.000000 0.000000 0.000000 0.000000 0.000000 0.000000 0.000000 0.000000 0.000000 0.000000 0.000000 0.000000 0.000000 0.000000 0.330479
1.970714 1.642776 1.762225 6.890988 10.827191 6.150973 1.523103 3.016384 6.175092 10.711222 14.638786 16.384321 16.573553 15.787933 12.461240 8.219110 4.620918 2.639782 1.846653 1.493001 1.538634 1.947239 2.501249 2.978291 3.249319 3.461065 3.623289 3.771504 4.073056 4.910774 6.483266 8.812196 9.586554 8.434663 5.741253 3.079561 1.547977 1.209580 0.995189 0.840765 0.628898 0.390408 0.206175 0.000000 0.000000 0.000000 0.000000 0.000000 0.000000 0.000000 0.000000 0.000000 0.000000 0.000000 0.000000 0.000000 0.000000 0.000000 0.000000 0.000000 0.000000 0.000000 0.918282
1.245512 0.994572 0.969237 3.018088 9.595624 9.308371 3.902462 1.413524 3.430154 7.734444 15.272099 18.430258 18.136858 15.714953 10.507818 4.805440 2.259767 1.481512 0.998759 0.778862 0.897257 1.368712 2.134168 2.869769 3.261927 3.522173 3.689809 3.730569 3.912699 3.848783 3.811852 4.417161 5.935833 8.751090 9.725465 8.570408 5.692665 2.857375 1.366771 1.044865 0.877387 0.751533 0.554460 0.331041 0.000000 0.000000 0.000000 0.000000 0.000000 0.000000 0.000000 0.000000 0.000000 0.000000 0.000000 0.000000 0.000000 0.000000 0.000000 0.000000 0.000000 0.572274 3.186862
0.705347 0.643211 0.586865 1.377264 5.554681 10.472502 9.074653 3.610595 2.000307 4.604576 10.251206 17.211264 18.973700 17.021559 9.608361 3.518150 1.895779 1.244346 0.949110 0.789916 0.786835 1.171425 2.024414 2.889727 3.180317 3.281525 3.437258 3.635462 3.697364 3.998801 3.986932 3.593644 3.623894 4.698054 6.121477 8.541562 8.854329 7.505381 4.554504 1.972232 1.114120 0.895095 0.783463 0.655380 0.442347 0.239454 0.000000 0.000000 0.000000 0.000000 0.000000 0.000000 0.000000 0.000000 0.000000 0.000000 0.000000 0.000000 0.000000 0.000000 0.561648 2.740941 8.373881
0.441836 0.487883 0.437571 0.642577 1.749127 6.360628 10.938672 10.046975 5.549568 2.802383 5.482631 8.804891 14.976571 16.325804 14.078169 8.898996 4.105080 1.700185 1.407862 1.531451 1.427202 1.442902 2.323110 2.990864 3.192049 3.182120 3.173443 3.162687 3.398824 3.487540 3.814979 3.809136 3.473130 3.394361 4.370889 5.469995 7.277231 8.319748 7.676096 5.412732 2.541157 1.110071 0.875920 0.773654 0.674284 0.504376 0.295635 0.000000 0.000000 0.000000 0.000000 0.000000 0.000000 0.000000 0.000000 0.000000 0.000000 0.000000 0.000000 0.838608 3.293592 9.047635 14.288916
0.336695 0.443420 0.493249 0.535065 0.996562 1.840047 5.564446 9.974897 11.022050 8.627751 5.542998 5.818017 6.791538 8.338411 9.428408 8.584671 6.743068 4.401827 3.307411 3.394394 2.849274 2.571489 3.033024 3.194910 3.161819 3.073262 2.755455 2.380081 2.521047 2.686323 2.926168 3.274472 3.330300 3.421443 3.498147 4.831249 5.682513 7.054740 8.112498 7.668592 5.751052 2.745374 1.094645 0.833943 0.785512 0.708857 0.547634 0.323069 0.000000 0.000000 0.000000 0.000000 0.000000 0.000000 0.000000 0.000000 0.000000 0.431472 1.638988 4.335142 10.185003 15.324858 15.178142
0.210132 0.424108 0.507948 0.595051 0.911293 1.184923 1.550225 4.268353 8.960412 12.064131 12.073707 10.957122 10.344891 9.339931 8.197264 7.283548 6.760260 6.768243 6.543628 6.107441 5.265982 4.874357 4.954828 4.488822 3.725761 2.780016 1.976433 1.514087 1.646384 1.760117 1.737743 2.031247 2.300311 2.633930 2.919687 3.554166 5.166051 6.105603 7.502131 8.403800 7.597808 5.553551 2.604068 1.068356 0.860257 0.819752 0.757366 0.576565 0.314083 0.000000 0.000000 0.000000 0.000000 0.000000 0.321851 0.649094 1.579330 3.927442 7.765527 13.734397 15.845152 14.460571 10.249269
0.000000 0.247948 0.473644 0.569887 0.770179 1.252062 1.188840 1.130767 2.078630 5.768394 9.056548 10.766024 13.535488 14.554227 14.312031 14.306486 13.754872 12.895619 12.315502 11.089195 9.762709 8.673108 7.912266 6.663784 4.928002 3.368999 2.161638 1.432821 1.219889 1.262717 1.070593 0.990264 1.198816 1.758258 2.039484 2.352037 3.436366 5.198856 6.687951 8.646246 9.181853 7.956612 5.494897 2.553145 1.317514 1.166918 1.091017 1.030880 0.853950 0.693065 0.721802 0.954898 1.378933 2.180501 3.476159 5.402599 7.964575 11.236353 14.315359 14.110877 12.555886 8.362404 3.068651
0.000000 0.000000 0.260620 0.455375 0.607889 1.015538 1.329474 1.027843 0.839328 1.269414 2.323723 3.528178 5.659126 8.767063 11.406897 13.450928 14.486849 14.221992 13.015528 11.118775 9.827554 8.984631 7.705684 6.340727 5.122815 4.080273 2.991027 2.135217 1.508237 0.928603 0.699980 0.420136 0.433123 0.902164 1.398660 1.499794 1.679339 2.958919 4.817217 7.693947 10.421911 10.860216 9.459337 6.666393 3.892660 3.173263 3.246395 3.535477 3.838755 4.137205 4.723230 5.748304 6.849720 8.006713 9.198723 10.441836 11.639664 12.144932 11.374076 9.590888 5.007895 1.110888 0.391359
