tests/test_04/output4/CloudLoad_240.00hrs.dat
NCOLS   360
NROWS    60
XLLCORNER           0.000
YLLCORNER           0.000
CELLSIZE           1.000          1.000
NODATA_VALUE -9999.
[rows 0 to 27 of 60, columns 0 to 62 of 360]
0.000000 0.000000 0.000000 0.000000 0.000000 0.000000 0.000000 0.000000 0.221727 0.372252 0.400134 0.392441 0.337282 0.266214 0.204420 0.000000 0.000000 0.000000 0.000000 0.000000 0.000000 0.000000 0.233736 0.348720 0.482380 0.534560 0.467122 0.325939 0.000000 0.000000 0.000000 0.000000 0.000000 0.000000 0.000000 0.000000 0.000000 0.000000 0.000000 0.000000 0.000000 0.000000 0.000000 0.000000 0.000000 0.000000 0.000000 0.000000 0.000000 0.000000 0.000000 0.000000 0.000000 0.000000 0.000000 0.000000 0.000000 0.000000 0.000000 0.000000 0.000000 0.000000 0.000000
0.000000 0.000000 0.000000 0.000000 0.000000 0.000000 0.000000 0.000000 0.266732 0.391707 0.391402 0.354735 0.268939 0.000000 0.000000 0.000000 0.000000 0.000000 0.000000 0.000000 0.000000 0.000000 0.000000 0.000000 0.301515 0.496882 0.686927 0.760831 0.682552 0.514906 0.362349 0.249711 0.000000 0.000000 0.000000 0.000000 0.000000 0.000000 0.000000 0.000000 0.000000 0.000000 0.000000 0.000000 0.000000 0.000000 0.000000 0.000000 0.000000 0.000000 0.000000 0.000000 0.000000 0.000000 0.000000 0.000000 0.000000 0.000000 0.000000 0.000000 0.000000 0.000000 0.000000
0.000000 0.000000 0.000000 0.000000 0.000000 0.000000 0.000000 0.000000 0.310603 0.410188 0.396421 0.345451 0.249328 0.000000 0.000000 0.000000 0.000000 0.000000 0.000000 0.000000 0.000000 0.000000 0.000000 0.000000 0.000000 0.322546 0.515724 0.720539 0.844808 0.830964 0.718692 0.572528 0.454242 0.374154 0.325674 0.296529 0.279924 0.269640 0.255512 0.223630 0.000000 0.000000 0.000000 0.000000 0.000000 0.000000 0.000000 0.000000 0.000000 0.000000 0.000000 0.000000 0.000000 0.000000 0.000000 0.000000 0.000000 0.000000 0.000000 0.000000 0.000000 0.000000 0.210985
0.000000 0.000000 0.000000 0.000000 0.000000 0.000000 0.000000 0.000000 0.333610 0.419556 0.400599 0.368212 0.307953 0.257519 0.248793 0.261924 0.282142 0.296027 0.293727 0.292869 0.278762 0.240185 0.000000 0.000000 0.000000 0.000000 0.255526 0.418863 0.622313 0.785494 0.864566 0.825786 0.744039 0.648793 0.547853 0.470787 0.420227 0.388456 0.366075 0.335085 0.286341 0.231548 0.000000 0.000000 0.000000 0.000000 0.000000 0.000000 0.000000 0.000000 0.000000 0.000000 0.000000 0.000000 0.000000 0.000000 0.000000 0.000000 0.232685 0.277395 0.309352 0.331096 0.342965
0.000000 0.000000 0.000000 0.000000 0.000000 0.000000 0.000000 0.000000 0.357275 0.433047 0.410366 0.391130 0.368203 0.332136 0.322847 0.337311 0.377544 0.416530 0.435784 0.465357 0.469585 0.451458 0.409948 0.327170 0.242085 0.000000 0.000000 0.226892 0.307976 0.446767 0.608868 0.735148 0.782399 0.769782 0.719075 0.642381 0.558412 0.516455 0.495885 0.483004 0.462931 0.423053 0.362596 0.309035 0.236136 0.000000 0.000000 0.000000 0.000000 0.000000 0.000000 0.000000 0.000000 0.000000 0.000000 0.000000 0.273881 0.342994 0.398172 0.436529 0.466256 0.484251 0.492320
0.000000 0.000000 0.000000 0.000000 0.000000 0.000000 0.000000 0.204361 0.373251 0.441772 0.417279 0.403977 0.391603 0.366725 0.381004 0.420360 0.506519 0.577480 0.606723 0.646303 0.663215 0.660125 0.653491 0.600058 0.502665 0.381339 0.267331 0.229230 0.228738 0.263386 0.329809 0.415529 0.541990 0.630642 0.668005 0.674256 0.626636 0.563243 0.529939 0.514615 0.489694 0.436389 0.352479 0.247011 0.000000 0.000000 0.000000 0.000000 0.000000 0.000000 0.000000 0.000000 0.000000 0.000000 0.268391 0.361190 0.428282 0.482766 0.527976 0.565199 0.599251 0.620609 0.629583
0.000000 0.000000 0.000000 0.000000 0.000000 0.000000 0.000000 0.219518 0.386556 0.450942 0.421800 0.413037 0.402277 0.393324 0.480830 0.584051 0.696440 0.766474 0.780162 0.810594 0.822188 0.813964 0.814802 0.797791 0.754814 0.677223 0.544123 0.380697 0.261790 0.261086 0.270797 0.301931 0.344472 0.396498 0.465754 0.535072 0.562819 0.549797 0.510015 0.466488 0.428271 0.362190 0.236452 0.000000 0.000000 0.000000 0.000000 0.000000 0.000000 0.000000 0.000000 0.000000 0.000000 0.298540 0.395875 0.470003 0.527154 0.591774 0.655155 0.708980 0.757112 0.784020 0.794673
0.000000 0.000000 0.000000 0.000000 0.000000 0.000000 0.000000 0.220025 0.371319 0.438094 0.404007 0.421326 0.427733 0.523854 0.671622 0.777541 0.885650 0.952675 0.958580 0.979177 0.988615 0.971183 0.958247 0.940616 0.925787 0.891685 0.805744 0.666541 0.482967 0.311290 0.276213 0.289255 0.306189 0.323504 0.338303 0.374572 0.409093 0.440919 0.416862 0.347769 0.284640 0.000000 0.000000 0.000000 0.000000 0.000000 0.000000 0.000000 0.000000 0.000000 0.000000 0.000000 0.269462 0.374250 0.458603 0.538108 0.623241 0.712403 0.791318 0.837758 0.877201 0.906256 0.942886
0.000000 0.000000 0.000000 0.000000 0.000000 0.000000 0.000000 0.215455 0.368834 0.407422 0.379186 0.470407 0.551901 0.675381 0.849866 0.928762 0.976434 1.005545 1.006764 1.015782 1.031039 1.042175 1.053089 1.048768 1.031042 1.007504 0.977170 0.919703 0.771885 0.580949 0.392476 0.262471 0.263342 0.270643 0.272049 0.266601 0.264411 0.274615 0.263200 0.000000 0.000000 0.000000 0.000000 0.000000 0.000000 0.000000 0.000000 0.000000 0.000000 0.000000 0.000000 0.000000 0.310643 0.418748 0.504530 0.611526 0.730950 0.837539 0.886652 0.906113 0.970977 1.027559 1.089432
0.000000 0.000000 0.000000 0.000000 0.000000 0.000000 0.000000 0.209165 0.373950 0.442451 0.463805 0.590830 0.711948 0.824836 0.933852 0.954591 0.938863 0.916928 0.897505 0.890679 0.901177 0.934932 0.984984 1.040624 1.077348 1.080717 1.070230 1.055011 1.010414 0.889431 0.666274 0.451309 0.311563 0.251662 0.244571 0.220690 0.000000 0.000000 0.000000 0.000000 0.000000 0.000000 0.000000 0.000000 0.000000 0.000000 0.000000 0.000000 0.000000 0.000000 0.000000 0.209316 0.343965 0.448030 0.537586 0.670312 0.828561 0.898301 0.920042 0.951113 1.055777 1.155161 1.245814
0.000000 0.000000 0.000000 0.000000 0.000000 0.000000 0.000000 0.000000 0.351107 0.486553 0.565508 0.688963 0.812178 0.856896 0.868924 0.845962 0.788910 0.691594 0.628556 0.608618 0.630095 0.707499 0.802967 0.888582 0.966341 1.032844 1.072521 1.077329 1.106174 1.079069 0.989643 0.773492 0.515131 0.351340 0.253036 0.241152 0.214437 0.000000 0.000000 0.000000 0.000000 0.000000 0.000000 0.000000 0.000000 0.000000 0.000000 0.000000 0.000000 0.000000 0.000000 0.234311 0.368930 0.464719 0.560582 0.721707 0.884682 0.912917 0.915992 0.921648 1.065795 1.219811 1.368583
0.000000 0.000000 0.000000 0.000000 0.000000 0.000000 0.000000 0.000000 0.314368 0.450499 0.551139 0.642844 0.751384 0.765835 0.734168 0.650023 0.507900 0.374438 0.316534 0.295980 0.332392 0.481990 0.639786 0.754649 0.850702 0.931489 0.988453 1.039245 1.068883 1.124186 1.137062 1.067750 0.878607 0.592007 0.386978 0.266451 0.235453 0.202481 0.000000 0.000000 0.000000 0.000000 0.000000 0.000000 0.000000 0.000000 0.000000 0.000000 0.000000 0.000000 0.000000 0.269655 0.393117 0.481284 0.589296 0.771384 0.922244 0.925693 0.905556 0.909718 1.040146 1.182193 1.369508
0.000000 0.000000 0.000000 0.000000 0.000000 0.000000 0.000000 0.000000 0.000000 0.315156 0.422975 0.492909 0.527156 0.503674 0.440408 0.368284 0.316730 0.288915 0.281872 0.270016 0.285965 0.424980 0.600573 0.710151 0.790838 0.858931 0.903601 0.928282 0.964418 1.034971 1.098653 1.143757 1.092874 0.934969 0.645195 0.414810 0.280058 0.229073 0.000000 0.000000 0.000000 0.000000 0.000000 0.000000 0.000000 0.000000 0.000000 0.000000 0.000000 0.000000 0.000000 0.318124 0.423020 0.505407 0.624891 0.825348 0.954537 0.934651 0.888521 0.861609 0.963253 1.125279 1.351648
0.000000 0.000000 0.000000 0.000000 0.000000 0.000000 0.000000 0.000000 0.000000 0.000000 0.000000 0.211225 0.232843 0.249563 0.253065 0.266126 0.301226 0.350794 0.366544 0.378804 0.393323 0.489109 0.644050 0.736365 0.792017 0.802432 0.783186 0.802496 0.837355 0.901529 1.041331 1.131977 1.199017 1.144380 0.964610 0.653902 0.419881 0.279754 0.219438 0.000000 0.000000 0.000000 0.000000 0.000000 0.000000 0.000000 0.000000 0.000000 0.000000 0.000000 0.269334 0.386884 0.463961 0.548419 0.673275 0.898763 0.984673 0.925801 0.864325 0.811187 0.854780 0.964283 1.133929
0.000000 0.000000 0.000000 0.000000 0.000000 0.000000 0.000000 0.000000 0.000000 0.000000 0.000000 0.000000 0.000000 0.000000 0.234431 0.276547 0.344426 0.423297 0.461426 0.486311 0.522485 0.630428 0.723052 0.761867 0.769669 0.710560 0.624389 0.626528 0.659983 0.742312 0.890299 1.076389 1.200277 1.264628 1.198215 0.970353 0.638274 0.400512 0.266692 0.207174 0.000000 0.000000 0.000000 0.000000 0.000000 0.000000 0.000000 0.000000 0.000000 0.229007 0.365872 0.449451 0.517791 0.615777 0.741983 0.994551 1.040163 0.969187 0.880267 0.825817 0.836614 0.898307 0.970746
0.000000 0.000000 0.000000 0.000000 0.000000 0.000000 0.000000 0.000000 0.000000 0.000000 0.000000 0.000000 0.216502 0.250398 0.281083 0.318570 0.394091 0.502847 0.547619 0.595848 0.679528 0.752635 0.773006 0.771103 0.693234 0.592211 0.549180 0.541471 0.536821 0.570091 0.692588 0.924328 1.154450 1.305918 1.289057 1.179872 0.881546 0.560294 0.355333 0.249905 0.000000 0.000000 0.000000 0.000000 0.000000 0.000000 0.000000 0.000000 0.211072 0.358800 0.453638 0.514607 0.596966 0.709476 0.830823 1.101543 1.112457 1.063483 0.935129 0.850938 0.877470 0.939816 1.026012
0.000000 0.000000 0.000000 0.000000 0.000000 0.000000 0.000000 0.000000 0.000000 0.000000 0.221731 0.256806 0.285917 0.322654 0.355407 0.389534 0.460196 0.592166 0.643243 0.695088 0.765565 0.791167 0.797594 0.734809 0.616428 0.550104 0.555147 0.550774 0.540473 0.522138 0.586465 0.792028 1.103662 1.359014 1.401566 1.302213 1.070864 0.703691 0.444898 0.300963 0.235210 0.000000 0.000000 0.000000 0.000000 0.000000 0.000000 0.202303 0.375453 0.486109 0.535976 0.606257 0.729332 0.825716 0.939359 1.203672 1.238884 1.198322 1.076784 1.011925 0.985323 1.028422 1.118529
0.000000 0.000000 0.000000 0.000000 0.000000 0.000000 0.000000 0.000000 0.000000 0.203634 0.244828 0.282278 0.320838 0.371253 0.420241 0.457409 0.528390 0.655621 0.677435 0.718961 0.790848 0.806722 0.784728 0.685349 0.602180 0.589102 0.589688 0.598204 0.586266 0.559103 0.552946 0.721215 1.067640 1.432922 1.523365 1.392827 1.161598 0.782128 0.479283 0.338724 0.271447 0.226132 0.000000 0.000000 0.000000 0.000000 0.204344 0.405364 0.570211 0.605839 0.649295 0.738749 0.892630 0.954091 1.068594 1.330185 1.499990 1.480817 1.345475 1.249292 1.210006 1.172009 1.237242
0.000000 0.000000 0.000000 0.000000 0.000000 0.000000 0.000000 0.000000 0.222154 0.254343 0.282304 0.308316 0.341106 0.394691 0.458590 0.499379 0.595395 0.689555 0.682310 0.706483 0.784059 0.800539 0.753228 0.678275 0.650477 0.655734 0.665818 0.691158 0.690638 0.675725 0.642385 0.719466 1.010359 1.484735 1.683902 1.535086 1.254083 0.844757 0.491791 0.353556 0.297770 0.272309 0.223420 0.000000 0.206186 0.255970 0.446246 0.682462 0.733159 0.727529 0.773381 0.883694 1.061423 1.145360 1.273648 1.551665 1.826178 1.835425 1.734614 1.585911 1.474120 1.413544 1.400473
0.000000 0.000000 0.000000 0.000000 0.000000 0.000000 0.000000 0.234192 0.278026 0.305106 0.325818 0.339051 0.366978 0.425789 0.495652 0.542800 0.667707 0.719262 0.675586 0.709695 0.782208 0.795030 0.753307 0.709826 0.717553 0.711975 0.750388 0.777253 0.819730 0.863752 0.851876 0.866569 1.046646 1.532554 1.912005 1.777398 1.425786 0.925304 0.504074 0.347955 0.310894 0.300466 0.296973 0.307017 0.344476 0.498307 0.790982 0.906330 0.847369 0.843015 0.899145 1.071868 1.286777 1.373907 1.470410 1.678152 2.010684 2.082039 2.045545 1.950168 1.775442 1.608530 1.472986
0.000000 0.000000 0.000000 0.000000 0.000000 0.000000 0.211578 0.280318 0.320913 0.346981 0.361317 0.372500 0.399557 0.451598 0.515284 0.584483 0.709774 0.745388 0.683339 0.708087 0.775226 0.789802 0.776618 0.780923 0.756925 0.773120 0.808000 0.849445 0.957650 1.032655 1.048982 1.040863 1.148427 1.541963 2.097656 2.070282 1.675973 1.064076 0.547867 0.356863 0.325951 0.357049 0.388416 0.458428 0.577521 0.896072 1.156663 1.120867 0.940258 0.965092 1.056830 1.279749 1.485988 1.567094 1.624570 1.764140 2.040883 2.267935 2.229370 2.184036 2.103911 1.865771 1.541550
0.000000 0.000000 0.000000 0.000000 0.000000 0.238738 0.324428 0.377566 0.398856 0.410542 0.419313 0.424152 0.435481 0.484518 0.553580 0.632591 0.762729 0.842411 0.766232 0.767194 0.791070 0.797998 0.791273 0.845058 0.819937 0.829480 0.873176 0.950095 1.076150 1.154754 1.166900 1.154533 1.234186 1.518048 2.135608 2.323840 1.971489 1.316512 0.668406 0.408988 0.370071 0.420723 0.505844 0.724240 1.026664 1.501461 1.519414 1.340226 1.055075 1.101259 1.254565 1.484247 1.651240 1.717614 1.741003 1.794616 1.900225 2.046812 2.167540 2.149773 2.137487 2.039533 1.708437
0.000000 0.000000 0.000000 0.000000 0.294265 0.467941 0.549351 0.575228 0.558795 0.530895 0.520814 0.529789 0.545668 0.600190 0.693887 0.784071 0.932622 1.059913 1.033841 0.998127 0.930426 0.900796 0.866248 0.937046 0.936441 0.925338 0.966806 1.060600 1.147877 1.195484 1.221961 1.206871 1.259342 1.483966 2.053024 2.486453 2.296401 1.733372 0.970962 0.560677 0.495462 0.569295 0.763814 1.184191 1.675948 2.146008 1.955849 1.596270 1.240639 1.297079 1.487415 1.677852 1.872722 1.831490 1.736593 1.698789 1.691061 1.708900 1.750150 1.871921 1.971743 1.963373 1.774335
0.000000 0.000000 0.000000 0.297122 0.532510 0.675638 0.727327 0.763741 0.771711 0.783165 0.799425 0.802696 0.819458 0.877305 0.965503 1.049168 1.181392 1.315641 1.379844 1.345260 1.179187 1.040982 0.977622 1.077584 1.105898 1.074082 1.097100 1.168543 1.229673 1.256224 1.244065 1.229193 1.280353 1.472529 1.972007 2.508869 2.589781 2.160465 1.499027 0.959186 0.864317 0.956728 1.260960 1.782394 2.290468 2.700355 2.429547 1.925372 1.543085 1.528442 1.686368 1.828500 2.019753 1.828294 1.596940 1.552498 1.538356 1.419354 1.276346 1.356073 1.521796 1.608026 1.610009
0.000000 0.000000 0.278710 0.514504 0.699457 0.841346 0.988018 1.111201 1.192925 1.259538 1.285732 1.274286 1.271595 1.314993 1.362665 1.394002 1.443768 1.517543 1.655728 1.661201 1.477112 1.210820 1.126452 1.247840 1.282651 1.261942 1.258671 1.303451 1.331272 1.289920 1.213810 1.204002 1.263344 1.466227 1.927663 2.465338 2.783909 2.562044 2.114915 1.705735 1.653034 1.749378 2.039329 2.528438 2.918055 3.145204 2.755215 2.190513 1.796887 1.720122 1.833642 1.868602 1.994776 1.772166 1.539004 1.489282 1.306451 1.077407 0.897210 0.993852 1.128065 1.209598 1.282789
0.000000 0.287486 0.572044 0.832584 1.047007 1.295079 1.552742 1.727898 1.817702 1.831306 1.805275 1.747543 1.697744 1.676403 1.658031 1.641055 1.629685 1.696645 1.865034 1.898088 1.680119 1.370781 1.351672 1.481575 1.510832 1.468467 1.411942 1.405192 1.388542 1.266047 1.169335 1.172827 1.224538 1.446514 1.899058 2.422099 2.834618 3.009162 2.874656 2.750967 2.669869 2.723595 2.862963 3.185526 3.444782 3.423469 2.872170 2.296180 1.951147 1.881666 1.937674 1.914455 2.028358 1.755307 1.511303 1.282723 0.984234 0.670656 0.557473 0.609919 0.724825 0.798956 0.868941
0.585956 0.941497 1.236290 1.484559 1.744409 1.980097 2.198505 2.285553 2.246256 2.138539 2.015237 1.910808 1.837893 1.767161 1.737491 1.735653 1.769844 1.913663 2.052229 2.070207 1.771726 1.533067 1.613901 1.729256 1.756306 1.662681 1.545886 1.507272 1.425846 1.255479 1.195781 1.221994 1.294618 1.531732 1.973741 2.461875 2.948020 3.369570 3.548124 3.439243 3.174845 2.949679 2.987339 3.214923 3.311987 3.083653 2.691174 2.312987 2.070818 1.971556 2.021961 2.075383 2.056119 1.695175 1.285049 0.896377 0.528797 0.352868 0.266028 0.279075 0.369230 0.462611 0.525041
1.566988 1.888587 2.081542 2.239983 2.325553 2.345329 2.402704 2.437850 2.377346 2.219755 2.011236 1.860820 1.796338 1.772387 1.800462 1.859954 2.010649 2.130605 2.187629 2.096464 1.812226 1.709512 1.890286 1.943524 1.978248 1.834200 1.681520 1.594851 1.415455 1.250673 1.226438 1.276415 1.407701 1.653522 2.084496 2.552773 2.999414 3.339106 3.461858 3.267334 2.941575 2.811861 2.870265 2.929071 2.866339 2.672018 2.508317 2.219997 2.036707 2.017333 2.236745 2.317244 1.975226 1.424000 0.845096 0.423371 0.235002 0.000000 0.000000 0.000000 0.236172 0.321994 0.421781
