tests/test_04/output4/CloudLoad_240.00hrs.dat
NCOLS   360
NROWS    60
XLLCORNER           0.000
YLLCORNER           0.000
CELLSIZE           1.000          1.000
NODATA_VALUE -9999.
[rows 0 to 27 of 60, columns 252 to 314 of 360]
1.963449 2.066935 2.137652 2.171872 2.143806 2.038399 1.843215 1.591316 1.357238 1.164130 1.007239 0.921977 0.899045 0.877706 0.820704 0.755118 0.658592 0.512027 0.412001 0.402830 0.646512 0.730077 0.554771 0.000000 0.000000 0.000000 0.000000 0.000000 0.000000 0.000000 0.000000 0.000000 0.000000 0.000000 0.000000 0.000000 0.000000 0.000000 0.000000 0.000000 0.000000 0.000000 0.000000 0.000000 0.000000 0.000000 0.000000 0.000000 0.000000 0.000000 0.000000 0.000000 0.000000 0.000000 0.000000 0.000000 0.000000 0.000000 0.000000 0.000000 0.000000 0.000000 0.209379
2.729568 2.714821 2.694522 2.668588 2.629473 2.493627 2.267213 1.980214 1.757900 1.591257 1.442616 1.267457 1.078325 0.886569 0.741300 0.676757 0.607882 0.540995 0.461207 0.454232 0.560697 0.698457 0.570399 0.223342 0.000000 0.000000 0.000000 0.000000 0.000000 0.000000 0.000000 0.000000 0.000000 0.000000 0.000000 0.000000 0.000000 0.000000 0.000000 0.000000 0.000000 0.000000 0.000000 0.000000 0.000000 0.000000 0.000000 0.000000 0.000000 0.000000 0.000000 0.000000 0.000000 0.000000 0.000000 0.000000 0.000000 0.000000 0.000000 0.000000 0.000000 0.000000 0.000000
2.422800 2.307732 2.234892 2.240637 2.260033 2.059789 1.717828 1.459531 1.382557 1.363586 1.358009 1.405202 1.449279 1.393935 1.131870 0.866910 0.623136 0.486016 0.385889 0.399749 0.527156 0.793023 0.706230 0.319929 0.000000 0.000000 0.000000 0.000000 0.000000 0.000000 0.000000 0.000000 0.000000 0.000000 0.000000 0.000000 0.000000 0.000000 0.000000 0.000000 0.000000 0.000000 0.000000 0.000000 0.000000 0.000000 0.000000 0.000000 0.000000 0.000000 0.000000 0.000000 0.000000 0.000000 0.000000 0.000000 0.000000 0.000000 0.000000 0.000000 0.000000 0.000000 0.000000
3.562529 3.152664 2.808592 2.774816 2.440430 1.847975 1.191704 0.881188 0.771063 0.696965 0.649744 0.684707 0.854573 1.127245 1.332896 1.353316 1.234765 0.894305 0.508587 0.312949 0.386592 0.667814 0.742129 0.477052 0.000000 0.000000 0.000000 0.000000 0.000000 0.000000 0.000000 0.000000 0.000000 0.000000 0.000000 0.000000 0.000000 0.000000 0.000000 0.000000 0.000000 0.000000 0.000000 0.000000 0.000000 0.000000 0.000000 0.000000 0.000000 0.000000 0.000000 0.000000 0.000000 0.000000 0.000000 0.000000 0.000000 0.000000 0.000000 0.000000 0.000000 0.000000 0.000000
5.118545 4.621915 4.606953 4.634860 3.935521 2.764882 1.776097 1.269268 0.873168 0.601141 0.495676 0.448612 0.454914 0.511989 0.603990 0.766632 1.039309 1.079503 0.937833 0.602028 0.378983 0.487026 0.677438 0.571098 0.245454 0.000000 0.000000 0.000000 0.000000 0.000000 0.000000 0.000000 0.000000 0.000000 0.000000 0.000000 0.000000 0.000000 0.000000 0.000000 0.000000 0.000000 0.000000 0.000000 0.000000 0.000000 0.000000 0.000000 0.000000 0.000000 0.000000 0.000000 0.000000 0.000000 0.000000 0.000000 0.000000 0.000000 0.000000 0.000000 0.000000 0.000000 0.000000
5.034554 4.978129 5.663035 5.360774 4.418165 3.090231 2.508359 2.178147 1.801194 1.369303 0.939443 0.564487 0.397154 0.410145 0.464646 0.538472 0.617111 0.794363 0.908472 0.794587 0.647536 0.515168 0.560007 0.595207 0.368932 0.000000 0.000000 0.000000 0.000000 0.000000 0.000000 0.000000 0.000000 0.000000 0.000000 0.000000 0.000000 0.000000 0.000000 0.000000 0.000000 0.000000 0.000000 0.000000 0.000000 0.000000 0.000000 0.000000 0.000000 0.000000 0.000000 0.000000 0.000000 0.000000 0.000000 0.000000 0.000000 0.000000 0.000000 0.000000 0.000000 0.000000 0.000000
3.473298 4.466064 4.942225 4.334486 2.858728 2.288753 2.254518 2.285758 2.239289 2.114133 1.782522 1.349574 0.952258 0.616995 0.420872 0.476719 0.516616 0.541240 0.602370 0.714710 0.683620 0.674031 0.610804 0.558147 0.427785 0.251152 0.000000 0.000000 0.000000 0.000000 0.000000 0.000000 0.000000 0.000000 0.000000 0.000000 0.000000 0.000000 0.000000 0.000000 0.000000 0.000000 0.000000 0.000000 0.000000 0.000000 0.000000 0.000000 0.000000 0.000000 0.000000 0.000000 0.000000 0.000000 0.000000 0.000000 0.000000 0.000000 0.000000 0.000000 0.000000 0.000000 0.000000
2.769017 4.022462 3.718442 2.083512 1.071330 0.990256 1.008438 1.121441 1.288725 1.474159 1.676038 1.709611 1.622976 1.352149 0.935435 0.632942 0.507575 0.507397 0.489530 0.454225 0.587149 0.645182 0.716178 0.604611 0.469606 0.324094 0.000000 0.000000 0.000000 0.000000 0.000000 0.000000 0.000000 0.000000 0.000000 0.000000 0.000000 0.215282 0.205986 0.000000 0.000000 0.000000 0.000000 0.000000 0.000000 0.000000 0.000000 0.000000 0.000000 0.000000 0.000000 0.000000 0.000000 0.000000 0.000000 0.000000 0.000000 0.000000 0.000000 0.000000 0.000000 0.000000 0.000000
3.717251 3.445405 1.918355 0.735553 0.672501 0.668517 0.661581 0.658870 0.648735 0.664904 0.717340 0.871526 1.261182 1.516771 1.485523 1.297835 0.917732 0.616119 0.512609 0.430787 0.378389 0.529365 0.659963 0.687827 0.569033 0.386248 0.276413 0.000000 0.000000 0.000000 0.000000 0.000000 0.000000 0.000000 0.000000 0.000000 0.000000 0.000000 0.206266 0.205921 0.000000 0.000000 0.000000 0.000000 0.000000 0.000000 0.000000 0.000000 0.000000 0.000000 0.000000 0.000000 0.000000 0.000000 0.000000 0.000000 0.000000 0.000000 0.000000 0.000000 0.000000 0.000000 0.000000
2.718483 1.722098 0.723457 0.609483 0.607791 0.613887 0.637988 0.614968 0.559348 0.486846 0.455624 0.475579 0.520839 0.655772 1.107213 1.385763 1.356424 1.089555 0.713622 0.480067 0.360565 0.335201 0.528173 0.670179 0.647298 0.490270 0.336679 0.239350 0.000000 0.000000 0.000000 0.000000 0.000000 0.000000 0.000000 0.000000 0.000000 0.000000 0.000000 0.000000 0.000000 0.000000 0.000000 0.000000 0.000000 0.000000 0.000000 0.000000 0.000000 0.000000 0.000000 0.000000 0.000000 0.000000 0.000000 0.000000 0.000000 0.000000 0.000000 0.000000 0.000000 0.000000 0.000000
1.147802 0.683695 0.622529 0.629566 0.622446 0.572244 0.589424 0.599027 0.586700 0.553478 0.468206 0.401923 0.388646 0.390403 0.466903 0.811152 1.218215 1.280852 1.133549 0.737950 0.423959 0.304622 0.333031 0.564162 0.643339 0.607048 0.456670 0.318847 0.209268 0.000000 0.000000 0.000000 0.000000 0.000000 0.000000 0.000000 0.000000 0.000000 0.000000 0.000000 0.000000 0.000000 0.000000 0.000000 0.000000 0.000000 0.000000 0.000000 0.000000 0.000000 0.000000 0.000000 0.000000 0.000000 0.000000 0.000000 0.000000 0.000000 0.000000 0.000000 0.000000 0.000000 0.000000
0.547846 0.515647 0.577075 0.618939 0.569641 0.484729 0.475657 0.511925 0.579204 0.618780 0.608123 0.532309 0.424348 0.343073 0.319714 0.387663 0.766827 1.120462 1.197724 1.034583 0.609567 0.347564 0.263893 0.369079 0.595256 0.619612 0.583824 0.416352 0.311127 0.000000 0.000000 0.000000 0.000000 0.000000 0.000000 0.000000 0.000000 0.000000 0.000000 0.000000 0.000000 0.000000 0.000000 0.000000 0.000000 0.000000 0.000000 0.000000 0.000000 0.000000 0.000000 0.000000 0.000000 0.000000 0.000000 0.000000 0.000000 0.000000 0.000000 0.000000 0.000000 0.000000 0.228364
0.507244 0.513286 0.532016 0.498678 0.404896 0.388907 0.410489 0.428396 0.462937 0.526817 0.598539 0.627115 0.572307 0.422424 0.308327 0.286765 0.409347 0.850412 1.089897 1.144001 0.849269 0.435893 0.274160 0.244735 0.428594 0.622152 0.624839 0.535024 0.373006 0.283334 0.000000 0.000000 0.000000 0.000000 0.000000 0.000000 0.000000 0.000000 0.000000 0.000000 0.000000 0.000000 0.000000 0.000000 0.000000 0.000000 0.000000 0.000000 0.000000 0.000000 0.000000 0.000000 0.000000 0.000000 0.000000 0.000000 0.000000 0.000000 0.000000 0.000000 0.000000 0.273128 0.374807
0.572941 0.548322 0.519377 0.400074 0.292858 0.281366 0.302191 0.344189 0.375022 0.402066 0.453856 0.534786 0.595308 0.579879 0.439573 0.301943 0.277010 0.508052 0.958866 1.100342 1.073787 0.656289 0.324670 0.244668 0.269381 0.514569 0.640870 0.626396 0.487697 0.369822 0.273429 0.000000 0.000000 0.000000 0.000000 0.000000 0.000000 0.000000 0.000000 0.000000 0.000000 0.000000 0.000000 0.000000 0.000000 0.000000 0.000000 0.000000 0.000000 0.000000 0.000000 0.000000 0.000000 0.000000 0.000000 0.000000 0.000000 0.000000 0.000000 0.204531 0.294984 0.446549 0.752491
0.635523 0.645155 0.582123 0.409174 0.267991 0.227874 0.217574 0.239224 0.260623 0.300597 0.341189 0.393244 0.471521 0.545891 0.566090 0.468775 0.310833 0.326001 0.697230 1.111640 1.203566 0.933101 0.476131 0.292749 0.252615 0.335353 0.559308 0.660471 0.638130 0.505481 0.380883 0.268826 0.000000 0.000000 0.000000 0.000000 0.000000 0.000000 0.000000 0.000000 0.000000 0.000000 0.000000 0.000000 0.000000 0.000000 0.000000 0.000000 0.000000 0.000000 0.000000 0.000000 0.000000 0.000000 0.000000 0.000000 0.000000 0.000000 0.214347 0.300269 0.494373 0.864074 1.464415
0.583646 0.617828 0.559748 0.434591 0.352683 0.281495 0.218026 0.000000 0.000000 0.000000 0.215455 0.263493 0.325317 0.398375 0.484067 0.521925 0.460803 0.330164 0.434540 0.958599 1.266013 1.227365 0.780725 0.367040 0.270088 0.268886 0.395152 0.601593 0.700333 0.686234 0.528841 0.387169 0.253677 0.000000 0.000000 0.000000 0.000000 0.000000 0.000000 0.000000 0.000000 0.000000 0.000000 0.000000 0.000000 0.000000 0.000000 0.000000 0.000000 0.000000 0.000000 0.000000 0.000000 0.000000 0.000000 0.000000 0.200706 0.267059 0.341958 0.527014 0.933575 1.570660 2.209444
0.528648 0.536454 0.456098 0.394162 0.362522 0.329116 0.293817 0.247692 0.000000 0.000000 0.000000 0.000000 0.000000 0.263858 0.349313 0.428310 0.467334 0.428773 0.380563 0.649656 1.162385 1.341424 1.205159 0.646743 0.314305 0.278582 0.303850 0.455710 0.626873 0.705732 0.684173 0.537325 0.379089 0.234858 0.000000 0.000000 0.000000 0.000000 0.000000 0.000000 0.000000 0.000000 0.000000 0.000000 0.000000 0.000000 0.000000 0.000000 0.000000 0.000000 0.000000 0.000000 0.000000 0.000000 0.000000 0.250340 0.322066 0.390013 0.565839 0.981212 1.619334 2.253615 2.592767
0.342667 0.322713 0.315074 0.339150 0.342790 0.332041 0.320799 0.299138 0.272643 0.232495 0.000000 0.000000 0.000000 0.000000 0.229371 0.319141 0.405557 0.448485 0.442268 0.502106 0.844776 1.237786 1.337061 1.143641 0.594894 0.309607 0.286167 0.324870 0.473117 0.603250 0.686132 0.673303 0.546688 0.386762 0.249061 0.000000 0.000000 0.000000 0.000000 0.000000 0.000000 0.000000 0.000000 0.000000 0.000000 0.000000 0.000000 0.000000 0.000000 0.000000 0.000000 0.000000 0.000000 0.211438 0.295924 0.369307 0.431980 0.593421 0.999975 1.607911 2.236692 2.601754 2.659656
0.000000 0.000000 0.000000 0.000000 0.000000 0.200930 0.232112 0.268173 0.283344 0.289625 0.262502 0.211811 0.000000 0.000000 0.000000 0.231165 0.331095 0.433022 0.506124 0.568357 0.631318 0.878075 1.199782 1.255406 1.085449 0.619878 0.308703 0.284951 0.325120 0.439896 0.567712 0.657431 0.666463 0.576561 0.438022 0.305095 0.000000 0.000000 0.000000 0.000000 0.000000 0.000000 0.000000 0.000000 0.000000 0.000000 0.000000 0.000000 0.000000 0.000000 0.000000 0.000000 0.262576 0.335369 0.392200 0.452613 0.604692 0.991766 1.579120 2.162395 2.569885 2.614113 2.375998
0.000000 0.000000 0.000000 0.000000 0.000000 0.000000 0.000000 0.000000 0.000000 0.251194 0.282283 0.292065 0.274578 0.000000 0.000000 0.000000 0.258354 0.379231 0.527332 0.619502 0.617137 0.615980 0.821896 1.106078 1.168557 1.039563 0.599867 0.291859 0.271929 0.315697 0.417503 0.549499 0.641754 0.681985 0.615028 0.506109 0.401384 0.297832 0.202250 0.000000 0.000000 0.000000 0.000000 0.000000 0.000000 0.000000 0.000000 0.000000 0.000000 0.200745 0.249525 0.304306 0.357209 0.401889 0.459249 0.608981 0.969973 1.511136 2.057757 2.495029 2.562286 2.281658 1.783088
0.000000 0.000000 0.000000 0.000000 0.000000 0.000000 0.000000 0.000000 0.000000 0.000000 0.214866 0.304859 0.347131 0.323469 0.235968 0.205483 0.249572 0.353083 0.511760 0.627381 0.653741 0.632847 0.616218 0.837116 1.113467 1.135273 0.943236 0.520539 0.268079 0.265840 0.329043 0.450616 0.571446 0.657419 0.713237 0.684306 0.613642 0.531577 0.464323 0.387486 0.314503 0.252860 0.207053 0.000000 0.000000 0.000000 0.202446 0.225627 0.251311 0.279449 0.316159 0.360611 0.403954 0.466219 0.619911 0.960157 1.473897 1.952277 2.376198 2.483811 2.158280 1.715665 1.155797
0.000000 0.000000 0.000000 0.000000 0.000000 0.000000 0.000000 0.000000 0.000000 0.000000 0.000000 0.242877 0.366773 0.392289 0.345163 0.260959 0.282090 0.384582 0.540801 0.674800 0.807054 0.843206 0.789879 0.781391 1.033668 1.232112 1.183128 0.901032 0.484664 0.285486 0.293613 0.363516 0.503858 0.619318 0.702684 0.758139 0.777231 0.745306 0.686186 0.622724 0.571414 0.524223 0.471453 0.419443 0.371850 0.345199 0.337133 0.333022 0.333637 0.334124 0.366163 0.413935 0.504275 0.674706 0.993706 1.476977 1.899771 2.263760 2.374654 2.041955 1.649115 1.187121 0.743969
0.000000 0.000000 0.000000 0.000000 0.000000 0.000000 0.000000 0.000000 0.000000 0.000000 0.000000 0.000000 0.324097 0.419926 0.418374 0.338629 0.348293 0.507930 0.703801 0.857576 0.938886 0.907510 0.834025 0.730986 0.840680 1.131837 1.249777 1.189997 0.862559 0.484733 0.357766 0.341475 0.407412 0.549277 0.652056 0.742876 0.787365 0.822889 0.839779 0.816728 0.767744 0.694663 0.632512 0.587576 0.538481 0.486511 0.450406 0.432787 0.429510 0.460699 0.529208 0.649449 0.816563 1.114007 1.525173 1.902330 2.201191 2.263615 1.923789 1.553763 1.174780 0.779273 0.497752
0.000000 0.000000 0.000000 0.000000 0.000000 0.000000 0.000000 0.000000 0.000000 0.000000 0.000000 0.000000 0.258261 0.410053 0.474352 0.484493 0.557915 0.737298 0.864711 0.890692 0.900180 0.846225 0.740749 0.664726 0.670769 0.966798 1.232462 1.264971 1.108940 0.740017 0.469450 0.415464 0.401085 0.457751 0.591368 0.720462 0.789154 0.833972 0.883554 0.915486 0.880621 0.777519 0.675827 0.620404 0.586184 0.554074 0.523737 0.533154 0.614757 0.731297 0.892572 1.076774 1.321267 1.651164 1.948388 2.154595 2.164791 1.827273 1.431975 1.121568 0.780423 0.490765 0.388094
0.000000 0.000000 0.000000 0.000000 0.000000 0.000000 0.000000 0.000000 0.000000 0.000000 0.000000 0.000000 0.202565 0.373300 0.567340 0.718731 0.778722 0.838815 0.808975 0.752363 0.750398 0.782685 0.739842 0.665586 0.618861 0.817892 1.171427 1.280666 1.255914 0.984138 0.626112 0.497731 0.479468 0.480285 0.550076 0.707336 0.838127 0.891763 0.938260 0.960928 0.872156 0.747476 0.651643 0.621539 0.619252 0.639078 0.692734 0.826351 1.028789 1.227025 1.368832 1.565279 1.780674 1.994951 2.091219 2.031562 1.727817 1.324962 1.029451 0.745813 0.489217 0.346030 0.358955
0.000000 0.000000 0.000000 0.000000 0.000000 0.000000 0.000000 0.000000 0.000000 0.000000 0.000000 0.000000 0.000000 0.296174 0.634422 0.863593 0.881230 0.799934 0.744300 0.783349 0.834004 0.866758 0.845905 0.765528 0.702068 0.786120 1.137417 1.370055 1.401369 1.250946 0.888391 0.628439 0.613689 0.623098 0.676046 0.826348 0.974828 1.038992 1.083342 1.042348 0.906192 0.784688 0.735939 0.749734 0.851470 1.017476 1.249112 1.475372 1.602037 1.667154 1.751253 1.851852 1.991225 1.973462 1.865990 1.605501 1.241531 0.924965 0.659602 0.449261 0.321551 0.317228 0.381644
0.000000 0.000000 0.000000 0.000000 0.000000 0.000000 0.000000 0.000000 0.000000 0.000000 0.000000 0.000000 0.000000 0.218309 0.605573 0.893922 0.915020 0.786720 0.824523 0.916847 0.879197 0.832862 0.814084 0.756233 0.710119 0.775779 1.047233 1.405782 1.535779 1.495993 1.252998 0.911212 0.783833 0.805317 0.869699 1.041360 1.206425 1.261341 1.245089 1.159944 1.042903 0.988551 1.063042 1.280636 1.566796 1.794153 1.912079 1.900117 1.831416 1.782746 1.832464 1.886231 1.842111 1.701515 1.513085 1.170964 0.815812 0.569177 0.393755 0.303922 0.274696 0.347682 0.631820
0.000000 0.000000 0.000000 0.000000 0.000000 0.000000 0.000000 0.000000 0.000000 0.000000 0.000000 0.000000 0.000000 0.000000 0.499735 0.874420 0.939766 0.830723 0.896912 0.952909 0.833606 0.693148 0.609764 0.614036 0.654630 0.739964 0.882102 1.277524 1.663298 1.771859 1.698602 1.469078 1.183818 1.088380 1.166775 1.328349 1.456903 1.450711 1.406870 1.369020 1.415934 1.640597 1.976872 2.151503 2.167968 2.075316 1.920665 1.853084 1.831862 1.807347 1.774133 1.695072 1.562979 1.415238 1.092218 0.689771 0.457113 0.335171 0.278850 0.251343 0.305188 0.669384 1.253567
