tests/test_04/output4/CloudArrivalTime.dat
NCOLS   360
NROWS    60
XLLCORNER           0.000
YLLCORNER           0.000
CELLSIZE           1.000          1.000
NODATA_VALUE -9999.
[rows 0 to 23 of 60, columns 0 to 53 of 360]
-9999.000000 -9999.000000 -9999.000000 -9999.000000 -9999.000000 -9999.000000 -9999.000000 -9999.000000 222.636734 218.970230 216.442795 214.548767 212.349945 211.153244 210.863663 210.863663 211.153244 211.446518 212.044708 212.969147 213.914764 214.865540 216.128845 217.385056 218.970230 220.524307 222.339249 224.424225 227.417877 -9999.000000 -9999.000000 -9999.000000 -9999.000000 -9999.000000 -9999.000000 -9999.000000 -9999.000000 -9999.000000 -9999.000000 -9999.000000 -9999.000000 -9999.000000 -9999.000000 -9999.000000 -9999.000000 -9999.000000 -9999.000000 -9999.000000 -9999.000000 207.341293 207.341293 207.594849 208.111023 208.909653
-9999.000000 -9999.000000 -9999.000000 -9999.000000 -9999.000000 -9999.000000 -9999.000000 217.068954 214.231827 211.743622 209.456863 208.111023 207.594849 207.594849 207.851395 208.373856 209.182205 210.012726 210.863663 211.743622 212.658417 213.914764 214.865540 215.813797 217.068954 218.338669 219.596558 221.135147 222.636734 224.424225 226.221985 228.014740 230.115616 232.216293 235.386856 -9999.000000 -9999.000000 -9999.000000 -9999.000000 -9999.000000 -9999.000000 -9999.000000 -9999.000000 -9999.000000 -9999.000000 204.062546 202.916885 202.683365 202.916885 203.148926 203.379486 203.836365 204.509628 205.180466
-9999.000000 -9999.000000 -9999.000000 -9999.000000 -9999.000000 215.498215 212.044708 208.640030 204.509628 203.379486 203.379486 203.608627 204.286957 204.954117 205.877365 206.842743 207.851395 208.909653 210.012726 210.863663 212.044708 213.282181 214.548767 215.498215 216.754868 217.702393 218.655075 219.907364 220.830475 222.040375 223.231003 224.723495 226.221985 228.014740 229.811935 231.920303 233.676666 235.386856 237.091888 239.080444 -9999.000000 -9999.000000 -9999.000000 -9999.000000 199.818375 199.578537 199.339844 199.339844 199.339844 199.578537 199.818375 200.300613 201.021103 201.498871
-9999.000000 -9999.000000 -9999.000000 214.865540 210.012726 202.211761 199.578537 199.102295 199.102295 199.578537 200.300613 201.260239 202.211761 203.379486 204.509628 205.642166 206.842743 208.111023 209.182205 210.577652 211.743622 212.969147 214.231827 215.498215 216.754868 218.021011 218.970230 219.907364 220.830475 222.040375 222.933670 224.125336 225.023163 226.221985 227.417877 228.610886 229.811935 231.622971 233.387207 235.386856 237.091888 239.080444 198.155594 197.171875 196.661423 196.137253 195.869659 195.598206 195.869659 195.869659 196.137253 196.661423 197.171875 197.669632
-9999.000000 -9999.000000 209.733673 200.300613 197.669632 195.598206 195.323196 195.598206 196.401123 197.171875 198.155594 199.339844 200.541290 201.974625 203.148926 204.509628 205.877365 207.341293 208.640030 210.294022 211.743622 213.282181 214.548767 216.128845 217.385056 218.655075 219.907364 220.830475 222.040375 222.933670 223.826843 224.723495 225.622955 226.521240 227.417877 228.610886 229.811935 230.722778 231.920303 233.096405 234.250977 196.401123 194.761887 193.607117 193.027206 192.448120 191.872116 191.872116 191.872116 191.872116 192.159653 192.448120 193.027206 193.607117
-9999.000000 207.594849 197.914032 195.044464 192.448120 191.585464 191.585464 192.159653 193.027206 194.475281 195.869659 197.171875 198.865875 200.300613 201.974625 203.379486 204.954117 206.597565 208.111023 209.733673 211.446518 212.969147 214.548767 216.442795 218.021011 219.596558 221.135147 222.636734 223.826843 224.723495 225.922562 226.521240 227.417877 228.312897 228.909134 229.811935 230.722778 231.622971 232.510956 233.676666 234.819412 192.737488 191.014832 189.884003 189.323669 188.766647 188.489365 188.212891 188.212891 188.212891 188.489365 189.044754 174.764069 174.764069
-9999.000000 197.914032 193.607117 189.884003 188.212891 187.937210 188.212891 188.766647 189.603424 191.014832 192.737488 194.475281 196.401123 198.394394 200.300613 201.974625 203.836365 205.642166 207.341293 208.909653 210.577652 212.349945 214.231827 221.135147 222.040375 222.933670 224.125336 225.323151 226.521240 227.716400 228.909134 229.811935 230.722778 231.324295 231.920303 232.216293 232.804321 233.387207 234.250977 235.386856 191.014832 188.766647 187.388229 186.573517 186.030548 185.481506 169.849747 170.071838 170.294861 170.743744 171.424347 172.108215 172.784042 173.452057
206.354996 192.737488 188.489365 185.481506 185.205566 185.481506 186.030548 187.114914 188.489365 189.884003 191.585464 193.027206 195.044464 196.661423 198.630554 200.541290 202.448334 204.509628 206.842743 217.068954 218.338669 219.284164 220.216614 220.830475 221.740067 222.636734 223.826843 225.023163 226.521240 227.716400 229.208710 230.722778 232.216293 233.387207 234.250977 235.103073 235.670746 236.523209 237.091888 190.165421 186.843246 185.481506 184.372162 167.010040 167.010040 167.228745 167.883514 168.318909 169.188934 169.849747 170.743744 171.653214 172.559647 173.452057
192.737488 187.937210 182.970535 182.421921 182.694885 183.811813 185.205566 187.388229 189.884003 193.027206 198.155594 202.683365 205.409775 207.594849 209.456863 210.863663 212.349945 213.597565 214.548767 215.182144 216.128845 216.754868 217.702393 218.655075 219.907364 221.135147 222.636734 224.424225 225.922562 227.716400 229.208710 231.324295 233.387207 235.103073 236.523209 237.660324 238.228546 238.512573 239.364288 185.756546 183.811813 165.035645 164.816223 165.035645 165.474945 166.133347 166.791107 167.665497 168.752823 169.628571 170.743744 171.881165 173.007553 174.330444
187.388229 180.324600 179.804474 180.065765 181.355377 183.248932 185.756546 189.603424 193.607117 197.171875 200.300613 202.916885 204.730606 206.354996 207.851395 209.182205 210.294022 211.153244 211.743622 212.349945 212.969147 213.914764 214.865540 215.813797 217.068954 218.655075 220.216614 222.040375 223.826843 225.922562 228.014740 229.811935 231.920303 233.964569 236.523209 238.796524 -9999.000000 -9999.000000 185.205566 182.421921 162.852936 163.070068 163.287445 163.941101 164.597046 165.474945 166.352676 167.447235 168.536087 169.628571 170.969635 172.334381 173.673035 175.202911
178.008896 177.038635 177.518997 178.762878 180.836395 183.530182 187.388229 191.014832 194.186218 196.918304 199.102295 200.781448 202.448334 203.836365 205.180466 206.354996 207.341293 208.111023 208.909653 209.456863 210.294022 211.153244 212.044708 213.282181 214.548767 216.128845 218.021011 219.907364 222.040375 224.125336 226.221985 228.312897 230.419907 232.510956 234.535873 236.807587 239.080444 -9999.000000 181.355377 161.090546 161.314682 161.537735 162.200302 163.070068 163.941101 164.816223 165.913956 167.010040 168.318909 169.628571 170.969635 172.559647 174.112320 175.649796
174.330444 174.547562 175.649796 177.518997 180.324600 183.811813 187.662323 190.730835 192.737488 194.761887 196.661423 198.155594 199.578537 200.781448 201.974625 202.916885 203.836365 204.730606 205.409775 206.354996 207.090637 208.111023 209.456863 210.577652 212.044708 213.597565 215.182144 217.068954 219.596558 222.040375 224.723495 226.820297 228.909134 231.024231 233.096405 235.386856 237.660324 181.094727 159.490433 159.490433 159.953033 160.411407 161.314682 162.200302 163.070068 164.159485 165.255325 166.571930 167.883514 169.408295 170.969635 172.334381 173.893173 175.649796
171.196503 171.881165 173.230225 175.425354 178.762878 182.151566 185.205566 187.937210 189.884003 191.872116 193.317078 194.761887 196.137253 197.171875 197.914032 198.865875 199.578537 200.541290 201.498871 202.448334 203.608627 204.954117 206.597565 207.851395 209.456863 211.153244 212.658417 214.548767 216.754868 219.284164 222.339249 225.323151 227.716400 229.811935 232.216293 234.250977 236.238937 157.842407 157.842407 158.080246 158.789001 159.490433 160.411407 161.314682 162.418777 163.505081 164.816223 166.133347 167.665497 169.188934 170.743744 172.334381 173.893173 175.425354
167.010040 167.883514 169.408295 171.881165 175.202911 179.278641 182.151566 184.372162 186.302872 187.937210 189.323669 190.730835 191.872116 192.737488 193.896835 194.761887 195.869659 196.661423 197.669632 198.865875 200.300613 201.737000 203.148926 204.730606 206.597565 208.111023 210.012726 211.743622 213.914764 216.442795 219.284164 222.339249 225.622955 228.014740 230.722778 232.804321 156.166916 155.924973 156.166916 156.887115 157.604111 158.553558 159.490433 160.638916 161.759720 162.852936 164.159485 165.474945 167.010040 168.536087 170.071838 171.653214 173.007553 174.547562
161.759720 162.200302 163.287445 165.474945 168.970444 173.452057 177.762726 180.836395 182.694885 184.092468 185.481506 186.573517 187.388229 188.212891 189.044754 189.884003 191.014832 192.448120 193.896835 195.323196 196.918304 198.394394 199.818375 201.498871 203.148926 204.954117 207.090637 208.909653 211.153244 213.282181 215.813797 218.970230 222.636734 225.922562 228.909134 154.201935 154.201935 154.451111 154.946548 155.681992 156.647690 157.842407 158.789001 159.953033 161.090546 162.200302 163.505081 164.816223 166.352676 167.883514 169.408295 170.743744 172.334381 173.673035
155.681992 156.166916 156.887115 158.317307 160.182755 162.636063 165.474945 168.752823 172.784042 176.104507 178.762878 180.836395 182.421921 183.248932 184.372162 185.205566 186.030548 187.114914 188.212891 189.884003 191.585464 193.896835 195.869659 197.669632 199.339844 201.260239 203.379486 205.877365 208.111023 210.294022 212.349945 214.865540 218.338669 222.636734 152.180862 152.180862 152.180862 152.943832 153.700867 154.699310 155.924973 156.887115 158.080246 159.257507 160.411407 161.759720 162.852936 164.159485 165.694473 167.010040 168.536087 169.849747 171.424347 172.559647
149.598267 150.639938 151.669022 152.943832 154.451111 156.166916 157.842407 159.722275 161.759720 163.505081 165.255325 167.228745 169.188934 171.196503 172.784042 174.330444 175.649796 177.277664 179.278641 181.094727 183.248932 185.205566 187.388229 192.448120 195.044464 197.171875 199.102295 201.498871 204.286957 207.090637 209.456863 211.446518 213.597565 150.121307 149.860336 150.121307 150.897873 151.669022 152.690170 153.951843 154.946548 156.166916 157.365387 158.789001 159.953033 161.090546 162.418777 163.722961 164.816223 166.352676 167.665497 169.188934 170.518829 171.653214
144.993958 146.100922 147.193695 148.271713 149.335098 150.639938 152.180862 153.700867 155.681992 157.842407 159.722275 161.090546 162.636063 163.941101 165.474945 167.228745 169.408295 171.424347 173.230225 174.982498 176.801880 179.278641 182.970535 185.756546 187.937210 190.165421 193.896835 196.137253 198.394394 200.541290 203.608627 207.341293 147.734497 147.464554 148.003555 148.805374 149.598267 150.897873 151.925186 153.196823 154.201935 155.437927 156.887115 158.080246 159.257507 160.638916 161.759720 162.852936 164.159485 165.255325 166.571930 167.883514 169.188934 170.518829
141.928055 143.039825 143.878281 144.715637 145.825363 146.921906 148.003555 149.335098 150.639938 151.925186 153.700867 155.437927 157.365387 159.257507 160.865295 162.418777 163.941101 165.694473 167.665497 170.294861 172.559647 174.547562 176.567307 178.762878 181.094727 183.811813 187.114914 189.603424 192.448120 194.761887 196.401123 145.271683 145.271683 145.825363 146.649185 147.734497 148.805374 149.860336 151.155365 152.435852 153.700867 154.946548 156.166916 157.604111 158.789001 160.182755 161.314682 162.418777 163.505081 164.597046 165.913956 167.010040 168.101334 169.188934
138.908966 140.000198 140.823700 141.651276 142.483017 143.598541 144.436829 145.548828 146.649185 148.003555 149.335098 150.639938 151.669022 152.943832 154.451111 156.166916 158.317307 160.182755 162.200302 163.941101 165.913956 168.101334 170.743744 173.230225 175.202911 177.277664 179.278641 181.883728 183.530182 143.039825 143.039825 143.318954 143.878281 144.993958 145.825363 146.921906 148.271713 149.335098 150.639938 151.925186 153.196823 154.699310 155.924973 157.365387 158.789001 159.953033 161.090546 162.200302 163.287445 164.378143 165.474945 166.571930 167.665497 168.752823
136.179413 137.003738 138.095291 138.908966 140.000198 140.823700 141.928055 143.039825 143.878281 145.271683 146.375519 147.193695 148.271713 149.335098 150.381195 151.155365 152.435852 153.449173 154.699310 155.924973 156.887115 157.842407 159.023651 159.722275 160.182755 160.411407 141.651276 140.274246 140.548752 140.823700 141.651276 142.205307 143.318954 144.157715 145.271683 146.649185 147.734497 149.070816 150.381195 151.669022 153.196823 154.451111 155.924973 157.365387 158.789001 159.953033 161.090546 162.200302 163.505081 164.597046 165.694473 166.791107 167.883514 169.188934
133.195267 134.268478 135.355194 136.179413 137.277435 138.366852 139.453445 140.548752 141.374954 142.483017 143.598541 144.436829 145.548828 146.649185 147.734497 148.538986 149.598267 150.639938 151.412415 152.435852 153.196823 153.951843 154.699310 138.366852 137.823196 137.823196 138.095291 138.637894 139.180817 140.000198 140.823700 141.651276 142.761185 143.878281 144.993958 146.375519 147.464554 148.805374 150.381195 151.669022 152.943832 154.451111 155.924973 157.365387 158.789001 160.182755 161.537735 162.852936 164.378143 165.913956 167.665497 169.628571 186.302872 187.388229
129.143051 129.948166 130.768463 131.589813 132.663559 133.998932 135.082230 136.179413 137.550583 138.908966 140.274246 141.374954 142.761185 143.878281 144.993958 146.100922 147.193695 135.903793 135.355194 134.810120 134.810120 134.810120 135.082230 135.629044 136.179413 136.729507 137.277435 138.095291 138.908966 139.726593 140.548752 141.651276 142.483017 143.598541 144.993958 146.100922 147.464554 148.805374 150.121307 151.412415 152.943832 154.451111 156.166916 158.317307 170.294861 172.334381 174.330444 176.567307 179.278641 181.618347 183.811813 185.205566 186.573517 187.662323
120.501297 121.252411 121.755836 122.515167 123.279373 124.042747 124.549973 125.308289 126.063629 126.816353 127.834602 128.353043 129.143051 129.678131 130.219894 130.768463 131.043488 131.589813 132.130310 132.663559 133.195267 133.730225 134.538864 135.082230 135.903793 136.454742 137.277435 138.095291 138.908966 140.000198 140.823700 141.928055 142.761185 143.878281 145.271683 146.375519 147.734497 149.070816 150.639938 152.435852 164.159485 165.474945 167.228745 168.970444 170.969635 173.230225 175.649796 178.257614 180.324600 182.421921 183.811813 185.205566 186.030548 186.843246
