tests/test_04/output4/CloudLoad_240.00hrs.dat
NCOLS   360
NROWS    60
XLLCORNER           0.000
YLLCORNER           0.000
CELLSIZE           1.000          1.000
NODATA_VALUE -9999.
[rows 0 to 27 of 60, columns 189 to 251 of 360]
0.000000 0.000000 0.000000 0.260065 0.344245 0.371804 0.386728 0.439407 1.033630 1.997685 3.206537 4.333131 5.071089 5.727501 6.392288 6.640635 5.948076 5.326430 4.934809 4.422950 3.921031 3.573499 3.467605 3.428075 3.143965 2.771165 2.302123 2.116878 4.277616 7.357730 8.881594 9.241474 8.020235 7.510554 7.751822 8.498737 9.394695 9.400861 8.858841 8.046825 6.962199 5.644272 4.414856 3.584513 3.276845 3.439723 3.600013 3.516562 3.371302 3.440663 3.448156 3.210156 2.945247 2.580574 2.305744 2.224266 2.298537 2.299407 2.196358 2.105667 2.022522 1.939337 1.894857
0.000000 0.000000 0.203894 0.390696 0.473292 0.494285 0.492118 0.570512 1.329542 2.454013 3.696925 4.466067 4.904327 5.211239 5.362377 4.942370 4.122533 3.489494 3.217888 3.055246 3.016201 3.118047 3.410218 3.710158 3.850227 3.614729 3.122240 2.702691 5.036817 8.947371 10.753874 11.154254 9.589005 8.867620 9.753754 11.026911 10.971795 9.769503 8.334514 7.251825 6.577266 6.070112 5.529188 5.056003 5.096448 5.087976 4.588031 4.251554 4.288301 4.548548 4.357018 3.978443 3.661857 3.415674 3.313434 3.496619 3.698965 3.846242 3.904007 3.750166 3.502603 3.159223 2.842223
0.000000 0.000000 0.000000 0.322992 0.386772 0.403055 0.392341 0.513068 1.047408 1.728802 2.424578 2.854358 3.062061 3.151565 3.191123 3.150992 2.938949 2.779602 2.762571 2.795223 2.824448 2.961423 3.276568 3.687057 4.017353 4.132463 3.917031 3.501947 5.108011 10.040355 12.607254 13.180451 11.543409 9.947232 10.600204 11.967035 11.020000 9.025828 7.447590 6.479829 5.802433 5.311611 4.942572 4.798083 5.002388 4.743541 4.465091 4.685905 5.302022 5.873818 6.040358 6.090835 6.485639 6.831334 7.029703 7.152432 6.933441 6.533318 5.703101 4.829196 4.005474 3.241875 2.727926
0.000000 0.000000 0.000000 0.000000 0.204081 0.219811 0.217777 0.224356 0.370101 0.610192 0.908683 1.224160 1.529132 1.793626 2.014616 2.200613 2.387096 2.539362 2.641150 2.723646 2.740983 2.732801 2.940458 3.407826 3.792641 4.108134 4.320314 4.438950 5.164219 8.943680 13.613437 15.140163 13.933496 11.083336 10.496137 11.862102 10.762479 8.681994 7.086634 6.186034 5.511279 4.919751 4.481884 4.368199 4.523487 4.475682 4.473812 5.278929 6.668090 8.474723 10.394554 12.133793 13.550267 14.408650 14.361998 13.806989 12.965808 11.565048 9.851199 8.153115 6.579299 5.238617 4.192506
0.000000 0.000000 0.000000 0.000000 0.000000 0.000000 0.000000 0.000000 0.000000 0.000000 0.357759 0.630801 0.912469 1.185673 1.463174 1.738524 2.005960 2.288946 2.541559 2.686204 2.751816 2.711734 2.755796 3.074243 3.422816 3.709605 4.320508 5.264245 6.305698 8.185885 13.571193 16.734312 17.358549 14.430068 11.476885 11.711957 10.541802 8.275244 6.142988 5.282585 4.788785 4.385637 4.183626 4.275534 4.628401 4.962065 5.753022 8.401585 12.255015 16.377817 19.784071 21.809343 22.175783 21.695276 20.064863 18.362810 16.967806 14.784531 12.251516 9.973757 8.033405 6.618560 5.717780
0.000000 0.000000 0.000000 0.000000 0.000000 0.000000 0.000000 0.000000 0.000000 0.000000 0.000000 0.327305 0.643700 0.977420 1.297459 1.561388 1.799893 2.065708 2.354088 2.628537 2.829987 2.869999 2.872971 2.958457 3.113201 3.317441 3.959971 5.648672 7.483130 8.925455 12.727905 18.288982 19.682331 18.843212 14.556980 12.338453 11.044417 9.228045 6.767766 5.689485 5.342682 5.250270 5.509967 6.545234 8.392893 10.273969 12.636216 16.073351 20.262783 23.510288 24.453184 23.113756 20.075851 16.743736 14.467049 12.813433 11.897132 10.656539 9.304888 8.127151 6.866645 6.048172 5.581721
0.000000 0.000000 0.000000 0.000000 0.000000 0.000000 0.000000 0.000000 0.000000 0.000000 0.000000 0.000000 0.312789 0.593399 1.008200 1.425590 1.825508 2.107999 2.359861 2.649181 2.945822 3.262696 3.440856 3.463844 3.527597 3.518305 3.751631 5.394285 7.918991 10.307925 12.011034 16.697271 21.871637 22.275625 19.584106 15.563747 14.191682 12.307937 10.033110 8.524136 8.182565 8.633730 9.634673 11.330400 13.110711 15.545570 17.974722 20.308119 21.924658 20.895601 17.152613 11.803778 7.858692 6.073379 5.265195 4.857959 4.753696 4.816939 4.619195 4.211930 3.832608 3.758133 3.573107
0.000000 0.000000 0.000000 0.000000 0.000000 0.000000 0.000000 0.000000 0.000000 0.000000 0.000000 0.000000 0.000000 0.306454 0.468996 0.865750 1.390948 1.878088 2.258032 2.513685 2.803516 3.158131 3.672411 4.105617 4.163364 4.014428 4.016726 4.543031 6.990789 10.685602 12.859854 14.978388 21.009701 24.742243 23.158730 19.876842 18.484896 15.958818 13.157318 10.346078 9.608527 9.581289 10.299065 11.519369 12.731836 13.376438 14.224238 14.997994 14.170885 10.818177 6.869615 4.089900 3.222842 2.759605 2.454855 2.249785 2.136881 2.025594 1.888285 1.821455 2.045640 2.048056 2.030880
0.000000 0.000000 0.000000 0.000000 0.000000 0.000000 0.000000 0.000000 0.000000 0.000000 0.000000 0.000000 0.000000 0.000000 0.207777 0.394285 0.611354 1.071681 1.598834 2.104470 2.428430 2.576807 3.063687 3.806254 4.371982 4.384604 4.232249 4.269531 4.980980 8.585755 12.817084 14.516988 18.303997 24.494789 25.064842 22.429449 21.494148 18.587791 14.549411 10.610865 8.862473 8.606357 9.167382 10.019340 10.484771 10.540237 10.001680 8.526730 7.040788 4.867484 2.715361 2.212433 2.251700 2.256251 2.302229 2.211391 2.062680 1.984102 2.053645 2.156062 2.084561 1.983606 2.696093
0.000000 0.000000 0.000000 0.000000 0.000000 0.000000 0.000000 0.000000 0.000000 0.000000 0.000000 0.000000 0.000000 0.000000 0.000000 0.000000 0.253962 0.437060 0.644894 1.011603 1.418946 1.706886 1.864831 2.540778 3.401575 4.152764 4.256651 4.185186 3.899882 5.205947 9.416785 13.450714 15.446552 20.684565 23.286415 22.257132 21.338032 19.779352 14.288103 10.032883 8.070054 7.739673 8.176286 8.403878 7.584214 6.146804 4.970872 4.737068 3.657619 1.883523 1.549930 1.617383 1.594674 1.545781 1.516010 1.560287 1.677944 1.827612 1.952242 1.951851 1.965716 2.362939 2.817682
0.000000 0.000000 0.000000 0.000000 0.000000 0.000000 0.000000 0.000000 0.000000 0.000000 0.000000 0.000000 0.000000 0.000000 0.000000 0.000000 0.000000 0.000000 0.274117 0.362050 0.523360 0.735470 0.872063 1.041001 1.652605 2.401842 2.801176 2.852335 2.821958 2.778622 5.094315 9.001892 11.180914 15.228315 20.114386 18.588676 19.513693 16.701689 12.355864 8.782763 6.924151 6.794426 6.634174 5.608093 3.954340 3.429428 3.748036 3.240592 1.709995 1.186682 1.279837 1.281610 1.230088 1.181613 1.093769 1.029815 1.002663 0.942525 0.931374 1.113112 1.438185 1.722622 1.672729
0.000000 0.000000 0.000000 0.000000 0.000000 0.000000 0.000000 0.000000 0.000000 0.000000 0.000000 0.000000 0.000000 0.000000 0.000000 0.000000 0.000000 0.000000 0.000000 0.000000 0.230617 0.278733 0.323173 0.339074 0.416102 0.662598 0.942078 1.084282 1.114726 1.128963 1.936747 3.955296 5.806557 8.343863 13.232936 13.672165 15.187433 13.844764 10.964467 7.684198 6.164713 5.367692 4.207777 3.327865 2.912791 3.210867 3.096101 1.847711 1.104302 0.978440 0.984162 0.870024 0.774702 0.745346 0.686038 0.613498 0.552915 0.519068 0.591933 0.736020 0.845331 0.863787 0.707792
0.000000 0.000000 0.000000 0.000000 0.000000 0.000000 0.000000 0.000000 0.000000 0.000000 0.000000 0.000000 0.000000 0.000000 0.000000 0.000000 0.000000 0.000000 0.000000 0.000000 0.000000 0.000000 0.000000 0.000000 0.000000 0.000000 0.209985 0.256992 0.281065 0.297892 0.706566 1.443423 2.003686 3.241562 7.029343 8.762445 11.890032 12.240818 9.851832 6.379094 4.588863 3.338166 2.784693 2.968508 2.915461 2.888911 2.050993 1.179939 1.040277 0.892813 0.802772 0.678961 0.611332 0.585886 0.586837 0.600353 0.632150 0.693539 0.764509 0.794522 0.802270 0.760087 0.631948
0.000000 0.000000 0.000000 0.000000 0.000000 0.000000 0.000000 0.000000 0.000000 0.000000 0.000000 0.000000 0.000000 0.000000 0.000000 0.000000 0.000000 0.000000 0.000000 0.000000 0.000000 0.000000 0.000000 0.000000 0.000000 0.000000 0.000000 0.000000 0.000000 0.000000 0.372645 0.697447 0.822116 1.369145 3.495317 5.035200 8.645292 10.715367 9.197021 5.466340 3.131410 2.343813 2.842406 3.004052 2.757916 2.125904 1.148412 1.028657 0.797197 0.585932 0.484271 0.474115 0.516699 0.561786 0.599831 0.633725 0.686856 0.742925 0.785883 0.830372 0.866875 0.806623 0.678171
0.000000 0.000000 0.000000 0.000000 0.000000 0.000000 0.000000 0.000000 0.000000 0.000000 0.000000 0.000000 0.000000 0.000000 0.000000 0.000000 0.000000 0.000000 0.000000 0.000000 0.000000 0.000000 0.000000 0.000000 0.000000 0.000000 0.000000 0.000000 0.000000 0.000000 0.246713 0.453101 0.513675 0.751850 1.786492 2.750628 5.747393 9.009011 8.609701 4.722764 2.399624 2.413861 2.844085 3.000718 2.311512 1.289926 0.869237 0.695827 0.449846 0.350652 0.318295 0.323599 0.353673 0.374863 0.402811 0.438687 0.497998 0.603431 0.675978 0.759849 0.788257 0.762910 0.696241
0.000000 0.000000 0.000000 0.000000 0.000000 0.000000 0.000000 0.000000 0.000000 0.000000 0.000000 0.000000 0.000000 0.000000 0.000000 0.000000 0.000000 0.000000 0.000000 0.000000 0.000000 0.000000 0.000000 0.000000 0.000000 0.000000 0.000000 0.000000 0.000000 0.000000 0.000000 0.326525 0.381242 0.532070 0.891976 1.190282 3.242326 7.235591 7.696846 4.466625 2.474840 2.462039 2.798856 2.737238 1.809819 0.840915 0.597120 0.436896 0.330194 0.317008 0.305135 0.280380 0.252143 0.233649 0.259507 0.307469 0.417466 0.538987 0.636374 0.704745 0.694536 0.630314 0.570578
0.000000 0.000000 0.000000 0.000000 0.000000 0.000000 0.000000 0.000000 0.000000 0.000000 0.000000 0.000000 0.000000 0.000000 0.000000 0.000000 0.000000 0.000000 0.000000 0.000000 0.000000 0.000000 0.000000 0.000000 0.000000 0.000000 0.000000 0.000000 0.000000 0.000000 0.000000 0.232672 0.277290 0.356888 0.531670 0.633385 1.538205 5.294155 6.430955 4.472529 2.699021 2.469398 2.517809 2.180339 1.321317 0.612575 0.426649 0.331103 0.309340 0.289765 0.235138 0.000000 0.000000 0.000000 0.247416 0.397503 0.526377 0.600945 0.615513 0.564638 0.458787 0.419050 0.464089
0.000000 0.000000 0.000000 0.000000 0.000000 0.000000 0.000000 0.000000 0.000000 0.000000 0.000000 0.000000 0.000000 0.000000 0.000000 0.000000 0.000000 0.000000 0.000000 0.000000 0.000000 0.000000 0.000000 0.000000 0.000000 0.000000 0.000000 0.000000 0.000000 0.000000 0.000000 0.000000 0.000000 0.231467 0.340018 0.401556 0.592878 3.590556 5.040321 4.327631 2.833219 2.434314 2.044426 1.510466 0.790444 0.398701 0.309691 0.281699 0.241624 0.000000 0.000000 0.000000 0.000000 0.289111 0.442803 0.574098 0.596193 0.555585 0.443802 0.325194 0.266841 0.281105 0.315912
0.000000 0.000000 0.000000 0.000000 0.000000 0.000000 0.000000 0.000000 0.000000 0.000000 0.000000 0.000000 0.000000 0.000000 0.000000 0.000000 0.000000 0.000000 0.000000 0.000000 0.000000 0.000000 0.000000 0.000000 0.000000 0.000000 0.000000 0.000000 0.000000 0.000000 0.000000 0.000000 0.000000 0.000000 0.000000 0.269428 0.404145 2.208094 3.746494 3.904310 2.822924 2.190387 1.389582 0.815791 0.340867 0.237671 0.000000 0.000000 0.000000 0.000000 0.000000 0.000000 0.327030 0.444379 0.497052 0.516546 0.439059 0.357327 0.303786 0.260748 0.241826 0.221078 0.000000
0.000000 0.000000 0.000000 0.000000 0.000000 0.000000 0.000000 0.000000 0.000000 0.000000 0.000000 0.000000 0.000000 0.000000 0.000000 0.000000 0.000000 0.000000 0.000000 0.000000 0.000000 0.000000 0.000000 0.000000 0.000000 0.000000 0.000000 0.000000 0.000000 0.000000 0.000000 0.000000 0.000000 0.000000 0.000000 0.000000 0.271485 1.280001 2.675648 3.197246 2.513748 1.460354 0.732157 0.281342 0.000000 0.000000 0.000000 0.000000 0.000000 0.000000 0.000000 0.350291 0.495279 0.450263 0.423406 0.373104 0.300586 0.242447 0.207115 0.000000 0.000000 0.000000 0.000000
0.000000 0.000000 0.000000 0.000000 0.000000 0.000000 0.000000 0.000000 0.000000 0.000000 0.000000 0.000000 0.000000 0.000000 0.000000 0.000000 0.000000 0.000000 0.000000 0.000000 0.000000 0.000000 0.000000 0.000000 0.000000 0.000000 0.000000 0.000000 0.000000 0.000000 0.000000 0.000000 0.000000 0.000000 0.000000 0.000000 0.000000 0.652540 1.700637 2.257016 1.657545 0.651054 0.000000 0.000000 0.000000 0.000000 0.000000 0.000000 0.000000 0.000000 0.374092 0.504802 0.478361 0.318881 0.357617 0.431695 0.296814 0.000000 0.000000 0.000000 0.000000 0.000000 0.000000
0.000000 0.000000 0.000000 0.000000 0.000000 0.000000 0.000000 0.000000 0.000000 0.000000 0.000000 0.000000 0.000000 0.000000 0.000000 0.000000 0.000000 0.000000 0.000000 0.000000 0.000000 0.000000 0.000000 0.000000 0.000000 0.000000 0.000000 0.000000 0.000000 0.000000 0.000000 0.000000 0.000000 0.000000 0.000000 0.000000 0.000000 0.381921 0.968478 1.112769 0.644319 0.000000 0.000000 0.000000 0.000000 0.000000 0.000000 0.000000 0.251267 0.447823 0.510834 0.381005 0.238797 0.000000 0.301456 0.423821 0.298350 0.000000 0.000000 0.000000 0.000000 0.000000 0.000000
0.000000 0.000000 0.000000 0.000000 0.000000 0.000000 0.000000 0.000000 0.000000 0.000000 0.000000 0.000000 0.000000 0.000000 0.000000 0.000000 0.000000 0.000000 0.000000 0.000000 0.000000 0.000000 0.000000 0.000000 0.000000 0.000000 0.000000 0.000000 0.000000 0.000000 0.000000 0.000000 0.000000 0.000000 0.000000 0.000000 0.000000 0.373031 0.595134 0.389769 0.000000 0.000000 0.000000 0.000000 0.000000 0.232458 0.274809 0.289617 0.405994 0.523324 0.437850 0.251321 0.000000 0.000000 0.201270 0.256033 0.200389 0.000000 0.000000 0.000000 0.000000 0.000000 0.000000
0.000000 0.000000 0.000000 0.000000 0.000000 0.000000 0.000000 0.000000 0.000000 0.000000 0.000000 0.000000 0.000000 0.000000 0.000000 0.000000 0.000000 0.000000 0.000000 0.000000 0.000000 0.000000 0.000000 0.000000 0.000000 0.000000 0.000000 0.000000 0.000000 0.000000 0.000000 0.000000 0.000000 0.000000 0.000000 0.000000 0.000000 0.260636 0.307263 0.000000 0.000000 0.000000 0.000000 0.234093 0.262501 0.286377 0.298567 0.293780 0.307781 0.395249 0.362923 0.266376 0.000000 0.000000 0.000000 0.000000 0.000000 0.000000 0.000000 0.000000 0.000000 0.000000 0.000000
0.000000 0.000000 0.000000 0.000000 0.000000 0.000000 0.000000 0.000000 0.000000 0.000000 0.000000 0.000000 0.000000 0.000000 0.000000 0.000000 0.000000 0.000000 0.000000 0.000000 0.000000 0.000000 0.000000 0.000000 0.000000 0.000000 0.000000 0.000000 0.000000 0.000000 0.000000 0.000000 0.000000 0.000000 0.000000 0.000000 0.000000 0.000000 0.000000 0.000000 0.000000 0.000000 0.000000 0.000000 0.232212 0.252808 0.252341 0.232201 0.000000 0.208583 0.256972 0.243629 0.200724 0.000000 0.000000 0.000000 0.000000 0.000000 0.000000 0.000000 0.000000 0.000000 0.000000
0.000000 0.000000 0.000000 0.000000 0.000000 0.000000 0.000000 0.000000 0.000000 0.000000 0.000000 0.000000 0.000000 0.000000 0.000000 0.000000 0.000000 0.000000 0.000000 0.000000 0.000000 0.000000 0.000000 0.000000 0.000000 0.000000 0.000000 0.000000 0.000000 0.000000 0.000000 0.000000 0.000000 0.000000 0.000000 0.000000 0.000000 0.000000 0.000000 0.000000 0.000000 0.000000 0.000000 0.000000 0.000000 0.000000 0.000000 0.000000 0.000000 0.000000 0.000000 0.000000 0.000000 0.000000 0.000000 0.000000 0.000000 0.000000 0.000000 0.000000 0.000000 0.000000 0.000000
0.000000 0.000000 0.000000 0.000000 0.000000 0.000000 0.000000 0.000000 0.000000 0.000000 0.000000 0.000000 0.000000 0.000000 0.000000 0.000000 0.000000 0.000000 0.000000 0.000000 0.000000 0.000000 0.000000 0.000000 0.000000 0.000000 0.000000 0.000000 0.000000 0.000000 0.000000 0.000000 0.000000 0.000000 0.000000 0.000000 0.000000 0.000000 0.000000 0.000000 0.000000 0.000000 0.000000 0.000000 0.000000 0.000000 0.000000 0.000000 0.000000 0.000000 0.000000 0.000000 0.000000 0.000000 0.000000 0.000000 0.000000 0.000000 0.000000 0.000000 0.000000 0.000000 0.000000
0.000000 0.000000 0.000000 0.000000 0.000000 0.000000 0.000000 0.000000 0.000000 0.000000 0.000000 0.000000 0.000000 0.000000 0.000000 0.000000 0.000000 0.000000 0.000000 0.000000 0.000000 0.000000 0.000000 0.000000 0.000000 0.000000 0.000000 0.000000 0.000000 0.000000 0.000000 0.000000 0.000000 0.000000 0.000000 0.000000 0.000000 0.000000 0.000000 0.000000 0.000000 0.000000 0.000000 0.000000 0.000000 0.000000 0.000000 0.000000 0.000000 0.000000 0.000000 0.000000 0.000000 0.000000 0.000000 0.000000 0.000000 0.000000 0.000000 0.000000 0.000000 0.000000 0.000000
