tests/test_04/output4/CloudLoad_240.00hrs.dat
NCOLS   360
NROWS    60
XLLCORNER           0.000
YLLCORNER           0.000
CELLSIZE           1.000          1.000
NODATA_VALUE -9999.
[rows 0 to 27 of 60, columns 189 to 251 of 360]
0.000000 0.000000 0.000000 0.260060 0.344244 0.371806 0.386733 0.439414 1.033634 1.997670 3.206492 4.333053 5.070991 5.727393 6.392183 6.640588 5.948099 5.326490 4.934861 4.422990 3.921064 3.573535 3.467638 3.428080 3.143960 2.771162 2.302129 2.116903 4.277656 7.357734 8.881540 9.241374 8.020117 7.510443 7.751714 8.498644 9.394629 9.400773 8.858778 8.046797 6.962204 5.644310 4.414894 3.584544 3.276875 3.439732 3.600003 3.516543 3.371287 3.440647 3.448138 3.210135 2.945222 2.580556 2.305730 2.224254 2.298528 2.299399 2.196354 2.105665 2.022521 1.939334 1.894849
0.000000 0.000000 0.203882 0.390687 0.473286 0.494284 0.492119 0.570516 1.329538 2.453990 3.696882 4.466012 4.904267 5.211159 5.362315 4.942352 4.122583 3.489570 3.217952 3.055301 3.016259 3.118098 3.410255 3.710179 3.850235 3.614689 3.122233 2.702739 5.036899 8.947421 10.753861 11.154185 9.588911 8.867523 9.753653 11.026834 10.971709 9.769432 8.334457 7.251776 6.577224 6.070082 5.529172 5.055997 5.096435 5.087956 4.588023 4.251552 4.288299 4.548545 4.357013 3.978429 3.661850 3.415680 3.313450 3.496639 3.698986 3.846272 3.904040 3.750196 3.502624 3.159231 2.842219
0.000000 0.000000 0.000000 0.322980 0.386764 0.403049 0.392337 0.513061 1.047393 1.728779 2.424554 2.854343 3.062059 3.151563 3.191120 3.151019 2.939008 2.779670 2.762634 2.795283 2.824512 2.961484 3.276618 3.687080 4.017353 4.132452 3.917002 3.501979 5.108140 10.040429 12.607261 13.180423 11.543357 9.947153 10.600123 11.966955 11.019947 9.025771 7.447543 6.479788 5.802406 5.311597 4.942562 4.798076 5.002381 4.743534 4.465087 4.685902 5.302016 5.873820 6.040361 6.090851 6.485677 6.831389 7.029767 7.152507 6.933520 6.533392 5.703159 4.829235 4.005499 3.241892 2.727937
0.000000 0.000000 0.000000 0.000000 0.204074 0.219805 0.217772 0.224349 0.370086 0.610182 0.908684 1.224172 1.529158 1.793662 2.014663 2.200662 2.387136 2.539408 2.641196 2.723691 2.741032 2.732868 2.940524 3.407861 3.792656 4.108125 4.320306 4.438975 5.164302 8.943765 13.613444 15.140122 13.933413 11.083261 10.496064 11.862043 10.762443 8.681965 7.086616 6.186031 5.511290 4.919766 4.481890 4.368199 4.523481 4.475675 4.473804 5.278914 6.668080 8.474735 10.394600 12.133875 13.550364 14.408743 14.362106 13.807122 12.965943 11.565209 9.851346 8.153213 6.579365 5.238679 4.192569
0.000000 0.000000 0.000000 0.000000 0.000000 0.000000 0.000000 0.000000 0.000000 0.000000 0.357764 0.630822 0.912505 1.185720 1.463218 1.738544 2.005974 2.288969 2.541584 2.686233 2.751849 2.711784 2.755852 3.074289 3.422850 3.709620 4.320514 5.264253 6.305727 8.185972 13.571291 16.734293 17.358490 14.430003 11.476852 11.711932 10.541824 8.275246 6.142969 5.282580 4.788795 4.385642 4.183630 4.275541 4.628405 4.962068 5.753049 8.401649 12.255125 16.377943 19.784199 21.809444 22.175844 21.695280 20.064882 18.362877 16.967899 14.784623 12.251563 9.973763 8.033419 6.618594 5.717833
0.000000 0.000000 0.000000 0.000000 0.000000 0.000000 0.000000 0.000000 0.000000 0.000000 0.000000 0.327318 0.643730 0.977461 1.297505 1.561411 1.799908 2.065722 2.354102 2.628553 2.830009 2.870030 2.873009 2.958503 3.113252 3.317491 3.960012 5.648688 7.483133 8.925454 12.727921 18.288946 19.682318 18.843166 14.556993 12.338513 11.044446 9.228056 6.767741 5.689469 5.342667 5.250255 5.509960 6.545243 8.392922 10.274028 12.636317 16.073477 20.262913 23.510370 24.453209 23.113731 20.075788 16.743708 14.467007 12.813394 11.897136 10.656581 9.304926 8.127152 6.866637 6.048182 5.581754
0.000000 0.000000 0.000000 0.000000 0.000000 0.000000 0.000000 0.000000 0.000000 0.000000 0.000000 0.000000 0.312787 0.593419 1.008223 1.425620 1.825538 2.108017 2.359877 2.649193 2.945837 3.262715 3.440881 3.463878 3.527639 3.518343 3.751664 5.394311 7.919008 10.307903 12.010986 16.697216 21.871592 22.275694 19.584160 15.563832 14.191712 12.307905 10.033034 8.524071 8.182528 8.633692 9.634651 11.330392 13.110737 15.545609 17.974758 20.308142 21.924604 20.895489 17.152422 11.803600 7.858613 6.073377 5.265194 4.857957 4.753688 4.816921 4.619175 4.211888 3.832568 3.758105 3.573095
0.000000 0.000000 0.000000 0.000000 0.000000 0.000000 0.000000 0.000000 0.000000 0.000000 0.000000 0.000000 0.000000 0.306447 0.468995 0.865772 1.390968 1.878102 2.258037 2.513703 2.803516 3.158145 3.672429 4.105623 4.163378 4.014448 4.016745 4.543046 6.990800 10.685625 12.859793 14.978370 21.009695 24.742304 23.158928 19.876978 18.484945 15.958837 13.157282 10.346009 9.608502 9.581299 10.299113 11.519429 12.731900 13.376483 14.224240 14.997957 14.170814 10.818064 6.869503 4.089855 3.222845 2.759628 2.454885 2.249809 2.136898 2.025602 1.888282 1.821443 2.045625 2.048046 2.030873
0.000000 0.000000 0.000000 0.000000 0.000000 0.000000 0.000000 0.000000 0.000000 0.000000 0.000000 0.000000 0.000000 0.000000 0.207774 0.394280 0.611353 1.071703 1.598854 2.104486 2.428425 2.576816 3.063704 3.806264 4.371988 4.384611 4.232255 4.269537 4.980966 8.585762 12.817057 14.516956 18.304150 24.494955 25.065060 22.429722 21.494358 18.587917 14.549462 10.610884 8.862501 8.606452 9.167478 10.019404 10.484787 10.540222 10.001630 8.526673 7.040715 4.867404 2.715317 2.212426 2.251704 2.256262 2.302245 2.211410 2.062699 1.984110 2.053643 2.156056 2.084554 1.983600 2.696086
0.000000 0.000000 0.000000 0.000000 0.000000 0.000000 0.000000 0.000000 0.000000 0.000000 0.000000 0.000000 0.000000 0.000000 0.000000 0.000000 0.253962 0.437061 0.644906 1.011617 1.418956 1.706881 1.864841 2.540806 3.401605 4.152787 4.256662 4.185187 3.899852 5.205945 9.416838 13.450738 15.446652 20.684759 23.286707 22.257442 21.338274 19.779549 14.288219 10.032866 8.070082 7.739732 8.176328 8.403896 7.584213 6.146782 4.970840 4.737030 3.657579 1.883496 1.549927 1.617383 1.594676 1.545784 1.516012 1.560289 1.677945 1.827613 1.952243 1.951853 1.965716 2.362935 2.817677
0.000000 0.000000 0.000000 0.000000 0.000000 0.000000 0.000000 0.000000 0.000000 0.000000 0.000000 0.000000 0.000000 0.000000 0.000000 0.000000 0.000000 0.000000 0.274120 0.362054 0.523367 0.735480 0.872077 1.041025 1.652638 2.401864 2.801194 2.852351 2.821971 2.778654 5.094388 9.001983 11.181053 15.228578 20.114605 18.588964 19.514023 16.701868 12.355943 8.782800 6.924185 6.794463 6.634204 5.608128 3.954351 3.429417 3.748015 3.240567 1.709978 1.186681 1.279839 1.281613 1.230091 1.181616 1.093771 1.029817 1.002665 0.942527 0.931378 1.113118 1.438190 1.722626 1.672733
0.000000 0.000000 0.000000 0.000000 0.000000 0.000000 0.000000 0.000000 0.000000 0.000000 0.000000 0.000000 0.000000 0.000000 0.000000 0.000000 0.000000 0.000000 0.000000 0.000000 0.230621 0.278741 0.323184 0.339085 0.416115 0.662605 0.942079 1.084298 1.114750 1.128991 1.936814 3.955379 5.806628 8.343969 13.233085 13.672330 15.187644 13.844896 10.964525 7.684235 6.164760 5.367726 4.207805 3.327887 2.912784 3.210853 3.096083 1.847696 1.104300 0.978441 0.984164 0.870027 0.774706 0.745350 0.686043 0.613503 0.552920 0.519074 0.591939 0.736026 0.845337 0.863794 0.707800
0.000000 0.000000 0.000000 0.000000 0.000000 0.000000 0.000000 0.000000 0.000000 0.000000 0.000000 0.000000 0.000000 0.000000 0.000000 0.000000 0.000000 0.000000 0.000000 0.000000 0.000000 0.000000 0.000000 0.000000 0.000000 0.000000 0.209985 0.256991 0.281070 0.297901 0.706589 1.443456 2.003715 3.241617 7.029437 8.762550 11.890196 12.240933 9.851914 6.379160 4.588907 3.338191 2.784708 2.968511 2.915452 2.888895 2.050980 1.179937 1.040277 0.892814 0.802776 0.678965 0.611337 0.585893 0.586843 0.600361 0.632157 0.693547 0.764517 0.794530 0.802280 0.760098 0.631959
0.000000 0.000000 0.000000 0.000000 0.000000 0.000000 0.000000 0.000000 0.000000 0.000000 0.000000 0.000000 0.000000 0.000000 0.000000 0.000000 0.000000 0.000000 0.000000 0.000000 0.000000 0.000000 0.000000 0.000000 0.000000 0.000000 0.000000 0.000000 0.000000 0.000000 0.372651 0.697455 0.822122 1.369173 3.495376 5.035261 8.645422 10.715519 9.197137 5.466420 3.131439 2.343821 2.842412 3.004051 2.757905 2.125890 1.148407 1.028655 0.797195 0.585932 0.484273 0.474118 0.516702 0.561790 0.599835 0.633729 0.686861 0.742932 0.785891 0.830381 0.866887 0.806636 0.678183
0.000000 0.000000 0.000000 0.000000 0.000000 0.000000 0.000000 0.000000 0.000000 0.000000 0.000000 0.000000 0.000000 0.000000 0.000000 0.000000 0.000000 0.000000 0.000000 0.000000 0.000000 0.000000 0.000000 0.000000 0.000000 0.000000 0.000000 0.000000 0.000000 0.000000 0.246715 0.453103 0.513677 0.751867 1.786529 2.750657 5.747493 9.009171 8.609861 4.722832 2.399639 2.413867 2.844090 3.000720 2.311509 1.289916 0.869233 0.695822 0.449842 0.350649 0.318294 0.323600 0.353674 0.374866 0.402814 0.438691 0.498002 0.603436 0.675983 0.759856 0.788267 0.762921 0.696252
0.000000 0.000000 0.000000 0.000000 0.000000 0.000000 0.000000 0.000000 0.000000 0.000000 0.000000 0.000000 0.000000 0.000000 0.000000 0.000000 0.000000 0.000000 0.000000 0.000000 0.000000 0.000000 0.000000 0.000000 0.000000 0.000000 0.000000 0.000000 0.000000 0.000000 0.000000 0.326528 0.381245 0.532080 0.892000 1.190302 3.242406 7.235745 7.697011 4.466680 2.474855 2.462057 2.798867 2.737254 1.809826 0.840916 0.597115 0.436892 0.330190 0.317007 0.305136 0.280382 0.252146 0.233652 0.259511 0.307472 0.417468 0.538988 0.636376 0.704750 0.694543 0.630322 0.570585
0.000000 0.000000 0.000000 0.000000 0.000000 0.000000 0.000000 0.000000 0.000000 0.000000 0.000000 0.000000 0.000000 0.000000 0.000000 0.000000 0.000000 0.000000 0.000000 0.000000 0.000000 0.000000 0.000000 0.000000 0.000000 0.000000 0.000000 0.000000 0.000000 0.000000 0.000000 0.232676 0.277293 0.356894 0.531684 0.633400 1.538270 5.294287 6.431096 4.472588 2.699044 2.469418 2.517834 2.180363 1.321333 0.612579 0.426647 0.331101 0.309340 0.289767 0.235140 0.000000 0.000000 0.000000 0.247420 0.397506 0.526379 0.600945 0.615512 0.564636 0.458787 0.419054 0.464095
0.000000 0.000000 0.000000 0.000000 0.000000 0.000000 0.000000 0.000000 0.000000 0.000000 0.000000 0.000000 0.000000 0.000000 0.000000 0.000000 0.000000 0.000000 0.000000 0.000000 0.000000 0.000000 0.000000 0.000000 0.000000 0.000000 0.000000 0.000000 0.000000 0.000000 0.000000 0.000000 0.000000 0.231472 0.340025 0.401565 0.592902 3.590663 5.040434 4.327693 2.833259 2.434338 2.044459 1.510494 0.790467 0.398704 0.309692 0.281700 0.241626 0.000000 0.000000 0.000000 0.000000 0.289115 0.442807 0.574101 0.596194 0.555586 0.443802 0.325191 0.266839 0.281103 0.315913
0.000000 0.000000 0.000000 0.000000 0.000000 0.000000 0.000000 0.000000 0.000000 0.000000 0.000000 0.000000 0.000000 0.000000 0.000000 0.000000 0.000000 0.000000 0.000000 0.000000 0.000000 0.000000 0.000000 0.000000 0.000000 0.000000 0.000000 0.000000 0.000000 0.000000 0.000000 0.000000 0.000000 0.000000 0.000000 0.269434 0.404158 2.208170 3.746583 3.904378 2.822964 2.190425 1.389612 0.815816 0.340881 0.237677 0.000000 0.000000 0.000000 0.000000 0.000000 0.000000 0.327033 0.444381 0.497053 0.516548 0.439060 0.357328 0.303786 0.260747 0.241824 0.221076 0.000000
0.000000 0.000000 0.000000 0.000000 0.000000 0.000000 0.000000 0.000000 0.000000 0.000000 0.000000 0.000000 0.000000 0.000000 0.000000 0.000000 0.000000 0.000000 0.000000 0.000000 0.000000 0.000000 0.000000 0.000000 0.000000 0.000000 0.000000 0.000000 0.000000 0.000000 0.000000 0.000000 0.000000 0.000000 0.000000 0.000000 0.271496 1.280051 2.675724 3.197312 2.513794 1.460388 0.732178 0.281356 0.000000 0.000000 0.000000 0.000000 0.000000 0.000000 0.000000 0.350292 0.495281 0.450263 0.423406 0.373104 0.300586 0.242447 0.207114 0.000000 0.000000 0.000000 0.000000
0.000000 0.000000 0.000000 0.000000 0.000000 0.000000 0.000000 0.000000 0.000000 0.000000 0.000000 0.000000 0.000000 0.000000 0.000000 0.000000 0.000000 0.000000 0.000000 0.000000 0.000000 0.000000 0.000000 0.000000 0.000000 0.000000 0.000000 0.000000 0.000000 0.000000 0.000000 0.000000 0.000000 0.000000 0.000000 0.000000 0.000000 0.652583 1.700706 2.257082 1.657583 0.651068 0.000000 0.000000 0.000000 0.000000 0.000000 0.000000 0.000000 0.000000 0.374093 0.504803 0.478361 0.318881 0.357617 0.431696 0.296813 0.000000 0.000000 0.000000 0.000000 0.000000 0.000000
0.000000 0.000000 0.000000 0.000000 0.000000 0.000000 0.000000 0.000000 0.000000 0.000000 0.000000 0.000000 0.000000 0.000000 0.000000 0.000000 0.000000 0.000000 0.000000 0.000000 0.000000 0.000000 0.000000 0.000000 0.000000 0.000000 0.000000 0.000000 0.000000 0.000000 0.000000 0.000000 0.000000 0.000000 0.000000 0.000000 0.000000 0.381951 0.968523 1.112812 0.644325 0.000000 0.000000 0.000000 0.000000 0.000000 0.000000 0.000000 0.251267 0.447824 0.510835 0.381006 0.238797 0.000000 0.301457 0.423822 0.298349 0.000000 0.000000 0.000000 0.000000 0.000000 0.000000
0.000000 0.000000 0.000000 0.000000 0.000000 0.000000 0.000000 0.000000 0.000000 0.000000 0.000000 0.000000 0.000000 0.000000 0.000000 0.000000 0.000000 0.000000 0.000000 0.000000 0.000000 0.000000 0.000000 0.000000 0.000000 0.000000 0.000000 0.000000 0.000000 0.000000 0.000000 0.000000 0.000000 0.000000 0.000000 0.000000 0.000000 0.373058 0.595162 0.389781 0.000000 0.000000 0.000000 0.000000 0.000000 0.232458 0.274809 0.289618 0.405994 0.523324 0.437851 0.251322 0.000000 0.000000 0.201271 0.256034 0.200389 0.000000 0.000000 0.000000 0.000000 0.000000 0.000000
0.000000 0.000000 0.000000 0.000000 0.000000 0.000000 0.000000 0.000000 0.000000 0.000000 0.000000 0.000000 0.000000 0.000000 0.000000 0.000000 0.000000 0.000000 0.000000 0.000000 0.000000 0.000000 0.000000 0.000000 0.000000 0.000000 0.000000 0.000000 0.000000 0.000000 0.000000 0.000000 0.000000 0.000000 0.000000 0.000000 0.000000 0.260652 0.307275 0.000000 0.000000 0.000000 0.000000 0.234093 0.262500 0.286377 0.298567 0.293781 0.307781 0.395249 0.362923 0.266377 0.000000 0.000000 0.000000 0.000000 0.000000 0.000000 0.000000 0.000000 0.000000 0.000000 0.000000
0.000000 0.000000 0.000000 0.000000 0.000000 0.000000 0.000000 0.000000 0.000000 0.000000 0.000000 0.000000 0.000000 0.000000 0.000000 0.000000 0.000000 0.000000 0.000000 0.000000 0.000000 0.000000 0.000000 0.000000 0.000000 0.000000 0.000000 0.000000 0.000000 0.000000 0.000000 0.000000 0.000000 0.000000 0.000000 0.000000 0.000000 0.000000 0.000000 0.000000 0.000000 0.000000 0.000000 0.000000 0.232212 0.252808 0.252341 0.232202 0.000000 0.208583 0.256972 0.243629 0.200723 0.000000 0.000000 0.000000 0.000000 0.000000 0.000000 0.000000 0.000000 0.000000 0.000000
0.000000 0.000000 0.000000 0.000000 0.000000 0.000000 0.000000 0.000000 0.000000 0.000000 0.000000 0.000000 0.000000 0.000000 0.000000 0.000000 0.000000 0.000000 0.000000 0.000000 0.000000 0.000000 0.000000 0.000000 0.000000 0.000000 0.000000 0.000000 0.000000 0.000000 0.000000 0.000000 0.000000 0.000000 0.000000 0.000000 0.000000 0.000000 0.000000 0.000000 0.000000 0.000000 0.000000 0.000000 0.000000 0.000000 0.000000 0.000000 0.000000 0.000000 0.000000 0.000000 0.000000 0.000000 0.000000 0.000000 0.000000 0.000000 0.000000 0.000000 0.000000 0.000000 0.000000
0.000000 0.000000 0.000000 0.000000 0.000000 0.000000 0.000000 0.000000 0.000000 0.000000 0.000000 0.000000 0.000000 0.000000 0.000000 0.000000 0.000000 0.000000 0.000000 0.000000 0.000000 0.000000 0.000000 0.000000 0.000000 0.000000 0.000000 0.000000 0.000000 0.000000 0.000000 0.000000 0.000000 0.000000 0.000000 0.000000 0.000000 0.000000 0.000000 0.000000 0.000000 0.000000 0.000000 0.000000 0.000000 0.000000 0.000000 0.000000 0.000000 0.000000 0.000000 0.000000 0.000000 0.000000 0.000000 0.000000 0.000000 0.000000 0.000000 0.000000 0.000000 0.000000 0.000000
0.000000 0.000000 0.000000 0.000000 0.000000 0.000000 0.000000 0.000000 0.000000 0.000000 0.000000 0.000000 0.000000 0.000000 0.000000 0.000000 0.000000 0.000000 0.000000 0.000000 0.000000 0.000000 0.000000 0.000000 0.000000 0.000000 0.000000 0.000000 0.000000 0.000000 0.000000 0.000000 0.000000 0.000000 0.000000 0.000000 0.000000 0.000000 0.000000 0.000000 0.000000 0.000000 0.000000 0.000000 0.000000 0.000000 0.000000 0.000000 0.000000 0.000000 0.000000 0.000000 0.000000 0.000000 0.000000 0.000000 0.000000 0.000000 0.000000 0.000000 0.000000 0.000000 0.000000
