tests/test_04/output4/CloudArrivalTime.dat
NCOLS   360
NROWS    60
XLLCORNER           0.000
YLLCORNER           0.000
CELLSIZE           1.000          1.000
NODATA_VALUE -9999.
[rows 0 to 23 of 60, columns 0 to 53 of 360]
143.598557 144.993958 146.649185 -9999.000000 -9999.000000 -9999.000000 -9999.000000 227.417953 219.907425 217.702454 215.182205 213.282242 211.743668 210.863708 210.294067 209.733719 209.733719 209.733719 210.294067 210.863708 211.743668 212.969193 214.548813 216.442856 218.655136 220.524353 222.339310 224.723572 227.417953 -9999.000000 -9999.000000 -9999.000000 -9999.000000 -9999.000000 -9999.000000 -9999.000000 -9999.000000 -9999.000000 -9999.000000 -9999.000000 -9999.000000 -9999.000000 -9999.000000 -9999.000000 -9999.000000 -9999.000000 -9999.000000 -9999.000000 206.355042 206.355042 206.842789 207.341339 207.851425 208.640076
144.436844 145.825363 147.193695 148.538986 150.121307 -9999.000000 218.655136 215.498276 212.969193 210.577682 208.640076 206.842789 205.180511 205.180511 205.642197 206.355042 207.090668 207.851425 208.909698 210.012756 210.863708 212.044754 212.969193 214.231888 215.182205 216.442856 218.338730 220.524353 222.636795 224.424286 226.222061 228.014816 230.115677 232.216354 234.535950 -9999.000000 -9999.000000 -9999.000000 -9999.000000 -9999.000000 -9999.000000 -9999.000000 -9999.000000 -9999.000000 -9999.000000 202.683395 202.211792 202.211792 202.448364 202.683395 203.148956 203.608658 204.062576 204.954147
144.436844 145.548843 146.921906 148.271713 149.335114 150.639954 152.180862 153.951843 200.059433 200.300644 200.781479 201.498901 202.211792 203.148956 204.286987 205.180511 206.355042 207.341339 208.373901 209.456894 210.577682 211.743668 212.969193 213.914825 214.865601 215.813843 217.069016 218.021072 218.970291 220.216675 221.740128 223.826904 226.222061 228.014816 229.811996 231.920364 233.964645 235.670822 237.376205 239.080505 -9999.000000 -9999.000000 -9999.000000 -9999.000000 199.339874 199.102325 199.102325 199.102325 199.339874 199.578568 200.059433 200.541321 201.021133 201.737030
145.271683 146.375534 147.464554 148.805389 150.121307 151.155365 152.435867 153.449173 154.946564 197.914062 198.865906 199.818405 200.781479 201.974655 203.148956 204.286987 205.642197 206.842789 208.111053 209.182236 210.577682 211.743668 212.969193 213.914825 215.182205 216.128906 217.069016 218.021072 218.970291 219.907425 221.135193 222.040436 222.933731 224.125397 225.323227 226.521317 228.014816 230.419983 233.676727 235.670822 237.944534 239.931885 198.394424 196.918335 196.661453 196.401154 196.137283 196.137283 196.401154 196.661453 196.918335 197.422318 197.914062 198.630585
146.921906 147.734512 148.805389 149.860336 150.897873 152.180862 153.196838 154.201935 155.192795 156.407837 196.918335 198.394424 199.578568 200.781479 202.211792 203.608658 204.954147 206.355042 207.594894 209.182236 210.577682 211.743668 213.282242 214.548813 215.813843 217.069016 218.338730 219.284225 219.907425 220.830536 221.740128 222.636795 223.528793 224.424286 225.323227 226.521317 227.716476 228.610947 229.811996 231.024307 232.216354 233.676727 195.044495 194.186249 193.607147 193.317108 193.027237 193.027237 193.027237 193.027237 193.317108 193.607147 193.896866 194.475311
-9999.000000 204.509659 196.661453 152.180862 152.690186 153.449173 154.451126 155.192795 156.166931 157.126389 158.317322 195.869690 197.669662 199.102325 200.781479 202.448364 203.836395 205.409821 207.090668 208.640076 210.012756 211.446564 212.969193 214.548813 216.128906 217.702454 219.284225 220.524353 221.740128 222.933731 223.826904 224.424286 225.323227 225.922623 226.521317 227.417953 228.312973 229.208786 230.419983 231.623047 232.804398 193.317108 191.872147 191.014847 190.447723 189.884018 189.323685 189.044769 188.489395 171.196503 171.196503 171.424362 171.881180 172.334396
205.642197 196.401154 189.323685 186.573547 185.481537 185.205597 156.407837 156.887115 157.604126 158.553574 159.490448 160.638931 193.896866 196.137283 198.155624 200.300644 201.974655 203.836395 205.642197 207.341339 208.909698 210.577682 212.044754 213.597626 215.182205 217.069016 218.655136 220.524353 222.040436 223.528793 224.723572 226.222061 227.119247 228.312973 228.909195 229.811996 230.419983 231.024307 231.920364 232.804398 192.159683 190.165436 188.766663 187.662354 166.352692 166.352692 166.571945 166.791107 167.228760 167.883530 168.536087 169.188934 170.071854 170.743759
200.781479 189.323685 184.092484 182.694916 182.694916 182.970551 183.811829 184.928726 159.722290 160.182755 161.090546 162.200317 163.722977 192.737518 194.761917 196.918335 199.102325 201.021133 203.148956 204.954147 206.842789 208.640076 210.294067 212.044754 213.914825 216.128906 218.655136 221.135193 223.231064 225.323227 226.820374 228.014816 229.509705 230.419983 231.324356 232.216354 233.096466 233.676727 234.535950 235.386917 188.489395 186.843262 163.505096 163.722977 163.941116 164.378143 164.816223 165.474945 166.352692 167.010056 167.883530 168.752838 169.628586 170.743759
189.884018 181.355377 180.065781 180.324615 180.836411 182.151581 183.811829 186.030563 188.489395 163.070084 163.287460 164.159500 165.474945 208.373901 197.914062 198.630585 200.059433 201.737030 203.836395 214.865601 215.498276 216.128906 216.754929 218.021072 218.970291 220.216675 221.438385 222.636795 224.125397 225.623016 227.119247 228.610947 230.115677 231.623047 232.804398 233.964645 234.819473 235.670822 236.523285 187.388245 161.537750 161.537750 161.759735 162.200317 162.852951 163.505096 164.378143 165.255341 166.133362 167.010056 168.101334 169.188934 170.294876 171.653214
179.019424 177.762726 178.008911 178.762894 180.324615 182.421936 185.481537 189.323685 193.896866 198.155624 201.260269 167.228760 205.409821 206.842789 208.111053 209.182236 210.012756 210.863708 211.446564 212.044754 212.658463 213.282242 214.231888 215.498276 216.754929 218.021072 219.596619 221.135193 222.636795 224.424286 226.222061 227.716476 229.509705 231.324356 233.096466 234.819473 235.954849 237.091965 187.114929 159.722290 159.722290 159.953049 160.638931 161.314697 162.200317 163.070084 164.159500 165.255341 166.352692 167.665497 168.752838 170.294876 171.653214 173.230240
175.425354 175.425354 176.334885 178.008911 180.581055 183.530197 188.212906 192.448151 195.323227 197.669662 199.578568 201.260269 202.683395 204.062576 205.180511 206.355042 207.090668 207.851425 208.373901 209.182236 209.733719 210.577682 211.446564 212.658463 214.231888 215.498276 217.069016 218.970291 220.830536 222.636795 224.723572 226.820374 228.909195 230.722855 232.511032 234.251038 235.954849 158.553574 157.842407 158.080261 158.317322 159.023666 159.722290 160.865295 161.759735 162.852951 164.159500 165.474945 166.791107 168.101334 169.628586 170.969650 172.559662 174.330444
172.784058 173.452057 174.982513 177.277664 180.324615 184.372177 188.766663 191.585495 193.607147 195.323227 197.171906 198.630585 199.818405 201.021133 201.974655 202.916916 203.379517 204.062576 204.730637 205.642197 206.355042 207.594894 208.640076 210.012756 211.153290 212.658463 214.548813 216.128906 218.338730 220.524353 222.933731 225.323227 227.716476 229.811996 231.623047 233.676727 235.670822 156.166931 156.166931 156.647705 157.365387 158.317322 159.257523 160.411423 161.537750 162.636063 163.941116 165.255341 166.571945 168.101334 169.628586 171.196503 172.784058 174.547577
169.849762 170.969650 172.559662 175.202927 179.019424 182.694916 185.756561 188.766663 190.730850 192.448151 194.186249 195.323227 196.401154 197.171906 197.914062 198.394424 199.102325 199.818405 200.541321 201.737030 202.683395 204.286987 205.642197 207.341339 208.909698 210.294067 212.044754 213.914825 215.813843 217.702454 220.524353 223.231064 225.922623 228.312973 230.419983 232.804398 154.451126 154.451126 154.946564 155.682007 156.407837 157.604126 158.553574 159.722290 160.865295 162.200317 163.505096 165.035660 166.571945 168.101334 169.628586 171.196503 172.784058 174.547577
165.474945 166.352692 168.101334 170.969650 174.982513 179.540665 182.970551 185.205597 187.114929 188.766663 190.165436 191.299728 192.159683 193.317108 194.186249 195.044495 195.869690 196.661453 197.669662 198.865906 200.059433 201.498901 202.916916 204.509659 206.115005 207.594894 209.456894 211.153290 212.969193 215.182205 217.702454 220.524353 223.528793 226.521317 229.208786 152.435867 152.435867 152.943832 153.700867 154.451126 155.437943 156.647705 157.842407 159.023666 160.182755 161.537750 162.852951 164.159500 165.694489 167.228760 168.970444 170.518845 172.108231 173.673035
160.182755 160.411423 161.537750 163.941116 167.883530 172.784058 177.762726 182.151581 183.811829 185.205597 186.302887 187.388245 188.212906 189.044769 189.884018 190.730850 191.872147 193.027237 194.475311 195.869690 197.422318 198.865906 200.059433 201.498901 203.148956 204.730637 206.597610 208.640076 210.294067 212.349991 214.548813 217.069016 220.524353 223.528793 150.381195 150.381195 150.897873 151.669037 152.435867 153.449173 154.451126 155.682007 156.887115 158.317322 159.490448 160.865295 162.200317 163.505096 165.035660 166.571945 168.101334 169.628586 171.196503 172.559662
154.201935 154.699326 155.682007 157.126389 158.789017 161.090546 163.722977 166.791107 170.518845 174.330444 177.519012 180.581055 182.421936 183.530197 184.372177 184.928726 185.481537 186.573547 187.662354 189.603439 191.585495 193.896866 195.869690 197.914062 199.578568 201.260269 203.379517 205.642197 207.594894 209.733719 211.446564 213.597626 216.128906 148.271713 148.271713 148.538986 149.335114 150.121307 151.155365 152.435867 153.449173 154.699326 155.924988 157.365387 158.789017 159.953049 161.314697 162.636063 164.159500 165.474945 167.010056 168.536087 170.071854 171.424362
149.070816 149.860336 150.897873 152.435867 153.951843 155.437943 157.126389 159.023666 160.638931 162.418777 164.159500 165.913956 167.665497 169.628586 171.424362 173.007568 174.330444 175.876175 177.519012 179.278656 181.618362 184.650925 188.766663 192.448151 195.044495 197.171906 199.102325 201.021133 203.379517 206.355042 208.640076 210.577682 145.825363 145.825363 146.100937 146.921906 147.734512 148.805389 149.860336 151.155365 152.435867 153.700867 154.946564 156.407837 157.842407 159.257523 160.411423 161.759735 163.287460 164.597061 165.913956 167.447235 168.970444 170.294876
144.993958 145.825363 146.921906 148.003555 149.070816 150.381195 151.925201 153.449173 155.437943 157.126389 159.023666 160.638931 161.980637 163.287460 164.816223 166.352692 168.101334 170.071854 172.108231 173.893188 176.104523 180.065781 184.650925 186.843262 189.323685 191.585495 194.186249 196.401154 198.394424 200.300644 202.683395 143.598557 143.598557 143.878296 144.715652 145.548843 146.375534 147.464554 148.805389 150.121307 151.412415 152.690186 153.951843 155.437943 156.647705 158.080261 159.490448 160.865295 161.980637 163.287460 164.597061 165.694489 167.010056 168.318924
141.928070 142.761185 143.598557 144.715652 145.548843 146.649185 147.734512 149.070816 150.121307 151.669037 153.196838 154.699326 156.887115 158.789017 160.638931 162.200317 163.722977 165.474945 167.228760 169.408310 171.653214 173.893188 175.876175 178.257629 186.030563 187.937225 189.884018 191.872147 193.607147 195.323227 141.099106 141.099106 141.651291 142.205307 143.039841 144.157715 145.271683 146.375534 147.734512 149.070816 150.381195 151.925201 153.196838 154.451126 155.924988 157.126389 158.553574 159.722290 160.865295 161.980637 163.070084 164.159500 164.816223 165.694489
138.908981 139.726608 140.548767 141.374969 142.483017 143.318954 144.436844 145.271683 146.649185 147.734512 149.070816 150.121307 151.412415 152.435867 153.951843 155.437943 157.365387 159.490448 161.314697 163.287460 165.913956 168.536087 170.743759 172.784058 174.982513 177.277664 179.278656 181.618362 138.366867 138.366867 138.908981 139.453461 140.274261 141.099106 142.205307 143.318954 144.436844 145.825363 147.193695 148.538986 149.860336 151.155365 152.690186 153.951843 155.192795 156.647705 157.842407 159.023666 159.953049 161.090546 161.980637 163.070084 163.941116 164.816223
135.903793 137.003754 137.823212 138.637894 139.726608 140.823715 141.651291 142.761185 143.878296 144.993958 146.100937 146.921906 148.003555 149.070816 149.860336 150.897873 151.925201 152.943832 154.201935 155.192795 156.166931 157.126389 157.842407 158.553574 159.257523 136.729523 135.903793 135.903793 136.454742 137.003754 137.823212 138.637894 139.726608 140.548767 141.651291 142.761185 144.157715 145.548843 146.921906 148.538986 149.860336 151.155365 152.690186 153.951843 155.192795 156.647705 157.842407 158.789017 159.953049 161.090546 161.980637 163.070084 164.159500 165.255341
132.929016 133.998947 134.810135 135.903793 137.003754 138.095306 139.180832 140.274261 141.374969 142.205307 143.318954 144.436844 145.548843 146.375534 147.464554 148.538986 149.335114 150.121307 151.155365 151.925201 152.943832 136.454742 134.810135 133.730225 133.730225 133.998947 134.538879 135.082245 135.903793 136.454742 137.550583 138.366867 139.180832 140.274261 141.374969 142.483017 143.878296 145.548843 146.921906 148.538986 149.860336 151.412415 152.690186 154.201935 155.437943 156.887115 158.080261 159.257523 160.411423 161.759735 162.852951 163.941116 165.255341 166.571945
118.694771 119.706177 120.751183 122.008392 131.589813 132.929016 134.810135 136.454742 137.823212 139.180832 140.274261 141.374969 142.483017 143.318954 144.715652 133.998947 132.929016 132.130310 131.589813 131.317261 131.317261 131.317261 131.589813 132.130310 132.663559 133.195267 133.998947 134.810135 135.629059 136.454742 137.277435 138.095306 139.180832 140.274261 141.374969 142.483017 143.878296 145.548843 147.193695 148.538986 150.121307 151.412415 152.943832 154.451126 155.682007 157.126389 158.553574 159.722290 161.090546 162.418777 163.722977 165.035660 166.791107 168.318924
117.422150 118.185829 118.694771 119.454132 120.000000 120.751183 121.503853 122.261497 123.024223 123.788628 124.549973 125.308289 126.063629 126.565536 127.322441 127.577751 128.093018 128.353043 128.878036 129.409775 129.948166 130.493362 131.043488 131.860992 132.397827 133.195267 133.730225 134.538879 135.629059 136.454742 137.277435 138.095306 139.180832 140.274261 141.374969 142.761185 144.157715 145.548843 147.193695 148.805389 150.121307 151.669037 152.943832 154.451126 155.924988 157.365387 158.789017 159.953049 161.537750 163.070084 164.816223 167.010056 169.408310 186.843262
