tests/test_04/output4/CloudLoad_240.00hrs.dat
NCOLS   360
NROWS    60
XLLCORNER           0.000
YLLCORNER           0.000
CELLSIZE           1.000          1.000
NODATA_VALUE -9999.
[rows 0 to 27 of 60, columns 252 to 314 of 360]
1.963459 2.066944 2.137660 2.171879 2.143810 2.038403 1.843218 1.591319 1.357241 1.164132 1.007240 0.921978 0.899045 0.877707 0.820706 0.755121 0.658595 0.512030 0.412003 0.402831 0.646511 0.730076 0.554769 0.000000 0.000000 0.000000 0.000000 0.000000 0.000000 0.000000 0.000000 0.000000 0.000000 0.000000 0.000000 0.000000 0.000000 0.000000 0.000000 0.000000 0.000000 0.000000 0.000000 0.000000 0.000000 0.000000 0.000000 0.000000 0.000000 0.000000 0.000000 0.000000 0.000000 0.000000 0.000000 0.000000 0.000000 0.000000 0.000000 0.000000 0.000000 0.000000 0.209379
2.729579 2.714835 2.694535 2.668597 2.629478 2.493630 2.267217 1.980220 1.757907 1.591264 1.442623 1.267461 1.078327 0.886570 0.741300 0.676757 0.607884 0.540998 0.461212 0.454237 0.560700 0.698457 0.570397 0.223340 0.000000 0.000000 0.000000 0.000000 0.000000 0.000000 0.000000 0.000000 0.000000 0.000000 0.000000 0.000000 0.000000 0.000000 0.000000 0.000000 0.000000 0.000000 0.000000 0.000000 0.000000 0.000000 0.000000 0.000000 0.000000 0.000000 0.000000 0.000000 0.000000 0.000000 0.000000 0.000000 0.000000 0.000000 0.000000 0.000000 0.000000 0.000000 0.000000
2.422794 2.307732 2.234897 2.240640 2.260031 2.059781 1.717823 1.459526 1.382554 1.363588 1.358015 1.405212 1.449288 1.393943 1.131874 0.866911 0.623136 0.486016 0.385890 0.399752 0.527159 0.793025 0.706230 0.319927 0.000000 0.000000 0.000000 0.000000 0.000000 0.000000 0.000000 0.000000 0.000000 0.000000 0.000000 0.000000 0.000000 0.000000 0.000000 0.000000 0.000000 0.000000 0.000000 0.000000 0.000000 0.000000 0.000000 0.000000 0.000000 0.000000 0.000000 0.000000 0.000000 0.000000 0.000000 0.000000 0.000000 0.000000 0.000000 0.000000 0.000000 0.000000 0.000000
3.562467 3.152617 2.808563 2.774800 2.440422 1.847969 1.191697 0.881181 0.771057 0.696960 0.649743 0.684709 0.854578 1.127252 1.332904 1.353323 1.234769 0.894306 0.508587 0.312949 0.386594 0.667816 0.742130 0.477051 0.000000 0.000000 0.000000 0.000000 0.000000 0.000000 0.000000 0.000000 0.000000 0.000000 0.000000 0.000000 0.000000 0.000000 0.000000 0.000000 0.000000 0.000000 0.000000 0.000000 0.000000 0.000000 0.000000 0.000000 0.000000 0.000000 0.000000 0.000000 0.000000 0.000000 0.000000 0.000000 0.000000 0.000000 0.000000 0.000000 0.000000 0.000000 0.000000
5.118487 4.621881 4.606944 4.634860 3.935519 2.764874 1.776086 1.269256 0.873160 0.601138 0.495674 0.448611 0.454914 0.511989 0.603992 0.766638 1.039316 1.079510 0.937838 0.602030 0.378984 0.487028 0.677439 0.571098 0.245455 0.000000 0.000000 0.000000 0.000000 0.000000 0.000000 0.000000 0.000000 0.000000 0.000000 0.000000 0.000000 0.000000 0.000000 0.000000 0.000000 0.000000 0.000000 0.000000 0.000000 0.000000 0.000000 0.000000 0.000000 0.000000 0.000000 0.000000 0.000000 0.000000 0.000000 0.000000 0.000000 0.000000 0.000000 0.000000 0.000000 0.000000 0.000000
5.034516 4.978114 5.663043 5.360791 4.418181 3.090238 2.508357 2.178143 1.801190 1.369298 0.939438 0.564484 0.397152 0.410144 0.464646 0.538472 0.617113 0.794369 0.908479 0.794594 0.647540 0.515169 0.560007 0.595208 0.368933 0.000000 0.000000 0.000000 0.000000 0.000000 0.000000 0.000000 0.000000 0.000000 0.000000 0.000000 0.000000 0.000000 0.000000 0.000000 0.000000 0.000000 0.000000 0.000000 0.000000 0.000000 0.000000 0.000000 0.000000 0.000000 0.000000 0.000000 0.000000 0.000000 0.000000 0.000000 0.000000 0.000000 0.000000 0.000000 0.000000 0.000000 0.000000
3.473305 4.466075 4.942241 4.334506 2.858741 2.288762 2.254523 2.285761 2.239295 2.114143 1.782527 1.349575 0.952257 0.616993 0.420871 0.476718 0.516615 0.541241 0.602374 0.714715 0.683626 0.674036 0.610804 0.558147 0.427786 0.251153 0.000000 0.000000 0.000000 0.000000 0.000000 0.000000 0.000000 0.000000 0.000000 0.000000 0.000000 0.000000 0.000000 0.000000 0.000000 0.000000 0.000000 0.000000 0.000000 0.000000 0.000000 0.000000 0.000000 0.000000 0.000000 0.000000 0.000000 0.000000 0.000000 0.000000 0.000000 0.000000 0.000000 0.000000 0.000000 0.000000 0.000000
2.769024 4.022471 3.718451 2.083516 1.071325 0.990239 1.008425 1.121436 1.288729 1.474173 1.676059 1.709626 1.622983 1.352154 0.935438 0.632942 0.507573 0.507396 0.489529 0.454227 0.587153 0.645186 0.716182 0.604613 0.469606 0.324095 0.000000 0.000000 0.000000 0.000000 0.000000 0.000000 0.000000 0.000000 0.000000 0.000000 0.000000 0.215280 0.205985 0.000000 0.000000 0.000000 0.000000 0.000000 0.000000 0.000000 0.000000 0.000000 0.000000 0.000000 0.000000 0.000000 0.000000 0.000000 0.000000 0.000000 0.000000 0.000000 0.000000 0.000000 0.000000 0.000000 0.000000
3.717258 3.445412 1.918361 0.735553 0.672497 0.668507 0.661568 0.658858 0.648726 0.664902 0.717345 0.871534 1.261194 1.516787 1.485538 1.297846 0.917736 0.616116 0.512608 0.430785 0.378390 0.529369 0.659967 0.687830 0.569034 0.386249 0.276414 0.000000 0.000000 0.000000 0.000000 0.000000 0.000000 0.000000 0.000000 0.000000 0.000000 0.000000 0.206265 0.205920 0.000000 0.000000 0.000000 0.000000 0.000000 0.000000 0.000000 0.000000 0.000000 0.000000 0.000000 0.000000 0.000000 0.000000 0.000000 0.000000 0.000000 0.000000 0.000000 0.000000 0.000000 0.000000 0.000000
2.718486 1.722099 0.723456 0.609480 0.607788 0.613886 0.637983 0.614964 0.559341 0.486837 0.455617 0.475572 0.520834 0.655774 1.107224 1.385776 1.356436 1.089559 0.713619 0.480067 0.360564 0.335202 0.528176 0.670182 0.647300 0.490270 0.336680 0.239351 0.000000 0.000000 0.000000 0.000000 0.000000 0.000000 0.000000 0.000000 0.000000 0.000000 0.000000 0.000000 0.000000 0.000000 0.000000 0.000000 0.000000 0.000000 0.000000 0.000000 0.000000 0.000000 0.000000 0.000000 0.000000 0.000000 0.000000 0.000000 0.000000 0.000000 0.000000 0.000000 0.000000 0.000000 0.000000
1.147799 0.683693 0.622524 0.629560 0.622439 0.572240 0.589424 0.599027 0.586700 0.553474 0.468197 0.401912 0.388635 0.390395 0.466899 0.811158 1.218225 1.280861 1.133551 0.737947 0.423960 0.304622 0.333033 0.564164 0.643342 0.607050 0.456670 0.318848 0.209268 0.000000 0.000000 0.000000 0.000000 0.000000 0.000000 0.000000 0.000000 0.000000 0.000000 0.000000 0.000000 0.000000 0.000000 0.000000 0.000000 0.000000 0.000000 0.000000 0.000000 0.000000 0.000000 0.000000 0.000000 0.000000 0.000000 0.000000 0.000000 0.000000 0.000000 0.000000 0.000000 0.000000 0.000000
0.547839 0.515640 0.577067 0.618929 0.569632 0.484720 0.475651 0.511920 0.579203 0.618782 0.608122 0.532301 0.424335 0.343062 0.319705 0.387658 0.766833 1.120469 1.197728 1.034580 0.609564 0.347565 0.263894 0.369082 0.595259 0.619615 0.583825 0.416353 0.311128 0.000000 0.000000 0.000000 0.000000 0.000000 0.000000 0.000000 0.000000 0.000000 0.000000 0.000000 0.000000 0.000000 0.000000 0.000000 0.000000 0.000000 0.000000 0.000000 0.000000 0.000000 0.000000 0.000000 0.000000 0.000000 0.000000 0.000000 0.000000 0.000000 0.000000 0.000000 0.000000 0.000000 0.228365
0.507234 0.513277 0.532008 0.498669 0.404887 0.388896 0.410478 0.428384 0.462926 0.526814 0.598539 0.627114 0.572302 0.422415 0.308320 0.286760 0.409346 0.850417 1.089900 1.144000 0.849264 0.435890 0.274162 0.244737 0.428597 0.622154 0.624840 0.535024 0.373007 0.283335 0.000000 0.000000 0.000000 0.000000 0.000000 0.000000 0.000000 0.000000 0.000000 0.000000 0.000000 0.000000 0.000000 0.000000 0.000000 0.000000 0.000000 0.000000 0.000000 0.000000 0.000000 0.000000 0.000000 0.000000 0.000000 0.000000 0.000000 0.000000 0.000000 0.000000 0.000000 0.273128 0.374807
0.572930 0.548312 0.519368 0.400065 0.292850 0.281359 0.302184 0.344179 0.375011 0.402056 0.453851 0.534787 0.595309 0.579873 0.439565 0.301938 0.277007 0.508054 0.958870 1.100345 1.073784 0.656285 0.324671 0.244670 0.269384 0.514571 0.640872 0.626397 0.487697 0.369823 0.273430 0.000000 0.000000 0.000000 0.000000 0.000000 0.000000 0.000000 0.000000 0.000000 0.000000 0.000000 0.000000 0.000000 0.000000 0.000000 0.000000 0.000000 0.000000 0.000000 0.000000 0.000000 0.000000 0.000000 0.000000 0.000000 0.000000 0.000000 0.000000 0.204532 0.294984 0.446547 0.752487
0.635512 0.645145 0.582113 0.409164 0.267983 0.227867 0.217568 0.239217 0.260614 0.300583 0.341174 0.393235 0.471515 0.545886 0.566081 0.468768 0.310829 0.325999 0.697235 1.111647 1.203571 0.933097 0.476128 0.292749 0.252615 0.335355 0.559309 0.660474 0.638131 0.505482 0.380884 0.268827 0.000000 0.000000 0.000000 0.000000 0.000000 0.000000 0.000000 0.000000 0.000000 0.000000 0.000000 0.000000 0.000000 0.000000 0.000000 0.000000 0.000000 0.000000 0.000000 0.000000 0.000000 0.000000 0.000000 0.000000 0.000000 0.000000 0.214348 0.300269 0.494370 0.864068 1.464409
0.583640 0.617821 0.559740 0.434583 0.352677 0.281491 0.218022 0.000000 0.000000 0.000000 0.215443 0.263477 0.325300 0.398361 0.484058 0.521913 0.460793 0.330157 0.434540 0.958606 1.266023 1.227369 0.780719 0.367036 0.270088 0.268887 0.395154 0.601594 0.700334 0.686234 0.528841 0.387170 0.253678 0.000000 0.000000 0.000000 0.000000 0.000000 0.000000 0.000000 0.000000 0.000000 0.000000 0.000000 0.000000 0.000000 0.000000 0.000000 0.000000 0.000000 0.000000 0.000000 0.000000 0.000000 0.000000 0.000000 0.200708 0.267061 0.341959 0.527011 0.933567 1.570653 2.209437
0.528644 0.536449 0.456092 0.394156 0.362518 0.329114 0.293817 0.247691 0.000000 0.000000 0.000000 0.000000 0.000000 0.263842 0.349298 0.428295 0.467321 0.428761 0.380553 0.649657 1.162395 1.341435 1.205160 0.646738 0.314304 0.278583 0.303852 0.455711 0.626873 0.705732 0.684172 0.537325 0.379090 0.234859 0.000000 0.000000 0.000000 0.000000 0.000000 0.000000 0.000000 0.000000 0.000000 0.000000 0.000000 0.000000 0.000000 0.000000 0.000000 0.000000 0.000000 0.000000 0.000000 0.000000 0.000000 0.250343 0.322069 0.390015 0.565836 0.981202 1.619325 2.253609 2.592763
0.342666 0.322713 0.315074 0.339146 0.342785 0.332039 0.320799 0.299140 0.272643 0.232494 0.000000 0.000000 0.000000 0.000000 0.229355 0.319125 0.405543 0.448475 0.442258 0.502097 0.844778 1.237798 1.337073 1.143646 0.594895 0.309608 0.286168 0.324871 0.473117 0.603249 0.686130 0.673302 0.546688 0.386763 0.249062 0.000000 0.000000 0.000000 0.000000 0.000000 0.000000 0.000000 0.000000 0.000000 0.000000 0.000000 0.000000 0.000000 0.000000 0.000000 0.000000 0.000000 0.000000 0.211440 0.295926 0.369310 0.431983 0.593419 0.999964 1.607901 2.236686 2.601749 2.659649
0.000000 0.000000 0.000000 0.000000 0.000000 0.200927 0.232111 0.268173 0.283345 0.289625 0.262499 0.211808 0.000000 0.000000 0.000000 0.231151 0.331081 0.433012 0.506117 0.568349 0.631313 0.878080 1.199796 1.255422 1.085461 0.619881 0.308705 0.284952 0.325121 0.439896 0.567710 0.657429 0.666461 0.576560 0.438022 0.305096 0.000000 0.000000 0.000000 0.000000 0.000000 0.000000 0.000000 0.000000 0.000000 0.000000 0.000000 0.000000 0.000000 0.000000 0.000000 0.000000 0.262578 0.335373 0.392204 0.452616 0.604691 0.991756 1.579110 2.162393 2.569878 2.614107 2.375994
0.000000 0.000000 0.000000 0.000000 0.000000 0.000000 0.000000 0.000000 0.000000 0.251193 0.282281 0.292062 0.274575 0.000000 0.000000 0.000000 0.258344 0.379221 0.527325 0.619502 0.617136 0.615983 0.821907 1.106094 1.168574 1.039576 0.599874 0.291862 0.271931 0.315698 0.417502 0.549496 0.641750 0.681982 0.615027 0.506109 0.401384 0.297832 0.202251 0.000000 0.000000 0.000000 0.000000 0.000000 0.000000 0.000000 0.000000 0.000000 0.000000 0.200746 0.249528 0.304309 0.357212 0.401893 0.459252 0.608982 0.969966 1.511126 2.057754 2.495023 2.562281 2.281652 1.783085
0.000000 0.000000 0.000000 0.000000 0.000000 0.000000 0.000000 0.000000 0.000000 0.000000 0.214864 0.304856 0.347129 0.323467 0.235964 0.205480 0.249567 0.353077 0.511755 0.627380 0.653746 0.632851 0.616223 0.837125 1.113480 1.135285 0.943248 0.520546 0.268082 0.265843 0.329045 0.450615 0.571444 0.657416 0.713235 0.684304 0.613642 0.531577 0.464324 0.387486 0.314503 0.252861 0.207054 0.000000 0.000000 0.000000 0.202447 0.225629 0.251313 0.279451 0.316163 0.360615 0.403958 0.466223 0.619913 0.960153 1.473888 1.952272 2.376195 2.483808 2.158277 1.715663 1.155792
0.000000 0.000000 0.000000 0.000000 0.000000 0.000000 0.000000 0.000000 0.000000 0.000000 0.000000 0.242873 0.366771 0.392287 0.345160 0.260956 0.282088 0.384580 0.540798 0.674801 0.807059 0.843209 0.789880 0.781391 1.033671 1.232118 1.183134 0.901039 0.484669 0.285489 0.293618 0.363519 0.503858 0.619317 0.702681 0.758136 0.777228 0.745305 0.686185 0.622724 0.571414 0.524223 0.471453 0.419444 0.371850 0.345200 0.337134 0.333023 0.333638 0.334127 0.366167 0.413938 0.504278 0.674708 0.993704 1.476969 1.899766 2.263757 2.374657 2.041958 1.649118 1.187120 0.743965
0.000000 0.000000 0.000000 0.000000 0.000000 0.000000 0.000000 0.000000 0.000000 0.000000 0.000000 0.000000 0.324094 0.419923 0.418371 0.338625 0.348291 0.507930 0.703801 0.857577 0.938890 0.907514 0.834027 0.730985 0.840680 1.131837 1.249778 1.190001 0.862563 0.484735 0.357768 0.341478 0.407415 0.549278 0.652055 0.742871 0.787360 0.822883 0.839775 0.816723 0.767740 0.694661 0.632511 0.587575 0.538480 0.486511 0.450406 0.432787 0.429512 0.460701 0.529209 0.649450 0.816562 1.114006 1.525170 1.902325 2.201188 2.263619 1.923794 1.553767 1.174780 0.779270 0.497746
0.000000 0.000000 0.000000 0.000000 0.000000 0.000000 0.000000 0.000000 0.000000 0.000000 0.000000 0.000000 0.258257 0.410050 0.474348 0.484490 0.557913 0.737299 0.864711 0.890693 0.900183 0.846231 0.740754 0.664729 0.670769 0.966797 1.232463 1.264973 1.108943 0.740019 0.469451 0.415465 0.401086 0.457752 0.591368 0.720458 0.789149 0.833967 0.883548 0.915479 0.880613 0.777512 0.675823 0.620402 0.586182 0.554072 0.523737 0.533155 0.614759 0.731299 0.892570 1.076773 1.321265 1.651163 1.948386 2.154596 2.164796 1.827279 1.431981 1.121570 0.780421 0.490761 0.388087
0.000000 0.000000 0.000000 0.000000 0.000000 0.000000 0.000000 0.000000 0.000000 0.000000 0.000000 0.000000 0.202560 0.373296 0.567337 0.718728 0.778720 0.838815 0.808975 0.752364 0.750401 0.782691 0.739848 0.665590 0.618863 0.817894 1.171429 1.280669 1.255917 0.984139 0.626112 0.497732 0.479468 0.480285 0.550076 0.707334 0.838123 0.891757 0.938253 0.960920 0.872146 0.747468 0.651640 0.621538 0.619251 0.639078 0.692736 0.826354 1.028789 1.227025 1.368831 1.565278 1.780673 1.994952 2.091225 2.031571 1.727825 1.324969 1.029454 0.745813 0.489214 0.346025 0.358949
0.000000 0.000000 0.000000 0.000000 0.000000 0.000000 0.000000 0.000000 0.000000 0.000000 0.000000 0.000000 0.000000 0.296170 0.634419 0.863589 0.881227 0.799933 0.744300 0.783350 0.834006 0.866761 0.845910 0.765530 0.702070 0.786122 1.137421 1.370057 1.401371 1.250947 0.888389 0.628439 0.613689 0.623098 0.676046 0.826347 0.974823 1.038986 1.083336 1.042340 0.906184 0.784682 0.735936 0.749733 0.851471 1.017478 1.249115 1.475371 1.602036 1.667153 1.751252 1.851855 1.991230 1.973470 1.866000 1.605508 1.241536 0.924969 0.659603 0.449260 0.321548 0.317223 0.381640
0.000000 0.000000 0.000000 0.000000 0.000000 0.000000 0.000000 0.000000 0.000000 0.000000 0.000000 0.000000 0.000000 0.218305 0.605569 0.893916 0.915014 0.786718 0.824523 0.916848 0.879198 0.832863 0.814088 0.756235 0.710119 0.775778 1.047232 1.405782 1.535779 1.495992 1.252995 0.911209 0.783832 0.805316 0.869699 1.041359 1.206420 1.261335 1.245082 1.159937 1.042897 0.988546 1.063039 1.280637 1.566799 1.794155 1.912081 1.900116 1.831415 1.782746 1.832469 1.886241 1.842121 1.701525 1.513092 1.170968 0.815814 0.569178 0.393754 0.303921 0.274694 0.347682 0.631820
0.000000 0.000000 0.000000 0.000000 0.000000 0.000000 0.000000 0.000000 0.000000 0.000000 0.000000 0.000000 0.000000 0.000000 0.499732 0.874414 0.939759 0.830719 0.896912 0.952910 0.833607 0.693149 0.609766 0.614035 0.654630 0.739962 0.882099 1.277521 1.663295 1.771856 1.698597 1.469072 1.183815 1.088378 1.166774 1.328348 1.456899 1.450704 1.406863 1.369013 1.415928 1.640594 1.976869 2.151501 2.167966 2.075315 1.920664 1.853083 1.831863 1.807352 1.774143 1.695084 1.562988 1.415244 1.092221 0.689772 0.457112 0.335169 0.278847 0.251342 0.305188 0.669385 1.253569
