tests/test_04/output4/CloudLoad_120.00hrs.dat
NCOLS   360
NROWS    60
XLLCORNER           0.000
YLLCORNER           0.000
CELLSIZE           1.000          1.000
NODATA_VALUE -9999.
[rows 0 to 27 of 60, columns 252 to 314 of 360]
0.000000 0.000000 0.000000 0.000000 0.000000 0.000000 0.000000 0.000000 0.000000 0.000000 0.000000 0.000000 0.000000 0.000000 0.000000 0.000000 0.000000 0.000000 0.000000 0.000000 0.000000 0.000000 0.000000 0.000000 0.000000 0.000000 0.000000 0.000000 0.000000 0.000000 0.000000 0.000000 0.000000 0.000000 0.000000 0.000000 0.000000 0.000000 0.000000 0.000000 0.000000 0.000000 0.000000 0.000000 0.000000 0.000000 0.000000 0.000000 0.000000 0.000000 0.000000 0.000000 0.000000 0.000000 0.000000 0.000000 0.000000 0.000000 0.414106 0.645675 0.840951 0.996100 1.045867
0.346935 0.327585 0.305705 0.277495 0.243337 0.208437 0.000000 0.000000 0.000000 0.000000 0.000000 0.000000 0.000000 0.000000 0.000000 0.000000 0.000000 0.000000 0.000000 0.000000 0.000000 0.000000 0.000000 0.000000 0.000000 0.000000 0.000000 0.000000 0.000000 0.000000 0.000000 0.000000 0.000000 0.000000 0.000000 0.000000 0.000000 0.000000 0.000000 0.000000 0.000000 0.000000 0.000000 0.000000 0.000000 0.000000 0.000000 0.000000 0.000000 0.000000 0.000000 0.000000 0.000000 0.000000 0.000000 0.000000 0.261800 0.518081 0.838366 1.074131 1.234787 1.171261 1.003920
0.819653 0.506936 0.441226 0.403887 0.367087 0.330103 0.292391 0.260801 0.232788 0.209132 0.000000 0.205810 0.206453 0.000000 0.000000 0.000000 0.000000 0.000000 0.000000 0.000000 0.000000 0.000000 0.000000 0.000000 0.000000 0.000000 0.000000 0.000000 0.000000 0.000000 0.000000 0.000000 0.000000 0.000000 0.000000 0.000000 0.000000 0.000000 0.000000 0.000000 0.000000 0.000000 0.000000 0.000000 0.000000 0.000000 0.000000 0.000000 0.000000 0.000000 0.000000 0.000000 0.000000 0.000000 0.000000 0.302674 0.631752 1.018432 1.293830 1.454642 1.287739 1.064237 0.978742
4.329133 3.614114 2.082445 0.701726 0.359028 0.328774 0.307938 0.324299 0.411044 0.514856 0.637595 0.807718 1.060251 1.246681 1.227387 1.015414 0.705561 0.429401 0.224494 0.000000 0.000000 0.000000 0.000000 0.000000 0.000000 0.000000 0.000000 0.000000 0.000000 0.000000 0.000000 0.000000 0.000000 0.000000 0.000000 0.000000 0.000000 0.000000 0.000000 0.000000 0.000000 0.000000 0.000000 0.000000 0.000000 0.000000 0.000000 0.000000 0.000000 0.000000 0.000000 0.000000 0.000000 0.000000 0.285265 0.666108 1.126983 1.458362 1.696843 1.455830 1.150227 1.036736 0.942947
8.299778 9.566269 9.698834 9.318855 7.572230 5.408839 3.772130 2.565659 2.375859 2.998177 3.721338 4.599372 5.422937 6.238831 6.558892 5.794791 4.613882 3.363896 2.083271 1.154876 0.652656 0.405700 0.287352 0.000000 0.000000 0.000000 0.000000 0.000000 0.000000 0.000000 0.000000 0.000000 0.000000 0.000000 0.000000 0.000000 0.000000 0.000000 0.000000 0.000000 0.000000 0.000000 0.000000 0.000000 0.000000 0.000000 0.000000 0.000000 0.000000 0.000000 0.000000 0.000000 0.000000 0.000000 0.539473 1.082622 1.586095 1.911209 1.832536 1.365040 1.106130 0.971265 0.998115
9.584837 12.934038 17.633841 23.350258 28.295082 28.985645 28.332874 24.858334 20.659105 16.990301 14.483992 12.925762 12.037765 11.748397 11.906811 12.077610 11.838490 10.522618 8.364398 5.958257 3.731039 2.260106 1.398770 0.923271 0.562718 0.289416 0.000000 0.000000 0.000000 0.000000 0.000000 0.000000 0.000000 0.000000 0.000000 0.000000 0.000000 0.000000 0.000000 0.000000 0.000000 0.000000 0.000000 0.000000 0.000000 0.000000 0.000000 0.000000 0.000000 0.000000 0.000000 0.000000 0.000000 0.289876 0.765620 1.471150 2.016192 2.242970 1.854446 1.381661 1.050221 0.960508 1.142986
12.524539 16.901485 24.156338 32.286518 40.574631 46.941319 47.201561 46.484612 45.091080 41.072948 34.830452 28.836218 23.300947 18.328047 13.891161 13.004799 13.100547 12.962474 13.096513 12.242432 9.859593 6.967776 4.544056 2.891165 1.947752 1.150388 0.572128 0.213918 0.000000 0.000000 0.000000 0.000000 0.000000 0.000000 0.000000 0.000000 0.000000 0.000000 0.000000 0.000000 0.000000 0.000000 0.000000 0.000000 0.000000 0.000000 0.000000 0.000000 0.000000 0.000000 0.000000 0.000000 0.000000 0.316994 0.852330 1.662520 2.341981 2.603847 2.063838 1.508496 1.112773 1.028248 1.270104
28.214088 25.827271 28.452726 33.946869 41.055683 47.311737 48.310867 47.674255 46.868149 44.999378 39.656036 32.635593 25.920145 19.464012 13.612687 12.488173 12.784550 12.969265 13.342580 13.482594 13.511649 13.100145 10.522058 7.600375 5.011759 3.123600 1.802112 0.895452 0.364612 0.000000 0.000000 0.000000 0.000000 0.000000 0.000000 0.000000 0.000000 0.000000 0.000000 0.000000 0.000000 0.000000 0.000000 0.000000 0.000000 0.000000 0.000000 0.000000 0.000000 0.000000 0.000000 0.000000 0.000000 0.000000 0.757065 1.641707 2.529455 3.111461 2.931659 2.134752 1.463192 1.156216 1.377532
47.494476 40.075439 32.358356 33.427429 38.859787 44.262268 44.457321 44.406467 43.540970 38.072224 28.052139 18.830952 11.228454 9.020544 8.875987 9.290682 9.845495 10.575504 11.521913 12.425578 13.196535 13.553745 13.710484 12.794036 10.535201 7.479790 4.682634 2.491311 1.098147 0.449805 0.000000 0.000000 0.000000 0.000000 0.000000 0.000000 0.000000 0.000000 0.000000 0.000000 0.000000 0.000000 0.000000 0.000000 0.000000 0.000000 0.000000 0.000000 0.000000 0.000000 0.000000 0.000000 0.000000 0.000000 0.318418 0.980811 2.147163 3.207986 3.886075 3.704046 2.638943 1.643765 1.427406
53.966885 48.520603 37.319790 29.394100 29.846556 35.324459 36.465874 36.545277 32.396114 21.795406 10.944983 5.735442 5.635124 5.615096 5.682001 5.773721 6.048286 6.666860 7.961621 9.774923 11.499048 12.749302 12.989770 12.905162 12.467134 10.952648 8.202381 5.364606 2.804419 1.084719 0.472136 0.000000 0.000000 0.000000 0.000000 0.000000 0.000000 0.000000 0.000000 0.000000 0.000000 0.000000 0.000000 0.000000 0.000000 0.000000 0.000000 0.000000 0.000000 0.000000 0.000000 0.000000 0.000000 0.000000 0.000000 0.309371 1.135972 2.551763 3.913880 5.031428 5.050765 3.350754 1.858524
53.376816 49.879906 38.965843 24.084044 18.533194 24.076948 24.871727 23.656858 16.127794 6.915119 3.228854 2.841548 2.632301 2.411217 2.580971 2.866837 3.294787 3.966553 5.204285 6.897628 9.194476 11.242753 12.366682 12.478985 12.130775 10.800577 8.477292 6.075536 3.671780 1.598132 0.900973 0.489730 0.000000 0.000000 0.000000 0.000000 0.000000 0.000000 0.000000 0.000000 0.000000 0.000000 0.000000 0.000000 0.000000 0.000000 0.000000 0.000000 0.000000 0.000000 0.000000 0.000000 0.000000 0.000000 0.000000 0.000000 0.215791 0.981330 2.502761 4.712288 6.413481 6.721788 4.650493
52.077435 49.432690 35.132881 15.833298 14.355024 17.794706 17.113783 12.870814 5.325986 1.111201 0.575656 0.477612 0.683855 1.045574 1.426746 1.809922 2.190180 2.613734 3.210813 4.358716 5.877642 7.198349 8.331817 8.940842 8.721803 8.115248 6.700357 4.923666 3.175226 1.848852 1.288623 0.861963 0.465845 0.000000 0.000000 0.000000 0.000000 0.000000 0.000000 0.000000 0.000000 0.000000 0.000000 0.000000 0.000000 0.000000 0.000000 0.000000 0.000000 0.000000 0.000000 0.000000 0.000000 0.000000 0.000000 0.000000 0.000000 0.000000 0.439717 1.995155 5.270002 7.742616 8.478310
41.306412 39.616425 25.264753 11.349080 14.458624 14.885943 12.251063 5.943785 0.969410 0.560183 0.625101 0.637773 0.643190 0.980879 1.521022 1.940463 2.189995 2.379258 2.509787 2.687424 2.831828 3.052816 3.409917 3.691355 3.795834 3.587488 3.242078 2.677342 2.095438 1.730517 1.456767 1.120539 0.772917 0.386383 0.000000 0.000000 0.000000 0.000000 0.000000 0.000000 0.000000 0.000000 0.000000 0.000000 0.000000 0.000000 0.000000 0.000000 0.000000 0.000000 0.000000 0.000000 0.000000 0.000000 0.000000 0.000000 0.000000 0.000000 0.000000 0.217598 1.420122 4.912865 8.845383
26.113255 25.752451 15.363226 12.407698 15.015450 12.373096 7.050070 1.671497 0.672972 0.834369 0.923010 0.907674 0.885614 1.004579 1.212912 1.307670 1.370315 1.422887 1.365391 1.288979 1.143636 1.001086 1.017260 1.078787 1.182569 1.246112 1.290791 1.335865 1.371597 1.412970 1.378860 1.190056 0.933991 0.623315 0.256603 0.000000 0.000000 0.000000 0.000000 0.000000 0.000000 0.000000 0.000000 0.000000 0.000000 0.000000 0.000000 0.000000 0.000000 0.000000 0.000000 0.000000 0.000000 0.000000 0.000000 0.000000 0.000000 0.000000 0.000000 0.000000 0.220286 1.208432 4.757058
13.328357 13.360333 10.339417 14.320471 15.318957 9.509242 2.523808 0.462901 0.652367 0.863418 1.077225 1.275962 1.475384 1.587836 1.801653 2.016394 2.177252 2.205359 2.066104 1.937321 1.624202 1.181993 0.879262 0.655022 0.527171 0.503020 0.506759 0.565555 0.675667 0.811846 0.938613 0.984229 0.917776 0.689307 0.387071 0.000000 0.000000 0.000000 0.000000 0.000000 0.000000 0.000000 0.000000 0.000000 0.000000 0.000000 0.000000 0.000000 0.000000 0.000000 0.000000 0.000000 0.000000 0.000000 0.000000 0.000000 0.000000 0.000000 0.000000 0.000000 0.000000 0.387074 1.552010
7.423936 7.948918 8.586474 14.744076 13.974408 7.184095 0.771819 0.520732 0.947456 1.411036 1.854894 2.420389 3.125063 3.943904 4.443899 4.567746 4.497681 4.342356 4.179107 4.028129 3.750413 3.375340 2.947505 2.333120 1.778895 1.407129 1.153824 0.962198 0.771862 0.644001 0.638837 0.655978 0.668168 0.613193 0.414163 0.215632 0.000000 0.000000 0.000000 0.000000 0.000000 0.000000 0.000000 0.000000 0.000000 0.000000 0.000000 0.000000 0.000000 0.000000 0.000000 0.000000 0.000000 0.000000 0.000000 0.000000 0.000000 0.000000 0.000000 0.000000 0.000000 0.221808 0.696565
5.241890 5.893072 8.230896 14.060886 12.088685 5.364258 1.238531 1.079607 1.808402 2.532716 3.420791 4.591886 5.325117 5.559006 5.701265 5.800348 5.910929 5.943163 5.885101 5.927703 5.887090 5.825408 5.768058 5.206616 4.368294 3.460679 2.611418 2.108814 1.886997 1.735802 1.435979 1.138930 0.870153 0.666018 0.479957 0.300903 0.000000 0.000000 0.000000 0.000000 0.000000 0.000000 0.000000 0.000000 0.000000 0.000000 0.000000 0.000000 0.000000 0.000000 0.000000 0.000000 0.000000 0.000000 0.000000 0.000000 0.000000 0.000000 0.000000 0.000000 0.000000 0.000000 0.510354
4.384437 4.837656 7.619589 13.571827 9.956072 4.212845 2.389169 2.080046 3.021080 4.204964 5.132593 5.873801 6.400414 6.558241 6.224562 5.774560 5.997150 6.760659 7.534929 8.290242 8.604146 8.824986 9.110126 8.911658 8.545948 8.078612 6.965448 5.205857 3.290178 1.941006 1.796256 1.827535 1.731135 1.446339 1.015358 0.644001 0.358600 0.000000 0.000000 0.000000 0.000000 0.000000 0.000000 0.000000 0.000000 0.000000 0.000000 0.000000 0.000000 0.000000 0.000000 0.000000 0.000000 0.000000 0.000000 0.000000 0.000000 0.000000 0.000000 0.000000 0.000000 0.000000 0.402338
3.696172 3.944612 5.184142 12.620964 9.593069 3.549302 2.784940 3.670005 4.234583 5.167423 5.668579 5.918880 5.902560 6.626353 7.793110 9.268226 10.028654 9.652044 9.129022 8.519048 7.853932 7.646103 7.666698 7.772340 8.280537 8.941952 9.526458 9.744856 9.087587 7.333266 4.531132 2.210773 1.550131 1.517464 1.443082 1.213528 0.891093 0.561107 0.296847 0.000000 0.000000 0.000000 0.000000 0.000000 0.000000 0.000000 0.000000 0.000000 0.000000 0.000000 0.000000 0.000000 0.000000 0.000000 0.000000 0.000000 0.000000 0.000000 0.000000 0.000000 0.000000 0.000000 0.308818
2.775520 2.870726 3.288173 10.919776 10.270000 3.623989 2.089908 4.292603 5.670775 7.982911 9.799229 10.673775 11.647602 12.818349 12.763308 12.092112 10.020683 7.581772 5.630458 4.375329 3.650563 3.542820 3.648788 3.932343 4.337383 4.723820 5.490147 6.667346 8.248035 9.596349 10.019073 8.680509 5.564435 2.896023 1.636317 1.394789 1.191882 0.996613 0.745909 0.472485 0.247736 0.000000 0.000000 0.000000 0.000000 0.000000 0.000000 0.000000 0.000000 0.000000 0.000000 0.000000 0.000000 0.000000 0.000000 0.000000 0.000000 0.000000 0.000000 0.000000 0.000000 0.000000 0.330476
1.970650 1.642748 1.762215 6.890988 10.827165 6.150938 1.523094 3.016389 6.175091 10.711173 14.638678 16.384214 16.573448 15.787842 12.461243 8.219119 4.620930 2.639788 1.846657 1.493005 1.538637 1.947241 2.501251 2.978293 3.249320 3.461071 3.623290 3.771497 4.073049 4.910769 6.483272 8.812201 9.586560 8.434671 5.741262 3.079569 1.547983 1.209585 0.995193 0.840768 0.628899 0.390409 0.206176 0.000000 0.000000 0.000000 0.000000 0.000000 0.000000 0.000000 0.000000 0.000000 0.000000 0.000000 0.000000 0.000000 0.000000 0.000000 0.000000 0.000000 0.000000 0.000000 0.918278
1.245451 0.994548 0.969225 3.018089 9.595634 9.308371 3.902446 1.413524 3.430155 7.734432 15.272071 18.430206 18.136787 15.714886 10.507796 4.805452 2.259776 1.481519 0.998762 0.778864 0.897258 1.368713 2.134171 2.869772 3.261928 3.522179 3.689812 3.730572 3.912696 3.848782 3.811856 4.417169 5.935846 8.751104 9.725474 8.570418 5.692673 2.857381 1.366776 1.044870 0.877390 0.751536 0.554461 0.331041 0.000000 0.000000 0.000000 0.000000 0.000000 0.000000 0.000000 0.000000 0.000000 0.000000 0.000000 0.000000 0.000000 0.000000 0.000000 0.000000 0.000000 0.572272 3.186858
0.705305 0.643192 0.586851 1.377253 5.554688 10.472512 9.074656 3.610591 2.000304 4.604576 10.251191 17.211239 18.973656 17.021515 9.608356 3.518166 1.895787 1.244351 0.949111 0.789912 0.786832 1.171425 2.024416 2.889731 3.180325 3.281528 3.437260 3.635466 3.697368 3.998804 3.986935 3.593656 3.623910 4.698079 6.121496 8.541572 8.854335 7.505390 4.554517 1.972241 1.114125 0.895098 0.783466 0.655382 0.442347 0.239455 0.000000 0.000000 0.000000 0.000000 0.000000 0.000000 0.000000 0.000000 0.000000 0.000000 0.000000 0.000000 0.000000 0.000000 0.561647 2.740938 8.373876
0.441825 0.487868 0.437563 0.642570 1.749126 6.360635 10.938687 10.046988 5.549570 2.802381 5.482626 8.804892 14.976563 16.325792 14.078159 8.898992 4.105078 1.700178 1.407851 1.531434 1.427185 1.442897 2.323119 2.990879 3.192065 3.182130 3.173445 3.162688 3.398828 3.487545 3.814984 3.809141 3.473137 3.394379 4.370914 5.470015 7.277239 8.319750 7.676105 5.412745 2.541164 1.110074 0.875923 0.773656 0.674286 0.504377 0.295635 0.000000 0.000000 0.000000 0.000000 0.000000 0.000000 0.000000 0.000000 0.000000 0.000000 0.000000 0.000000 0.838606 3.293589 9.047630 14.288911
0.336700 0.443420 0.493247 0.535066 0.996567 1.840047 5.564450 9.974925 11.022074 8.627764 5.542994 5.818006 6.791533 8.338419 9.428415 8.584672 6.743057 4.401804 3.307383 3.394365 2.849250 2.571477 3.033031 3.194930 3.161838 3.073276 2.755463 2.380085 2.521054 2.686331 2.926174 3.274475 3.330304 3.421449 3.498161 4.831267 5.682528 7.054765 8.112519 7.668611 5.751059 2.745374 1.094645 0.833945 0.785515 0.708859 0.547636 0.323069 0.000000 0.000000 0.000000 0.000000 0.000000 0.000000 0.000000 0.000000 0.000000 0.431470 1.638985 4.335140 10.184999 15.324852 15.178144
0.210137 0.424112 0.507947 0.595050 0.911295 1.184926 1.550223 4.268355 8.960427 12.064145 12.073708 10.957108 10.344863 9.339909 8.197251 7.283538 6.760245 6.768223 6.543605 6.107416 5.265963 4.874352 4.954827 4.488823 3.725761 2.780020 1.976441 1.514094 1.646390 1.760124 1.737747 2.031249 2.300313 2.633934 2.919693 3.554177 5.166070 6.105623 7.502149 8.403817 7.597819 5.553549 2.604062 1.068353 0.860258 0.819754 0.757368 0.576566 0.314083 0.000000 0.000000 0.000000 0.000000 0.000000 0.321849 0.649092 1.579327 3.927438 7.765524 13.734389 15.845148 14.460573 10.249276
0.000000 0.247951 0.473643 0.569883 0.770170 1.252049 1.188831 1.130753 2.078605 5.768362 9.056521 10.765996 13.535460 14.554205 14.312017 14.306490 13.754871 12.895615 12.315504 11.089198 9.762713 8.673116 7.912273 6.663788 4.927997 3.368988 2.161626 1.432815 1.219892 1.262721 1.070595 0.990265 1.198819 1.758265 2.039492 2.352047 3.436380 5.198874 6.687968 8.646260 9.181865 7.956620 5.494896 2.553140 1.317512 1.166919 1.091018 1.030881 0.853950 0.693063 0.721802 0.954897 1.378932 2.180499 3.476155 5.402595 7.964571 11.236348 14.315353 14.110879 12.555890 8.362411 3.068661
0.000000 0.000000 0.260618 0.455365 0.607878 1.015502 1.329452 1.027820 0.839300 1.269364 2.323676 3.528137 5.659098 8.767050 11.406899 13.450942 14.486845 14.221967 13.015512 11.118773 9.827559 8.984637 7.705686 6.340731 5.122813 4.080263 2.991006 2.135191 1.508213 0.928598 0.699979 0.420134 0.433123 0.902171 1.398669 1.499802 1.679347 2.958932 4.817235 7.693962 10.421926 10.860232 9.459346 6.666387 3.892652 3.173260 3.246394 3.535476 3.838752 4.137199 4.723223 5.748297 6.849715 8.006709 9.198721 10.441833 11.639662 12.144933 11.374084 9.590897 5.007903 1.110894 0.391361
