tests/test_04/output4/CloudArrivalTime.dat
NCOLS   360
NROWS    60
XLLCORNER           0.000
YLLCORNER           0.000
CELLSIZE           1.000          1.000
NODATA_VALUE -9999.
[rows 0 to 23 of 60, columns 0 to 53 of 360]
-9999.000000 -9999.000000 -9999.000000 -9999.000000 -9999.000000 -9999.000000 -9999.000000 -9999.000000 222.636765 218.970261 216.442825 214.548798 212.349976 211.153275 210.863693 210.863693 211.153275 211.446533 212.044724 212.969177 213.914795 214.865570 216.128876 217.385086 218.970261 220.524323 222.339279 224.424255 227.417923 -9999.000000 -9999.000000 -9999.000000 -9999.000000 -9999.000000 -9999.000000 -9999.000000 -9999.000000 -9999.000000 -9999.000000 -9999.000000 -9999.000000 -9999.000000 -9999.000000 -9999.000000 -9999.000000 -9999.000000 -9999.000000 -9999.000000 -9999.000000 207.341324 207.341324 207.594864 208.111038 208.909683
-9999.000000 -9999.000000 -9999.000000 -9999.000000 -9999.000000 -9999.000000 -9999.000000 217.068985 214.231857 211.743637 209.456879 208.111038 207.594864 207.594864 207.851410 208.373886 209.182220 210.012741 210.863693 211.743637 212.658447 213.914795 214.865570 215.813828 217.068985 218.338699 219.596588 221.135178 222.636765 224.424255 226.222031 228.014786 230.115646 232.216324 235.386887 -9999.000000 -9999.000000 -9999.000000 -9999.000000 -9999.000000 -9999.000000 -9999.000000 -9999.000000 -9999.000000 -9999.000000 204.062576 202.916916 202.683395 202.916916 203.148941 203.379517 203.836380 204.509644 205.180496
-9999.000000 -9999.000000 -9999.000000 -9999.000000 -9999.000000 215.498245 212.044724 208.640045 204.509644 203.379517 203.379517 203.608643 204.286987 204.954147 205.877396 206.842773 207.851410 208.909683 210.012741 210.863693 212.044724 213.282211 214.548798 215.498245 216.754898 217.702423 218.655106 219.907394 220.830505 222.040405 223.231033 224.723541 226.222031 228.014786 229.811966 231.920334 233.676697 235.386887 237.091919 239.080475 -9999.000000 -9999.000000 -9999.000000 -9999.000000 199.818405 199.578552 199.339859 199.339859 199.339859 199.578552 199.818405 200.300629 201.021118 201.498886
-9999.000000 -9999.000000 -9999.000000 214.865570 210.012741 202.211777 199.578552 199.102310 199.102310 199.578552 200.300629 201.260254 202.211777 203.379517 204.509644 205.642181 206.842773 208.111038 209.182220 210.577667 211.743637 212.969177 214.231857 215.498245 216.754898 218.021042 218.970261 219.907394 220.830505 222.040405 222.933701 224.125366 225.023209 226.222031 227.417923 228.610916 229.811966 231.623001 233.387238 235.386887 237.091919 239.080475 198.155609 197.171906 196.661453 196.137283 195.869675 195.598236 195.869675 195.869675 196.137283 196.661453 197.171906 197.669647
-9999.000000 -9999.000000 209.733704 200.300629 197.669647 195.598236 195.323227 195.598236 196.401154 197.171906 198.155609 199.339859 200.541306 201.974655 203.148941 204.509644 205.877396 207.341324 208.640045 210.294037 211.743637 213.282211 214.548798 216.128876 217.385086 218.655106 219.907394 220.830505 222.040405 222.933701 223.826874 224.723541 225.622986 226.521286 227.417923 228.610916 229.811966 230.722809 231.920334 233.096436 234.251007 196.401154 194.761917 193.607147 193.027237 192.448151 191.872147 191.872147 191.872147 191.872147 192.159683 192.448151 193.027237 193.607147
-9999.000000 207.594864 197.914047 195.044495 192.448151 191.585495 191.585495 192.159683 193.027237 194.475311 195.869675 197.171906 198.865891 200.300629 201.974655 203.379517 204.954147 206.597595 208.111038 209.733704 211.446533 212.969177 214.548798 216.442825 218.021042 219.596588 221.135178 222.636765 223.826874 224.723541 225.922607 226.521286 227.417923 228.312943 228.909164 229.811966 230.722809 231.623001 232.510986 233.676697 234.819443 192.737518 191.014847 189.884018 189.323685 188.766663 188.489395 188.212906 188.212906 188.212906 188.489395 189.044769 174.764084 174.764084
-9999.000000 197.914047 193.607147 189.884018 188.212906 187.937225 188.212906 188.766663 189.603439 191.014847 192.737518 194.475311 196.401154 198.394424 200.300629 201.974655 203.836380 205.642181 207.341324 208.909683 210.577667 212.349976 214.231857 221.135178 222.040405 222.933701 224.125366 225.323196 226.521286 227.716446 228.909164 229.811966 230.722809 231.324326 231.920334 232.216324 232.804352 233.387238 234.251007 235.386887 191.014847 188.766663 187.388245 186.573547 186.030563 185.481537 169.849762 170.071854 170.294876 170.743759 171.424362 172.108231 172.784058 173.452057
206.355026 192.737518 188.489395 185.481537 185.205597 185.481537 186.030563 187.114929 188.489395 189.884018 191.585495 193.027237 195.044495 196.661453 198.630585 200.541306 202.448364 204.509644 206.842773 217.068985 218.338699 219.284195 220.216644 220.830505 221.740097 222.636765 223.826874 225.023209 226.521286 227.716446 229.208740 230.722809 232.216324 233.387238 234.251007 235.103104 235.670776 236.523239 237.091919 190.165436 186.843262 185.481537 184.372177 167.010056 167.010056 167.228760 167.883530 168.318924 169.188934 169.849762 170.743759 171.653214 172.559662 173.452057
192.737518 187.937225 182.970551 182.421936 182.694916 183.811829 185.205597 187.388245 189.884018 193.027237 198.155609 202.683395 205.409805 207.594864 209.456879 210.863693 212.349976 213.597595 214.548798 215.182175 216.128876 216.754898 217.702423 218.655106 219.907394 221.135178 222.636765 224.424255 225.922607 227.716446 229.208740 231.324326 233.387238 235.103104 236.523239 237.660355 238.228577 238.512604 239.364319 185.756561 183.811829 165.035660 164.816223 165.035660 165.474945 166.133362 166.791107 167.665497 168.752838 169.628586 170.743759 171.881180 173.007568 174.330444
187.388245 180.324615 179.804489 180.065781 181.355377 183.248947 185.756561 189.603439 193.607147 197.171906 200.300629 202.916916 204.730637 206.355026 207.851410 209.182220 210.294037 211.153275 211.743637 212.349976 212.969177 213.914795 214.865570 215.813828 217.068985 218.655106 220.216644 222.040405 223.826874 225.922607 228.014786 229.811966 231.920334 233.964600 236.523239 238.796555 -9999.000000 -9999.000000 185.205597 182.421936 162.852951 163.070084 163.287460 163.941116 164.597061 165.474945 166.352692 167.447235 168.536087 169.628586 170.969650 172.334396 173.673035 175.202927
178.008911 177.038651 177.519012 178.762894 180.836411 183.530197 187.388245 191.014847 194.186249 196.918320 199.102310 200.781464 202.448364 203.836380 205.180496 206.355026 207.341324 208.111038 208.909683 209.456879 210.294037 211.153275 212.044724 213.282211 214.548798 216.128876 218.021042 219.907394 222.040405 224.125366 226.222031 228.312943 230.419937 232.510986 234.535904 236.807617 239.080475 -9999.000000 181.355377 161.090546 161.314697 161.537750 162.200317 163.070084 163.941116 164.816223 165.913956 167.010056 168.318924 169.628586 170.969650 172.559662 174.112335 175.649811
174.330444 174.547577 175.649811 177.519012 180.324615 183.811829 187.662354 190.730850 192.737518 194.761917 196.661453 198.155609 199.578552 200.781464 201.974655 202.916916 203.836380 204.730637 205.409805 206.355026 207.090652 208.111038 209.456879 210.577667 212.044724 213.597595 215.182175 217.068985 219.596588 222.040405 224.723541 226.820343 228.909164 231.024261 233.096436 235.386887 237.660355 181.094727 159.490448 159.490448 159.953049 160.411423 161.314697 162.200317 163.070084 164.159500 165.255341 166.571945 167.883530 169.408310 170.969650 172.334396 173.893188 175.649811
171.196503 171.881180 173.230240 175.425354 178.762894 182.151581 185.205597 187.937225 189.884018 191.872147 193.317108 194.761917 196.137283 197.171906 197.914047 198.865891 199.578552 200.541306 201.498886 202.448364 203.608643 204.954147 206.597595 207.851410 209.456879 211.153275 212.658447 214.548798 216.754898 219.284195 222.339279 225.323196 227.716446 229.811966 232.216324 234.251007 236.238953 157.842407 157.842407 158.080261 158.789017 159.490448 160.411423 161.314697 162.418777 163.505096 164.816223 166.133362 167.665497 169.188934 170.743759 172.334396 173.893188 175.425354
167.010056 167.883530 169.408310 171.881180 175.202927 179.278656 182.151581 184.372177 186.302887 187.937225 189.323685 190.730850 191.872147 192.737518 193.896866 194.761917 195.869675 196.661453 197.669647 198.865891 200.300629 201.737015 203.148941 204.730637 206.597595 208.111038 210.012741 211.743637 213.914795 216.442825 219.284195 222.339279 225.622986 228.014786 230.722809 232.804352 156.166931 155.924988 156.166931 156.887115 157.604126 158.553574 159.490448 160.638931 161.759735 162.852951 164.159500 165.474945 167.010056 168.536087 170.071854 171.653214 173.007568 174.547577
161.759735 162.200317 163.287460 165.474945 168.970444 173.452057 177.762726 180.836411 182.694916 184.092484 185.481537 186.573547 187.388245 188.212906 189.044769 189.884018 191.014847 192.448151 193.896866 195.323227 196.918320 198.394424 199.818405 201.498886 203.148941 204.954147 207.090652 208.909683 211.153275 213.282211 215.813828 218.970261 222.636765 225.922607 228.909164 154.201935 154.201935 154.451126 154.946564 155.682007 156.647705 157.842407 158.789017 159.953049 161.090546 162.200317 163.505096 164.816223 166.352692 167.883530 169.408310 170.743759 172.334396 173.673035
155.682007 156.166931 156.887115 158.317322 160.182755 162.636063 165.474945 168.752838 172.784058 176.104523 178.762894 180.836411 182.421936 183.248947 184.372177 185.205597 186.030563 187.114929 188.212906 189.884018 191.585495 193.896866 195.869675 197.669647 199.339859 201.260254 203.379517 205.877396 208.111038 210.294037 212.349976 214.865570 218.338699 222.636765 152.180862 152.180862 152.180862 152.943832 153.700867 154.699326 155.924988 156.887115 158.080261 159.257523 160.411423 161.759735 162.852951 164.159500 165.694489 167.010056 168.536087 169.849762 171.424362 172.559662
149.598282 150.639954 151.669037 152.943832 154.451126 156.166931 157.842407 159.722290 161.759735 163.505096 165.255341 167.228760 169.188934 171.196503 172.784058 174.330444 175.649811 177.277664 179.278656 181.094727 183.248947 185.205597 187.388245 192.448151 195.044495 197.171906 199.102310 201.498886 204.286987 207.090652 209.456879 211.446533 213.597595 150.121307 149.860336 150.121307 150.897873 151.669037 152.690186 153.951843 154.946564 156.166931 157.365387 158.789017 159.953049 161.090546 162.418777 163.722977 164.816223 166.352692 167.665497 169.188934 170.518845 171.653214
144.993958 146.100937 147.193695 148.271713 149.335114 150.639954 152.180862 153.700867 155.682007 157.842407 159.722290 161.090546 162.636063 163.941116 165.474945 167.228760 169.408310 171.424362 173.230240 174.982513 176.801895 179.278656 182.970551 185.756561 187.937225 190.165436 193.896866 196.137283 198.394424 200.541306 203.608643 207.341324 147.734512 147.464554 148.003555 148.805389 149.598282 150.897873 151.925201 153.196838 154.201935 155.437943 156.887115 158.080261 159.257523 160.638931 161.759735 162.852951 164.159500 165.255341 166.571945 167.883530 169.188934 170.518845
141.928070 143.039841 143.878296 144.715652 145.825363 146.921906 148.003555 149.335114 150.639954 151.925201 153.700867 155.437943 157.365387 159.257523 160.865295 162.418777 163.941116 165.694489 167.665497 170.294876 172.559662 174.547577 176.567322 178.762894 181.094727 183.811829 187.114929 189.603439 192.448151 194.761917 196.401154 145.271683 145.271683 145.825363 146.649185 147.734512 148.805389 149.860336 151.155365 152.435867 153.700867 154.946564 156.166931 157.604126 158.789017 160.182755 161.314697 162.418777 163.505096 164.597061 165.913956 167.010056 168.101334 169.188934
138.908981 140.000214 140.823715 141.651291 142.483017 143.598557 144.436844 145.548843 146.649185 148.003555 149.335114 150.639954 151.669037 152.943832 154.451126 156.166931 158.317322 160.182755 162.200317 163.941116 165.913956 168.101334 170.743759 173.230240 175.202927 177.277664 179.278656 181.883743 183.530197 143.039841 143.039841 143.318954 143.878296 144.993958 145.825363 146.921906 148.271713 149.335114 150.639954 151.925201 153.196838 154.699326 155.924988 157.365387 158.789017 159.953049 161.090546 162.200317 163.287460 164.378143 165.474945 166.571945 167.665497 168.752838
136.179428 137.003754 138.095306 138.908981 140.000214 140.823715 141.928070 143.039841 143.878296 145.271683 146.375534 147.193695 148.271713 149.335114 150.381195 151.155365 152.435867 153.449173 154.699326 155.924988 156.887115 157.842407 159.023666 159.722290 160.182755 160.411423 141.651291 140.274261 140.548767 140.823715 141.651291 142.205307 143.318954 144.157715 145.271683 146.649185 147.734512 149.070816 150.381195 151.669037 153.196838 154.451126 155.924988 157.365387 158.789017 159.953049 161.090546 162.200317 163.505096 164.597061 165.694489 166.791107 167.883530 169.188934
133.195267 134.268494 135.355209 136.179428 137.277435 138.366867 139.453461 140.548767 141.374969 142.483017 143.598557 144.436844 145.548843 146.649185 147.734512 148.538986 149.598282 150.639954 151.412415 152.435867 153.196838 153.951843 154.699326 138.366867 137.823212 137.823212 138.095306 138.637894 139.180832 140.000214 140.823715 141.651291 142.761185 143.878296 144.993958 146.375534 147.464554 148.805389 150.381195 151.669037 152.943832 154.451126 155.924988 157.365387 158.789017 160.182755 161.537750 162.852951 164.378143 165.913956 167.665497 169.628586 186.302887 187.388245
129.143051 129.948166 130.768463 131.589813 132.663559 133.998947 135.082245 136.179428 137.550583 138.908981 140.274261 141.374969 142.761185 143.878296 144.993958 146.100937 147.193695 135.903793 135.355209 134.810135 134.810135 134.810135 135.082245 135.629059 136.179428 136.729523 137.277435 138.095306 138.908981 139.726608 140.548767 141.651291 142.483017 143.598557 144.993958 146.100937 147.464554 148.805389 150.121307 151.412415 152.943832 154.451126 156.166931 158.317322 170.294876 172.334396 174.330444 176.567322 179.278656 181.618362 183.811829 185.205597 186.573547 187.662354
120.501297 121.252411 121.755836 122.515167 123.279373 124.042747 124.549973 125.308289 126.063629 126.816353 127.834602 128.353043 129.143051 129.678131 130.219894 130.768463 131.043488 131.589813 132.130310 132.663559 133.195267 133.730225 134.538879 135.082245 135.903793 136.454742 137.277435 138.095306 138.908981 140.000214 140.823715 141.928070 142.761185 143.878296 145.271683 146.375534 147.734512 149.070816 150.639954 152.435867 164.159500 165.474945 167.228760 168.970444 170.969650 173.230240 175.649811 178.257629 180.324615 182.421936 183.811829 185.205597 186.030563 186.843262
