tests/test_04/output4/CloudConcentration_120.00hrs.dat
NCOLS   360
NROWS    60
XLLCORNER           0.000
YLLCORNER           0.000
CELLSIZE           1.000          1.000
NODATA_VALUE -9999.
[rows 0 to 27 of 60, columns 252 to 314 of 360]
0.000000 0.000000 0.000000 0.000000 0.000000 0.000000 0.000000 0.000000 0.000000 0.000000 0.000000 0.000000 0.000000 0.000000 0.000000 0.000000 0.000000 0.000000 0.000000 0.000000 0.000000 0.000000 0.000000 0.000000 0.000000 0.000000 0.000000 0.000000 0.000000 0.000000 0.000000 0.000000 0.000000 0.000000 0.000000 0.000000 0.000000 0.000000 0.000000 0.000000 0.000000 0.000000 0.000000 0.000000 0.000000 0.000000 0.000000 0.000000 0.000000 0.000000 0.000000 0.000000 0.000000 0.000000 0.000000 0.000000 0.000000 0.000000 0.188035 0.257827 0.255944 0.258679 0.340441
0.083200 0.077273 0.069774 0.061313 0.052717 0.044339 0.000000 0.000000 0.000000 0.000000 0.000000 0.000000 0.000000 0.000000 0.000000 0.000000 0.000000 0.000000 0.000000 0.000000 0.000000 0.000000 0.000000 0.000000 0.000000 0.000000 0.000000 0.000000 0.000000 0.000000 0.000000 0.000000 0.000000 0.000000 0.000000 0.000000 0.000000 0.000000 0.000000 0.000000 0.000000 0.000000 0.000000 0.000000 0.000000 0.000000 0.000000 0.000000 0.000000 0.000000 0.000000 0.000000 0.000000 0.000000 0.000000 0.000000 0.120784 0.220361 0.296049 0.287558 0.365778 0.438307 0.434634
0.173415 0.091020 0.089695 0.086270 0.080826 0.074583 0.068267 0.061607 0.054140 0.045479 0.000000 0.048994 0.058632 0.000000 0.000000 0.000000 0.000000 0.000000 0.000000 0.000000 0.000000 0.000000 0.000000 0.000000 0.000000 0.000000 0.000000 0.000000 0.000000 0.000000 0.000000 0.000000 0.000000 0.000000 0.000000 0.000000 0.000000 0.000000 0.000000 0.000000 0.000000 0.000000 0.000000 0.000000 0.000000 0.000000 0.000000 0.000000 0.000000 0.000000 0.000000 0.000000 0.000000 0.000000 0.000000 0.137981 0.251037 0.334169 0.326949 0.449407 0.498124 0.480182 0.447955
1.968755 1.627532 0.868449 0.185201 0.061510 0.059744 0.058181 0.056954 0.072340 0.125574 0.178447 0.230164 0.256840 0.293750 0.293238 0.263216 0.188064 0.114550 0.055453 0.000000 0.000000 0.000000 0.000000 0.000000 0.000000 0.000000 0.000000 0.000000 0.000000 0.000000 0.000000 0.000000 0.000000 0.000000 0.000000 0.000000 0.000000 0.000000 0.000000 0.000000 0.000000 0.000000 0.000000 0.000000 0.000000 0.000000 0.000000 0.000000 0.000000 0.000000 0.000000 0.000000 0.000000 0.000000 0.128393 0.263045 0.371141 0.379786 0.514863 0.557426 0.515677 0.470328 0.409773
3.915737 4.600751 4.707118 4.529942 3.638667 2.425842 1.355467 0.635669 0.952359 1.282974 1.603479 1.890388 2.012196 2.049101 2.036333 1.645794 1.171323 0.777737 0.391697 0.198271 0.157984 0.124600 0.090889 0.000000 0.000000 0.000000 0.000000 0.000000 0.000000 0.000000 0.000000 0.000000 0.000000 0.000000 0.000000 0.000000 0.000000 0.000000 0.000000 0.000000 0.000000 0.000000 0.000000 0.000000 0.000000 0.000000 0.000000 0.000000 0.000000 0.000000 0.000000 0.000000 0.000000 0.000000 0.228947 0.378002 0.450447 0.518835 0.619810 0.575569 0.492955 0.413427 0.383044
4.257819 5.845512 8.012935 10.473855 12.592470 12.597141 11.884348 9.722426 7.309979 5.162814 3.413754 2.893373 2.926687 2.932646 2.920254 2.920851 2.779111 2.308779 1.786158 1.165955 0.585303 0.510570 0.407429 0.296199 0.183672 0.094400 0.000000 0.000000 0.000000 0.000000 0.000000 0.000000 0.000000 0.000000 0.000000 0.000000 0.000000 0.000000 0.000000 0.000000 0.000000 0.000000 0.000000 0.000000 0.000000 0.000000 0.000000 0.000000 0.000000 0.000000 0.000000 0.000000 0.000000 0.131068 0.303959 0.475532 0.528248 0.606581 0.645540 0.575854 0.442813 0.384324 0.383358
3.609868 5.742705 8.630709 12.299656 16.505722 20.036068 20.543688 20.423782 19.773571 17.558004 13.810180 10.080987 6.610768 3.575350 3.682784 4.174134 4.325667 4.274082 4.032265 3.325529 2.442209 1.577335 0.905385 0.603417 0.507312 0.342069 0.186667 0.066845 0.000000 0.000000 0.000000 0.000000 0.000000 0.000000 0.000000 0.000000 0.000000 0.000000 0.000000 0.000000 0.000000 0.000000 0.000000 0.000000 0.000000 0.000000 0.000000 0.000000 0.000000 0.000000 0.000000 0.000000 0.000000 0.138720 0.324794 0.529908 0.623086 0.632620 0.658510 0.590321 0.428958 0.379977 0.407900
9.124382 5.892145 7.563869 12.157239 16.684513 20.520418 21.502676 21.635702 21.537813 20.586960 17.153152 12.710155 8.440695 4.413615 4.356650 4.584433 4.678849 4.725611 4.868294 4.886862 4.713619 4.293018 3.337591 2.310648 1.359809 0.662416 0.421660 0.263453 0.114404 0.000000 0.000000 0.000000 0.000000 0.000000 0.000000 0.000000 0.000000 0.000000 0.000000 0.000000 0.000000 0.000000 0.000000 0.000000 0.000000 0.000000 0.000000 0.000000 0.000000 0.000000 0.000000 0.000000 0.000000 0.000000 0.296759 0.535329 0.690402 0.766735 0.671335 0.635393 0.453729 0.390364 0.438781
17.395121 13.741646 9.355999 9.815984 16.327545 19.811073 20.120302 20.107964 19.468374 16.514198 11.228416 6.180487 3.271885 3.508733 3.692172 3.845939 4.013090 4.229712 4.523061 4.786215 5.039424 5.108395 5.031299 4.674284 3.765553 2.537252 1.427856 0.553284 0.303348 0.154672 0.000000 0.000000 0.000000 0.000000 0.000000 0.000000 0.000000 0.000000 0.000000 0.000000 0.000000 0.000000 0.000000 0.000000 0.000000 0.000000 0.000000 0.000000 0.000000 0.000000 0.000000 0.000000 0.000000 0.000000 0.119478 0.355354 0.677931 0.836353 0.894215 0.673304 0.559504 0.437900 0.445146
20.786922 19.265862 14.718616 8.836289 11.317252 15.334302 15.562867 15.282110 13.322502 8.153326 2.917497 2.336484 2.341170 2.259302 2.217406 2.257813 2.385409 2.659767 3.221359 3.957745 4.614304 5.021657 5.020743 4.956446 4.737710 4.032722 2.883150 1.766947 0.724455 0.296544 0.180000 0.000000 0.000000 0.000000 0.000000 0.000000 0.000000 0.000000 0.000000 0.000000 0.000000 0.000000 0.000000 0.000000 0.000000 0.000000 0.000000 0.000000 0.000000 0.000000 0.000000 0.000000 0.000000 0.000000 0.000000 0.096772 0.372006 0.760719 0.941540 0.984584 0.794878 0.547709 0.481715
22.069166 20.890211 16.236080 8.463696 6.914258 9.690990 9.733906 8.977416 5.764060 1.732724 1.251838 0.996698 0.795668 0.629424 0.644924 0.724539 0.876380 1.124206 1.623466 2.277974 3.193016 4.051583 4.544544 4.544497 4.420762 3.894233 2.881026 1.859302 0.875625 0.320632 0.277549 0.199548 0.000000 0.000000 0.000000 0.000000 0.000000 0.000000 0.000000 0.000000 0.000000 0.000000 0.000000 0.000000 0.000000 0.000000 0.000000 0.000000 0.000000 0.000000 0.000000 0.000000 0.000000 0.000000 0.000000 0.000000 0.065554 0.297348 0.644044 0.971440 1.090241 0.997624 0.611020
22.454473 21.328281 14.551330 4.572360 5.486890 6.688704 6.374237 4.719137 1.766896 0.347485 0.130152 0.086083 0.188752 0.369246 0.559538 0.751883 0.928679 1.083632 1.186883 1.257030 1.268967 1.844986 2.403046 2.721871 2.729959 2.594893 2.044428 1.316072 0.630198 0.467292 0.295725 0.261707 0.183531 0.000000 0.000000 0.000000 0.000000 0.000000 0.000000 0.000000 0.000000 0.000000 0.000000 0.000000 0.000000 0.000000 0.000000 0.000000 0.000000 0.000000 0.000000 0.000000 0.000000 0.000000 0.000000 0.000000 0.000000 0.000000 0.107216 0.406563 0.909334 1.174524 1.352903
17.283981 16.386511 9.230619 2.554666 5.141215 5.514797 4.779791 2.323834 0.231365 0.132842 0.137227 0.144680 0.155787 0.284635 0.561728 0.785289 0.917144 1.013392 1.043289 1.047348 1.018366 0.976388 0.941262 0.902610 0.864071 0.814843 0.753380 0.672603 0.564222 0.444538 0.327733 0.261139 0.239596 0.142926 0.000000 0.000000 0.000000 0.000000 0.000000 0.000000 0.000000 0.000000 0.000000 0.000000 0.000000 0.000000 0.000000 0.000000 0.000000 0.000000 0.000000 0.000000 0.000000 0.000000 0.000000 0.000000 0.000000 0.000000 0.000000 0.042856 0.243198 0.738707 1.436597
10.405806 9.682746 3.908734 2.859010 5.004734 4.861436 3.011330 0.562957 0.152355 0.153114 0.203620 0.217743 0.182807 0.229252 0.421902 0.507583 0.521034 0.509553 0.459262 0.402248 0.338347 0.291127 0.259641 0.247380 0.257221 0.276077 0.296540 0.317676 0.320043 0.311776 0.282367 0.254184 0.239498 0.184016 0.069794 0.000000 0.000000 0.000000 0.000000 0.000000 0.000000 0.000000 0.000000 0.000000 0.000000 0.000000 0.000000 0.000000 0.000000 0.000000 0.000000 0.000000 0.000000 0.000000 0.000000 0.000000 0.000000 0.000000 0.000000 0.000000 0.057726 0.319121 0.866219
4.950437 4.691071 1.683797 3.423488 4.855484 3.849993 1.018281 0.118233 0.115537 0.221704 0.320883 0.366423 0.375972 0.316171 0.325304 0.364073 0.404708 0.484198 0.512532 0.519791 0.434208 0.279560 0.154822 0.107805 0.110472 0.133591 0.156935 0.180349 0.201942 0.220609 0.230670 0.230379 0.222618 0.177879 0.087883 0.000000 0.000000 0.000000 0.000000 0.000000 0.000000 0.000000 0.000000 0.000000 0.000000 0.000000 0.000000 0.000000 0.000000 0.000000 0.000000 0.000000 0.000000 0.000000 0.000000 0.000000 0.000000 0.000000 0.000000 0.000000 0.000000 0.090828 0.417288
2.627113 2.656565 1.270180 4.021309 4.590402 2.535599 0.186830 0.116574 0.228086 0.344024 0.457837 0.586359 0.717493 0.843923 0.889978 0.891898 0.874123 0.806589 0.763371 0.769413 0.736283 0.675648 0.577710 0.416410 0.239387 0.215868 0.170478 0.133594 0.155449 0.173634 0.191752 0.192728 0.188264 0.162457 0.096679 0.057108 0.000000 0.000000 0.000000 0.000000 0.000000 0.000000 0.000000 0.000000 0.000000 0.000000 0.000000 0.000000 0.000000 0.000000 0.000000 0.000000 0.000000 0.000000 0.000000 0.000000 0.000000 0.000000 0.000000 0.000000 0.000000 0.078065 0.134572
1.804444 1.891872 1.409778 4.249780 4.252809 1.457474 0.326503 0.389986 0.609857 0.771102 0.886318 1.004264 1.069938 1.085099 1.082392 1.045633 0.996061 0.931161 0.864461 0.806154 0.743286 0.729933 0.717476 0.667973 0.599225 0.483359 0.457394 0.451290 0.440903 0.382989 0.276932 0.174939 0.158500 0.147055 0.116284 0.066680 0.000000 0.000000 0.000000 0.000000 0.000000 0.000000 0.000000 0.000000 0.000000 0.000000 0.000000 0.000000 0.000000 0.000000 0.000000 0.000000 0.000000 0.000000 0.000000 0.000000 0.000000 0.000000 0.000000 0.000000 0.000000 0.000000 0.165969
1.475185 1.525187 1.556355 4.286130 3.863518 0.902956 0.733184 0.525982 0.746118 0.883659 0.991029 1.074036 1.086026 1.054276 0.945683 0.874398 0.855175 0.836381 1.333506 1.757102 1.956213 2.046279 2.145738 2.027757 1.878983 1.789443 1.514081 1.043087 0.494029 0.291225 0.364302 0.417911 0.400155 0.336159 0.217022 0.113917 0.067764 0.000000 0.000000 0.000000 0.000000 0.000000 0.000000 0.000000 0.000000 0.000000 0.000000 0.000000 0.000000 0.000000 0.000000 0.000000 0.000000 0.000000 0.000000 0.000000 0.000000 0.000000 0.000000 0.000000 0.000000 0.000000 0.150402
1.255403 1.215290 1.272838 3.998147 3.860137 1.053118 0.869055 0.527467 0.743489 0.833774 0.858027 0.842992 1.011036 1.104654 1.601488 2.542134 3.194803 3.256425 3.210448 3.048959 2.792221 2.669891 2.611764 2.545061 2.587734 2.659696 2.716950 2.695675 2.496212 1.955225 1.108692 0.425630 0.223636 0.269855 0.319553 0.303747 0.226878 0.123157 0.056594 0.000000 0.000000 0.000000 0.000000 0.000000 0.000000 0.000000 0.000000 0.000000 0.000000 0.000000 0.000000 0.000000 0.000000 0.000000 0.000000 0.000000 0.000000 0.000000 0.000000 0.000000 0.000000 0.000000 0.092678
0.996661 0.841118 0.916627 3.454132 3.839957 1.425753 0.666223 0.663880 0.773033 0.998236 1.786528 2.560115 3.419352 4.344127 4.735904 4.743968 4.006525 2.957441 2.066936 1.499361 1.166173 1.081919 1.089683 1.178160 1.308262 1.399170 1.594243 1.861824 2.240667 2.608807 2.725520 2.478470 1.506528 0.519366 0.303100 0.241026 0.282943 0.270245 0.203641 0.108970 0.046389 0.000000 0.000000 0.000000 0.000000 0.000000 0.000000 0.000000 0.000000 0.000000 0.000000 0.000000 0.000000 0.000000 0.000000 0.000000 0.000000 0.000000 0.000000 0.000000 0.000000 0.000000 0.060716
0.734506 0.463529 0.496774 2.258789 3.714433 2.381091 0.279795 0.651666 0.793916 2.310840 4.341886 5.635159 6.044281 6.135245 4.998909 3.214481 1.575503 0.701230 0.429236 0.352491 0.400130 0.526807 0.688692 0.823310 0.914171 0.949202 0.962641 0.979456 1.031096 1.180933 1.642281 2.422249 2.710077 2.478905 1.540083 0.529032 0.269776 0.232567 0.258134 0.244477 0.176972 0.091960 0.034485 0.000000 0.000000 0.000000 0.000000 0.000000 0.000000 0.000000 0.000000 0.000000 0.000000 0.000000 0.000000 0.000000 0.000000 0.000000 0.000000 0.000000 0.000000 0.000000 0.204435
0.486552 0.298407 0.261523 1.042876 3.244707 3.302777 1.433706 0.445972 0.570687 1.069974 4.622734 6.581549 6.829722 6.156538 4.150141 1.629707 0.510689 0.237144 0.161900 0.148276 0.229566 0.407306 0.640738 0.814125 0.898803 0.920934 0.908785 0.896738 0.894235 0.895949 0.905132 0.970445 1.343345 2.446430 2.759314 2.473835 1.454545 0.443409 0.207148 0.236502 0.251602 0.234859 0.161952 0.079420 0.000000 0.000000 0.000000 0.000000 0.000000 0.000000 0.000000 0.000000 0.000000 0.000000 0.000000 0.000000 0.000000 0.000000 0.000000 0.000000 0.000000 0.117377 0.825638
0.299137 0.238856 0.132157 0.394740 2.067271 3.703475 3.203102 1.043647 0.555285 0.583883 2.114827 5.629768 6.999514 6.522905 3.583123 1.051033 0.353414 0.170151 0.101680 0.103945 0.149261 0.343987 0.696986 0.937251 0.948764 0.928939 0.890963 0.859656 0.855635 0.856069 0.848847 0.836532 0.840467 0.928177 1.395538 2.306141 2.431598 2.019758 0.998568 0.293622 0.205055 0.242371 0.241457 0.211934 0.126457 0.056457 0.000000 0.000000 0.000000 0.000000 0.000000 0.000000 0.000000 0.000000 0.000000 0.000000 0.000000 0.000000 0.000000 0.000000 0.164360 0.582599 2.224257
0.193786 0.212297 0.157034 0.113078 0.510997 2.478832 3.873107 3.247071 1.220719 0.523501 0.745314 1.324101 4.585936 5.716243 5.219001 3.342939 1.359814 0.249611 0.191151 0.168413 0.159255 0.309985 0.795492 1.018798 1.013427 0.968143 0.889434 0.778941 0.773107 0.801803 0.845846 0.854098 0.825560 0.773637 0.809254 1.137769 1.866981 2.330005 2.173588 1.384204 0.461640 0.167089 0.221635 0.233643 0.220711 0.156608 0.071134 0.000000 0.000000 0.000000 0.000000 0.000000 0.000000 0.000000 0.000000 0.000000 0.000000 0.000000 0.000000 0.273345 0.718757 2.354414 3.389261
0.147312 0.203064 0.212357 0.161205 0.292823 0.525084 2.355746 3.774945 3.480722 2.062448 0.746870 0.807705 0.875139 1.275270 2.280496 2.279129 1.840520 0.878334 0.686661 0.629383 0.324274 0.489569 0.929821 1.056965 1.039913 0.981169 0.758638 0.503472 0.464434 0.492410 0.609767 0.792685 0.861076 0.841579 0.745453 0.943903 1.257036 1.612544 2.283638 2.264838 1.677872 0.675168 0.183098 0.203520 0.234473 0.227287 0.171348 0.077782 0.000000 0.000000 0.000000 0.000000 0.000000 0.000000 0.000000 0.000000 0.000000 0.114214 0.553827 1.041379 2.501675 3.703503 3.579476
0.088616 0.197487 0.228363 0.230750 0.221991 0.387668 0.425438 1.855238 3.743099 4.054110 3.429242 2.152850 1.319702 0.886386 0.866043 0.922314 0.919808 1.090800 1.106107 0.950868 0.575332 0.860857 1.089232 1.082071 1.023709 0.780759 0.489657 0.295279 0.282740 0.317568 0.316204 0.412853 0.665964 0.768149 0.751436 0.651459 1.145397 1.383970 1.511461 2.219394 2.238901 1.734360 0.700598 0.176807 0.207882 0.237694 0.230847 0.166237 0.071403 0.000000 0.000000 0.000000 0.000000 0.000000 0.057231 0.139495 0.443197 1.165124 1.442477 3.359893 3.882923 3.636437 2.270029
0.000000 0.116604 0.219776 0.242770 0.214584 0.377177 0.374973 0.244536 0.732003 2.171409 3.398670 3.591450 3.535086 3.100770 2.550817 2.269685 2.281851 2.292552 2.296174 2.268273 2.226557 2.186409 2.089617 1.867954 1.499160 1.090714 0.707392 0.375386 0.208461 0.276432 0.256133 0.162850 0.329883 0.609009 0.678180 0.637791 0.547345 1.214484 1.465780 1.577611 2.250520 2.223831 1.647955 0.588532 0.199194 0.227010 0.239076 0.218498 0.126535 0.102377 0.138337 0.211781 0.339582 0.584663 0.967712 1.437234 1.702829 2.508442 3.529035 3.611373 3.311896 1.927019 0.474511
0.000000 0.000000 0.123960 0.209133 0.233426 0.221208 0.382832 0.286192 0.185297 0.173122 0.401379 0.858911 1.604364 2.380006 2.796778 3.021670 3.212744 3.264708 3.211214 3.065812 2.947229 2.877582 2.712364 2.475376 2.217606 1.846141 1.354470 0.856001 0.407308 0.226609 0.184832 0.089640 0.122118 0.288649 0.523197 0.554056 0.499218 0.637377 1.236356 1.672672 1.862565 2.229251 2.132426 1.402088 0.400543 0.395008 0.456879 0.590500 0.774670 0.982559 1.214016 1.457404 1.629059 1.706787 2.006673 2.478781 2.898152 3.113606 3.093311 2.610235 1.153302 0.190021 0.084620
