tests/test_04/output4/CloudConcentration_120.00hrs.dat
NCOLS   360
NROWS    60
XLLCORNER           0.000
YLLCORNER           0.000
CELLSIZE           1.000          1.000
NODATA_VALUE  0.000
[rows 0 to 33 of 60, columns 231 to 307 of 360]
0.000 0.000 0.000 0.000 0.000 0.000 0.000 0.000 0.000 0.000 0.000 0.000 0.000 0.000 0.000 0.000 0.000 0.000 0.000 0.000 0.000 0.000 0.000 0.000 0.000 0.000 0.000 0.000 0.000 0.000 0.000 0.000 0.000 0.000 0.000 0.000 0.000 0.000 0.000 0.000 0.000 0.000 0.000 0.000 0.000 0.000 0.000 0.000 0.000 0.000 0.000 0.000 0.000 0.000 0.000 0.000 0.000 0.000 0.000 0.000 0.000 0.000 0.000 0.000 0.000 0.000 0.000 0.000 0.000 0.000 0.000 0.000 0.000 0.000 0.000 0.000 0.000
0.000 0.000 0.000 0.000 0.000 0.000 0.000 0.000 0.000 0.000 0.000 0.000 0.000 0.000 0.000 0.000 0.000 0.000 0.000 0.000 0.000 0.000 0.000 0.000 0.000 0.000 0.000 0.000 0.000 0.000 0.000 0.000 0.000 0.000 0.000 0.000 0.000 0.000 0.000 0.000 0.000 0.000 0.000 0.000 0.000 0.000 0.000 0.000 0.000 0.000 0.000 0.000 0.000 0.000 0.000 0.000 0.000 0.000 0.000 0.000 0.000 0.000 0.000 0.000 0.000 0.000 0.000 0.000 0.000 0.000 0.000 0.000 0.000 0.000 0.000 0.000 0.000
0.000 0.000 0.000 0.000 0.000 0.000 0.000 0.000 0.000 0.000 0.000 0.000 0.000 0.000 0.000 0.000 0.000 0.000 0.000 0.000 0.000 0.000 0.000 0.000 0.000 0.000 0.000 0.000 0.000 0.000 0.000 0.000 0.000 0.000 0.000 0.000 0.000 0.000 0.000 0.000 0.000 0.000 0.000 0.000 0.000 0.000 0.000 0.000 0.000 0.000 0.000 0.000 0.000 0.000 0.000 0.000 0.000 0.000 0.000 0.000 0.000 0.000 0.000 0.000 0.000 0.000 0.000 0.000 0.000 0.000 0.000 0.000 0.000 0.000 0.000 0.000 0.000
0.000 0.000 0.000 0.000 0.000 0.000 0.000 0.000 0.000 0.000 0.000 0.000 0.000 0.000 0.000 0.000 0.000 0.000 0.000 0.000 0.000 0.000 0.000 0.000 0.000 0.000 0.000 0.000 0.000 0.000 0.000 0.092 0.121 0.137 0.141 0.139 0.100 0.000 0.000 0.000 0.000 0.000 0.000 0.000 0.000 0.000 0.000 0.000 0.000 0.000 0.000 0.000 0.000 0.000 0.000 0.000 0.000 0.000 0.000 0.000 0.000 0.000 0.000 0.000 0.000 0.000 0.000 0.000 0.000 0.000 0.000 0.000 0.000 0.000 0.000 0.057 0.319
0.000 0.000 0.000 0.000 0.000 0.000 0.000 0.000 0.000 0.000 0.000 0.000 0.000 0.000 0.000 0.120 0.170 0.210 0.239 0.238 0.213 0.148 0.000 0.000 0.000 0.000 0.072 0.197 0.345 0.518 0.708 0.899 1.069 1.152 1.178 1.172 0.939 0.654 0.429 0.196 0.000 0.000 0.000 0.000 0.000 0.000 0.000 0.000 0.000 0.000 0.000 0.000 0.000 0.000 0.000 0.000 0.000 0.000 0.000 0.000 0.000 0.000 0.000 0.000 0.000 0.000 0.000 0.000 0.000 0.000 0.000 0.000 0.000 0.000 0.053 0.372 1.064
0.000 0.000 0.000 0.000 0.000 0.000 0.000 0.000 0.000 0.000 0.000 0.000 0.119 0.443 0.738 0.925 0.844 0.537 0.479 0.524 0.544 0.555 0.572 0.589 0.645 0.914 1.399 1.422 1.349 1.562 1.748 1.923 2.046 2.091 2.106 2.084 2.025 1.780 1.424 1.053 0.661 0.292 0.090 0.000 0.000 0.000 0.000 0.000 0.000 0.000 0.000 0.000 0.000 0.000 0.000 0.000 0.000 0.000 0.000 0.000 0.000 0.000 0.000 0.000 0.000 0.000 0.000 0.000 0.000 0.000 0.000 0.000 0.000 0.000 0.299 0.939 1.660
0.000 0.000 0.000 0.000 0.000 0.000 0.000 0.000 0.000 0.000 0.487 1.318 2.243 3.174 3.725 4.009 3.985 3.777 2.968 1.184 0.999 1.112 1.293 2.096 2.785 5.179 8.126 9.937 9.816 9.342 8.240 6.595 4.820 3.123 2.652 2.481 2.233 1.947 1.615 1.254 1.026 0.768 0.463 0.239 0.138 0.000 0.000 0.000 0.000 0.000 0.000 0.000 0.000 0.000 0.000 0.000 0.000 0.000 0.000 0.000 0.000 0.000 0.000 0.000 0.000 0.000 0.000 0.000 0.000 0.000 0.000 0.000 0.000 0.088 0.545 1.181 1.851
0.000 0.000 0.000 0.000 0.000 0.000 0.000 0.000 0.266 1.312 2.677 4.113 4.989 5.611 5.812 5.841 6.033 6.593 8.036 8.309 6.490 3.479 2.667 3.325 5.838 10.062 14.500 16.610 16.606 16.353 15.242 12.283 8.915 5.617 3.606 3.397 3.370 3.371 3.296 3.079 2.726 2.372 1.817 1.256 0.772 0.406 0.150 0.000 0.000 0.000 0.000 0.000 0.000 0.000 0.000 0.000 0.000 0.000 0.000 0.000 0.000 0.000 0.000 0.000 0.000 0.000 0.000 0.000 0.000 0.000 0.000 0.000 0.000 0.232 0.557 1.171 1.857
0.000 0.000 0.000 0.000 0.000 0.000 0.000 1.961 7.609 11.854 12.783 12.135 8.625 6.159 6.053 5.945 6.247 7.181 10.117 16.135 17.255 15.683 11.980 7.579 9.570 14.130 17.578 17.876 17.810 17.316 15.200 10.595 5.998 4.687 4.600 4.537 4.525 4.606 4.911 5.064 5.024 4.882 4.541 3.693 2.709 1.770 0.950 0.360 0.000 0.000 0.000 0.000 0.000 0.000 0.000 0.000 0.000 0.000 0.000 0.000 0.000 0.000 0.000 0.000 0.000 0.000 0.000 0.000 0.000 0.000 0.000 0.000 0.000 0.255 0.515 0.739 1.157
0.000 0.000 0.000 0.000 0.000 0.000 1.586 9.679 18.841 23.955 24.936 23.504 16.784 10.079 3.672 3.234 3.714 5.750 10.318 18.941 25.898 25.578 23.968 19.071 11.847 15.524 17.577 17.541 16.972 14.491 9.035 4.485 4.393 4.322 4.310 4.322 4.380 4.600 4.966 5.309 5.458 5.448 5.399 5.227 4.660 3.638 2.608 1.584 0.689 0.101 0.000 0.000 0.000 0.000 0.000 0.000 0.000 0.000 0.000 0.000 0.000 0.000 0.000 0.000 0.000 0.000 0.000 0.000 0.000 0.000 0.000 0.000 0.000 0.115 0.190 0.312 0.503
0.000 0.000 0.000 0.000 0.000 0.668 6.249 13.647 21.805 26.457 27.236 24.922 17.475 10.018 3.168 0.716 0.970 2.604 8.598 19.604 28.432 28.762 27.553 22.789 13.440 13.526 13.675 13.409 11.737 6.753 2.803 2.230 1.827 1.568 1.646 1.873 2.260 2.800 3.514 4.210 4.760 5.109 5.107 5.025 4.657 3.755 2.813 1.894 1.015 0.229 0.000 0.000 0.000 0.000 0.000 0.000 0.000 0.000 0.000 0.000 0.000 0.000 0.000 0.000 0.000 0.000 0.000 0.000 0.000 0.000 0.000 0.000 0.000 0.000 0.000 0.000 0.089
0.000 0.000 0.000 0.424 2.223 3.387 8.003 13.454 17.552 18.154 17.579 13.645 8.597 3.356 0.739 0.122 0.207 0.831 4.650 16.844 28.283 29.375 27.760 20.056 7.862 8.379 8.937 8.440 5.799 1.765 0.503 0.163 0.122 0.344 0.657 0.942 1.113 1.135 1.161 1.460 2.232 2.898 3.360 3.418 3.339 2.899 2.185 1.477 0.770 0.246 0.125 0.000 0.000 0.000 0.000 0.000 0.000 0.000 0.000 0.000 0.000 0.000 0.000 0.000 0.000 0.000 0.000 0.000 0.000 0.000 0.000 0.000 0.000 0.000 0.000 0.000 0.000
0.000 0.000 0.000 1.017 5.079 7.490 7.342 7.612 5.994 4.822 3.924 2.728 1.494 0.439 0.086 0.000 0.000 0.298 1.585 7.995 17.400 20.915 18.465 8.603 3.626 6.359 6.640 5.673 2.627 0.203 0.100 0.112 0.127 0.337 0.704 1.048 1.089 1.071 1.044 0.972 0.908 0.841 0.766 0.791 0.821 0.782 0.615 0.397 0.294 0.204 0.117 0.000 0.000 0.000 0.000 0.000 0.000 0.000 0.000 0.000 0.000 0.000 0.000 0.000 0.000 0.000 0.000 0.000 0.000 0.000 0.000 0.000 0.000 0.000 0.000 0.000 0.000
0.000 0.000 0.000 0.920 5.818 9.259 9.346 4.225 1.356 0.846 0.634 0.405 0.180 0.000 0.000 0.000 0.000 0.216 0.619 2.570 6.103 8.199 6.147 1.393 3.385 5.965 5.763 3.535 0.657 0.130 0.141 0.144 0.367 0.677 0.922 1.000 0.956 0.866 0.757 0.629 0.533 0.443 0.372 0.321 0.282 0.253 0.225 0.199 0.172 0.138 0.098 0.060 0.000 0.000 0.000 0.000 0.000 0.000 0.000 0.000 0.000 0.000 0.000 0.000 0.000 0.000 0.000 0.000 0.000 0.000 0.000 0.000 0.000 0.000 0.000 0.000 0.000
0.000 0.000 0.000 0.467 5.047 9.332 9.542 4.294 0.635 0.136 0.000 0.000 0.000 0.000 0.000 0.000 0.000 0.345 0.374 0.817 1.824 2.325 1.361 0.993 4.015 5.922 4.675 1.234 0.120 0.119 0.112 0.222 0.422 0.512 0.536 0.527 0.414 0.306 0.255 0.267 0.272 0.253 0.189 0.124 0.105 0.102 0.074 0.050 0.053 0.059 0.063 0.057 0.000 0.000 0.000 0.000 0.000 0.000 0.000 0.000 0.000 0.000 0.000 0.000 0.000 0.000 0.000 0.000 0.000 0.000 0.000 0.000 0.000 0.000 0.000 0.000 0.000
0.000 0.000 0.000 0.329 3.430 5.935 5.555 1.555 0.170 0.000 0.000 0.000 0.000 0.000 0.000 0.168 0.472 0.418 0.173 0.331 0.476 0.571 0.235 1.156 4.751 5.623 3.112 0.231 0.000 0.072 0.191 0.218 0.284 0.352 0.402 0.424 0.426 0.421 0.386 0.341 0.320 0.326 0.312 0.291 0.277 0.264 0.253 0.214 0.146 0.074 0.061 0.046 0.036 0.000 0.000 0.000 0.000 0.000 0.000 0.000 0.000 0.000 0.000 0.000 0.000 0.000 0.000 0.000 0.000 0.000 0.000 0.000 0.000 0.000 0.000 0.000 0.000
0.000 0.000 0.000 0.285 1.508 1.997 1.375 0.285 0.000 0.000 0.000 0.000 0.000 0.209 1.063 1.201 0.522 0.353 0.496 0.491 0.359 0.250 0.183 1.190 5.039 5.228 1.797 0.205 0.156 0.386 0.580 0.689 0.720 0.705 0.681 0.652 0.625 0.597 0.563 0.545 0.552 0.549 0.557 0.579 0.576 0.571 0.582 0.592 0.595 0.590 0.540 0.402 0.257 0.139 0.067 0.000 0.000 0.000 0.000 0.000 0.000 0.000 0.000 0.000 0.000 0.000 0.000 0.000 0.000 0.000 0.000 0.000 0.000 0.000 0.000 0.000 0.000
0.000 0.000 0.000 0.176 0.414 0.436 0.212 0.000 0.000 0.000 0.000 0.000 0.875 6.470 4.943 0.474 0.289 0.419 0.412 0.332 0.280 0.252 0.199 1.286 5.110 4.728 1.121 0.387 0.496 0.826 0.926 0.922 0.855 0.777 0.720 0.690 0.680 0.677 1.075 1.679 2.101 2.226 2.249 2.300 2.111 1.906 1.781 1.466 1.003 0.520 0.566 0.618 0.625 0.593 0.476 0.300 0.149 0.000 0.000 0.000 0.000 0.000 0.000 0.000 0.000 0.000 0.000 0.000 0.000 0.000 0.000 0.000 0.000 0.000 0.000 0.000 0.000
0.000 0.000 0.000 0.000 0.000 0.000 0.000 0.000 0.000 0.000 0.000 0.155 4.853 16.104 7.139 0.221 0.000 0.000 0.000 0.000 0.124 0.170 0.199 1.022 4.655 4.578 1.248 0.431 0.626 1.045 1.047 0.951 0.840 0.806 1.094 2.061 3.177 3.824 3.866 3.752 3.459 3.038 2.769 2.623 2.486 2.466 2.504 2.560 2.546 2.373 1.886 1.062 0.414 0.469 0.530 0.532 0.489 0.334 0.170 0.000 0.000 0.000 0.000 0.000 0.000 0.000 0.000 0.000 0.000 0.000 0.000 0.000 0.000 0.000 0.000 0.000 0.000
0.000 0.000 0.000 0.000 0.000 0.000 0.000 0.000 0.000 0.000 0.000 0.251 5.193 9.923 4.848 0.820 0.000 0.000 0.000 0.000 0.000 0.000 0.132 0.680 3.907 4.465 1.632 0.304 0.530 1.152 1.190 1.940 2.921 4.018 5.185 5.637 5.623 4.613 3.241 2.121 1.449 1.042 0.928 0.913 0.976 1.091 1.195 1.420 1.735 2.159 2.565 2.690 2.456 1.497 0.460 0.471 0.517 0.520 0.480 0.328 0.165 0.000 0.000 0.000 0.000 0.000 0.000 0.000 0.000 0.000 0.000 0.000 0.000 0.000 0.000 0.000 0.000
0.000 0.000 0.000 0.000 0.000 0.000 0.000 0.000 0.000 0.000 0.000 0.000 1.164 2.659 2.401 1.147 0.308 0.000 0.000 0.000 0.000 0.000 0.000 0.261 2.471 4.307 2.767 0.313 0.545 0.958 2.222 4.368 6.121 6.713 6.795 5.488 3.513 1.523 0.899 0.786 0.854 0.853 0.845 0.885 0.903 0.825 0.905 0.915 0.888 0.965 1.144 1.666 2.483 2.769 2.521 1.544 0.494 0.486 0.518 0.513 0.458 0.292 0.141 0.000 0.000 0.000 0.000 0.000 0.000 0.000 0.000 0.000 0.000 0.000 0.000 0.000 0.000
0.000 0.000 0.000 0.000 0.000 0.000 0.000 0.000 0.000 0.000 0.000 0.000 0.186 0.674 0.856 0.827 0.451 0.105 0.000 0.000 0.000 0.000 0.000 0.077 1.017 3.799 3.897 1.670 0.205 0.693 1.134 4.387 6.514 6.842 6.552 4.294 1.549 0.953 0.875 0.918 0.904 0.821 0.742 0.763 0.892 0.949 0.905 0.858 1.085 1.019 0.854 0.883 0.980 1.443 2.630 2.925 2.597 1.491 0.468 0.499 0.525 0.513 0.440 0.275 0.134 0.000 0.000 0.000 0.000 0.000 0.000 0.000 0.000 0.000 0.000 0.000 0.000
0.000 0.000 0.000 0.000 0.000 0.000 0.000 0.000 0.000 0.000 0.000 0.000 0.000 0.176 0.399 0.448 0.392 0.199 0.000 0.000 0.000 0.000 0.000 0.000 0.298 2.340 4.363 3.787 1.204 0.258 0.811 1.943 5.496 7.062 6.646 3.541 1.434 0.795 1.011 0.994 0.836 0.441 0.304 0.446 0.729 0.810 0.846 0.846 0.790 1.069 1.035 0.835 0.842 0.854 0.954 1.550 2.560 2.667 2.172 1.034 0.476 0.510 0.538 0.520 0.421 0.248 0.103 0.000 0.000 0.000 0.000 0.000 0.000 0.000 0.000 0.000 0.000
0.000 0.000 0.000 0.000 0.000 0.000 0.000 0.000 0.000 0.000 0.000 0.000 0.000 0.000 0.212 0.316 0.305 0.215 0.000 0.000 0.000 0.000 0.000 0.000 0.084 0.507 2.984 4.712 3.953 1.436 0.263 0.970 1.704 4.565 5.770 5.239 3.280 1.222 1.095 1.123 0.845 0.288 0.182 0.596 0.916 0.921 0.887 0.800 0.747 0.756 0.987 0.889 0.841 0.823 0.806 0.850 1.199 2.131 2.596 2.393 1.452 0.428 0.486 0.531 0.546 0.505 0.340 0.149 0.000 0.000 0.000 0.000 0.000 0.000 0.000 0.000 0.000
0.000 0.000 0.000 0.000 0.000 0.000 0.000 0.000 0.000 0.000 0.000 0.000 0.000 0.000 0.130 0.250 0.249 0.204 0.000 0.000 0.000 0.000 0.000 0.000 0.000 0.145 0.552 2.919 4.723 4.328 2.522 0.683 1.293 2.134 2.177 2.356 2.407 2.282 2.407 2.479 2.035 0.965 0.404 0.867 1.036 1.022 0.945 0.786 0.593 0.547 0.776 0.809 0.824 0.857 0.825 0.775 0.798 1.059 1.885 2.590 2.506 1.743 0.608 0.447 0.520 0.566 0.536 0.384 0.165 0.000 0.000 0.000 0.000 0.000 0.000 0.000 0.000
0.000 0.000 0.000 0.000 0.000 0.000 0.000 0.000 0.000 0.000 0.000 0.000 0.000 0.000 0.000 0.205 0.217 0.188 0.000 0.000 0.000 0.000 0.000 0.000 0.000 0.114 0.144 0.431 2.344 4.770 5.103 4.213 2.559 1.622 2.587 3.358 3.934 4.211 4.210 3.942 2.874 1.382 0.899 1.180 1.169 1.091 0.901 0.653 0.414 0.399 0.642 0.647 0.509 0.724 0.774 0.739 0.670 0.688 0.944 1.804 2.550 2.494 1.781 0.601 0.422 0.529 0.591 0.562 0.383 0.127 0.000 0.000 0.000 0.000 0.000 0.000 0.061
0.000 0.000 0.000 0.000 0.000 0.000 0.000 0.000 0.000 0.000 0.000 0.000 0.000 0.000 0.000 0.188 0.204 0.175 0.000 0.000 0.000 0.000 0.000 0.000 0.000 0.000 0.143 0.115 0.184 0.871 2.787 4.217 4.372 4.178 3.469 2.943 3.944 4.327 4.300 4.002 2.904 1.825 1.677 1.450 1.209 0.958 0.664 0.425 0.233 0.420 0.567 0.527 0.302 0.427 0.660 0.681 0.624 0.564 0.601 0.933 1.914 2.630 2.502 1.667 0.462 0.443 0.579 0.592 0.525 0.275 0.076 0.040 0.062 0.112 0.210 0.352 0.536
0.000 0.000 0.000 0.000 0.000 0.000 0.000 0.000 0.000 0.000 0.000 0.000 0.000 0.000 0.000 0.184 0.190 0.135 0.000 0.000 0.000 0.000 0.000 0.000 0.000 0.000 0.000 0.119 0.000 0.000 0.121 0.433 1.048 1.972 2.837 3.190 3.396 3.512 3.471 3.277 3.057 2.868 2.694 2.477 2.230 1.888 1.334 0.653 0.223 0.423 0.466 0.382 0.123 0.163 0.368 0.547 0.546 0.481 0.460 0.544 1.114 2.267 2.698 2.468 1.388 0.554 0.521 0.612 0.589 0.406 0.246 0.329 0.446 0.585 0.712 0.768 0.787
0.000 0.000 0.000 0.000 0.000 0.000 0.000 0.000 0.000 0.000 0.000 0.000 0.000 0.000 0.112 0.200 0.175 0.000 0.000 0.000 0.000 0.000 0.000 0.000 0.000 0.000 0.000 0.000 0.000 0.000 0.000 0.158 0.238 0.222 0.186 0.350 0.546 0.781 1.030 1.285 1.505 1.714 1.940 2.125 2.218 2.167 1.869 1.335 0.665 0.373 0.363 0.201 0.000 0.000 0.179 0.361 0.409 0.385 0.345 0.360 0.595 1.589 2.572 2.623 2.212 0.960 0.657 0.626 0.621 0.621 0.648 0.690 0.723 0.724 0.716 0.672 0.816
0.000 0.000 0.000 0.000 0.000 0.000 0.000 0.000 0.000 0.000 0.000 0.000 0.000 0.000 0.157 0.207 0.131 0.000 0.000 0.000 0.000 0.000 0.000 0.000 0.000 0.000 0.000 0.000 0.000 0.000 0.000 0.063 0.197 0.244 0.216 0.154 0.100 0.037 0.039 0.054 0.178 0.275 0.240 0.300 0.624 1.200 1.618 1.588 1.243 0.537 0.249 0.072 0.000 0.000 0.000 0.214 0.294 0.287 0.252 0.247 0.333 0.936 2.160 2.546 2.448 1.729 0.612 0.645 0.658 0.661 0.662 0.657 0.617 0.515 0.376 0.898 1.337
0.000 0.000 0.000 0.000 0.000 0.000 0.000 0.000 0.000 0.000 0.000 0.000 0.000 0.000 0.208 0.203 0.000 0.000 0.000 0.000 0.000 0.000 0.000 0.000 0.000 0.000 0.000 0.000 0.000 0.000 0.000 0.000 0.080 0.201 0.269 0.259 0.207 0.174 0.193 0.274 0.307 0.275 0.131 0.000 0.061 0.165 0.544 0.934 0.955 0.802 0.337 0.000 0.000 0.000 0.000 0.123 0.196 0.198 0.176 0.166 0.201 0.497 1.472 2.293 2.286 1.918 0.921 0.627 0.729 0.708 0.552 0.342 0.341 0.484 0.961 1.290 1.272
0.000 0.000 0.000 0.000 0.000 0.000 0.000 0.000 0.000 0.000 0.000 0.000 0.000 0.119 0.236 0.149 0.000 0.000 0.000 0.000 0.000 0.000 0.000 0.000 0.000 0.000 0.000 0.000 0.000 0.000 0.000 0.000 0.000 0.098 0.201 0.281 0.330 0.368 0.376 0.367 0.305 0.135 0.000 0.000 0.000 0.073 0.124 0.432 0.644 0.613 0.393 0.083 0.000 0.000 0.000 0.000 0.122 0.126 0.114 0.107 0.123 0.260 0.835 1.556 1.689 1.563 0.944 0.617 0.806 0.818 0.760 0.712 0.781 1.076 1.279 1.257 1.023
0.000 0.000 0.000 0.000 0.000 0.000 0.000 0.000 0.000 0.000 0.000 0.000 0.000 0.218 0.248 0.000 0.000 0.000 0.000 0.000 0.000 0.000 0.000 0.000 0.000 0.000 0.000 0.000 0.000 0.000 0.000 0.000 0.000 0.000 0.000 0.158 0.253 0.274 0.255 0.179 0.081 0.000 0.000 0.000 0.000 0.000 0.000 0.134 0.345 0.385 0.323 0.126 0.000 0.000 0.000 0.000 0.000 0.000 0.000 0.000 0.073 0.123 0.321 0.585 0.748 0.736 0.595 0.628 0.802 0.916 0.970 1.068 1.222 1.278 1.251 1.042 0.440
0.000 0.000 0.000 0.000 0.000 0.000 0.000 0.000 0.000 0.000 0.000 0.000 0.101 0.312 0.237 0.000 0.000 0.000 0.000 0.000 0.000 0.000 0.000 0.000 0.000 0.000 0.000 0.000 0.000 0.000 0.000 0.000 0.000 0.000 0.000 0.000 0.000 0.000 0.000 0.000 0.000 0.000 0.000 0.000 0.000 0.000 0.000 0.000 0.136 0.219 0.207 0.116 0.000 0.000 0.000 0.000 0.000 0.000 0.000 0.000 0.000 0.079 0.079 0.181 0.312 0.432 0.560 0.703 0.856 1.010 1.144 1.251 1.257 1.222 0.994 0.422 0.070
