tests/test_04/output4/CloudConcentration_216.00hrs.dat
NCOLS   360
NROWS    60
XLLCORNER           0.000
YLLCORNER           0.000
CELLSIZE           1.000          1.000
NODATA_VALUE  0.000
[rows 0 to 33 of 60, columns 0 to 76 of 360]
0.000 0.000 0.000 0.000 0.000 0.000 0.000 0.000 0.000 0.000 0.074 0.099 0.123 0.147 0.173 0.181 0.178 0.175 0.173 0.169 0.164 0.151 0.122 0.000 0.000 0.000 0.000 0.000 0.000 0.000 0.000 0.000 0.000 0.000 0.000 0.000 0.000 0.000 0.000 0.000 0.000 0.000 0.000 0.000 0.000 0.000 0.000 0.000 0.000 0.000 0.000 0.000 0.000 0.057 0.071 0.069 0.000 0.000 0.000 0.000 0.000 0.000 0.000 0.000 0.000 0.000 0.000 0.000 0.000 0.000 0.000 0.000 0.000 0.000 0.000 0.000 0.000
0.000 0.000 0.000 0.000 0.000 0.000 0.000 0.074 0.103 0.128 0.144 0.165 0.198 0.217 0.218 0.217 0.207 0.187 0.176 0.176 0.176 0.175 0.173 0.161 0.127 0.000 0.000 0.000 0.000 0.000 0.000 0.000 0.000 0.000 0.000 0.000 0.000 0.000 0.000 0.000 0.000 0.000 0.000 0.000 0.000 0.000 0.000 0.000 0.000 0.000 0.000 0.000 0.045 0.079 0.119 0.148 0.146 0.135 0.101 0.061 0.000 0.000 0.000 0.000 0.000 0.000 0.000 0.000 0.000 0.000 0.000 0.000 0.000 0.000 0.000 0.000 0.000
0.000 0.000 0.000 0.000 0.000 0.089 0.115 0.133 0.145 0.152 0.159 0.191 0.218 0.224 0.224 0.221 0.206 0.183 0.177 0.179 0.187 0.190 0.189 0.182 0.158 0.106 0.000 0.000 0.000 0.000 0.000 0.000 0.000 0.000 0.000 0.000 0.000 0.000 0.000 0.000 0.000 0.000 0.000 0.000 0.000 0.000 0.000 0.000 0.000 0.000 0.000 0.000 0.037 0.083 0.136 0.195 0.241 0.240 0.227 0.181 0.112 0.059 0.055 0.000 0.000 0.000 0.000 0.000 0.000 0.000 0.000 0.000 0.000 0.000 0.000 0.000 0.000
0.000 0.000 0.000 0.094 0.126 0.169 0.178 0.171 0.158 0.146 0.153 0.183 0.210 0.217 0.216 0.205 0.174 0.169 0.173 0.188 0.205 0.209 0.207 0.196 0.154 0.000 0.000 0.000 0.000 0.000 0.000 0.000 0.000 0.000 0.000 0.000 0.000 0.000 0.000 0.000 0.000 0.000 0.000 0.000 0.000 0.000 0.000 0.000 0.000 0.000 0.000 0.000 0.045 0.065 0.115 0.196 0.278 0.346 0.349 0.334 0.283 0.190 0.099 0.095 0.079 0.000 0.000 0.000 0.000 0.000 0.000 0.000 0.000 0.000 0.000 0.000 0.000
0.000 0.000 0.103 0.173 0.200 0.198 0.190 0.169 0.143 0.117 0.119 0.125 0.165 0.191 0.190 0.178 0.136 0.143 0.162 0.192 0.207 0.207 0.201 0.174 0.110 0.000 0.000 0.000 0.000 0.000 0.000 0.000 0.000 0.000 0.000 0.000 0.000 0.000 0.000 0.000 0.000 0.000 0.000 0.000 0.000 0.000 0.000 0.000 0.000 0.000 0.000 0.000 0.054 0.096 0.140 0.151 0.220 0.321 0.392 0.397 0.392 0.352 0.251 0.149 0.143 0.123 0.079 0.000 0.000 0.000 0.000 0.000 0.000 0.000 0.000 0.000 0.000
0.000 0.104 0.176 0.207 0.206 0.199 0.168 0.132 0.101 0.098 0.096 0.096 0.116 0.154 0.159 0.150 0.114 0.110 0.114 0.124 0.170 0.194 0.193 0.165 0.000 0.000 0.000 0.000 0.000 0.000 0.000 0.000 0.000 0.000 0.000 0.000 0.000 0.000 0.000 0.000 0.000 0.000 0.000 0.000 0.000 0.000 0.000 0.000 0.000 0.000 0.056 0.052 0.051 0.103 0.165 0.223 0.231 0.230 0.323 0.391 0.395 0.391 0.362 0.276 0.202 0.196 0.168 0.111 0.066 0.000 0.000 0.000 0.000 0.000 0.000 0.000 0.000
0.000 0.115 0.196 0.205 0.199 0.180 0.142 0.101 0.090 0.086 0.078 0.071 0.073 0.106 0.125 0.126 0.109 0.070 0.052 0.061 0.069 0.111 0.148 0.152 0.129 0.000 0.000 0.000 0.000 0.000 0.000 0.000 0.000 0.000 0.000 0.000 0.000 0.000 0.000 0.000 0.000 0.000 0.000 0.000 0.000 0.000 0.000 0.000 0.000 0.098 0.118 0.115 0.103 0.092 0.165 0.246 0.294 0.297 0.295 0.336 0.406 0.419 0.418 0.395 0.306 0.277 0.264 0.217 0.147 0.095 0.000 0.000 0.000 0.000 0.000 0.000 0.000
0.000 0.125 0.193 0.185 0.182 0.168 0.136 0.093 0.076 0.072 0.000 0.000 0.055 0.056 0.079 0.094 0.097 0.087 0.070 0.000 0.000 0.000 0.000 0.082 0.099 0.090 0.000 0.000 0.000 0.000 0.000 0.000 0.000 0.000 0.000 0.000 0.000 0.000 0.000 0.000 0.000 0.000 0.000 0.000 0.000 0.000 0.000 0.000 0.065 0.155 0.180 0.176 0.158 0.141 0.156 0.250 0.327 0.340 0.340 0.336 0.324 0.379 0.395 0.390 0.369 0.366 0.359 0.328 0.260 0.182 0.120 0.088 0.000 0.000 0.000 0.000 0.000
0.000 0.096 0.166 0.162 0.167 0.161 0.142 0.096 0.060 0.000 0.000 0.000 0.000 0.000 0.000 0.000 0.064 0.077 0.079 0.076 0.071 0.063 0.000 0.000 0.000 0.000 0.000 0.000 0.000 0.000 0.000 0.000 0.000 0.000 0.000 0.000 0.000 0.000 0.000 0.000 0.000 0.000 0.000 0.000 0.000 0.000 0.000 0.057 0.106 0.219 0.243 0.237 0.208 0.186 0.185 0.265 0.357 0.378 0.379 0.377 0.369 0.348 0.350 0.355 0.432 0.461 0.459 0.441 0.382 0.297 0.211 0.141 0.114 0.092 0.000 0.000 0.000
0.000 0.066 0.140 0.138 0.141 0.144 0.144 0.116 0.087 0.068 0.057 0.057 0.057 0.056 0.056 0.058 0.060 0.063 0.068 0.072 0.075 0.075 0.076 0.073 0.000 0.000 0.000 0.000 0.000 0.000 0.000 0.000 0.000 0.000 0.000 0.000 0.000 0.000 0.000 0.000 0.000 0.000 0.000 0.000 0.000 0.000 0.000 0.073 0.178 0.290 0.301 0.280 0.240 0.228 0.258 0.391 0.506 0.535 0.525 0.508 0.499 0.463 0.416 0.405 0.504 0.568 0.568 0.554 0.501 0.407 0.314 0.227 0.161 0.137 0.127 0.129 0.148
0.000 0.000 0.116 0.116 0.112 0.118 0.140 0.120 0.103 0.103 0.096 0.089 0.087 0.086 0.087 0.089 0.090 0.091 0.092 0.088 0.080 0.089 0.097 0.098 0.086 0.078 0.000 0.000 0.000 0.000 0.000 0.000 0.000 0.000 0.000 0.000 0.000 0.000 0.000 0.000 0.000 0.000 0.000 0.000 0.000 0.000 0.062 0.115 0.280 0.339 0.328 0.288 0.254 0.250 0.426 0.545 0.587 0.595 0.595 0.590 0.629 0.624 0.596 0.552 0.589 0.671 0.672 0.658 0.604 0.511 0.409 0.305 0.203 0.170 0.174 0.180 0.162
0.000 0.000 0.095 0.102 0.098 0.102 0.108 0.109 0.099 0.105 0.102 0.097 0.097 0.095 0.096 0.098 0.099 0.102 0.108 0.113 0.118 0.118 0.097 0.099 0.112 0.105 0.090 0.000 0.000 0.000 0.000 0.000 0.000 0.000 0.000 0.000 0.000 0.000 0.000 0.000 0.000 0.000 0.000 0.000 0.000 0.000 0.080 0.231 0.355 0.358 0.333 0.289 0.270 0.423 0.570 0.586 0.592 0.597 0.605 0.614 0.657 0.719 0.726 0.710 0.668 0.770 0.773 0.755 0.694 0.554 0.415 0.294 0.203 0.207 0.203 0.143 0.000
0.000 0.000 0.073 0.092 0.103 0.125 0.136 0.125 0.105 0.089 0.077 0.072 0.070 0.068 0.068 0.067 0.068 0.071 0.079 0.093 0.113 0.135 0.143 0.133 0.080 0.112 0.114 0.094 0.082 0.000 0.000 0.000 0.000 0.000 0.000 0.000 0.000 0.000 0.000 0.000 0.000 0.000 0.000 0.000 0.000 0.073 0.194 0.346 0.374 0.362 0.319 0.289 0.407 0.549 0.598 0.585 0.558 0.560 0.585 0.638 0.672 0.740 0.831 0.842 0.816 0.860 0.863 0.825 0.694 0.531 0.373 0.224 0.228 0.215 0.136 0.000 0.000
0.000 0.000 0.000 0.086 0.102 0.142 0.178 0.183 0.172 0.157 0.129 0.101 0.085 0.080 0.083 0.086 0.090 0.100 0.100 0.096 0.087 0.095 0.138 0.171 0.164 0.109 0.092 0.105 0.087 0.084 0.000 0.000 0.000 0.000 0.000 0.000 0.000 0.000 0.000 0.000 0.000 0.000 0.000 0.000 0.064 0.154 0.338 0.382 0.376 0.337 0.301 0.364 0.525 0.565 0.542 0.465 0.411 0.392 0.394 0.494 0.608 0.713 0.828 0.946 0.953 0.927 0.933 0.863 0.662 0.475 0.353 0.248 0.242 0.170 0.000 0.000 0.000
0.000 0.000 0.000 0.078 0.098 0.146 0.195 0.233 0.248 0.249 0.232 0.198 0.159 0.139 0.143 0.150 0.159 0.179 0.181 0.178 0.170 0.150 0.128 0.159 0.205 0.200 0.145 0.077 0.097 0.086 0.084 0.000 0.000 0.000 0.000 0.000 0.000 0.000 0.000 0.000 0.000 0.000 0.000 0.000 0.105 0.285 0.385 0.383 0.346 0.310 0.308 0.503 0.544 0.522 0.447 0.424 0.421 0.388 0.302 0.395 0.520 0.647 0.788 0.944 1.072 1.069 1.000 0.903 0.816 0.680 0.506 0.344 0.242 0.095 0.000 0.000 0.000
0.000 0.000 0.000 0.061 0.069 0.123 0.186 0.241 0.277 0.306 0.306 0.293 0.252 0.217 0.221 0.232 0.244 0.258 0.260 0.258 0.254 0.239 0.217 0.194 0.200 0.241 0.235 0.172 0.067 0.090 0.085 0.087 0.000 0.000 0.000 0.000 0.000 0.000 0.000 0.000 0.000 0.000 0.000 0.074 0.206 0.341 0.382 0.346 0.304 0.301 0.458 0.543 0.530 0.460 0.426 0.435 0.430 0.387 0.249 0.293 0.388 0.507 0.678 0.883 1.071 1.220 1.203 1.080 1.038 0.958 0.743 0.514 0.299 0.104 0.000 0.000 0.000
0.000 0.000 0.000 0.000 0.054 0.058 0.106 0.173 0.246 0.310 0.323 0.325 0.311 0.284 0.277 0.275 0.276 0.280 0.279 0.278 0.276 0.269 0.263 0.304 0.316 0.308 0.294 0.264 0.180 0.074 0.084 0.083 0.091 0.088 0.000 0.000 0.000 0.000 0.000 0.000 0.000 0.000 0.077 0.119 0.249 0.351 0.344 0.298 0.291 0.369 0.518 0.524 0.484 0.372 0.442 0.448 0.442 0.396 0.249 0.186 0.272 0.360 0.473 0.690 0.968 1.216 1.378 1.332 1.242 1.208 1.082 0.811 0.517 0.251 0.000 0.000 0.000
0.000 0.000 0.000 0.000 0.000 0.036 0.043 0.060 0.122 0.216 0.307 0.333 0.330 0.315 0.300 0.287 0.285 0.284 0.282 0.278 0.273 0.261 0.310 0.396 0.476 0.482 0.459 0.390 0.306 0.188 0.074 0.077 0.081 0.093 0.101 0.084 0.000 0.000 0.000 0.000 0.054 0.087 0.111 0.132 0.261 0.312 0.298 0.279 0.289 0.476 0.521 0.499 0.417 0.387 0.452 0.457 0.453 0.416 0.276 0.101 0.146 0.232 0.317 0.455 0.698 1.077 1.382 1.586 1.500 1.437 1.396 1.241 0.931 0.596 0.313 0.140 0.056
0.000 0.000 0.000 0.000 0.000 0.000 0.000 0.000 0.047 0.097 0.227 0.331 0.337 0.330 0.315 0.299 0.291 0.288 0.283 0.274 0.251 0.281 0.392 0.472 0.525 0.582 0.596 0.561 0.467 0.349 0.214 0.090 0.072 0.081 0.090 0.115 0.116 0.110 0.102 0.105 0.116 0.122 0.116 0.134 0.246 0.274 0.269 0.275 0.399 0.513 0.504 0.455 0.402 0.402 0.451 0.456 0.454 0.430 0.329 0.168 0.050 0.101 0.204 0.295 0.443 0.793 1.201 1.569 1.837 1.726 1.557 1.580 1.508 1.312 1.018 0.751 0.545
0.000 0.000 0.000 0.000 0.000 0.000 0.000 0.000 0.000 0.049 0.149 0.300 0.345 0.343 0.336 0.323 0.311 0.303 0.292 0.271 0.233 0.364 0.460 0.497 0.514 0.547 0.596 0.635 0.614 0.523 0.391 0.255 0.124 0.064 0.078 0.084 0.111 0.126 0.138 0.139 0.137 0.128 0.107 0.134 0.235 0.251 0.261 0.291 0.496 0.519 0.491 0.417 0.406 0.406 0.444 0.448 0.447 0.429 0.342 0.206 0.076 0.000 0.065 0.175 0.275 0.456 0.975 1.377 1.741 2.107 2.119 1.887 1.636 1.634 1.592 1.474 1.314
0.000 0.000 0.000 0.000 0.000 0.000 0.000 0.000 0.000 0.000 0.114 0.280 0.364 0.369 0.368 0.360 0.349 0.336 0.308 0.264 0.325 0.460 0.484 0.491 0.495 0.507 0.546 0.606 0.657 0.649 0.571 0.449 0.316 0.185 0.089 0.069 0.077 0.092 0.116 0.118 0.110 0.089 0.114 0.145 0.232 0.245 0.263 0.446 0.550 0.536 0.473 0.403 0.380 0.380 0.379 0.374 0.358 0.321 0.265 0.189 0.098 0.000 0.000 0.049 0.141 0.249 0.611 1.166 1.507 1.836 2.178 2.478 2.445 2.311 1.947 1.631 1.481
0.000 0.000 0.000 0.000 0.000 0.000 0.000 0.000 0.000 0.000 0.104 0.278 0.404 0.411 0.412 0.405 0.392 0.361 0.312 0.283 0.451 0.506 0.509 0.508 0.494 0.486 0.494 0.537 0.616 0.676 0.677 0.631 0.519 0.394 0.269 0.164 0.104 0.071 0.060 0.054 0.077 0.103 0.114 0.184 0.235 0.248 0.306 0.560 0.579 0.543 0.464 0.398 0.348 0.304 0.261 0.251 0.236 0.192 0.142 0.089 0.066 0.000 0.000 0.000 0.069 0.155 0.307 0.791 1.283 1.605 1.627 2.164 2.488 2.704 2.870 2.860 2.810
0.000 0.000 0.000 0.000 0.000 0.000 0.000 0.000 0.000 0.000 0.134 0.332 0.456 0.462 0.461 0.449 0.416 0.363 0.275 0.412 0.537 0.542 0.539 0.529 0.495 0.455 0.450 0.466 0.529 0.628 0.705 0.718 0.694 0.626 0.530 0.427 0.311 0.179 0.056 0.073 0.092 0.109 0.117 0.224 0.247 0.269 0.486 0.641 0.619 0.547 0.465 0.398 0.346 0.296 0.242 0.189 0.141 0.111 0.116 0.099 0.071 0.000 0.000 0.000 0.071 0.144 0.201 0.465 0.907 1.377 1.659 1.697 1.717 2.173 2.554 2.808 2.845
0.000 0.000 0.000 0.000 0.000 0.000 0.000 0.000 0.000 0.072 0.234 0.412 0.507 0.506 0.494 0.464 0.417 0.304 0.317 0.484 0.579 0.582 0.577 0.551 0.504 0.448 0.435 0.412 0.445 0.546 0.667 0.750 0.762 0.757 0.725 0.617 0.394 0.167 0.082 0.089 0.104 0.111 0.207 0.249 0.262 0.312 0.644 0.692 0.643 0.536 0.431 0.336 0.264 0.212 0.172 0.138 0.105 0.070 0.000 0.055 0.058 0.000 0.000 0.000 0.000 0.124 0.175 0.235 0.596 1.044 1.500 1.662 1.703 1.726 1.722 1.833 2.249
0.000 0.000 0.000 0.000 0.000 0.000 0.000 0.000 0.069 0.162 0.336 0.495 0.526 0.519 0.499 0.462 0.345 0.329 0.351 0.501 0.601 0.608 0.600 0.563 0.504 0.487 0.483 0.430 0.378 0.452 0.597 0.730 0.757 0.752 0.723 0.596 0.331 0.097 0.097 0.102 0.116 0.181 0.256 0.266 0.287 0.486 0.752 0.744 0.656 0.485 0.323 0.211 0.154 0.124 0.105 0.089 0.000 0.000 0.000 0.000 0.000 0.000 0.000 0.000 0.000 0.077 0.119 0.159 0.320 0.665 1.079 1.438 1.599 1.641 1.636 1.613 1.524
0.000 0.000 0.000 0.000 0.000 0.000 0.000 0.000 0.112 0.274 0.448 0.529 0.529 0.518 0.486 0.374 0.345 0.335 0.355 0.501 0.606 0.619 0.608 0.554 0.479 0.501 0.508 0.481 0.359 0.378 0.539 0.693 0.722 0.715 0.657 0.430 0.127 0.126 0.133 0.134 0.162 0.266 0.272 0.279 0.301 0.653 0.823 0.802 0.690 0.437 0.201 0.102 0.080 0.000 0.000 0.000 0.000 0.000 0.000 0.000 0.000 0.000 0.000 0.000 0.000 0.000 0.000 0.075 0.094 0.250 0.530 0.830 1.128 1.272 1.264 1.228 1.092
0.000 0.000 0.000 0.000 0.000 0.000 0.000 0.074 0.215 0.375 0.501 0.529 0.511 0.465 0.404 0.373 0.348 0.337 0.328 0.417 0.568 0.626 0.615 0.552 0.450 0.504 0.522 0.507 0.400 0.343 0.535 0.653 0.656 0.622 0.441 0.310 0.302 0.264 0.232 0.230 0.258 0.259 0.256 0.268 0.392 0.757 0.875 0.853 0.732 0.424 0.134 0.000 0.000 0.000 0.000 0.000 0.000 0.000 0.000 0.000 0.000 0.000 0.000 0.000 0.000 0.000 0.000 0.000 0.000 0.000 0.000 0.185 0.384 0.561 0.583 0.560 0.458
0.000 0.000 0.000 0.000 0.000 0.075 0.208 0.337 0.437 0.491 0.495 0.484 0.462 0.439 0.406 0.368 0.330 0.293 0.260 0.274 0.428 0.564 0.580 0.546 0.427 0.506 0.545 0.533 0.438 0.365 0.568 0.608 0.587 0.451 0.420 0.421 0.417 0.391 0.362 0.321 0.280 0.266 0.271 0.298 0.516 0.844 0.929 0.903 0.777 0.434 0.113 0.000 0.000 0.000 0.000 0.000 0.000 0.000 0.000 0.000 0.000 0.000 0.000 0.000 0.000 0.000 0.000 0.000 0.000 0.000 0.000 0.000 0.000 0.000 0.000 0.000 0.000
0.000 0.000 0.041 0.106 0.265 0.407 0.511 0.544 0.539 0.530 0.497 0.442 0.384 0.326 0.269 0.222 0.187 0.163 0.149 0.152 0.295 0.437 0.465 0.449 0.376 0.490 0.552 0.546 0.473 0.430 0.617 0.619 0.560 0.489 0.544 0.548 0.542 0.497 0.399 0.302 0.257 0.251 0.263 0.306 0.486 0.821 0.948 0.926 0.800 0.440 0.094 0.000 0.000 0.000 0.000 0.000 0.000 0.000 0.000 0.000 0.000 0.000 0.000 0.000 0.000 0.000 0.000 0.000 0.000 0.000 0.000 0.000 0.000 0.000 0.000 0.000 0.000
0.063 0.178 0.336 0.470 0.557 0.576 0.572 0.536 0.483 0.444 0.374 0.289 0.213 0.152 0.109 0.093 0.079 0.068 0.071 0.093 0.199 0.351 0.386 0.362 0.293 0.439 0.546 0.544 0.494 0.493 0.694 0.681 0.600 0.501 0.561 0.563 0.554 0.492 0.381 0.249 0.208 0.258 0.271 0.280 0.405 0.752 0.953 0.932 0.796 0.346 0.000 0.000 0.000 0.000 0.000 0.000 0.000 0.000 0.000 0.000 0.000 0.000 0.000 0.000 0.000 0.000 0.000 0.000 0.000 0.000 0.000 0.000 0.000 0.000 0.000 0.000 0.000
0.453 0.555 0.606 0.611 0.581 0.524 0.493 0.430 0.325 0.262 0.152 0.098 0.059 0.080 0.080 0.074 0.064 0.000 0.053 0.064 0.125 0.252 0.299 0.271 0.210 0.366 0.518 0.532 0.495 0.442 0.746 0.782 0.729 0.629 0.574 0.561 0.549 0.464 0.378 0.250 0.170 0.234 0.274 0.306 0.426 0.811 0.963 0.933 0.632 0.159 0.000 0.000 0.000 0.000 0.000 0.000 0.000 0.000 0.000 0.000 0.000 0.000 0.000 0.000 0.000 0.000 0.000 0.000 0.000 0.000 0.000 0.000 0.000 0.000 0.000 0.000 0.000
0.662 0.636 0.576 0.525 0.464 0.353 0.259 0.288 0.259 0.148 0.070 0.033 0.065 0.000 0.000 0.000 0.056 0.000 0.000 0.000 0.064 0.136 0.179 0.156 0.164 0.285 0.453 0.495 0.474 0.440 0.903 1.089 1.066 0.970 0.759 0.542 0.525 0.426 0.363 0.264 0.190 0.231 0.273 0.313 0.518 0.861 0.953 0.829 0.391 0.000 0.000 0.000 0.000 0.000 0.000 0.000 0.000 0.000 0.000 0.000 0.000 0.000 0.000 0.000 0.000 0.000 0.000 0.000 0.000 0.000 0.000 0.000 0.000 0.000 0.000 0.000 0.000
0.485 0.402 0.306 0.227 0.219 0.227 0.259 0.239 0.151 0.051 0.000 0.000 0.000 0.000 0.000 0.060 0.064 0.060 0.000 0.000 0.000 0.038 0.084 0.149 0.185 0.202 0.373 0.441 0.430 0.786 1.374 1.449 1.342 1.037 0.732 0.471 0.448 0.379 0.360 0.272 0.212 0.244 0.266 0.348 0.695 0.905 0.854 0.544 0.127 0.000 0.000 0.000 0.000 0.000 0.000 0.000 0.000 0.000 0.000 0.000 0.000 0.000 0.000 0.000 0.000 0.000 0.000 0.000 0.000 0.000 0.000 0.000 0.000 0.000 0.000 0.000 0.000
0.255 0.229 0.197 0.157 0.219 0.230 0.205 0.122 0.000 0.000 0.000 0.000 0.000 0.000 0.055 0.088 0.093 0.079 0.000 0.000 0.000 0.068 0.125 0.187 0.239 0.247 0.277 0.433 1.044 1.445 1.491 1.451 1.296 0.986 0.635 0.352 0.324 0.387 0.362 0.257 0.259 0.260 0.321 0.647 0.886 0.875 0.638 0.182 0.000 0.000 0.000 0.000 0.000 0.000 0.000 0.000 0.000 0.000 0.000 0.000 0.000 0.000 0.000 0.000 0.000 0.000 0.000 0.000 0.000 0.000 0.000 0.000 0.000 0.000 0.000 0.000 0.000
