tests/test_04/output4/CloudArrivalTime.dat
NCOLS   360
NROWS    60
XLLCORNER           0.000
YLLCORNER           0.000
CELLSIZE           1.000          1.000
NODATA_VALUE -9999.
[rows 0 to 23 of 60, columns 216 to 269 of 360]
193.607147 191.872147 189.603439 186.573547 183.530197 181.355377 179.019424 176.801895 174.330444 171.881180 169.628586 167.883530 165.913956 163.941116 161.759735 159.953049 158.317322 157.126389 155.924988 154.699326 153.449173 152.180862 150.639954 149.070816 147.734512 146.100937 144.715652 143.318954 141.928070 140.548767 138.908981 137.277435 135.903793 134.538879 133.730225 133.195267 132.929016 132.929016 133.195267 133.730225 134.538879 135.629059 137.277435 139.180832 140.823715 142.761185 144.993958 147.464554 151.925201 159.257523 164.378143 174.112335 222.040436 225.922623
191.872147 189.884018 187.114929 184.092484 181.355377 179.019424 176.334885 172.784058 170.518845 168.752838 167.010056 164.816223 162.200317 159.722290 157.842407 156.166931 154.451126 153.196838 151.669037 150.381195 149.070816 147.734512 146.375534 145.271683 143.878296 142.761185 141.099106 139.726608 138.366867 137.003754 135.903793 134.538879 132.929016 131.589813 130.768463 130.219894 129.948166 129.678131 129.948166 130.219894 131.043488 131.860992 133.195267 134.810135 137.003754 138.908981 141.099106 143.318954 145.825363 149.070816 153.449173 163.505096 172.559662 221.135193
190.165436 187.388245 184.372177 181.883743 179.540665 176.801895 173.452057 170.518845 168.318924 165.913956 163.505096 160.865295 158.553574 156.407837 154.451126 152.435867 150.639954 149.070816 147.734512 146.375534 145.271683 144.157715 142.761185 141.374969 139.453461 137.277435 135.629059 134.268494 133.195267 132.130310 131.317261 130.493362 129.678131 128.614716 127.834602 127.322441 127.068649 127.068649 126.816353 127.068649 127.577751 128.093018 129.409775 130.768463 132.397827 134.810135 137.277435 139.726608 142.483017 145.548843 109.546951 108.348801 155.437943 174.764084
187.662354 184.650925 182.151581 179.804489 177.277664 174.112335 171.196503 168.970444 166.571945 163.941116 160.638931 158.080261 155.682007 153.449173 151.412415 149.070816 147.464554 145.825363 144.715652 143.318954 141.928070 140.274261 138.637894 136.454742 134.538879 132.929016 131.589813 130.219894 128.353043 126.565536 124.803078 123.534172 122.769409 122.008392 122.261497 123.024223 123.788628 124.296532 124.042747 124.042747 124.042747 124.296532 124.803078 125.812180 127.322441 129.409775 116.663712 111.966782 106.445000 101.996536 101.062599 101.296707 103.389313 106.682152
177.762726 177.038651 179.278656 177.762726 174.764084 171.653214 169.408310 167.228760 164.597061 161.537750 158.553574 155.924988 153.449173 150.897873 148.538986 146.649185 144.993958 143.318954 141.651291 139.726608 137.823212 135.903793 134.268494 132.663559 130.768463 128.878036 126.565536 124.549973 122.515167 121.001518 119.201553 117.930679 116.915947 116.663712 117.168762 117.930679 118.948433 120.250908 121.252411 121.252411 120.751183 107.394997 107.394997 107.871422 108.348801 106.208092 105.971413 101.530403 98.459091 96.531853 96.046127 96.289101 97.499130 100.121918
176.567322 173.893188 171.653214 169.849762 169.188934 169.408310 167.665497 165.255341 162.200317 159.023666 156.166931 153.700867 151.155365 148.805389 146.649185 144.436844 142.483017 140.548767 138.095306 135.903793 133.998947 132.130310 130.493362 128.093018 125.560402 123.024223 121.001518 119.454132 117.676117 115.410988 113.188828 111.966782 111.480247 111.723351 111.966782 112.454613 113.188828 113.434227 101.996536 99.174362 97.016411 97.016411 97.016411 97.499130 97.980019 98.459091 97.499130 95.559822 93.376160 91.205002 90.487289 90.487289 91.444939 93.860741
177.519012 174.547577 171.653214 168.101334 164.816223 162.200317 160.182755 159.490448 159.023666 156.647705 153.951843 151.669037 149.335114 146.921906 144.715652 142.483017 140.274261 137.550583 135.082245 132.929016 130.768463 128.353043 125.560402 122.769409 120.501297 118.185829 115.660423 113.188828 111.237473 109.546951 108.348801 107.394997 106.919533 106.919533 106.682152 99.649010 97.258003 95.316803 92.650017 92.408279 92.408279 92.891968 93.376160 93.618401 94.103172 93.618401 90.726219 87.281662 85.733688 84.941673 84.674850 84.674850 85.471069 86.770828
179.278656 175.649811 172.559662 169.188934 165.255341 161.759735 158.317322 155.437943 152.435867 150.381195 149.335114 148.805389 147.193695 145.271683 143.039841 140.548767 137.823212 135.082245 132.663559 130.219894 127.068649 123.788628 121.503853 118.948433 115.910400 112.454613 110.028374 108.109993 105.971413 104.323250 102.461029 101.296707 100.357727 96.046127 81.795280 81.795280 82.828178 84.407883 85.471069 85.994957 85.733688 85.994957 86.254890 85.994957 85.207069 84.407883 82.828178 80.777710 79.031868 78.540863 79.031868 80.024193 81.284622 83.088890
181.883743 177.277664 174.112335 170.969650 166.791107 162.852951 159.257523 155.682007 152.435867 149.070816 146.100937 143.878296 141.928070 140.823715 140.274261 138.366867 135.629059 133.195267 130.493362 127.322441 123.788628 121.001518 118.185829 114.419189 110.511047 107.871422 105.027473 101.062599 99.174362 98.219780 97.016411 79.278648 75.848419 73.405090 72.916924 72.916924 73.649239 74.626244 76.092979 77.561211 79.031868 80.525627 81.284622 81.284622 77.071632 72.916924 71.453346 71.209846 70.966507 71.209846 71.940819 73.160980 75.359421 77.806061
184.372177 179.804489 175.876175 172.784058 168.752838 164.378143 160.411423 156.647705 152.943832 149.335114 146.375534 143.318954 140.274261 137.277435 134.538879 132.397827 131.043488 130.219894 127.834602 124.042747 121.252411 118.440567 114.419189 110.028374 105.971413 101.062599 97.739799 96.046127 95.073883 93.618401 73.405090 69.267609 65.656113 64.924782 64.924782 65.412949 66.620308 68.060547 69.509781 70.966507 72.184792 71.697006 68.301460 54.953629 55.431648 56.875038 58.818470 60.773441 62.727230 64.680634 66.620308 68.301460 70.237442 72.672897
186.573547 183.248947 178.257629 174.764084 171.424362 166.791107 162.200317 158.080261 154.451126 150.381195 146.921906 143.878296 140.823715 137.277435 133.730225 130.493362 126.816353 123.534172 121.252411 120.250908 118.694771 114.913872 110.028374 105.734970 99.174362 95.559822 92.408279 89.521057 74.381927 66.620308 58.574650 58.087700 58.087700 58.574650 59.062519 59.795921 60.529190 61.261929 62.238819 62.483028 44.009701 45.041889 46.343182 47.918350 49.498569 51.293049 52.785431 54.477779 56.151718 57.601669 59.062519 60.773441 62.238819 63.703979
188.212906 185.205597 181.355377 176.801895 173.673035 169.849762 165.035660 160.865295 156.647705 152.435867 148.271713 144.993958 141.928070 138.095306 134.268494 130.493362 126.063629 122.261497 119.201553 115.910400 111.966782 109.306709 104.792374 98.459091 94.103172 86.254890 83.613358 52.785431 27.073090 27.375860 27.975420 28.849300 29.695240 31.053680 32.424450 34.101971 35.494949 36.876591 38.513149 40.391071 42.476582 44.266960 46.343182 48.446381 50.531330 52.539471 54.715511 56.633572 58.574650 60.529190 62.483028 64.436478 66.139877 67.819893
189.884018 186.843262 183.530197 179.019424 175.425354 172.108231 167.665497 163.287460 159.023666 154.699326 150.381195 146.375534 143.039841 139.453461 135.082245 131.317261 126.565536 122.008392 117.930679 112.210533 107.157150 101.763680 97.499130 92.166908 84.141983 19.824780 20.406700 19.824780 20.406700 21.587749 23.403231 25.549570 27.375860 29.134251 30.784000 32.703251 34.659840 36.601849 38.783680 41.182701 43.496738 45.821411 48.182201 50.786430 53.274132 55.431648 57.844570 60.529190 62.971432 65.656113 68.060547 69.509781 70.237442 70.966507
191.872147 187.937225 185.205597 181.094727 176.567322 173.230240 169.188934 164.816223 160.865295 156.647705 152.435867 148.271713 144.715652 141.374969 136.729523 132.663559 128.093018 122.769409 117.930679 110.511047 102.692657 96.289101 88.288597 13.714740 13.445650 11.579660 12.377660 11.314000 12.111490 13.984730 16.171881 24.628300 26.769680 28.561251 30.515760 32.703251 34.659840 36.876591 39.322460 42.220631 45.301262 48.182201 51.293049 53.999359 56.151718 58.574650 61.017689 64.192322 68.060547 71.453346 73.405090 74.870590 77.071632 79.278648
195.044495 189.884018 186.573547 182.970551 178.508972 174.764084 170.969650 166.352692 162.200317 158.317322 153.951843 149.598282 145.825363 142.483017 138.095306 133.730225 129.678131 124.042747 118.948433 109.787498 98.459091 11.845490 2.663580 2.417190 2.910900 3.408370 3.907540 4.905080 5.901550 7.148290 8.421000 9.725850 12.377660 15.073170 18.399509 20.406700 27.677420 37.150761 40.391071 44.009701 47.654819 51.040329 53.999359 56.633572 59.795921 62.971432 67.339317 73.405090 101.296707 101.530403 102.228989 103.622261 105.498772 107.633087
201.021133 193.607147 188.489395 185.481537 181.618362 177.277664 173.230240 168.752838 164.159500 160.411423 156.166931 151.412415 146.921906 143.598557 138.908981 133.998947 129.948166 124.042747 119.201553 109.306709 95.316803 0.717610 0.957780 1.198810 1.440710 2.171720 2.910900 3.907540 4.905080 5.901550 6.897620 8.421000 9.989280 11.845490 14.255640 17.280569 20.115040 23.403231 26.465630 46.343182 50.275009 53.999359 57.116879 60.284851 64.436478 73.160980 104.323250 104.557632 109.306709 110.511047 111.723351 111.237473 110.269547 109.306709
-9999.000000 -9999.000000 -9999.000000 -9999.000000 187.114929 183.811829 181.355377 -9999.000000 169.188934 163.941116 159.722290 155.682007 150.121307 145.271683 140.823715 134.810135 130.493362 124.042747 118.440567 107.871422 84.407883 0.238980 0.238980 0.478180 1.198810 1.927160 2.663580 3.657990 4.655800 5.652530 6.648200 7.653440 8.939510 10.518040 12.910160 15.346930 17.838739 20.115040 23.708950 27.073090 53.030312 56.875038 61.017689 67.339317 107.871422 105.971413 113.679970 112.454613 111.237473 110.028374 108.827164 107.394997 105.734970 103.622261
-9999.000000 -9999.000000 -9999.000000 -9999.000000 -9999.000000 -9999.000000 -9999.000000 -9999.000000 -9999.000000 -9999.000000 231.024307 224.125397 219.596619 217.702454 219.596619 233.676727 132.929016 126.063629 117.930679 100.121918 15.896280 0.238980 0.238980 0.478180 0.957780 1.683490 2.663580 3.657990 4.655800 5.652530 6.648200 7.653440 8.939510 10.253340 11.845490 13.984730 16.448111 18.680880 20.994301 23.403231 25.549570 62.971432 112.454613 116.160942 114.913872 112.943764 110.752869 108.827164 106.919533 105.027473 102.692657 100.357727 97.016411 89.764221
-9999.000000 -9999.000000 -9999.000000 -9999.000000 -9999.000000 -9999.000000 -9999.000000 -9999.000000 -9999.000000 -9999.000000 234.535950 228.014816 224.723572 223.826904 227.119247 236.238998 238.512634 -9999.000000 -9999.000000 87.281662 14.527470 0.478180 1.683490 3.408370 3.657990 3.159160 3.408370 4.157030 4.905080 5.901550 6.897620 7.907960 9.200870 10.253340 11.845490 13.445650 15.346930 17.559330 19.824780 22.187220 24.321480 26.160931 28.269991 31.053680 109.306709 106.445000 103.855568 100.828072 98.219780 95.073883 91.685242 86.254890 78.050949 75.848419
-9999.000000 -9999.000000 -9999.000000 -9999.000000 -9999.000000 -9999.000000 -9999.000000 -9999.000000 -9999.000000 -9999.000000 237.660400 231.623047 229.509705 229.208786 233.676727 239.364365 -9999.000000 -9999.000000 -9999.000000 82.309769 15.621300 6.399380 6.897620 7.907960 8.679560 9.463050 9.200870 5.403450 5.652530 6.150500 6.897620 8.163810 9.200870 10.518040 11.845490 13.445650 15.073170 16.724960 18.963730 20.994301 22.792900 24.935570 26.769680 28.849300 30.515760 32.424450 34.381020 36.326359 37.969910 39.858238 41.704449 44.266960 78.295883 47.128922
-9999.000000 -9999.000000 -9999.000000 -9999.000000 -9999.000000 -9999.000000 -9999.000000 -9999.000000 -9999.000000 -9999.000000 239.931885 235.103134 233.676727 234.251038 239.931885 -9999.000000 -9999.000000 -9999.000000 -9999.000000 25.242901 19.535900 15.073170 15.896280 14.800020 14.255640 13.714740 14.527470 13.984730 13.984730 7.400220 7.653440 8.163810 9.463050 10.783190 12.111490 13.445650 15.073170 16.448111 18.118799 20.115040 21.886721 23.708950 25.242901 27.073090 29.134251 31.053680 32.703251 34.381020 35.772861 36.876591 38.241852 39.053452 38.783680 38.783680
-9999.000000 -9999.000000 -9999.000000 -9999.000000 -9999.000000 -9999.000000 -9999.000000 -9999.000000 -9999.000000 -9999.000000 -9999.000000 237.944534 237.376205 239.931885 -9999.000000 -9999.000000 -9999.000000 -9999.000000 -9999.000000 -9999.000000 25.855579 27.073090 32.147228 38.783680 24.628300 22.489269 20.406700 20.699780 20.115040 18.963730 9.463050 9.463050 9.725850 10.783190 12.111490 13.445650 15.073170 16.448111 18.118799 19.535900 21.290279 22.792900 24.321480 25.855579 27.677420 29.134251 31.053680 32.703251 34.101971 35.216808 35.772861 36.050030 36.050030 34.659840
-9999.000000 -9999.000000 -9999.000000 -9999.000000 -9999.000000 -9999.000000 -9999.000000 -9999.000000 -9999.000000 -9999.000000 -9999.000000 -9999.000000 -9999.000000 -9999.000000 -9999.000000 -9999.000000 -9999.000000 -9999.000000 -9999.000000 38.783680 31.324820 34.659840 38.513149 57.116879 62.238819 74.137657 78.785942 83.613358 28.849300 26.465630 25.242901 11.579660 11.314000 11.314000 12.111490 13.445650 14.800020 16.171881 17.838739 19.248720 20.699780 22.187220 23.708950 25.242901 26.465630 27.975420 29.416201 30.784000 31.871571 32.703251 32.983459 32.983459 32.983459 33.543179
-9999.000000 -9999.000000 -9999.000000 -9999.000000 -9999.000000 -9999.000000 -9999.000000 -9999.000000 -9999.000000 -9999.000000 -9999.000000 -9999.000000 -9999.000000 -9999.000000 -9999.000000 -9999.000000 -9999.000000 -9999.000000 -9999.000000 38.513149 35.494949 39.858238 54.477779 60.529190 67.819893 77.316399 81.795280 88.038658 96.774361 100.357727 37.150761 31.597441 13.984730 13.445650 13.177460 13.714740 15.073170 16.171881 17.559330 18.963730 20.406700 21.587749 23.097879 24.321480 25.549570 26.769680 27.975420 28.849300 29.971460 30.784000 31.324820 31.871571 32.703251 33.543179
