tests/test_04/output4/CloudConcentration_240.00hrs.dat
NCOLS   360
NROWS    60
XLLCORNER           0.000
YLLCORNER           0.000
CELLSIZE           1.000          1.000
NODATA_VALUE -9999.
[rows 0 to 27 of 60, columns 0 to 62 of 360]
0.000000 0.000000 0.000000 0.000000 0.000000 0.000000 0.000000 0.000000 0.076860 0.140766 0.149236 0.139054 0.099224 0.080240 0.083615 0.000000 0.000000 0.000000 0.000000 0.000000 0.000000 0.000000 0.069860 0.101144 0.117289 0.109985 0.088037 0.080658 0.000000 0.000000 0.000000 0.000000 0.000000 0.000000 0.000000 0.000000 0.000000 0.000000 0.000000 0.000000 0.000000 0.000000 0.000000 0.000000 0.000000 0.000000 0.000000 0.000000 0.000000 0.000000 0.000000 0.000000 0.000000 0.000000 0.000000 0.000000 0.000000 0.000000 0.000000 0.000000 0.000000 0.000000 0.000000
0.000000 0.000000 0.000000 0.000000 0.000000 0.000000 0.000000 0.000000 0.096412 0.154781 0.155241 0.135915 0.079126 0.000000 0.000000 0.000000 0.000000 0.000000 0.000000 0.000000 0.000000 0.000000 0.000000 0.000000 0.081696 0.127584 0.154871 0.149144 0.151731 0.148036 0.131963 0.105162 0.000000 0.000000 0.000000 0.000000 0.000000 0.000000 0.000000 0.000000 0.000000 0.000000 0.000000 0.000000 0.000000 0.000000 0.000000 0.000000 0.000000 0.000000 0.000000 0.000000 0.000000 0.000000 0.000000 0.000000 0.000000 0.000000 0.000000 0.000000 0.000000 0.000000 0.000000
0.000000 0.000000 0.000000 0.000000 0.000000 0.000000 0.000000 0.000000 0.116827 0.166623 0.164322 0.140634 0.080563 0.000000 0.000000 0.000000 0.000000 0.000000 0.000000 0.000000 0.000000 0.000000 0.000000 0.000000 0.000000 0.078168 0.120577 0.153238 0.169932 0.163427 0.157638 0.155970 0.148370 0.139141 0.130955 0.124397 0.119799 0.116422 0.109850 0.094219 0.000000 0.000000 0.000000 0.000000 0.000000 0.000000 0.000000 0.000000 0.000000 0.000000 0.000000 0.000000 0.000000 0.000000 0.000000 0.000000 0.000000 0.000000 0.000000 0.000000 0.000000 0.000000 0.047004
0.000000 0.000000 0.000000 0.000000 0.000000 0.000000 0.000000 0.000000 0.126210 0.172135 0.170725 0.158762 0.120861 0.082480 0.063189 0.068387 0.074026 0.074563 0.072338 0.070648 0.068239 0.062903 0.000000 0.000000 0.000000 0.000000 0.048520 0.085168 0.127323 0.155191 0.173508 0.172941 0.166034 0.148964 0.128624 0.120021 0.114412 0.111412 0.106438 0.094552 0.071883 0.059554 0.000000 0.000000 0.000000 0.000000 0.000000 0.000000 0.000000 0.000000 0.000000 0.000000 0.000000 0.000000 0.000000 0.000000 0.000000 0.000000 0.044820 0.050746 0.054418 0.056224 0.061026
0.000000 0.000000 0.000000 0.000000 0.000000 0.000000 0.000000 0.000000 0.135171 0.178486 0.177375 0.171905 0.152915 0.126019 0.112778 0.110936 0.120468 0.130898 0.133833 0.140638 0.140151 0.132810 0.115408 0.081270 0.055595 0.000000 0.000000 0.039402 0.066348 0.090241 0.113607 0.145742 0.165053 0.170460 0.170179 0.166980 0.158522 0.149974 0.143726 0.139928 0.136625 0.128470 0.113651 0.097592 0.075112 0.000000 0.000000 0.000000 0.000000 0.000000 0.000000 0.000000 0.000000 0.000000 0.000000 0.000000 0.057450 0.067693 0.075204 0.081317 0.086823 0.089716 0.088708
0.000000 0.000000 0.000000 0.000000 0.000000 0.000000 0.000000 0.060617 0.138493 0.180145 0.178911 0.174785 0.161306 0.142133 0.142921 0.147822 0.160523 0.170300 0.172070 0.178375 0.183318 0.186502 0.187985 0.179600 0.151681 0.102878 0.056740 0.051908 0.044057 0.048917 0.075213 0.096030 0.108527 0.119776 0.142540 0.156359 0.155677 0.151207 0.147071 0.144217 0.140026 0.129931 0.110375 0.080211 0.000000 0.000000 0.000000 0.000000 0.000000 0.000000 0.000000 0.000000 0.000000 0.000000 0.059238 0.075580 0.086667 0.096248 0.109182 0.122167 0.134428 0.139726 0.137856
0.000000 0.000000 0.000000 0.000000 0.000000 0.000000 0.000000 0.061012 0.136856 0.178522 0.175090 0.171788 0.160319 0.146963 0.154308 0.163941 0.177073 0.186576 0.187597 0.192935 0.198892 0.203830 0.210598 0.215341 0.215071 0.206354 0.173356 0.100042 0.056406 0.055640 0.052572 0.056800 0.078507 0.093265 0.100342 0.102050 0.116328 0.130379 0.135525 0.134295 0.130198 0.117711 0.082168 0.000000 0.000000 0.000000 0.000000 0.000000 0.000000 0.000000 0.000000 0.000000 0.000000 0.064897 0.084731 0.098448 0.109575 0.131456 0.156308 0.178002 0.196507 0.202724 0.199337
0.000000 0.000000 0.000000 0.000000 0.000000 0.000000 0.000000 0.053627 0.114923 0.163532 0.161832 0.166702 0.160103 0.154657 0.168049 0.180272 0.199177 0.222849 0.223687 0.227963 0.224059 0.212033 0.219043 0.228283 0.236998 0.237286 0.232812 0.216254 0.157613 0.066783 0.058085 0.059460 0.057544 0.062592 0.074364 0.081106 0.083860 0.088172 0.104133 0.103447 0.096804 0.000000 0.000000 0.000000 0.000000 0.000000 0.000000 0.000000 0.000000 0.000000 0.000000 0.000000 0.055983 0.080167 0.098052 0.112774 0.141535 0.178469 0.211859 0.230230 0.237011 0.242133 0.244109
0.000000 0.000000 0.000000 0.000000 0.000000 0.000000 0.000000 0.046071 0.092505 0.132594 0.137799 0.154978 0.160435 0.163191 0.203233 0.230227 0.245607 0.253892 0.254905 0.257770 0.259991 0.258098 0.250423 0.232216 0.246138 0.258059 0.257344 0.251195 0.239317 0.204958 0.121783 0.046371 0.053578 0.056467 0.053782 0.050200 0.049782 0.051072 0.067429 0.000000 0.000000 0.000000 0.000000 0.000000 0.000000 0.000000 0.000000 0.000000 0.000000 0.000000 0.000000 0.000000 0.062190 0.089086 0.106440 0.133818 0.183704 0.231275 0.248088 0.244945 0.245371 0.250954 0.263785
0.000000 0.000000 0.000000 0.000000 0.000000 0.000000 0.000000 0.055748 0.103176 0.102059 0.116631 0.139544 0.168605 0.214501 0.249934 0.254367 0.253536 0.254907 0.255828 0.258098 0.262015 0.265114 0.267474 0.264511 0.245465 0.265076 0.280082 0.280152 0.269633 0.255493 0.227658 0.154110 0.078658 0.046422 0.054468 0.052444 0.000000 0.000000 0.000000 0.000000 0.000000 0.000000 0.000000 0.000000 0.000000 0.000000 0.000000 0.000000 0.000000 0.000000 0.000000 0.033264 0.067266 0.096060 0.115348 0.157324 0.227959 0.256293 0.252991 0.242769 0.244338 0.255089 0.277233
0.000000 0.000000 0.000000 0.000000 0.000000 0.000000 0.000000 0.000000 0.116739 0.155333 0.174840 0.210280 0.244045 0.258059 0.262902 0.259546 0.247693 0.216583 0.200639 0.199063 0.211712 0.243723 0.266249 0.268508 0.264526 0.245333 0.278924 0.296186 0.295960 0.285306 0.268196 0.241648 0.179218 0.098362 0.041732 0.052092 0.052000 0.000000 0.000000 0.000000 0.000000 0.000000 0.000000 0.000000 0.000000 0.000000 0.000000 0.000000 0.000000 0.000000 0.000000 0.036943 0.073329 0.100962 0.122018 0.179609 0.252228 0.260373 0.240027 0.200088 0.255572 0.278777 0.277686
0.000000 0.000000 0.000000 0.000000 0.000000 0.000000 0.000000 0.000000 0.115961 0.166303 0.198618 0.226865 0.259574 0.264028 0.251187 0.217905 0.161591 0.109441 0.092114 0.092840 0.117708 0.185105 0.244535 0.265108 0.265538 0.255560 0.233087 0.281822 0.304322 0.304323 0.297154 0.279630 0.253019 0.192225 0.111492 0.045836 0.050120 0.049270 0.000000 0.000000 0.000000 0.000000 0.000000 0.000000 0.000000 0.000000 0.000000 0.000000 0.000000 0.000000 0.000000 0.046980 0.081922 0.105642 0.129386 0.199461 0.267791 0.265970 0.222682 0.247611 0.299610 0.313005 0.309807
0.000000 0.000000 0.000000 0.000000 0.000000 0.000000 0.000000 0.000000 0.000000 0.118949 0.164507 0.191305 0.198402 0.182380 0.143456 0.098459 0.060362 0.074273 0.073042 0.059637 0.076855 0.154967 0.222709 0.248220 0.253197 0.250043 0.231943 0.221082 0.263154 0.299194 0.302278 0.297476 0.283646 0.255940 0.193561 0.117301 0.051033 0.047763 0.000000 0.000000 0.000000 0.000000 0.000000 0.000000 0.000000 0.000000 0.000000 0.000000 0.000000 0.000000 0.000000 0.062623 0.092641 0.111030 0.138320 0.222802 0.282859 0.272017 0.203122 0.271256 0.308389 0.323269 0.331528
0.000000 0.000000 0.000000 0.000000 0.000000 0.000000 0.000000 0.000000 0.000000 0.000000 0.000000 0.059743 0.061024 0.054201 0.045156 0.065129 0.091898 0.115836 0.117061 0.106162 0.071063 0.152728 0.221182 0.236995 0.233726 0.209285 0.173940 0.176704 0.202820 0.245803 0.292267 0.302560 0.299275 0.285883 0.253416 0.185911 0.112906 0.047623 0.046118 0.000000 0.000000 0.000000 0.000000 0.000000 0.000000 0.000000 0.000000 0.000000 0.000000 0.000000 0.049368 0.081736 0.104594 0.118670 0.151185 0.253149 0.300501 0.277065 0.200767 0.272284 0.292533 0.305519 0.320563
0.000000 0.000000 0.000000 0.000000 0.000000 0.000000 0.000000 0.000000 0.000000 0.000000 0.000000 0.000000 0.000000 0.000000 0.048617 0.066463 0.095225 0.124475 0.128920 0.119495 0.078998 0.175644 0.227130 0.224207 0.202747 0.150854 0.128020 0.142142 0.153521 0.178979 0.233048 0.288448 0.300250 0.298340 0.288200 0.248823 0.173402 0.099827 0.043673 0.044545 0.000000 0.000000 0.000000 0.000000 0.000000 0.000000 0.000000 0.000000 0.000000 0.039173 0.073719 0.100446 0.115660 0.128713 0.170252 0.291239 0.329852 0.294954 0.205529 0.272349 0.282006 0.286086 0.294076
0.000000 0.000000 0.000000 0.000000 0.000000 0.000000 0.000000 0.000000 0.000000 0.000000 0.000000 0.000000 0.056330 0.055343 0.055111 0.055438 0.074298 0.122265 0.130405 0.120805 0.120871 0.200027 0.210420 0.195304 0.147351 0.096584 0.101916 0.105637 0.112422 0.126904 0.163552 0.230804 0.285880 0.290142 0.286858 0.273620 0.225487 0.147428 0.076762 0.043249 0.000000 0.000000 0.000000 0.000000 0.000000 0.000000 0.000000 0.000000 0.035214 0.069988 0.098227 0.115509 0.125141 0.141632 0.195030 0.336313 0.371466 0.334313 0.202684 0.262931 0.281279 0.285218 0.288235
0.000000 0.000000 0.000000 0.000000 0.000000 0.000000 0.000000 0.000000 0.000000 0.000000 0.069575 0.076880 0.080182 0.082558 0.084460 0.085688 0.085634 0.115031 0.128859 0.107295 0.160731 0.199110 0.190687 0.151014 0.089311 0.083054 0.078438 0.078884 0.082847 0.093956 0.120037 0.182344 0.253660 0.283691 0.283595 0.278271 0.255977 0.185194 0.108501 0.046211 0.042625 0.000000 0.000000 0.000000 0.000000 0.000000 0.000000 0.035214 0.072288 0.100926 0.116331 0.125385 0.138038 0.158492 0.223195 0.385369 0.433190 0.394519 0.275888 0.235724 0.266347 0.270029 0.270231
0.000000 0.000000 0.000000 0.000000 0.000000 0.000000 0.000000 0.000000 0.000000 0.055161 0.068643 0.078648 0.085091 0.089659 0.093334 0.095538 0.095757 0.108485 0.107361 0.109094 0.175479 0.181535 0.163847 0.103269 0.082272 0.071313 0.077596 0.081126 0.078405 0.064065 0.081801 0.137641 0.220471 0.277634 0.280123 0.276283 0.259795 0.201739 0.124913 0.058938 0.041915 0.041118 0.000000 0.000000 0.000000 0.000000 0.032544 0.074945 0.109781 0.122055 0.124398 0.135642 0.172898 0.183606 0.241633 0.416297 0.526192 0.491184 0.384758 0.276376 0.243689 0.252621 0.252693
0.000000 0.000000 0.000000 0.000000 0.000000 0.000000 0.000000 0.000000 0.055785 0.057163 0.068050 0.078148 0.085370 0.090987 0.095510 0.097223 0.097398 0.099258 0.093616 0.122499 0.161104 0.158845 0.129405 0.091352 0.075904 0.092810 0.093203 0.091750 0.089167 0.079389 0.063498 0.085208 0.163846 0.251796 0.276561 0.274030 0.260934 0.208135 0.131790 0.065591 0.041284 0.041322 0.034663 0.000000 0.024656 0.034570 0.073725 0.136858 0.135793 0.131348 0.133371 0.158964 0.220921 0.229981 0.246336 0.422344 0.603015 0.607308 0.542634 0.436693 0.337325 0.260173 0.234401
0.000000 0.000000 0.000000 0.000000 0.000000 0.000000 0.000000 0.069195 0.073663 0.073600 0.073008 0.078942 0.085439 0.091214 0.095676 0.096253 0.096119 0.094656 0.093709 0.123746 0.143003 0.137669 0.107686 0.086115 0.099661 0.104124 0.100328 0.097267 0.096222 0.089990 0.073162 0.071975 0.110416 0.203811 0.274567 0.277544 0.267164 0.213272 0.131229 0.064371 0.041715 0.042437 0.040175 0.036224 0.040777 0.075422 0.174294 0.190249 0.159053 0.141344 0.147692 0.201912 0.276534 0.293078 0.284574 0.386336 0.605563 0.656035 0.639590 0.585934 0.481586 0.374519 0.281807
0.000000 0.000000 0.000000 0.000000 0.000000 0.000000 0.063421 0.080626 0.082705 0.082257 0.080680 0.082457 0.086214 0.087523 0.086343 0.085352 0.094830 0.095248 0.092539 0.116157 0.129092 0.123974 0.097882 0.092126 0.110015 0.109867 0.103434 0.102403 0.100097 0.094528 0.097702 0.099405 0.108254 0.156312 0.257061 0.284197 0.271168 0.220633 0.133353 0.063805 0.043371 0.051942 0.053471 0.055220 0.061700 0.182312 0.277883 0.261035 0.179402 0.157809 0.173295 0.243675 0.335434 0.370303 0.369763 0.346420 0.508689 0.664107 0.673666 0.669543 0.638676 0.529913 0.371226
0.000000 0.000000 0.000000 0.000000 0.000000 0.061577 0.085582 0.098155 0.098649 0.097412 0.093379 0.083867 0.082154 0.077645 0.073922 0.073563 0.098584 0.096400 0.092701 0.106116 0.117054 0.113392 0.091473 0.099126 0.118209 0.116351 0.104266 0.103685 0.104015 0.113851 0.127632 0.141021 0.145918 0.143766 0.227128 0.287224 0.267196 0.230325 0.143515 0.070013 0.044893 0.057419 0.067842 0.120487 0.154621 0.331185 0.386295 0.342557 0.211042 0.179367 0.194615 0.271362 0.384536 0.446559 0.448991 0.442192 0.403580 0.525467 0.654908 0.683932 0.679651 0.646294 0.512352
0.000000 0.000000 0.000000 0.000000 0.067532 0.101761 0.115258 0.118138 0.117909 0.116164 0.110604 0.095759 0.077885 0.065474 0.064520 0.071644 0.105548 0.103822 0.090911 0.101197 0.109747 0.105187 0.080665 0.108012 0.127524 0.121808 0.101968 0.098704 0.125555 0.144780 0.166304 0.172432 0.171952 0.169529 0.182732 0.290499 0.291639 0.241314 0.173462 0.097014 0.052570 0.065364 0.111442 0.258252 0.308579 0.475957 0.505598 0.434420 0.257462 0.203418 0.216298 0.294468 0.436998 0.514984 0.517174 0.509039 0.460069 0.385522 0.490252 0.587268 0.630765 0.629765 0.573336
0.000000 0.000000 0.000000 0.077716 0.129726 0.145697 0.146353 0.140173 0.128718 0.126789 0.121602 0.106264 0.097263 0.115675 0.128649 0.137247 0.140363 0.139339 0.136279 0.129464 0.120316 0.108389 0.094026 0.123194 0.139034 0.128359 0.101489 0.120801 0.149506 0.176885 0.188850 0.188489 0.187485 0.185581 0.183271 0.276213 0.312075 0.282794 0.211079 0.152238 0.098069 0.120922 0.224224 0.419764 0.508108 0.544555 0.586189 0.518752 0.314895 0.229293 0.238837 0.316319 0.490765 0.547984 0.548470 0.534518 0.479919 0.361372 0.365145 0.421623 0.473713 0.503226 0.502095
0.000000 0.000000 0.077691 0.121597 0.145979 0.151977 0.157259 0.153507 0.137556 0.141862 0.168794 0.189410 0.204072 0.213927 0.216754 0.215052 0.209918 0.203168 0.195744 0.185844 0.174827 0.162741 0.149578 0.141980 0.148504 0.131634 0.138648 0.160151 0.182112 0.196422 0.196719 0.195796 0.194058 0.192078 0.192579 0.240679 0.329154 0.323901 0.275753 0.227318 0.233679 0.269143 0.398420 0.602268 0.653790 0.613401 0.616517 0.546989 0.332292 0.244206 0.277668 0.344040 0.515511 0.556133 0.553122 0.517325 0.389646 0.274559 0.298064 0.313274 0.328697 0.351200 0.368114
0.000000 0.075074 0.110949 0.129456 0.129714 0.144507 0.183791 0.219973 0.250003 0.271651 0.284308 0.286162 0.284267 0.280516 0.274612 0.268006 0.260106 0.252567 0.245130 0.236313 0.227164 0.216336 0.204498 0.194072 0.185795 0.184722 0.186828 0.194092 0.198566 0.199219 0.198239 0.194567 0.189990 0.188292 0.202547 0.275117 0.311319 0.374820 0.361357 0.365978 0.401308 0.500707 0.647885 0.739177 0.726836 0.639570 0.617485 0.515371 0.312489 0.261064 0.334763 0.392881 0.548970 0.558035 0.526231 0.394774 0.251888 0.238308 0.212582 0.192107 0.177605 0.181763 0.199162
0.119361 0.159675 0.200038 0.238545 0.274759 0.304370 0.323885 0.334794 0.334909 0.331368 0.324309 0.316032 0.306758 0.297954 0.289487 0.281747 0.274282 0.267733 0.261502 0.254960 0.249079 0.243050 0.235459 0.228298 0.221068 0.214860 0.211631 0.209789 0.208256 0.207968 0.203577 0.199498 0.195206 0.190634 0.231213 0.319974 0.372012 0.429642 0.473762 0.486817 0.582495 0.663594 0.704173 0.699061 0.635618 0.579550 0.568402 0.458008 0.301814 0.281746 0.403692 0.456140 0.569128 0.545438 0.407135 0.226435 0.193515 0.144139 0.099673 0.067224 0.092033 0.122275 0.136545
0.327391 0.342932 0.356350 0.366411 0.372720 0.372693 0.368901 0.359622 0.350505 0.339861 0.329644 0.319345 0.308132 0.297613 0.288077 0.280506 0.274181 0.269155 0.264274 0.258807 0.254009 0.249681 0.244977 0.240711 0.235525 0.228979 0.222827 0.219404 0.220057 0.216847 0.208228 0.197153 0.194229 0.191392 0.268574 0.365373 0.450741 0.477492 0.461919 0.515654 0.616517 0.621213 0.602538 0.527346 0.505717 0.535094 0.510040 0.385115 0.289982 0.292107 0.461254 0.515894 0.533703 0.438725 0.215378 0.158658 0.091416 0.000000 0.000000 0.000000 0.085097 0.124037 0.165113
