tests/test_04/output4/CloudLoad_240.00hrs.dat
NCOLS   360
NROWS    60
XLLCORNER           0.000
YLLCORNER           0.000
CELLSIZE           1.000          1.000
NODATA_VALUE  0.000
[rows 0 to 33 of 60, columns 0 to 76 of 360]
0.000 0.000 0.000 0.000 0.000 0.000 0.000 0.000 0.249 0.280 0.284 0.273 0.229 0.000 0.000 0.000 0.000 0.000 0.000 0.200 0.247 0.300 0.351 0.434 0.471 0.497 0.439 0.305 0.000 0.000 0.000 0.000 0.000 0.000 0.000 0.000 0.000 0.000 0.000 0.000 0.000 0.000 0.000 0.000 0.000 0.000 0.000 0.000 0.000 0.000 0.000 0.000 0.000 0.000 0.000 0.000 0.000 0.000 0.000 0.000 0.000 0.257 0.372 0.500 0.621 0.624 0.554 0.355 0.000 0.000 0.000 0.000 0.000 0.000 0.000 0.000 0.000
0.000 0.000 0.000 0.000 0.000 0.000 0.000 0.000 0.265 0.269 0.258 0.222 0.000 0.000 0.000 0.000 0.000 0.000 0.000 0.000 0.209 0.253 0.311 0.378 0.456 0.578 0.677 0.724 0.668 0.516 0.389 0.295 0.230 0.000 0.000 0.000 0.000 0.000 0.000 0.000 0.000 0.000 0.000 0.000 0.000 0.000 0.000 0.000 0.000 0.000 0.000 0.000 0.000 0.000 0.000 0.000 0.000 0.000 0.000 0.000 0.350 0.458 0.546 0.628 0.706 0.731 0.720 0.687 0.491 0.000 0.000 0.000 0.000 0.000 0.000 0.000 0.000
0.000 0.000 0.000 0.000 0.000 0.000 0.000 0.205 0.280 0.268 0.233 0.205 0.000 0.000 0.000 0.000 0.000 0.000 0.000 0.000 0.000 0.218 0.263 0.324 0.407 0.493 0.596 0.724 0.805 0.811 0.698 0.573 0.474 0.410 0.364 0.332 0.308 0.286 0.262 0.228 0.000 0.000 0.000 0.000 0.000 0.000 0.000 0.000 0.000 0.000 0.000 0.000 0.000 0.000 0.000 0.000 0.000 0.000 0.325 0.492 0.609 0.693 0.746 0.776 0.793 0.788 0.769 0.766 0.723 0.474 0.000 0.000 0.000 0.000 0.000 0.000 0.000
0.000 0.000 0.000 0.000 0.000 0.000 0.000 0.227 0.289 0.263 0.208 0.000 0.000 0.000 0.000 0.000 0.000 0.000 0.000 0.000 0.000 0.000 0.200 0.234 0.284 0.372 0.473 0.564 0.683 0.778 0.830 0.775 0.704 0.627 0.531 0.456 0.400 0.357 0.324 0.291 0.251 0.202 0.000 0.000 0.000 0.000 0.000 0.000 0.000 0.000 0.000 0.000 0.000 0.000 0.000 0.000 0.294 0.502 0.668 0.764 0.822 0.844 0.846 0.849 0.848 0.834 0.810 0.794 0.765 0.633 0.329 0.000 0.000 0.000 0.000 0.000 0.000
0.000 0.000 0.000 0.000 0.000 0.000 0.000 0.254 0.301 0.259 0.000 0.000 0.000 0.000 0.000 0.000 0.000 0.000 0.000 0.000 0.000 0.000 0.000 0.000 0.000 0.227 0.285 0.373 0.469 0.560 0.663 0.731 0.721 0.683 0.638 0.557 0.488 0.457 0.438 0.420 0.401 0.380 0.358 0.344 0.333 0.273 0.000 0.000 0.000 0.000 0.000 0.000 0.000 0.000 0.227 0.463 0.663 0.796 0.861 0.883 0.881 0.861 0.846 0.843 0.849 0.860 0.870 0.857 0.829 0.736 0.465 0.000 0.000 0.000 0.000 0.000 0.000
0.000 0.000 0.000 0.000 0.000 0.000 0.000 0.282 0.315 0.254 0.000 0.000 0.201 0.205 0.221 0.238 0.270 0.278 0.254 0.246 0.213 0.000 0.000 0.000 0.000 0.000 0.000 0.219 0.283 0.372 0.426 0.480 0.571 0.636 0.644 0.625 0.581 0.531 0.518 0.516 0.512 0.496 0.454 0.392 0.254 0.000 0.000 0.000 0.000 0.000 0.000 0.000 0.000 0.327 0.572 0.753 0.841 0.889 0.900 0.855 0.814 0.787 0.772 0.768 0.778 0.814 0.862 0.883 0.878 0.790 0.562 0.295 0.000 0.000 0.000 0.000 0.000
0.000 0.000 0.000 0.000 0.000 0.000 0.000 0.315 0.337 0.259 0.000 0.000 0.000 0.230 0.289 0.329 0.378 0.406 0.394 0.403 0.377 0.327 0.278 0.203 0.000 0.000 0.000 0.000 0.000 0.219 0.297 0.370 0.402 0.439 0.503 0.563 0.599 0.596 0.562 0.524 0.492 0.460 0.400 0.237 0.000 0.000 0.000 0.000 0.000 0.000 0.000 0.000 0.344 0.589 0.747 0.824 0.884 0.882 0.825 0.781 0.780 0.776 0.760 0.736 0.741 0.781 0.826 0.854 0.871 0.800 0.604 0.388 0.252 0.000 0.000 0.000 0.000
0.000 0.000 0.000 0.000 0.000 0.000 0.000 0.355 0.373 0.291 0.000 0.204 0.220 0.292 0.394 0.453 0.518 0.572 0.571 0.589 0.578 0.533 0.484 0.395 0.291 0.000 0.000 0.000 0.000 0.000 0.000 0.236 0.318 0.373 0.396 0.438 0.494 0.565 0.552 0.488 0.446 0.370 0.000 0.000 0.000 0.000 0.000 0.000 0.000 0.000 0.000 0.279 0.528 0.691 0.766 0.842 0.860 0.832 0.868 0.933 1.004 0.996 0.961 0.877 0.797 0.764 0.796 0.830 0.840 0.763 0.627 0.472 0.347 0.274 0.000 0.000 0.000
0.000 0.000 0.000 0.000 0.000 0.000 0.204 0.401 0.419 0.349 0.261 0.281 0.312 0.406 0.535 0.609 0.654 0.673 0.669 0.680 0.693 0.697 0.677 0.623 0.531 0.408 0.266 0.000 0.000 0.000 0.000 0.000 0.000 0.236 0.290 0.328 0.375 0.445 0.469 0.400 0.337 0.000 0.000 0.000 0.000 0.000 0.000 0.000 0.000 0.000 0.000 0.386 0.586 0.663 0.738 0.806 0.845 0.931 1.067 1.191 1.239 1.233 1.190 1.077 0.942 0.816 0.795 0.819 0.820 0.755 0.678 0.585 0.490 0.395 0.271 0.000 0.000
0.000 0.000 0.000 0.000 0.000 0.000 0.219 0.430 0.478 0.433 0.372 0.410 0.462 0.561 0.664 0.693 0.697 0.699 0.692 0.698 0.717 0.745 0.786 0.766 0.715 0.634 0.516 0.352 0.000 0.000 0.000 0.000 0.000 0.000 0.000 0.219 0.268 0.324 0.341 0.277 0.000 0.000 0.000 0.000 0.000 0.000 0.000 0.000 0.000 0.000 0.000 0.446 0.603 0.635 0.678 0.741 0.872 1.071 1.242 1.283 1.317 1.359 1.363 1.297 1.136 0.975 0.877 0.868 0.844 0.785 0.740 0.707 0.662 0.542 0.394 0.207 0.000
0.000 0.000 0.000 0.000 0.000 0.000 0.223 0.439 0.527 0.537 0.523 0.566 0.631 0.680 0.709 0.712 0.689 0.622 0.566 0.552 0.578 0.699 0.842 0.888 0.859 0.791 0.699 0.589 0.432 0.252 0.000 0.000 0.000 0.000 0.000 0.000 0.000 0.249 0.250 0.000 0.000 0.000 0.000 0.000 0.000 0.000 0.000 0.000 0.000 0.000 0.222 0.492 0.599 0.609 0.611 0.693 0.941 1.189 1.265 1.263 1.291 1.403 1.461 1.473 1.418 1.285 1.158 1.053 0.958 0.879 0.844 0.829 0.811 0.750 0.550 0.353 0.000
0.000 0.000 0.000 0.000 0.000 0.000 0.000 0.400 0.535 0.589 0.606 0.645 0.695 0.707 0.693 0.622 0.499 0.380 0.318 0.318 0.353 0.505 0.800 1.019 1.010 0.965 0.865 0.746 0.635 0.496 0.310 0.000 0.000 0.000 0.000 0.000 0.000 0.212 0.214 0.000 0.000 0.000 0.000 0.000 0.000 0.000 0.000 0.000 0.000 0.000 0.288 0.526 0.580 0.551 0.530 0.683 1.011 1.246 1.249 1.235 1.287 1.452 1.546 1.611 1.690 1.718 1.691 1.594 1.394 1.183 1.038 0.978 0.959 0.931 0.806 0.558 0.301
0.000 0.000 0.000 0.000 0.000 0.000 0.000 0.256 0.414 0.544 0.615 0.629 0.622 0.577 0.469 0.351 0.254 0.000 0.000 0.213 0.268 0.418 0.756 1.086 1.141 1.109 1.049 0.914 0.771 0.642 0.522 0.348 0.000 0.000 0.000 0.000 0.000 0.000 0.000 0.000 0.000 0.000 0.000 0.000 0.000 0.000 0.000 0.000 0.000 0.000 0.378 0.520 0.520 0.466 0.486 0.714 1.085 1.244 1.211 1.170 1.294 1.528 1.686 1.782 1.893 1.994 2.129 2.173 2.060 1.831 1.513 1.243 1.113 1.074 1.043 0.871 0.576
0.000 0.000 0.000 0.000 0.000 0.000 0.000 0.000 0.000 0.271 0.347 0.352 0.342 0.293 0.234 0.000 0.000 0.000 0.000 0.000 0.258 0.422 0.777 1.137 1.211 1.181 1.142 1.072 0.918 0.765 0.629 0.509 0.334 0.000 0.000 0.000 0.000 0.000 0.000 0.000 0.000 0.000 0.000 0.000 0.000 0.000 0.000 0.000 0.000 0.250 0.453 0.512 0.454 0.412 0.509 0.792 1.158 1.223 1.133 1.053 1.151 1.308 1.511 1.679 1.850 2.048 2.254 2.419 2.475 2.390 2.193 1.848 1.493 1.274 1.204 1.185 0.994
0.000 0.000 0.000 0.000 0.000 0.000 0.000 0.000 0.000 0.000 0.000 0.000 0.000 0.000 0.000 0.000 0.000 0.000 0.000 0.000 0.280 0.521 0.914 1.209 1.234 1.203 1.172 1.132 1.043 0.896 0.747 0.614 0.484 0.305 0.000 0.000 0.000 0.000 0.000 0.000 0.000 0.000 0.000 0.000 0.000 0.000 0.000 0.000 0.000 0.362 0.489 0.457 0.394 0.414 0.576 0.905 1.252 1.232 1.104 1.031 1.044 1.132 1.203 1.307 1.450 1.650 1.929 2.287 2.606 2.735 2.698 2.537 2.193 1.744 1.440 1.406 1.425
0.000 0.000 0.000 0.000 0.000 0.000 0.000 0.000 0.000 0.000 0.000 0.000 0.000 0.000 0.000 0.000 0.000 0.000 0.000 0.232 0.412 0.761 1.042 1.198 1.147 1.087 1.080 1.093 1.069 0.962 0.832 0.694 0.569 0.407 0.234 0.000 0.000 0.000 0.000 0.000 0.000 0.000 0.000 0.000 0.000 0.000 0.000 0.000 0.302 0.459 0.462 0.401 0.388 0.473 0.670 1.049 1.341 1.251 1.102 1.025 1.032 1.057 1.096 1.104 1.111 1.192 1.398 1.702 2.116 2.530 2.869 2.889 2.777 2.403 1.892 1.616 1.650
0.000 0.000 0.000 0.000 0.000 0.000 0.000 0.000 0.000 0.000 0.000 0.000 0.000 0.000 0.000 0.000 0.000 0.000 0.205 0.331 0.594 0.877 1.020 0.911 0.728 0.565 0.569 0.657 0.856 0.949 0.907 0.770 0.639 0.508 0.314 0.000 0.000 0.000 0.000 0.000 0.000 0.000 0.000 0.000 0.000 0.000 0.000 0.267 0.434 0.483 0.424 0.405 0.445 0.569 0.785 1.248 1.440 1.306 1.118 1.009 0.982 0.965 0.961 0.994 1.046 1.096 1.142 1.363 1.648 2.024 2.663 3.110 3.150 2.989 2.478 1.962 1.845
0.000 0.000 0.000 0.000 0.000 0.000 0.000 0.000 0.000 0.000 0.000 0.000 0.000 0.000 0.000 0.000 0.000 0.000 0.270 0.419 0.712 0.883 0.766 0.615 0.343 0.000 0.208 0.276 0.430 0.740 0.882 0.847 0.737 0.610 0.391 0.203 0.000 0.000 0.000 0.000 0.000 0.000 0.000 0.000 0.000 0.000 0.256 0.416 0.519 0.465 0.435 0.454 0.549 0.658 0.927 1.499 1.699 1.555 1.326 1.183 1.117 1.058 0.989 0.947 0.951 0.995 1.054 1.187 1.490 1.697 2.274 3.077 3.396 3.360 2.903 2.322 2.108
0.000 0.000 0.000 0.000 0.000 0.000 0.000 0.000 0.000 0.000 0.000 0.000 0.000 0.000 0.000 0.000 0.000 0.226 0.325 0.496 0.737 0.696 0.596 0.389 0.000 0.000 0.230 0.327 0.391 0.558 0.881 0.991 0.901 0.763 0.535 0.297 0.226 0.215 0.000 0.000 0.000 0.000 0.000 0.000 0.205 0.260 0.412 0.569 0.551 0.471 0.465 0.548 0.663 0.784 1.116 1.763 2.192 2.115 1.905 1.647 1.488 1.402 1.301 1.190 1.093 1.021 1.008 1.070 1.359 1.572 1.881 2.726 3.286 3.518 3.159 2.629 2.313
0.000 0.000 0.000 0.000 0.000 0.000 0.000 0.000 0.000 0.000 0.000 0.000 0.000 0.000 0.000 0.000 0.000 0.303 0.381 0.537 0.675 0.598 0.500 0.289 0.000 0.252 0.368 0.516 0.634 0.767 0.961 1.228 1.219 1.071 0.827 0.502 0.309 0.251 0.217 0.000 0.000 0.000 0.212 0.233 0.272 0.408 0.671 0.702 0.574 0.495 0.536 0.702 0.884 1.112 1.558 2.257 2.806 2.792 2.587 2.223 1.845 1.552 1.424 1.343 1.249 1.166 1.052 0.994 1.212 1.468 1.661 2.421 3.000 3.428 3.318 2.800 2.459
0.000 0.000 0.000 0.000 0.000 0.000 0.000 0.000 0.000 0.000 0.000 0.000 0.000 0.000 0.000 0.000 0.265 0.380 0.419 0.548 0.647 0.560 0.470 0.303 0.275 0.393 0.551 0.780 0.959 1.109 1.262 1.449 1.555 1.432 1.211 0.859 0.519 0.337 0.246 0.000 0.000 0.000 0.245 0.295 0.430 0.755 0.997 0.891 0.614 0.571 0.684 1.020 1.393 1.702 2.000 2.431 2.975 3.228 3.107 2.890 2.445 1.817 1.366 1.282 1.240 1.203 1.160 1.041 1.106 1.333 1.528 2.150 2.763 3.224 3.413 3.029 2.771
0.000 0.000 0.000 0.000 0.000 0.000 0.000 0.000 0.000 0.000 0.000 0.000 0.000 0.000 0.000 0.262 0.399 0.479 0.496 0.581 0.638 0.543 0.493 0.404 0.412 0.570 0.805 1.053 1.232 1.389 1.528 1.670 1.805 1.796 1.594 1.301 0.882 0.520 0.312 0.000 0.000 0.253 0.335 0.470 0.754 1.243 1.385 1.114 0.756 0.760 1.065 1.615 1.974 2.085 2.143 2.304 2.694 3.106 3.242 3.083 2.876 2.388 1.528 1.088 1.070 1.090 1.132 1.127 1.105 1.219 1.340 1.866 2.591 2.973 3.414 3.482 3.230
0.000 0.000 0.000 0.000 0.000 0.000 0.000 0.000 0.000 0.000 0.000 0.000 0.230 0.315 0.413 0.527 0.637 0.696 0.693 0.754 0.793 0.689 0.622 0.535 0.595 0.802 1.067 1.268 1.455 1.614 1.702 1.756 1.899 2.010 1.910 1.712 1.369 0.875 0.515 0.300 0.261 0.370 0.523 0.758 1.219 1.794 1.752 1.390 1.020 1.168 1.685 2.108 2.220 2.217 2.178 2.075 2.049 2.271 2.618 2.637 2.544 2.412 1.951 1.124 0.822 0.847 0.907 0.995 1.110 1.193 1.175 1.423 2.166 2.877 3.300 3.768 3.905
0.000 0.000 0.000 0.000 0.000 0.000 0.000 0.000 0.238 0.337 0.442 0.547 0.632 0.700 0.759 0.827 0.905 0.968 0.983 1.103 1.161 1.039 0.883 0.796 0.894 1.080 1.290 1.485 1.672 1.795 1.830 1.852 1.959 2.138 2.175 2.081 1.889 1.397 0.924 0.593 0.435 0.536 0.751 1.099 1.668 2.237 2.108 1.836 1.455 1.756 2.168 2.262 2.288 2.138 1.787 1.500 1.453 1.670 1.958 2.224 2.202 2.134 1.982 1.420 0.723 0.628 0.729 0.801 0.916 1.107 1.114 1.083 1.438 2.300 2.939 3.612 4.179
0.000 0.000 0.000 0.000 0.276 0.415 0.567 0.717 0.851 0.950 1.018 1.074 1.131 1.177 1.230 1.300 1.359 1.409 1.475 1.599 1.546 1.385 1.193 1.141 1.242 1.363 1.524 1.713 1.857 1.912 1.915 1.915 2.027 2.245 2.408 2.399 2.355 1.970 1.465 1.118 0.831 0.873 1.170 1.645 2.317 2.704 2.556 2.218 1.930 2.219 2.355 2.327 2.037 1.582 1.277 1.253 1.456 1.574 1.666 1.754 1.824 1.841 1.816 1.583 0.826 0.367 0.475 0.630 0.798 0.953 1.048 0.975 0.935 1.296 2.109 2.817 3.528
0.000 0.290 0.564 0.820 1.047 1.221 1.361 1.477 1.554 1.600 1.634 1.646 1.650 1.658 1.676 1.710 1.750 1.833 1.969 2.010 1.861 1.642 1.473 1.470 1.543 1.622 1.733 1.879 1.954 1.935 1.863 1.897 2.066 2.311 2.558 2.694 2.766 2.566 2.108 1.765 1.555 1.662 2.087 2.570 3.041 3.076 2.922 2.510 2.274 2.455 2.458 2.034 1.509 1.240 1.272 1.468 1.487 1.464 1.287 1.169 1.100 1.055 1.040 0.985 0.690 0.292 0.220 0.350 0.539 0.789 0.912 0.937 0.817 0.765 0.966 1.599 2.344
0.993 1.342 1.598 1.782 1.917 2.002 2.065 2.084 2.083 2.057 2.015 1.960 1.910 1.874 1.851 1.866 1.958 2.101 2.185 2.094 1.886 1.722 1.665 1.693 1.753 1.822 1.914 2.018 2.050 1.960 1.858 2.008 2.263 2.609 2.917 3.087 3.158 3.081 2.765 2.554 2.486 2.676 2.995 3.250 3.322 3.166 2.948 2.537 2.467 2.586 2.128 1.500 1.270 1.331 1.470 1.450 1.228 0.932 0.681 0.495 0.373 0.300 0.284 0.290 0.286 0.201 0.000 0.000 0.230 0.427 0.642 0.767 0.785 0.708 0.646 0.712 1.008
2.118 2.257 2.365 2.454 2.499 2.523 2.483 2.393 2.289 2.186 2.095 2.015 1.957 1.924 1.932 2.031 2.132 2.198 2.148 1.963 1.830 1.799 1.814 1.866 1.930 1.988 2.058 2.098 2.063 2.030 2.246 2.669 2.910 3.129 3.394 3.463 3.498 3.398 3.206 3.042 3.056 3.174 3.317 3.415 3.289 3.138 2.868 2.502 2.582 2.244 1.583 1.297 1.375 1.496 1.391 1.093 0.704 0.386 0.000 0.000 0.000 0.000 0.000 0.000 0.000 0.000 0.000 0.000 0.000 0.000 0.256 0.404 0.539 0.601 0.588 0.561 0.570
2.783 2.862 2.886 2.860 2.756 2.619 2.463 2.287 2.097 1.920 1.770 1.654 1.583 1.589 1.667 1.786 1.817 1.770 1.649 1.606 1.665 1.730 1.799 1.876 1.953 1.986 2.020 1.989 2.009 2.452 2.921 3.199 3.184 3.256 3.514 3.593 3.662 3.617 3.410 3.210 3.190 3.232 3.261 3.244 3.058 2.795 2.463 2.520 2.340 1.709 1.322 1.458 1.645 1.464 1.065 0.585 0.211 0.000 0.000 0.000 0.000 0.000 0.000 0.000 0.000 0.000 0.000 0.000 0.000 0.000 0.000 0.000 0.000 0.315 0.409 0.465 0.500
2.930 2.870 2.723 2.545 2.328 2.081 1.812 1.562 1.356 1.199 1.091 1.037 1.046 1.089 1.149 1.145 1.073 0.974 0.962 1.045 1.171 1.318 1.478 1.621 1.708 1.734 1.782 1.854 2.322 2.901 2.944 2.996 2.907 2.948 3.328 3.525 3.566 3.506 3.180 2.847 2.831 2.962 3.010 2.783 2.520 2.435 2.533 2.419 1.813 1.379 1.430 1.749 1.719 1.227 0.614 0.000 0.000 0.000 0.000 0.000 0.000 0.000 0.000 0.000 0.000 0.000 0.000 0.000 0.000 0.000 0.000 0.000 0.000 0.000 0.000 0.276 0.367
2.483 2.284 2.036 1.734 1.449 1.192 1.005 0.879 0.803 0.766 0.757 0.771 0.813 0.822 0.771 0.662 0.558 0.520 0.540 0.596 0.684 0.810 0.980 1.162 1.329 1.406 1.516 1.933 2.475 2.634 2.510 2.443 2.365 2.470 2.956 3.237 3.264 3.022 2.601 2.388 2.589 2.693 2.613 2.537 2.543 2.659 2.467 1.820 1.347 1.333 1.665 1.943 1.509 0.808 0.000 0.000 0.000 0.000 0.000 0.000 0.000 0.000 0.000 0.000 0.000 0.000 0.000 0.000 0.000 0.000 0.000 0.000 0.000 0.000 0.000 0.000 0.000
1.539 1.268 1.080 0.960 0.848 0.765 0.699 0.651 0.621 0.613 0.621 0.640 0.611 0.531 0.415 0.326 0.284 0.279 0.288 0.307 0.344 0.432 0.561 0.715 0.904 1.015 1.283 1.885 2.113 1.986 1.887 2.081 2.260 2.408 2.857 2.987 2.824 2.670 2.412 2.521 2.784 2.804 2.787 2.778 2.650 2.205 1.587 1.212 1.209 1.468 1.937 1.836 1.149 0.380 0.000 0.000 0.000 0.000 0.000 0.000 0.000 0.000 0.000 0.000 0.000 0.000 0.000 0.000 0.000 0.000 0.000 0.000 0.000 0.000 0.000 0.000 0.000
0.766 0.741 0.734 0.704 0.642 0.586 0.539 0.494 0.455 0.436 0.409 0.363 0.287 0.201 0.000 0.000 0.000 0.000 0.000 0.000 0.000 0.236 0.320 0.475 0.647 0.810 1.276 1.630 1.563 1.516 1.801 2.147 2.256 2.291 2.586 2.717 2.890 2.968 2.903 2.952 2.887 2.732 2.619 2.421 1.832 1.334 1.112 1.114 1.281 1.683 1.988 1.568 0.760 0.000 0.000 0.000 0.000 0.000 0.000 0.000 0.000 0.000 0.000 0.000 0.000 0.000 0.000 0.000 0.000 0.000 0.000 0.000 0.000 0.000 0.000 0.000 0.000
0.557 0.557 0.541 0.497 0.438 0.380 0.311 0.255 0.211 0.000 0.000 0.000 0.000 0.000 0.000 0.000 0.000 0.000 0.000 0.000 0.000 0.000 0.238 0.424 0.556 0.821 1.246 1.268 1.134 1.406 1.851 2.190 2.160 2.167 2.677 3.178 3.554 3.487 3.095 2.904 2.898 2.737 2.393 1.748 1.277 1.090 1.029 1.068 1.257 1.668 1.700 1.118 0.367 0.000 0.000 0.000 0.000 0.000 0.000 0.000 0.000 0.000 0.000 0.000 0.000 0.000 0.000 0.000 0.000 0.000 0.000 0.000 0.000 0.000 0.000 0.000 0.000
