tests/test_04/output4/CloudLoad_240.00hrs.dat
NCOLS   360
NROWS    60
XLLCORNER           0.000
YLLCORNER           0.000
CELLSIZE           1.000          1.000
NODATA_VALUE  0.000
[rows 0 to 33 of 60, columns 0 to 76 of 360]
0.000 0.000 0.000 0.000 0.000 0.000 0.000 0.000 0.248 0.280 0.283 0.273 0.229 0.000 0.000 0.000 0.000 0.000 0.000 0.000 0.246 0.300 0.351 0.433 0.470 0.495 0.438 0.304 0.000 0.000 0.000 0.000 0.000 0.000 0.000 0.000 0.000 0.000 0.000 0.000 0.000 0.000 0.000 0.000 0.000 0.000 0.000 0.000 0.000 0.000 0.000 0.000 0.000 0.000 0.000 0.000 0.000 0.000 0.000 0.000 0.000 0.256 0.371 0.499 0.621 0.624 0.552 0.355 0.000 0.000 0.000 0.000 0.000 0.000 0.000 0.000 0.000
0.000 0.000 0.000 0.000 0.000 0.000 0.000 0.000 0.264 0.269 0.258 0.222 0.000 0.000 0.000 0.000 0.000 0.000 0.000 0.000 0.209 0.253 0.310 0.377 0.455 0.576 0.676 0.722 0.668 0.515 0.389 0.295 0.230 0.000 0.000 0.000 0.000 0.000 0.000 0.000 0.000 0.000 0.000 0.000 0.000 0.000 0.000 0.000 0.000 0.000 0.000 0.000 0.000 0.000 0.000 0.000 0.000 0.000 0.000 0.000 0.349 0.456 0.545 0.627 0.703 0.732 0.720 0.687 0.491 0.000 0.000 0.000 0.000 0.000 0.000 0.000 0.000
0.000 0.000 0.000 0.000 0.000 0.000 0.000 0.205 0.279 0.268 0.233 0.206 0.000 0.000 0.000 0.000 0.000 0.000 0.000 0.000 0.000 0.218 0.263 0.324 0.406 0.492 0.595 0.723 0.805 0.810 0.698 0.573 0.474 0.410 0.364 0.333 0.309 0.286 0.263 0.229 0.000 0.000 0.000 0.000 0.000 0.000 0.000 0.000 0.000 0.000 0.000 0.000 0.000 0.000 0.000 0.000 0.000 0.000 0.324 0.490 0.607 0.691 0.744 0.775 0.791 0.788 0.769 0.766 0.723 0.475 0.000 0.000 0.000 0.000 0.000 0.000 0.000
0.000 0.000 0.000 0.000 0.000 0.000 0.000 0.227 0.289 0.263 0.208 0.000 0.000 0.000 0.000 0.000 0.000 0.000 0.000 0.000 0.000 0.000 0.200 0.234 0.284 0.371 0.473 0.563 0.681 0.777 0.830 0.775 0.704 0.627 0.531 0.456 0.400 0.357 0.325 0.292 0.251 0.203 0.000 0.000 0.000 0.000 0.000 0.000 0.000 0.000 0.000 0.000 0.000 0.000 0.000 0.000 0.293 0.499 0.666 0.762 0.820 0.843 0.845 0.848 0.847 0.833 0.809 0.793 0.765 0.635 0.329 0.000 0.000 0.000 0.000 0.000 0.000
0.000 0.000 0.000 0.000 0.000 0.000 0.000 0.253 0.301 0.259 0.000 0.000 0.000 0.000 0.000 0.000 0.000 0.000 0.000 0.000 0.000 0.000 0.000 0.000 0.000 0.227 0.285 0.373 0.469 0.559 0.663 0.730 0.720 0.683 0.638 0.557 0.488 0.457 0.438 0.420 0.402 0.381 0.358 0.344 0.333 0.272 0.000 0.000 0.000 0.000 0.000 0.000 0.000 0.000 0.226 0.461 0.661 0.794 0.860 0.882 0.880 0.860 0.845 0.842 0.848 0.859 0.869 0.856 0.828 0.737 0.464 0.000 0.000 0.000 0.000 0.000 0.000
0.000 0.000 0.000 0.000 0.000 0.000 0.000 0.282 0.315 0.254 0.000 0.000 0.201 0.205 0.221 0.238 0.270 0.278 0.254 0.246 0.213 0.000 0.000 0.000 0.000 0.000 0.000 0.219 0.284 0.372 0.426 0.479 0.570 0.635 0.643 0.624 0.580 0.530 0.517 0.515 0.511 0.495 0.453 0.392 0.254 0.000 0.000 0.000 0.000 0.000 0.000 0.000 0.000 0.326 0.571 0.750 0.839 0.888 0.899 0.854 0.814 0.787 0.771 0.767 0.777 0.813 0.862 0.883 0.877 0.791 0.562 0.295 0.000 0.000 0.000 0.000 0.000
0.000 0.000 0.000 0.000 0.000 0.000 0.000 0.315 0.337 0.259 0.000 0.000 0.000 0.230 0.289 0.329 0.379 0.406 0.394 0.403 0.377 0.327 0.278 0.203 0.000 0.000 0.000 0.000 0.000 0.219 0.297 0.370 0.401 0.439 0.502 0.563 0.598 0.595 0.561 0.523 0.492 0.460 0.399 0.237 0.000 0.000 0.000 0.000 0.000 0.000 0.000 0.000 0.343 0.587 0.745 0.822 0.882 0.881 0.824 0.780 0.779 0.774 0.759 0.735 0.740 0.780 0.825 0.854 0.871 0.800 0.605 0.388 0.252 0.000 0.000 0.000 0.000
0.000 0.000 0.000 0.000 0.000 0.000 0.000 0.355 0.374 0.292 0.000 0.204 0.221 0.293 0.394 0.453 0.519 0.572 0.571 0.589 0.579 0.533 0.485 0.396 0.291 0.000 0.000 0.000 0.000 0.000 0.000 0.236 0.318 0.373 0.396 0.438 0.494 0.564 0.552 0.487 0.445 0.370 0.000 0.000 0.000 0.000 0.000 0.000 0.000 0.000 0.000 0.278 0.527 0.689 0.764 0.840 0.859 0.832 0.867 0.932 1.003 0.994 0.960 0.876 0.796 0.763 0.796 0.830 0.840 0.764 0.629 0.472 0.346 0.275 0.000 0.000 0.000
0.000 0.000 0.000 0.000 0.000 0.000 0.204 0.402 0.420 0.349 0.262 0.282 0.313 0.407 0.535 0.610 0.655 0.673 0.669 0.679 0.693 0.697 0.677 0.624 0.531 0.408 0.266 0.000 0.000 0.000 0.000 0.000 0.000 0.237 0.290 0.328 0.375 0.444 0.469 0.400 0.337 0.000 0.000 0.000 0.000 0.000 0.000 0.000 0.000 0.000 0.000 0.386 0.585 0.662 0.736 0.805 0.844 0.931 1.066 1.190 1.238 1.232 1.189 1.077 0.941 0.815 0.794 0.818 0.821 0.755 0.678 0.584 0.489 0.395 0.272 0.000 0.000
0.000 0.000 0.000 0.000 0.000 0.000 0.219 0.431 0.479 0.434 0.373 0.411 0.463 0.562 0.664 0.694 0.697 0.699 0.692 0.697 0.716 0.745 0.786 0.767 0.715 0.634 0.516 0.352 0.000 0.000 0.000 0.000 0.000 0.000 0.000 0.219 0.268 0.324 0.341 0.277 0.000 0.000 0.000 0.000 0.000 0.000 0.000 0.000 0.000 0.000 0.000 0.446 0.603 0.635 0.677 0.740 0.870 1.070 1.240 1.282 1.316 1.358 1.362 1.296 1.134 0.974 0.876 0.868 0.844 0.785 0.739 0.705 0.661 0.541 0.395 0.208 0.000
0.000 0.000 0.000 0.000 0.000 0.000 0.224 0.439 0.528 0.538 0.524 0.567 0.632 0.680 0.709 0.713 0.689 0.621 0.566 0.552 0.577 0.698 0.840 0.889 0.859 0.791 0.699 0.589 0.432 0.252 0.000 0.000 0.000 0.000 0.000 0.000 0.000 0.250 0.250 0.000 0.000 0.000 0.000 0.000 0.000 0.000 0.000 0.000 0.000 0.000 0.221 0.491 0.599 0.608 0.610 0.692 0.939 1.188 1.263 1.262 1.290 1.402 1.459 1.471 1.416 1.283 1.156 1.052 0.957 0.878 0.842 0.827 0.809 0.749 0.550 0.354 0.000
0.000 0.000 0.000 0.000 0.000 0.000 0.000 0.401 0.536 0.591 0.607 0.646 0.695 0.707 0.693 0.622 0.498 0.380 0.318 0.317 0.352 0.503 0.798 1.018 1.010 0.965 0.865 0.746 0.635 0.496 0.310 0.000 0.000 0.000 0.000 0.000 0.000 0.213 0.215 0.000 0.000 0.000 0.000 0.000 0.000 0.000 0.000 0.000 0.000 0.000 0.288 0.525 0.579 0.551 0.529 0.680 1.011 1.244 1.247 1.234 1.286 1.450 1.543 1.609 1.688 1.716 1.689 1.593 1.393 1.181 1.036 0.976 0.957 0.930 0.806 0.559 0.302
0.000 0.000 0.000 0.000 0.000 0.000 0.000 0.256 0.414 0.545 0.615 0.630 0.623 0.577 0.468 0.351 0.254 0.000 0.000 0.212 0.267 0.417 0.754 1.084 1.142 1.110 1.049 0.914 0.772 0.642 0.522 0.347 0.000 0.000 0.000 0.000 0.000 0.000 0.000 0.000 0.000 0.000 0.000 0.000 0.000 0.000 0.000 0.000 0.000 0.000 0.378 0.519 0.519 0.465 0.486 0.712 1.083 1.243 1.209 1.168 1.293 1.526 1.684 1.781 1.893 1.993 2.127 2.172 2.057 1.828 1.511 1.241 1.112 1.072 1.041 0.872 0.577
0.000 0.000 0.000 0.000 0.000 0.000 0.000 0.000 0.000 0.271 0.347 0.352 0.342 0.292 0.234 0.000 0.000 0.000 0.000 0.000 0.258 0.421 0.775 1.135 1.212 1.181 1.143 1.073 0.918 0.765 0.629 0.509 0.334 0.000 0.000 0.000 0.000 0.000 0.000 0.000 0.000 0.000 0.000 0.000 0.000 0.000 0.000 0.000 0.000 0.249 0.453 0.512 0.454 0.411 0.508 0.791 1.156 1.222 1.131 1.051 1.150 1.307 1.509 1.677 1.849 2.048 2.253 2.417 2.472 2.387 2.189 1.846 1.490 1.272 1.202 1.183 0.995
0.000 0.000 0.000 0.000 0.000 0.000 0.000 0.000 0.000 0.000 0.000 0.000 0.000 0.000 0.000 0.000 0.000 0.000 0.000 0.000 0.279 0.520 0.912 1.208 1.234 1.204 1.172 1.133 1.044 0.897 0.748 0.614 0.484 0.305 0.000 0.000 0.000 0.000 0.000 0.000 0.000 0.000 0.000 0.000 0.000 0.000 0.000 0.000 0.000 0.362 0.488 0.456 0.393 0.414 0.575 0.903 1.250 1.231 1.102 1.029 1.042 1.130 1.201 1.305 1.449 1.650 1.929 2.286 2.604 2.732 2.695 2.533 2.190 1.742 1.437 1.404 1.425
0.000 0.000 0.000 0.000 0.000 0.000 0.000 0.000 0.000 0.000 0.000 0.000 0.000 0.000 0.000 0.000 0.000 0.000 0.000 0.232 0.411 0.759 1.042 1.198 1.147 1.088 1.081 1.095 1.071 0.963 0.833 0.694 0.569 0.407 0.233 0.000 0.000 0.000 0.000 0.000 0.000 0.000 0.000 0.000 0.000 0.000 0.000 0.000 0.302 0.459 0.462 0.400 0.387 0.472 0.669 1.047 1.340 1.250 1.100 1.024 1.030 1.056 1.094 1.102 1.109 1.191 1.398 1.702 2.115 2.528 2.863 2.882 2.771 2.399 1.891 1.615 1.650
0.000 0.000 0.000 0.000 0.000 0.000 0.000 0.000 0.000 0.000 0.000 0.000 0.000 0.000 0.000 0.000 0.000 0.000 0.205 0.330 0.592 0.876 1.020 0.912 0.730 0.566 0.570 0.658 0.858 0.951 0.909 0.771 0.639 0.508 0.314 0.000 0.000 0.000 0.000 0.000 0.000 0.000 0.000 0.000 0.000 0.000 0.000 0.267 0.433 0.483 0.423 0.404 0.444 0.568 0.784 1.246 1.438 1.305 1.116 1.007 0.980 0.962 0.959 0.991 1.044 1.093 1.141 1.362 1.646 2.021 2.657 3.101 3.144 2.984 2.476 1.963 1.846
0.000 0.000 0.000 0.000 0.000 0.000 0.000 0.000 0.000 0.000 0.000 0.000 0.000 0.000 0.000 0.000 0.000 0.000 0.269 0.418 0.712 0.882 0.765 0.616 0.345 0.000 0.208 0.277 0.432 0.741 0.884 0.847 0.737 0.610 0.390 0.202 0.000 0.000 0.000 0.000 0.000 0.000 0.000 0.000 0.000 0.000 0.256 0.416 0.520 0.465 0.435 0.453 0.547 0.656 0.924 1.495 1.697 1.553 1.324 1.180 1.114 1.055 0.986 0.944 0.948 0.992 1.051 1.184 1.487 1.693 2.269 3.070 3.389 3.357 2.899 2.322 2.110
0.000 0.000 0.000 0.000 0.000 0.000 0.000 0.000 0.000 0.000 0.000 0.000 0.000 0.000 0.000 0.000 0.000 0.225 0.324 0.494 0.737 0.696 0.596 0.390 0.000 0.000 0.230 0.327 0.391 0.558 0.882 0.991 0.901 0.764 0.534 0.296 0.225 0.214 0.000 0.000 0.000 0.000 0.000 0.000 0.206 0.260 0.413 0.570 0.552 0.471 0.465 0.546 0.661 0.781 1.112 1.758 2.188 2.112 1.902 1.646 1.486 1.400 1.299 1.187 1.091 1.018 1.005 1.067 1.357 1.568 1.874 2.716 3.281 3.513 3.157 2.627 2.315
0.000 0.000 0.000 0.000 0.000 0.000 0.000 0.000 0.000 0.000 0.000 0.000 0.000 0.000 0.000 0.000 0.000 0.302 0.380 0.536 0.675 0.599 0.500 0.289 0.000 0.251 0.367 0.515 0.633 0.766 0.960 1.229 1.219 1.070 0.827 0.501 0.308 0.251 0.217 0.000 0.000 0.000 0.212 0.233 0.272 0.408 0.672 0.704 0.576 0.495 0.535 0.699 0.882 1.109 1.555 2.251 2.803 2.791 2.587 2.225 1.846 1.553 1.424 1.342 1.248 1.165 1.051 0.992 1.209 1.465 1.656 2.412 2.991 3.422 3.312 2.799 2.459
0.000 0.000 0.000 0.000 0.000 0.000 0.000 0.000 0.000 0.000 0.000 0.000 0.000 0.000 0.000 0.000 0.264 0.379 0.418 0.547 0.647 0.560 0.471 0.303 0.275 0.392 0.550 0.778 0.957 1.107 1.260 1.449 1.555 1.431 1.210 0.858 0.518 0.337 0.246 0.000 0.000 0.000 0.245 0.295 0.431 0.756 1.001 0.895 0.617 0.571 0.682 1.017 1.390 1.699 1.996 2.429 2.972 3.231 3.110 2.891 2.449 1.822 1.369 1.284 1.240 1.202 1.159 1.037 1.106 1.333 1.526 2.145 2.757 3.212 3.404 3.026 2.769
0.000 0.000 0.000 0.000 0.000 0.000 0.000 0.000 0.000 0.000 0.000 0.000 0.000 0.000 0.000 0.261 0.398 0.479 0.496 0.582 0.638 0.543 0.493 0.403 0.412 0.569 0.805 1.052 1.231 1.388 1.527 1.669 1.806 1.795 1.593 1.300 0.882 0.521 0.312 0.000 0.000 0.253 0.335 0.472 0.755 1.245 1.391 1.120 0.757 0.757 1.060 1.611 1.972 2.085 2.143 2.302 2.693 3.106 3.245 3.086 2.880 2.392 1.531 1.089 1.070 1.089 1.131 1.126 1.103 1.220 1.340 1.861 2.586 2.966 3.408 3.473 3.233
0.000 0.000 0.000 0.000 0.000 0.000 0.000 0.000 0.000 0.000 0.000 0.000 0.229 0.315 0.412 0.526 0.637 0.695 0.694 0.755 0.794 0.690 0.622 0.536 0.596 0.803 1.067 1.268 1.455 1.613 1.702 1.756 1.901 2.011 1.910 1.711 1.369 0.876 0.515 0.300 0.261 0.371 0.523 0.758 1.220 1.799 1.757 1.397 1.022 1.166 1.682 2.102 2.220 2.217 2.180 2.078 2.049 2.270 2.616 2.638 2.544 2.413 1.956 1.127 0.822 0.846 0.906 0.994 1.109 1.191 1.175 1.423 2.165 2.869 3.291 3.763 3.884
0.000 0.000 0.000 0.000 0.000 0.000 0.000 0.000 0.237 0.337 0.442 0.547 0.632 0.700 0.759 0.827 0.905 0.969 0.984 1.104 1.163 1.040 0.883 0.796 0.894 1.081 1.290 1.486 1.673 1.795 1.831 1.853 1.960 2.140 2.176 2.081 1.888 1.397 0.924 0.593 0.436 0.537 0.751 1.100 1.669 2.241 2.114 1.841 1.456 1.752 2.162 2.261 2.288 2.137 1.789 1.503 1.453 1.666 1.953 2.221 2.201 2.133 1.984 1.423 0.726 0.627 0.729 0.801 0.915 1.108 1.115 1.083 1.438 2.298 2.930 3.605 4.169
0.000 0.000 0.000 0.000 0.276 0.416 0.568 0.718 0.852 0.949 1.018 1.074 1.132 1.179 1.231 1.302 1.361 1.410 1.476 1.601 1.548 1.386 1.195 1.141 1.242 1.364 1.524 1.713 1.858 1.913 1.916 1.916 2.028 2.247 2.411 2.401 2.355 1.971 1.465 1.118 0.831 0.873 1.171 1.646 2.318 2.709 2.562 2.224 1.929 2.216 2.353 2.328 2.039 1.583 1.278 1.252 1.454 1.571 1.664 1.751 1.825 1.841 1.817 1.585 0.832 0.369 0.476 0.629 0.798 0.951 1.049 0.974 0.935 1.292 2.106 2.810 3.518
0.000 0.291 0.565 0.821 1.049 1.221 1.361 1.476 1.556 1.600 1.636 1.648 1.652 1.660 1.678 1.712 1.752 1.835 1.970 2.013 1.863 1.643 1.473 1.470 1.543 1.623 1.733 1.879 1.956 1.938 1.865 1.899 2.067 2.313 2.560 2.697 2.768 2.567 2.110 1.765 1.555 1.661 2.085 2.569 3.041 3.080 2.927 2.515 2.275 2.454 2.458 2.033 1.509 1.240 1.270 1.466 1.481 1.463 1.286 1.169 1.102 1.058 1.042 0.988 0.694 0.294 0.221 0.350 0.540 0.791 0.912 0.939 0.816 0.767 0.969 1.596 2.339
0.996 1.345 1.601 1.783 1.919 2.002 2.068 2.085 2.085 2.059 2.016 1.962 1.912 1.876 1.854 1.868 1.959 2.103 2.185 2.093 1.886 1.722 1.665 1.693 1.753 1.822 1.914 2.018 2.051 1.963 1.860 2.010 2.265 2.610 2.919 3.090 3.162 3.082 2.766 2.553 2.485 2.674 2.993 3.252 3.327 3.170 2.951 2.541 2.466 2.584 2.129 1.502 1.270 1.330 1.469 1.447 1.228 0.932 0.681 0.496 0.375 0.303 0.286 0.292 0.289 0.202 0.000 0.000 0.231 0.429 0.641 0.768 0.785 0.709 0.648 0.712 1.007
2.120 2.260 2.366 2.457 2.501 2.525 2.486 2.395 2.292 2.187 2.096 2.017 1.960 1.926 1.934 2.033 2.133 2.199 2.148 1.965 1.831 1.800 1.814 1.865 1.930 1.988 2.058 2.099 2.065 2.032 2.247 2.670 2.914 3.131 3.396 3.465 3.501 3.401 3.208 3.041 3.055 3.173 3.319 3.420 3.294 3.139 2.872 2.502 2.579 2.244 1.583 1.295 1.373 1.496 1.389 1.093 0.709 0.388 0.000 0.000 0.000 0.000 0.000 0.000 0.000 0.000 0.000 0.000 0.000 0.000 0.256 0.403 0.542 0.602 0.588 0.562 0.570
2.785 2.863 2.888 2.863 2.758 2.622 2.466 2.290 2.099 1.923 1.773 1.655 1.583 1.590 1.668 1.786 1.819 1.770 1.650 1.607 1.667 1.730 1.799 1.876 1.953 1.986 2.019 1.990 2.011 2.454 2.924 3.201 3.186 3.257 3.515 3.593 3.664 3.621 3.413 3.211 3.190 3.233 3.261 3.246 3.061 2.799 2.465 2.518 2.341 1.707 1.321 1.458 1.642 1.466 1.067 0.586 0.215 0.000 0.000 0.000 0.000 0.000 0.000 0.000 0.000 0.000 0.000 0.000 0.000 0.000 0.000 0.000 0.000 0.316 0.410 0.465 0.500
2.934 2.874 2.725 2.546 2.329 2.084 1.815 1.563 1.358 1.200 1.092 1.038 1.046 1.088 1.149 1.145 1.073 0.975 0.962 1.045 1.172 1.319 1.478 1.621 1.708 1.734 1.781 1.855 2.324 2.901 2.945 2.998 2.909 2.948 3.330 3.526 3.568 3.509 3.184 2.847 2.830 2.963 3.013 2.789 2.523 2.435 2.534 2.420 1.814 1.379 1.428 1.746 1.719 1.228 0.612 0.000 0.000 0.000 0.000 0.000 0.000 0.000 0.000 0.000 0.000 0.000 0.000 0.000 0.000 0.000 0.000 0.000 0.000 0.000 0.000 0.277 0.368
2.484 2.284 2.038 1.736 1.450 1.194 1.005 0.879 0.803 0.766 0.757 0.770 0.813 0.821 0.770 0.661 0.557 0.519 0.540 0.596 0.684 0.810 0.980 1.162 1.329 1.406 1.516 1.933 2.476 2.634 2.511 2.445 2.367 2.471 2.958 3.240 3.269 3.028 2.606 2.391 2.590 2.696 2.615 2.536 2.542 2.659 2.469 1.819 1.348 1.331 1.662 1.941 1.506 0.807 0.000 0.000 0.000 0.000 0.000 0.000 0.000 0.000 0.000 0.000 0.000 0.000 0.000 0.000 0.000 0.000 0.000 0.000 0.000 0.000 0.000 0.000 0.000
1.541 1.268 1.080 0.960 0.848 0.764 0.698 0.650 0.620 0.612 0.621 0.639 0.611 0.531 0.414 0.326 0.284 0.279 0.288 0.307 0.344 0.432 0.561 0.715 0.904 1.015 1.283 1.886 2.114 1.988 1.889 2.083 2.264 2.410 2.859 2.993 2.830 2.677 2.417 2.521 2.787 2.808 2.787 2.776 2.648 2.204 1.586 1.211 1.209 1.465 1.933 1.834 1.149 0.383 0.000 0.000 0.000 0.000 0.000 0.000 0.000 0.000 0.000 0.000 0.000 0.000 0.000 0.000 0.000 0.000 0.000 0.000 0.000 0.000 0.000 0.000 0.000
0.766 0.740 0.733 0.704 0.641 0.586 0.538 0.493 0.454 0.435 0.409 0.363 0.287 0.201 0.000 0.000 0.000 0.000 0.000 0.000 0.000 0.236 0.321 0.475 0.648 0.811 1.278 1.632 1.565 1.519 1.804 2.151 2.260 2.294 2.589 2.721 2.894 2.972 2.904 2.952 2.890 2.734 2.619 2.421 1.831 1.333 1.112 1.114 1.279 1.678 1.983 1.566 0.759 0.000 0.000 0.000 0.000 0.000 0.000 0.000 0.000 0.000 0.000 0.000 0.000 0.000 0.000 0.000 0.000 0.000 0.000 0.000 0.000 0.000 0.000 0.000 0.000
0.556 0.556 0.540 0.496 0.437 0.379 0.311 0.255 0.211 0.000 0.000 0.000 0.000 0.000 0.000 0.000 0.000 0.000 0.000 0.000 0.000 0.000 0.239 0.425 0.557 0.823 1.250 1.272 1.136 1.408 1.854 2.194 2.164 2.170 2.678 3.180 3.556 3.490 3.098 2.905 2.901 2.740 2.396 1.750 1.279 1.090 1.028 1.066 1.254 1.664 1.698 1.115 0.369 0.000 0.000 0.000 0.000 0.000 0.000 0.000 0.000 0.000 0.000 0.000 0.000 0.000 0.000 0.000 0.000 0.000 0.000 0.000 0.000 0.000 0.000 0.000 0.000
