tests/test_04/output4/CloudConcentration_192.00hrs.dat
NCOLS   360
NROWS    60
XLLCORNER           0.000
YLLCORNER           0.000
CELLSIZE           1.000          1.000
NODATA_VALUE  0.000
[rows 0 to 33 of 60, columns 0 to 76 of 360]
0.000 0.000 0.000 0.000 0.000 0.000 0.000 0.000 0.000 0.000 0.000 0.000 0.000 0.000 0.000 0.000 0.000 0.000 0.000 0.000 0.000 0.000 0.000 0.000 0.000 0.000 0.000 0.000 0.000 0.000 0.000 0.000 0.000 0.000 0.000 0.000 0.000 0.000 0.000 0.000 0.000 0.000 0.000 0.000 0.000 0.000 0.000 0.000 0.000 0.000 0.000 0.000 0.000 0.000 0.000 0.000 0.000 0.000 0.000 0.000 0.000 0.000 0.000 0.000 0.000 0.000 0.000 0.000 0.000 0.000 0.000 0.000 0.000 0.000 0.000 0.000 0.000
0.000 0.000 0.000 0.000 0.000 0.000 0.000 0.000 0.000 0.000 0.000 0.000 0.000 0.000 0.000 0.000 0.000 0.000 0.000 0.000 0.000 0.000 0.000 0.000 0.000 0.000 0.000 0.000 0.000 0.000 0.000 0.000 0.000 0.000 0.000 0.000 0.000 0.000 0.000 0.000 0.000 0.000 0.000 0.000 0.000 0.000 0.000 0.000 0.000 0.000 0.000 0.000 0.000 0.000 0.000 0.000 0.000 0.000 0.000 0.000 0.000 0.000 0.000 0.000 0.000 0.000 0.000 0.000 0.000 0.000 0.000 0.000 0.000 0.000 0.000 0.000 0.000
0.000 0.000 0.000 0.000 0.000 0.000 0.000 0.000 0.000 0.000 0.000 0.000 0.000 0.000 0.000 0.000 0.000 0.000 0.000 0.000 0.000 0.000 0.000 0.000 0.000 0.000 0.000 0.000 0.000 0.000 0.000 0.000 0.000 0.000 0.000 0.000 0.000 0.000 0.000 0.000 0.000 0.000 0.000 0.000 0.000 0.000 0.000 0.000 0.000 0.000 0.000 0.000 0.000 0.000 0.000 0.000 0.000 0.000 0.000 0.000 0.000 0.000 0.000 0.000 0.000 0.000 0.000 0.000 0.000 0.000 0.000 0.000 0.000 0.000 0.000 0.090 0.091
0.000 0.000 0.000 0.000 0.000 0.000 0.000 0.000 0.000 0.000 0.000 0.000 0.000 0.000 0.000 0.000 0.000 0.000 0.000 0.000 0.000 0.000 0.000 0.000 0.000 0.000 0.000 0.000 0.000 0.000 0.000 0.000 0.000 0.000 0.000 0.000 0.000 0.000 0.000 0.000 0.000 0.000 0.000 0.000 0.000 0.000 0.000 0.000 0.000 0.000 0.000 0.000 0.000 0.000 0.000 0.000 0.000 0.000 0.000 0.000 0.000 0.000 0.000 0.000 0.000 0.000 0.000 0.000 0.000 0.000 0.000 0.000 0.086 0.099 0.098 0.083 0.070
0.000 0.000 0.000 0.000 0.000 0.000 0.000 0.000 0.000 0.000 0.000 0.000 0.000 0.000 0.000 0.000 0.000 0.000 0.000 0.000 0.000 0.000 0.000 0.000 0.000 0.000 0.000 0.000 0.000 0.000 0.000 0.000 0.000 0.000 0.000 0.000 0.000 0.000 0.000 0.000 0.000 0.000 0.000 0.000 0.000 0.000 0.000 0.000 0.000 0.000 0.000 0.000 0.000 0.000 0.000 0.000 0.000 0.000 0.000 0.000 0.000 0.000 0.000 0.000 0.000 0.000 0.000 0.000 0.000 0.000 0.100 0.102 0.093 0.087 0.067 0.000 0.000
0.000 0.000 0.000 0.099 0.146 0.193 0.199 0.189 0.151 0.000 0.000 0.000 0.000 0.000 0.000 0.000 0.000 0.000 0.000 0.000 0.000 0.000 0.000 0.000 0.000 0.000 0.000 0.000 0.000 0.000 0.000 0.000 0.000 0.000 0.000 0.000 0.000 0.000 0.000 0.000 0.000 0.000 0.063 0.077 0.089 0.102 0.116 0.127 0.128 0.133 0.140 0.141 0.140 0.134 0.121 0.103 0.000 0.000 0.000 0.000 0.000 0.000 0.000 0.000 0.000 0.000 0.000 0.100 0.115 0.117 0.112 0.083 0.000 0.000 0.000 0.000 0.000
0.000 0.000 0.096 0.144 0.185 0.221 0.236 0.236 0.234 0.222 0.176 0.111 0.000 0.000 0.000 0.000 0.000 0.000 0.000 0.000 0.000 0.000 0.000 0.000 0.000 0.000 0.000 0.000 0.000 0.000 0.000 0.000 0.000 0.000 0.000 0.000 0.000 0.000 0.000 0.000 0.058 0.080 0.122 0.167 0.206 0.240 0.264 0.282 0.290 0.286 0.275 0.259 0.240 0.216 0.199 0.196 0.185 0.154 0.102 0.000 0.000 0.000 0.000 0.000 0.073 0.170 0.204 0.191 0.133 0.069 0.000 0.000 0.000 0.000 0.000 0.000 0.000
0.000 0.084 0.127 0.161 0.192 0.220 0.231 0.227 0.216 0.200 0.182 0.159 0.122 0.000 0.000 0.000 0.000 0.000 0.000 0.000 0.000 0.000 0.000 0.000 0.000 0.000 0.000 0.000 0.000 0.000 0.000 0.000 0.000 0.000 0.000 0.000 0.000 0.000 0.000 0.000 0.077 0.145 0.214 0.276 0.328 0.372 0.406 0.429 0.446 0.445 0.438 0.423 0.399 0.367 0.293 0.259 0.256 0.234 0.151 0.000 0.000 0.094 0.156 0.221 0.235 0.211 0.111 0.000 0.000 0.000 0.000 0.000 0.000 0.000 0.000 0.000 0.000
0.080 0.124 0.165 0.186 0.194 0.197 0.186 0.149 0.101 0.066 0.000 0.000 0.000 0.000 0.000 0.000 0.000 0.000 0.000 0.000 0.000 0.000 0.000 0.000 0.000 0.000 0.000 0.000 0.000 0.000 0.000 0.000 0.000 0.000 0.000 0.000 0.000 0.000 0.000 0.044 0.106 0.185 0.268 0.349 0.425 0.490 0.536 0.568 0.593 0.609 0.607 0.594 0.568 0.527 0.429 0.299 0.301 0.281 0.178 0.117 0.199 0.253 0.255 0.225 0.113 0.000 0.000 0.000 0.000 0.000 0.000 0.000 0.115 0.116 0.103 0.000 0.000
0.126 0.199 0.238 0.229 0.203 0.177 0.146 0.085 0.000 0.000 0.000 0.000 0.000 0.000 0.000 0.000 0.000 0.000 0.000 0.000 0.000 0.000 0.000 0.000 0.000 0.000 0.000 0.000 0.000 0.000 0.000 0.000 0.000 0.000 0.000 0.000 0.000 0.000 0.000 0.041 0.112 0.193 0.279 0.369 0.458 0.549 0.632 0.702 0.752 0.784 0.797 0.790 0.764 0.712 0.581 0.347 0.336 0.307 0.195 0.266 0.287 0.269 0.191 0.066 0.000 0.000 0.000 0.000 0.000 0.000 0.105 0.195 0.226 0.222 0.188 0.000 0.000
0.167 0.246 0.263 0.259 0.236 0.194 0.139 0.000 0.000 0.000 0.000 0.000 0.000 0.000 0.000 0.000 0.000 0.000 0.000 0.000 0.000 0.000 0.000 0.000 0.000 0.000 0.000 0.000 0.000 0.000 0.000 0.000 0.000 0.000 0.000 0.000 0.000 0.000 0.000 0.000 0.105 0.187 0.274 0.369 0.462 0.561 0.659 0.753 0.842 0.921 0.993 0.998 0.976 0.922 0.807 0.538 0.362 0.338 0.269 0.284 0.277 0.215 0.128 0.000 0.000 0.000 0.000 0.000 0.000 0.000 0.183 0.305 0.335 0.328 0.275 0.131 0.000
0.185 0.253 0.269 0.268 0.261 0.239 0.180 0.085 0.000 0.000 0.000 0.000 0.000 0.000 0.000 0.000 0.000 0.000 0.000 0.000 0.000 0.000 0.000 0.000 0.000 0.000 0.000 0.000 0.000 0.000 0.000 0.000 0.000 0.000 0.000 0.000 0.000 0.000 0.000 0.000 0.082 0.188 0.293 0.346 0.451 0.558 0.663 0.765 0.866 0.964 1.069 1.167 1.181 1.157 1.073 0.854 0.550 0.364 0.304 0.289 0.251 0.232 0.135 0.000 0.000 0.000 0.000 0.000 0.000 0.066 0.227 0.398 0.446 0.435 0.373 0.190 0.000
0.204 0.237 0.254 0.266 0.267 0.260 0.247 0.200 0.114 0.000 0.000 0.000 0.000 0.000 0.000 0.000 0.000 0.000 0.000 0.000 0.000 0.000 0.000 0.000 0.000 0.000 0.000 0.000 0.000 0.000 0.000 0.000 0.000 0.000 0.000 0.000 0.000 0.000 0.000 0.000 0.071 0.193 0.321 0.368 0.433 0.550 0.663 0.769 0.871 0.971 1.083 1.223 1.374 1.370 1.308 1.212 0.916 0.578 0.379 0.346 0.315 0.277 0.165 0.000 0.000 0.000 0.000 0.000 0.000 0.066 0.255 0.477 0.548 0.538 0.473 0.259 0.000
0.211 0.208 0.191 0.176 0.216 0.248 0.260 0.254 0.237 0.195 0.130 0.067 0.000 0.000 0.000 0.000 0.000 0.000 0.000 0.000 0.000 0.000 0.000 0.000 0.000 0.000 0.000 0.000 0.000 0.000 0.000 0.000 0.000 0.000 0.000 0.000 0.000 0.000 0.000 0.000 0.074 0.193 0.344 0.410 0.423 0.547 0.667 0.776 0.874 1.095 1.324 1.502 1.634 1.728 1.726 1.655 1.305 0.966 0.626 0.439 0.423 0.395 0.287 0.108 0.000 0.000 0.000 0.000 0.000 0.000 0.270 0.569 0.649 0.644 0.570 0.337 0.000
0.216 0.232 0.234 0.194 0.172 0.160 0.184 0.229 0.248 0.254 0.248 0.231 0.202 0.161 0.116 0.070 0.049 0.000 0.000 0.000 0.000 0.000 0.000 0.000 0.000 0.000 0.000 0.000 0.000 0.000 0.000 0.000 0.000 0.000 0.000 0.000 0.000 0.000 0.000 0.000 0.138 0.234 0.373 0.450 0.465 0.560 0.690 0.809 1.104 1.349 1.504 1.591 1.662 1.747 1.842 1.895 1.854 1.567 1.002 0.653 0.540 0.512 0.458 0.303 0.140 0.000 0.000 0.000 0.000 0.240 0.523 0.728 0.744 0.720 0.604 0.367 0.117
0.227 0.256 0.268 0.260 0.257 0.234 0.198 0.167 0.158 0.169 0.210 0.240 0.254 0.258 0.254 0.239 0.213 0.169 0.112 0.087 0.062 0.000 0.000 0.000 0.000 0.000 0.000 0.000 0.000 0.000 0.000 0.000 0.000 0.000 0.000 0.000 0.000 0.000 0.000 0.085 0.225 0.333 0.412 0.490 0.512 0.601 0.731 1.061 1.352 1.479 1.538 1.577 1.627 1.707 1.795 1.906 2.018 2.013 1.803 1.242 0.815 0.776 0.764 0.726 0.587 0.359 0.267 0.289 0.410 0.640 0.854 0.864 0.817 0.749 0.607 0.380 0.135
0.223 0.247 0.250 0.252 0.263 0.273 0.279 0.274 0.259 0.222 0.169 0.117 0.113 0.145 0.180 0.217 0.248 0.258 0.257 0.233 0.158 0.127 0.081 0.000 0.000 0.000 0.000 0.000 0.000 0.000 0.000 0.000 0.000 0.000 0.000 0.000 0.000 0.000 0.000 0.137 0.329 0.393 0.465 0.534 0.565 0.660 0.960 1.316 1.459 1.500 1.529 1.552 1.582 1.649 1.748 1.862 1.977 2.051 2.042 1.866 1.482 1.194 1.140 1.127 1.096 0.982 0.916 0.941 1.061 1.120 1.087 0.956 0.838 0.752 0.597 0.379 0.141
0.199 0.194 0.176 0.158 0.159 0.172 0.200 0.244 0.290 0.334 0.363 0.367 0.306 0.198 0.094 0.057 0.065 0.102 0.163 0.228 0.252 0.247 0.203 0.161 0.106 0.050 0.000 0.000 0.000 0.000 0.000 0.000 0.000 0.000 0.000 0.000 0.000 0.000 0.067 0.195 0.409 0.446 0.527 0.577 0.628 0.812 1.195 1.442 1.478 1.481 1.471 1.415 1.409 1.431 1.504 1.666 1.840 1.991 2.089 2.090 2.009 1.803 1.646 1.595 1.587 1.584 1.587 1.587 1.529 1.360 1.151 0.933 0.726 0.567 0.442 0.274 0.000
0.142 0.135 0.134 0.137 0.129 0.101 0.100 0.107 0.131 0.199 0.323 0.450 0.499 0.489 0.422 0.258 0.087 0.072 0.074 0.076 0.116 0.192 0.226 0.223 0.215 0.192 0.112 0.045 0.000 0.000 0.000 0.000 0.000 0.000 0.000 0.000 0.000 0.059 0.079 0.260 0.489 0.504 0.584 0.622 0.709 1.010 1.367 1.462 1.457 1.406 1.293 1.175 1.129 1.145 1.201 1.331 1.546 1.774 1.964 2.076 2.133 2.131 2.099 2.054 2.029 2.007 1.929 1.704 1.376 1.015 0.697 0.462 0.348 0.321 0.282 0.175 0.000
0.096 0.139 0.200 0.200 0.178 0.116 0.081 0.085 0.097 0.124 0.205 0.375 0.529 0.550 0.543 0.491 0.312 0.097 0.081 0.081 0.082 0.084 0.110 0.181 0.202 0.263 0.270 0.219 0.135 0.069 0.000 0.000 0.000 0.000 0.000 0.000 0.049 0.060 0.080 0.335 0.568 0.560 0.631 0.666 0.809 1.163 1.432 1.444 1.399 1.238 1.052 0.896 0.807 0.816 0.856 0.941 1.074 1.283 1.511 1.733 1.856 1.854 1.831 1.756 1.560 1.281 0.969 0.655 0.495 0.424 0.355 0.261 0.196 0.198 0.188 0.125 0.000
0.087 0.205 0.277 0.275 0.226 0.122 0.075 0.082 0.108 0.159 0.249 0.394 0.538 0.571 0.567 0.528 0.375 0.156 0.090 0.090 0.089 0.088 0.088 0.089 0.114 0.175 0.308 0.358 0.345 0.292 0.236 0.191 0.162 0.154 0.159 0.167 0.165 0.156 0.138 0.426 0.625 0.629 0.651 0.695 0.892 1.222 1.392 1.381 1.288 1.035 0.782 0.689 0.594 0.500 0.473 0.509 0.551 0.605 0.651 0.703 0.704 0.634 0.502 0.433 0.470 0.470 0.452 0.422 0.388 0.329 0.251 0.160 0.122 0.124 0.114 0.000 0.000
0.123 0.276 0.327 0.316 0.240 0.117 0.080 0.112 0.235 0.361 0.487 0.611 0.655 0.648 0.622 0.553 0.371 0.157 0.098 0.094 0.094 0.093 0.091 0.090 0.092 0.097 0.218 0.358 0.468 0.482 0.480 0.470 0.444 0.419 0.384 0.339 0.290 0.242 0.200 0.534 0.665 0.647 0.695 0.718 0.925 1.200 1.319 1.298 1.158 0.868 0.598 0.528 0.468 0.408 0.344 0.268 0.189 0.114 0.058 0.072 0.090 0.109 0.128 0.159 0.195 0.226 0.226 0.220 0.203 0.158 0.104 0.000 0.000 0.000 0.000 0.000 0.000
0.171 0.317 0.340 0.324 0.223 0.107 0.089 0.201 0.384 0.555 0.719 0.808 0.803 0.779 0.733 0.644 0.495 0.307 0.143 0.135 0.119 0.096 0.090 0.090 0.090 0.092 0.109 0.265 0.416 0.481 0.484 0.482 0.476 0.464 0.424 0.365 0.306 0.252 0.297 0.630 0.691 0.693 0.723 0.727 0.844 1.049 1.207 1.191 1.070 0.810 0.552 0.337 0.296 0.263 0.236 0.212 0.177 0.135 0.091 0.057 0.000 0.000 0.000 0.000 0.000 0.000 0.000 0.000 0.000 0.000 0.000 0.000 0.000 0.000 0.000 0.000 0.000
0.241 0.342 0.343 0.304 0.180 0.113 0.120 0.317 0.532 0.739 0.891 0.907 0.898 0.860 0.797 0.729 0.646 0.522 0.341 0.214 0.211 0.206 0.195 0.167 0.132 0.097 0.113 0.269 0.425 0.487 0.489 0.484 0.447 0.358 0.281 0.231 0.208 0.249 0.526 0.703 0.708 0.722 0.685 0.646 0.695 0.857 1.038 1.041 0.982 0.798 0.582 0.367 0.167 0.094 0.085 0.000 0.000 0.000 0.000 0.000 0.000 0.000 0.000 0.000 0.000 0.000 0.000 0.000 0.000 0.000 0.000 0.000 0.000 0.000 0.000 0.000 0.000
0.293 0.344 0.336 0.271 0.160 0.140 0.201 0.441 0.667 0.857 0.924 0.924 0.912 0.866 0.799 0.738 0.682 0.637 0.564 0.393 0.280 0.267 0.258 0.242 0.230 0.221 0.188 0.349 0.483 0.493 0.485 0.414 0.261 0.168 0.163 0.166 0.214 0.466 0.636 0.739 0.735 0.672 0.592 0.545 0.536 0.640 0.807 0.838 0.822 0.775 0.638 0.504 0.377 0.249 0.140 0.000 0.000 0.000 0.000 0.000 0.000 0.000 0.000 0.000 0.000 0.000 0.000 0.000 0.000 0.000 0.000 0.000 0.000 0.000 0.000 0.000 0.000
0.329 0.331 0.313 0.235 0.162 0.163 0.331 0.558 0.748 0.877 0.880 0.867 0.796 0.660 0.541 0.540 0.571 0.615 0.630 0.607 0.477 0.430 0.409 0.321 0.272 0.269 0.254 0.435 0.469 0.459 0.380 0.218 0.157 0.157 0.158 0.173 0.376 0.606 0.792 0.781 0.709 0.575 0.515 0.470 0.399 0.413 0.534 0.591 0.589 0.601 0.595 0.531 0.439 0.360 0.297 0.238 0.179 0.127 0.000 0.000 0.000 0.000 0.000 0.000 0.000 0.000 0.000 0.000 0.000 0.000 0.000 0.000 0.000 0.000 0.000 0.000 0.000
0.313 0.310 0.287 0.214 0.179 0.252 0.487 0.682 0.805 0.812 0.794 0.713 0.546 0.551 0.548 0.529 0.469 0.383 0.494 0.627 0.626 0.573 0.643 0.630 0.543 0.343 0.356 0.486 0.488 0.433 0.256 0.185 0.185 0.189 0.234 0.309 0.596 0.856 0.835 0.743 0.681 0.491 0.447 0.384 0.319 0.262 0.251 0.315 0.316 0.309 0.311 0.328 0.346 0.334 0.307 0.282 0.254 0.234 0.210 0.176 0.139 0.100 0.000 0.000 0.000 0.000 0.000 0.000 0.000 0.000 0.000 0.000 0.000 0.000 0.000 0.000 0.000
0.291 0.290 0.284 0.273 0.256 0.455 0.665 0.802 0.802 0.784 0.722 0.540 0.592 0.597 0.592 0.570 0.487 0.350 0.258 0.368 0.644 0.706 0.655 0.707 0.759 0.706 0.553 0.566 0.514 0.306 0.256 0.253 0.253 0.258 0.322 0.596 0.910 0.900 0.781 0.723 0.628 0.472 0.402 0.333 0.264 0.206 0.169 0.150 0.129 0.101 0.080 0.082 0.094 0.118 0.156 0.203 0.236 0.241 0.233 0.206 0.169 0.126 0.000 0.000 0.000 0.000 0.000 0.000 0.000 0.000 0.000 0.000 0.000 0.000 0.000 0.000 0.000
0.441 0.432 0.398 0.359 0.451 0.677 0.835 0.838 0.820 0.777 0.666 0.534 0.603 0.609 0.604 0.581 0.494 0.317 0.156 0.100 0.352 0.752 0.876 0.853 0.799 0.766 0.704 0.571 0.359 0.231 0.250 0.271 0.290 0.308 0.326 0.730 0.887 0.864 0.743 0.666 0.522 0.449 0.389 0.315 0.240 0.170 0.132 0.120 0.105 0.080 0.000 0.000 0.000 0.000 0.000 0.094 0.143 0.173 0.179 0.177 0.152 0.100 0.000 0.000 0.000 0.000 0.000 0.000 0.000 0.000 0.000 0.000 0.000 0.000 0.000 0.000 0.000
0.561 0.502 0.444 0.430 0.698 0.893 0.899 0.883 0.843 0.772 0.596 0.521 0.590 0.595 0.590 0.563 0.453 0.263 0.093 0.121 0.179 0.614 1.041 1.074 1.054 0.976 0.772 0.522 0.244 0.166 0.234 0.236 0.276 0.305 0.458 0.856 0.916 0.875 0.727 0.585 0.487 0.425 0.372 0.300 0.220 0.142 0.104 0.096 0.000 0.000 0.000 0.000 0.000 0.000 0.000 0.000 0.088 0.096 0.093 0.000 0.000 0.000 0.000 0.000 0.000 0.000 0.000 0.000 0.000 0.000 0.000 0.000 0.000 0.000 0.000 0.000 0.000
0.584 0.513 0.446 0.621 0.919 0.967 0.960 0.929 0.865 0.732 0.501 0.433 0.464 0.464 0.457 0.426 0.323 0.179 0.083 0.147 0.317 0.852 1.366 1.403 1.368 1.216 0.844 0.604 0.271 0.137 0.196 0.252 0.270 0.320 0.673 0.989 0.989 0.910 0.727 0.573 0.465 0.395 0.342 0.278 0.202 0.125 0.000 0.000 0.000 0.000 0.000 0.000 0.000 0.000 0.000 0.000 0.000 0.000 0.000 0.000 0.000 0.000 0.000 0.000 0.000 0.000 0.000 0.000 0.000 0.000 0.000 0.000 0.000 0.000 0.000 0.000 0.000
0.444 0.435 0.395 0.729 1.010 1.026 1.017 0.974 0.867 0.641 0.389 0.373 0.364 0.312 0.302 0.267 0.197 0.094 0.373 0.821 1.162 1.402 1.414 1.375 1.271 1.010 0.727 0.581 0.249 0.136 0.149 0.243 0.311 0.385 0.777 0.984 0.973 0.879 0.654 0.455 0.332 0.288 0.264 0.234 0.178 0.105 0.000 0.000 0.000 0.000 0.000 0.000 0.000 0.000 0.000 0.000 0.000 0.000 0.000 0.000 0.000 0.000 0.000 0.000 0.000 0.000 0.000 0.000 0.000 0.000 0.000 0.000 0.000 0.000 0.000 0.000 0.000
0.485 0.474 0.437 0.797 1.057 1.065 1.049 0.989 0.785 0.511 0.316 0.316 0.290 0.179 0.221 0.222 0.156 0.282 0.929 1.465 1.483 1.417 1.252 1.056 0.865 0.789 0.751 0.523 0.199 0.141 0.144 0.230 0.348 0.390 0.803 0.987 0.976 0.883 0.607 0.306 0.193 0.190 0.175 0.175 0.151 0.086 0.000 0.000 0.000 0.000 0.000 0.000 0.000 0.000 0.000 0.000 0.000 0.000 0.000 0.000 0.000 0.000 0.000 0.000 0.000 0.000 0.000 0.000 0.000 0.000 0.000 0.000 0.000 0.000 0.000 0.000 0.000
0.497 0.490 0.470 0.837 1.036 1.035 0.995 0.825 0.567 0.328 0.240 0.226 0.153 0.200 0.253 0.225 0.108 0.457 1.160 1.425 1.384 1.206 0.957 0.732 0.867 0.875 0.783 0.463 0.171 0.160 0.165 0.217 0.359 0.459 0.797 1.028 1.033 0.977 0.682 0.241 0.091 0.095 0.109 0.122 0.114 0.000 0.000 0.000 0.000 0.000 0.000 0.000 0.000 0.000 0.000 0.000 0.000 0.000 0.000 0.000 0.000 0.000 0.000 0.000 0.000 0.000 0.000 0.000 0.000 0.000 0.000 0.000 0.000 0.000 0.000 0.000 0.000
