tests/test_04/output4/CloudArrivalTime.dat
NCOLS   360
NROWS    60
XLLCORNER           0.000
YLLCORNER           0.000
CELLSIZE           1.000          1.000
NODATA_VALUE -9999.
[rows 0 to 23 of 60, columns 270 to 323 of 360]
228.014740 231.324295 233.964569 235.954773 238.228546 -9999.000000 -9999.000000 -9999.000000 -9999.000000 -9999.000000 -9999.000000 -9999.000000 -9999.000000 209.733673 204.730606 199.578537 182.694885 177.762726 173.452057 170.518829 168.101334 165.913956 153.196823 148.538986 146.100922 144.157715 142.483017 140.823700 138.908966 136.179413 133.462326 131.589813 129.948166 128.614716 127.322441 126.063629 124.549973 123.024223 121.503853 120.250908 118.948433 117.676117 116.412041 110.511047 108.827164 108.348801 108.348801 108.827164 109.306709 109.787498 110.511047 111.480247 112.210533 113.188828
148.271713 228.014740 232.216293 235.103073 237.376144 239.931824 -9999.000000 -9999.000000 -9999.000000 -9999.000000 -9999.000000 -9999.000000 -9999.000000 -9999.000000 -9999.000000 -9999.000000 183.811813 177.762726 173.007553 170.071838 167.883514 165.694473 163.505081 148.271713 145.825363 143.598541 141.928055 140.000198 138.095291 135.082230 132.397827 130.219894 128.614716 127.322441 125.812180 124.296532 122.769409 121.252411 119.706177 118.694771 117.422150 115.910400 115.162109 107.394997 106.682152 106.682152 106.919533 107.633087 108.109993 108.827164 109.787498 110.511047 111.480247 112.454613
142.483017 144.157715 147.193695 233.387207 236.523209 239.364288 -9999.000000 -9999.000000 -9999.000000 -9999.000000 -9999.000000 -9999.000000 -9999.000000 -9999.000000 -9999.000000 -9999.000000 184.372162 177.518997 172.559647 169.628571 167.665497 165.694473 163.722961 161.314682 145.825363 143.598541 141.651276 139.726593 137.550583 134.810120 131.589813 129.409775 127.577751 126.063629 124.549973 122.769409 121.001518 119.454132 118.185829 117.168762 115.410988 114.419189 105.971413 105.027473 105.262939 105.498772 105.971413 106.445000 107.157150 108.109993 108.827164 109.787498 110.995010 111.966782
108.827164 131.043488 143.318954 144.993958 233.964569 237.944473 -9999.000000 -9999.000000 -9999.000000 -9999.000000 -9999.000000 -9999.000000 -9999.000000 -9999.000000 -9999.000000 -9999.000000 186.843246 177.762726 172.334381 169.628571 167.665497 165.913956 163.941101 161.980621 159.953033 143.878281 141.651276 139.726593 137.550583 134.810120 131.317261 128.878036 127.068649 125.308289 123.279373 121.252411 119.706177 118.185829 116.915947 115.410988 113.679970 104.557632 103.622261 103.622261 103.855568 104.323250 105.027473 105.734970 106.682152 107.394997 108.587852 109.546951 110.752869 112.210533
102.692657 106.682152 109.306709 111.966782 114.666267 147.193695 239.648087 -9999.000000 -9999.000000 -9999.000000 -9999.000000 -9999.000000 -9999.000000 -9999.000000 -9999.000000 -9999.000000 187.114914 177.762726 172.784042 170.294861 168.536087 166.791107 164.816223 163.070068 161.314682 159.257507 142.483017 140.000198 137.823196 135.903793 132.130310 128.878036 126.816353 125.055847 122.515167 120.250908 118.440567 116.663712 115.410988 112.943764 103.389313 101.996536 101.996536 102.228989 102.924492 103.389313 104.089233 105.027473 105.971413 107.157150 108.348801 109.787498 111.480247 114.666267
95.559822 100.121918 104.089233 106.208092 108.348801 111.480247 114.666267 118.185829 -9999.000000 -9999.000000 -9999.000000 -9999.000000 -9999.000000 -9999.000000 -9999.000000 -9999.000000 187.937210 178.257614 173.230225 171.196503 169.408295 167.447235 165.694473 164.159485 162.852936 161.759720 160.411407 159.023651 140.000198 137.823196 134.268478 130.493362 127.577751 125.055847 122.261497 119.454132 117.168762 115.410988 113.926041 102.228989 100.593109 100.593109 100.828072 101.296707 101.996536 102.692657 103.622261 104.792374 105.971413 107.157150 108.827164 111.237473 122.008392 121.503853
88.038658 93.134018 98.459091 103.156708 105.262939 107.394997 109.546951 112.210533 115.660423 119.957710 -9999.000000 -9999.000000 -9999.000000 -9999.000000 -9999.000000 -9999.000000 189.323669 178.508957 174.112320 172.108215 170.518829 168.536087 167.228745 166.133347 165.474945 164.816223 164.378143 163.941101 163.287445 162.636063 138.366852 135.903793 129.409775 126.565536 123.534172 119.201553 116.412041 114.419189 100.828072 99.174362 99.174362 99.411903 99.885681 100.593109 101.530403 102.461029 103.389313 104.792374 106.208092 108.109993 111.480247 120.751183 119.957710 119.201553
83.877136 86.254890 90.726219 96.289101 101.530403 105.027473 107.157150 109.066780 111.480247 114.172447 118.185829 123.279373 -9999.000000 -9999.000000 -9999.000000 -9999.000000 189.884003 178.762878 174.547562 172.784042 171.424347 170.071838 169.188934 168.536087 168.318909 168.318909 168.318909 168.318909 -9999.000000 -9999.000000 -9999.000000 -9999.000000 -9999.000000 -9999.000000 126.314751 120.250908 115.910400 99.649010 97.739799 97.739799 97.980019 98.697960 99.174362 100.121918 101.062599 102.228989 103.622261 105.262939 107.157150 109.787498 120.501297 119.201553 118.185829 116.915947
77.806061 81.539482 84.941673 88.784981 94.103172 99.174362 104.323250 107.157150 109.306709 111.480247 113.926041 116.663712 121.755836 130.768463 -9999.000000 -9999.000000 190.165421 178.508957 175.202911 173.893173 172.559647 171.881165 171.653214 172.108215 194.475281 -9999.000000 -9999.000000 -9999.000000 -9999.000000 -9999.000000 -9999.000000 -9999.000000 -9999.000000 -9999.000000 -9999.000000 -9999.000000 97.016411 96.289101 96.531853 96.774361 97.258003 97.980019 98.936378 99.885681 101.062599 102.461029 104.089233 105.971413 108.109993 110.752869 119.957710 117.930679 116.412041 114.913872
71.209846 73.405090 76.337578 80.274460 83.613358 88.038658 93.860741 99.174362 107.157150 109.787498 111.966782 114.172447 116.663712 121.001518 129.948166 -9999.000000 190.730835 179.019409 176.104507 174.982498 174.330444 174.112320 175.876175 199.818375 -9999.000000 -9999.000000 -9999.000000 -9999.000000 -9999.000000 -9999.000000 -9999.000000 -9999.000000 -9999.000000 -9999.000000 -9999.000000 95.073883 95.073883 95.073883 95.559822 96.046127 96.774361 97.739799 98.697960 99.885681 101.062599 102.461029 104.089233 105.971413 108.109993 111.480247 119.706177 116.663712 114.913872 112.699020
65.412949 66.859734 80.274460 81.030701 82.568481 84.941673 88.038658 92.166908 97.739799 104.089233 110.028374 112.699020 114.666267 116.915947 120.250908 125.812180 135.903793 179.804474 177.277664 176.567307 176.104507 177.277664 202.448334 206.597565 -9999.000000 -9999.000000 -9999.000000 -9999.000000 -9999.000000 -9999.000000 -9999.000000 -9999.000000 -9999.000000 -9999.000000 93.376160 93.376160 93.618401 94.103172 94.831062 95.559822 96.289101 97.258003 98.219780 99.411903 100.593109 101.996536 103.622261 105.498772 107.871422 127.577751 119.706177 115.910400 113.434227 110.511047
69.509781 71.209846 72.916924 74.870590 80.525627 84.407883 86.513512 89.031464 92.408279 96.531853 101.996536 109.546951 113.188828 115.410988 117.930679 120.751183 125.560402 136.729507 178.762878 178.257614 178.508957 181.094727 204.509628 208.373856 213.282181 -9999.000000 -9999.000000 -9999.000000 -9999.000000 -9999.000000 -9999.000000 -9999.000000 92.166908 91.444939 91.685242 91.925903 92.408279 93.134018 93.860741 94.831062 95.559822 96.531853 97.499130 98.697960 99.885681 101.296707 102.924492 104.792374 107.633087 125.055847 120.250908 115.162109 111.723351 107.157150
72.428879 73.405090 74.381927 76.092979 78.050949 80.777710 83.877136 87.026871 90.247322 93.376160 96.774361 101.530403 107.633087 113.679970 116.412041 118.694771 121.252411 125.308289 137.550583 180.065765 72.672897 71.697006 71.697006 72.184792 72.916924 73.405090 74.137657 74.870590 75.603897 76.337578 77.316399 78.540863 80.024193 88.784981 89.276810 89.764221 90.487289 91.444939 92.166908 93.134018 94.345703 95.316803 96.531853 97.739799 99.174362 100.828072 102.461029 104.323250 107.394997 121.755836 125.560402 114.419189 110.028374 105.498772
82.309769 80.525627 79.031868 79.278648 80.274460 82.052040 84.674850 86.770828 88.784981 56.151718 54.477779 53.999359 53.999359 54.239071 54.953629 55.911339 56.875038 57.844570 58.818470 60.040428 61.017689 62.238819 63.459801 64.436478 65.656113 66.859734 68.060547 69.267609 70.237442 71.453346 72.428879 73.405090 74.626244 75.848419 77.071632 78.540863 80.024193 81.539482 83.613358 86.770828 91.205002 93.376160 95.073883 96.531853 98.219780 99.885681 101.763680 103.855568 106.682152 117.676117 123.024223 116.663712 110.269547 105.262939
113.926041 113.679970 113.188828 101.996536 89.764221 88.288597 88.537369 53.274132 51.794998 50.786430 50.275009 50.275009 50.275009 50.275009 50.786430 51.544601 52.539471 53.516899 54.239071 55.192341 55.911339 56.875038 58.087700 59.062519 60.529190 61.994610 63.459801 65.168922 67.099403 68.784027 69.994728 71.209846 72.428879 73.649239 74.870590 76.092979 77.316399 78.785942 80.274460 82.309769 84.407883 86.770828 90.726219 94.345703 96.531853 98.697960 100.828072 102.924492 105.734970 110.511047 119.957710 123.534172 113.434227 80.274460
109.306709 109.066780 108.348801 107.157150 104.557632 53.758640 51.040329 49.237202 48.446381 47.654819 47.391659 47.128922 46.866589 47.128922 47.654819 48.182201 48.974621 49.758652 50.786430 51.544601 52.292419 53.274132 53.999359 54.953629 55.911339 57.116879 58.331059 59.795921 61.506161 63.215618 65.898422 68.301460 70.237442 71.697006 72.916924 74.381927 75.603897 77.071632 78.540863 80.024193 81.795280 83.613358 85.994957 89.031464 92.891968 96.531853 99.174362 101.763680 104.557632 108.587852 115.660423 120.501297 123.788628 78.295883
99.885681 97.739799 96.289101 96.289101 96.774361 49.237202 47.128922 45.821411 45.041889 44.266960 44.009701 44.266960 44.783051 45.561131 46.082088 46.866589 47.654819 48.182201 48.974621 49.758652 50.275009 51.040329 51.794998 52.539471 53.274132 54.239071 54.953629 56.151718 57.116879 58.574650 60.040428 62.238819 65.168922 68.542618 70.723328 72.428879 73.893433 75.359421 76.826897 78.540863 80.024193 81.795280 83.877136 85.994957 88.537369 91.444939 96.046127 99.649010 102.924492 106.208092 110.752869 116.663712 76.826897 76.826897
79.031868 74.870590 72.184792 68.784027 47.918350 44.266960 41.963261 41.444180 41.963261 42.476582 43.241032 43.752960 44.524738 45.301262 46.082088 46.604679 47.391659 47.918350 48.446381 49.237202 49.758652 50.275009 51.040329 51.544601 52.044270 52.785431 53.274132 53.999359 54.715511 55.671322 56.633572 58.087700 59.551319 61.750389 64.924782 69.025688 71.453346 73.649239 75.359421 77.071632 78.785942 80.525627 82.052040 84.141983 85.994957 88.537369 91.205002 95.073883 99.885681 104.089233 107.633087 75.603897 75.114983 75.603897
76.826897 74.870590 48.974621 43.752960 40.391071 39.858238 40.125019 40.920029 41.704449 42.476582 43.241032 44.009701 44.783051 45.561131 46.343182 47.391659 48.182201 48.974621 49.758652 50.275009 50.531330 50.786430 51.293049 51.544601 52.044270 52.539471 53.030312 53.758640 54.239071 54.953629 55.431648 56.151718 57.116879 58.087700 59.551319 61.506161 64.436478 69.994728 73.160980 75.359421 77.071632 79.031868 81.030701 82.828178 84.674850 86.513512 89.031464 91.444939 94.588333 99.174362 73.405090 73.405090 73.649239 74.626244
44.783051 43.496738 39.322460 38.241852 38.513149 39.322460 40.125019 40.920029 41.704449 42.731140 43.496738 44.524738 45.821411 47.128922 51.794998 54.477779 56.151718 57.359089 58.331059 59.062519 59.795921 60.529190 61.261929 54.477779 53.516899 53.274132 53.516899 53.758640 54.239071 54.715511 55.192341 55.911339 56.392460 57.116879 57.844570 58.574650 59.551319 60.773441 62.238819 64.680634 74.870590 77.316399 79.774803 81.539482 83.350609 85.471069 87.281662 89.521057 92.166908 70.966507 71.453346 71.940819 72.916924 74.137657
38.513149 36.876591 37.150761 37.697418 38.513149 39.322460 40.391071 41.444180 42.476582 43.496738 44.783051 46.866589 51.544601 53.758640 55.192341 56.392460 57.601669 58.818470 60.040428 61.017689 61.994610 62.971432 63.703979 64.680634 65.168922 65.656113 65.898422 55.671322 55.192341 55.192341 55.431648 55.911339 56.392460 56.875038 57.601669 58.087700 58.818470 59.306801 60.040428 61.017689 61.750389 62.727230 63.703979 64.924782 65.898422 66.620308 67.339317 68.060547 68.784027 69.509781 70.480309 71.453346 72.672897 74.137657
35.494949 36.050030 36.876591 37.697418 38.783680 39.858238 40.920029 42.220631 43.496738 45.301262 48.710880 51.293049 53.030312 54.477779 55.911339 57.359089 58.574650 59.795921 61.017689 61.994610 63.215618 64.192322 65.168922 66.139877 66.859734 67.579483 68.301460 68.542618 69.025688 69.267609 57.844570 57.116879 57.116879 57.116879 57.601669 58.087700 58.574650 59.306801 59.795921 60.529190 61.261929 61.994610 62.727230 63.459801 64.436478 65.168922 66.139877 67.099403 68.060547 69.025688 69.994728 71.209846 72.428879 73.893433
35.216808 36.050030 36.876591 37.969910 39.053452 40.656158 41.963261 43.496738 45.821411 48.182201 50.275009 52.044270 53.758640 55.431648 56.875038 58.087700 59.306801 60.529190 61.750389 62.727230 63.948151 65.168922 66.380508 67.339317 68.542618 69.509781 70.237442 70.966507 71.453346 71.697006 71.453346 71.697006 61.017689 59.062519 58.574650 58.574650 58.818470 59.306801 59.795921 60.529190 61.017689 61.750389 62.483028 63.215618 63.948151 64.924782 65.656113 66.620308 67.579483 68.784027 69.752182 70.966507 72.428879 73.893433
35.216808 36.050030 37.150761 38.513149 40.125019 41.704449 43.496738 45.561131 47.654819 49.498569 51.040329 52.785431 54.477779 55.911339 57.359089 58.574650 59.795921 61.017689 62.238819 63.703979 64.924782 66.380508 67.819893 69.267609 70.480309 71.940819 73.160980 74.381927 75.114983 75.603897 75.848419 76.092979 74.381927 73.649239 63.215618 61.994610 60.284851 60.284851 60.284851 60.773441 61.261929 61.750389 62.483028 63.215618 63.948151 64.924782 65.898422 66.620308 67.819893 68.784027 69.994728 71.209846 72.672897 74.137657
