tests/test_04/output4/CloudArrivalTime.dat
NCOLS   360
NROWS    60
XLLCORNER           0.000
YLLCORNER           0.000
CELLSIZE           1.000          1.000
NODATA_VALUE -9999.
[rows 0 to 23 of 60, columns 54 to 107 of 360]
210.294067 227.119247 227.119247 227.119247 227.716476 228.312973 229.208786 230.419983 231.920364 233.676727 -9999.000000 -9999.000000 -9999.000000 -9999.000000 -9999.000000 -9999.000000 -9999.000000 -9999.000000 -9999.000000 -9999.000000 -9999.000000 -9999.000000 -9999.000000 -9999.000000 -9999.000000 -9999.000000 -9999.000000 -9999.000000 -9999.000000 -9999.000000 -9999.000000 -9999.000000 -9999.000000 -9999.000000 -9999.000000 -9999.000000 -9999.000000 -9999.000000 -9999.000000 -9999.000000 -9999.000000 -9999.000000 -9999.000000 -9999.000000 -9999.000000 -9999.000000 -9999.000000 -9999.000000 -9999.000000 -9999.000000 -9999.000000 -9999.000000 -9999.000000 -9999.000000
205.877411 206.842789 207.594894 208.640076 210.012756 211.446564 224.424286 225.922623 227.417953 228.909195 230.722855 232.511032 234.535950 236.807648 -9999.000000 -9999.000000 -9999.000000 -9999.000000 -9999.000000 -9999.000000 -9999.000000 -9999.000000 -9999.000000 -9999.000000 -9999.000000 -9999.000000 -9999.000000 -9999.000000 -9999.000000 -9999.000000 -9999.000000 -9999.000000 -9999.000000 -9999.000000 -9999.000000 -9999.000000 -9999.000000 -9999.000000 -9999.000000 -9999.000000 -9999.000000 -9999.000000 -9999.000000 -9999.000000 -9999.000000 -9999.000000 -9999.000000 -9999.000000 -9999.000000 -9999.000000 -9999.000000 -9999.000000 -9999.000000 -9999.000000
202.448364 203.379517 204.286987 205.409821 206.597610 207.851425 209.182236 210.863708 212.658463 225.323227 227.417953 229.208786 231.024307 232.804398 234.819473 237.376205 -9999.000000 -9999.000000 -9999.000000 -9999.000000 -9999.000000 -9999.000000 -9999.000000 -9999.000000 -9999.000000 -9999.000000 -9999.000000 -9999.000000 -9999.000000 -9999.000000 -9999.000000 -9999.000000 -9999.000000 -9999.000000 -9999.000000 -9999.000000 -9999.000000 -9999.000000 -9999.000000 -9999.000000 -9999.000000 -9999.000000 -9999.000000 -9999.000000 -9999.000000 -9999.000000 -9999.000000 -9999.000000 -9999.000000 -9999.000000 -9999.000000 -9999.000000 -9999.000000 -9999.000000
198.630585 199.339874 200.541321 201.498901 202.683395 204.062576 205.409821 207.090668 208.640076 210.577682 212.349991 215.182205 228.014816 230.419983 232.216354 234.251038 236.523285 -9999.000000 -9999.000000 -9999.000000 -9999.000000 -9999.000000 -9999.000000 -9999.000000 -9999.000000 -9999.000000 -9999.000000 -9999.000000 -9999.000000 -9999.000000 -9999.000000 -9999.000000 -9999.000000 -9999.000000 -9999.000000 -9999.000000 -9999.000000 -9999.000000 -9999.000000 -9999.000000 -9999.000000 -9999.000000 -9999.000000 -9999.000000 -9999.000000 -9999.000000 -9999.000000 -9999.000000 -9999.000000 -9999.000000 -9999.000000 -9999.000000 -9999.000000 -9999.000000
194.475311 195.323227 196.661453 197.669662 199.102325 200.300644 180.581055 181.094727 181.883743 182.694916 183.811829 184.650925 185.756561 186.843262 187.937225 189.044769 190.165436 191.299728 239.931885 -9999.000000 -9999.000000 -9999.000000 -9999.000000 -9999.000000 -9999.000000 -9999.000000 -9999.000000 -9999.000000 -9999.000000 -9999.000000 -9999.000000 -9999.000000 -9999.000000 -9999.000000 -9999.000000 -9999.000000 -9999.000000 -9999.000000 -9999.000000 -9999.000000 -9999.000000 -9999.000000 -9999.000000 -9999.000000 -9999.000000 -9999.000000 -9999.000000 -9999.000000 -9999.000000 -9999.000000 -9999.000000 -9999.000000 -9999.000000 -9999.000000
175.202927 175.649811 176.104523 177.038651 177.762726 178.762894 179.804489 181.094727 182.151581 183.530197 184.650925 186.030563 187.114929 188.212906 189.603439 190.730850 191.872147 193.027237 193.896866 195.044495 196.137283 -9999.000000 -9999.000000 -9999.000000 -9999.000000 -9999.000000 -9999.000000 -9999.000000 -9999.000000 -9999.000000 -9999.000000 -9999.000000 -9999.000000 -9999.000000 -9999.000000 -9999.000000 -9999.000000 -9999.000000 -9999.000000 -9999.000000 -9999.000000 -9999.000000 -9999.000000 -9999.000000 -9999.000000 -9999.000000 -9999.000000 -9999.000000 -9999.000000 -9999.000000 -9999.000000 -9999.000000 -9999.000000 -9999.000000
174.330444 175.202927 176.104523 177.277664 178.508972 179.804489 181.094727 182.694916 184.092484 185.481537 186.843262 188.212906 189.603439 190.730850 191.872147 193.027237 194.186249 195.044495 196.137283 197.171906 198.394424 199.578568 201.498901 -9999.000000 -9999.000000 -9999.000000 -9999.000000 -9999.000000 -9999.000000 -9999.000000 -9999.000000 -9999.000000 -9999.000000 -9999.000000 209.733719 209.733719 210.012756 210.294067 210.577682 210.863708 211.446564 211.743668 212.349991 212.969193 213.914825 -9999.000000 -9999.000000 -9999.000000 -9999.000000 -9999.000000 -9999.000000 -9999.000000 -9999.000000 -9999.000000
174.547577 175.649811 177.038651 178.508972 180.065781 181.883743 183.530197 185.205597 186.843262 188.489395 189.884018 191.299728 192.448151 193.607147 194.761917 195.869690 197.171906 198.155624 199.339874 200.541321 201.974655 -9999.000000 -9999.000000 -9999.000000 -9999.000000 -9999.000000 -9999.000000 -9999.000000 -9999.000000 208.111053 207.851425 208.111053 208.373901 208.640076 209.182236 209.733719 210.012756 210.577682 211.153290 211.446564 211.743668 212.349991 212.658463 212.969193 213.282242 213.914825 214.231888 214.865601 215.498276 216.128906 218.970291 222.933731 226.820374 -9999.000000
175.649811 177.038651 178.762894 180.324615 182.151581 184.092484 186.030563 187.662354 189.323685 190.730850 192.159683 193.607147 195.044495 196.137283 197.669662 198.865906 200.300644 201.974655 208.640076 209.733719 210.577682 211.743668 212.658463 213.597626 214.548813 215.498276 203.608658 204.062576 204.509659 205.180511 205.877411 206.597610 207.341339 208.111053 208.909698 209.733719 210.577682 211.446564 212.044754 212.658463 213.282242 213.597626 214.231888 214.548813 214.548813 214.865601 215.182205 215.498276 215.813843 216.128906 216.754929 217.069016 218.021072 219.596619
176.801895 178.508972 180.324615 182.151581 184.092484 186.030563 187.937225 189.603439 191.299728 192.737518 194.186249 195.598236 196.918335 198.394424 200.059433 201.974655 204.286987 207.090668 208.909698 210.294067 211.446564 212.658463 200.059433 200.059433 200.541321 201.498901 202.448364 203.379517 204.286987 205.409821 206.597610 207.594894 208.909698 210.012756 211.446564 212.349991 213.282242 214.231888 215.182205 215.813843 216.442856 216.754929 216.754929 217.069016 217.069016 217.069016 217.069016 217.069016 217.069016 217.069016 217.385117 217.702454 218.338730 218.655136
177.519012 179.278656 181.355377 183.248947 185.205597 187.114929 189.044769 191.014847 192.448151 194.186249 195.598236 196.918335 198.394424 200.300644 202.211792 204.954147 207.341339 209.182236 210.577682 212.044754 196.918335 197.171906 197.669662 198.865906 200.059433 201.260269 202.683395 204.062576 205.409821 206.842789 208.373901 210.294067 211.743668 213.282242 214.231888 215.498276 216.442856 217.385117 218.021072 218.970291 219.907425 220.524353 221.135193 221.740128 222.339310 222.339310 222.339310 221.135193 219.907425 219.284225 218.970291 218.655136 218.970291 219.284225
177.277664 179.278656 181.094727 182.970551 184.928726 187.114929 189.044769 191.014847 192.737518 194.761917 196.401154 198.155624 199.818405 201.737030 204.062576 206.597610 208.909698 210.577682 194.186249 193.896866 194.475311 195.598236 196.918335 198.394424 199.818405 201.498901 203.148956 204.954147 206.842789 208.640076 210.863708 212.658463 214.231888 215.498276 216.754929 217.702454 218.970291 219.907425 220.830536 222.040436 222.933731 223.826904 225.023239 225.922623 226.820374 227.716476 228.312973 229.208786 229.509705 229.509705 228.909195 222.339310 220.830536 220.524353
177.038651 179.019424 180.836411 182.694916 184.650925 186.573547 188.766663 190.730850 192.737518 194.761917 196.661453 198.865906 200.781479 202.916916 205.409821 207.851425 210.294067 191.014847 191.299728 192.159683 193.317108 194.761917 196.401154 197.914062 199.818405 201.737030 203.608658 205.877411 208.373901 210.577682 212.658463 214.231888 215.813843 217.069016 218.338730 219.596619 220.830536 222.040436 223.231064 224.424286 225.323227 226.521317 228.014816 229.208786 230.115677 231.324356 232.511032 233.676727 234.819473 235.954849 236.807648 237.660400 238.796600 239.648148
176.104523 178.008911 179.804489 181.883743 183.811829 185.481537 187.388245 189.603439 191.872147 194.186249 196.401154 198.630585 200.781479 203.379517 206.115005 208.909698 188.212906 188.766663 189.884018 191.014847 192.448151 193.896866 195.598236 197.422318 199.578568 201.737030 204.062576 206.842789 209.182236 211.446564 213.282242 215.182205 216.754929 218.021072 219.596619 220.830536 222.040436 223.231064 224.723572 225.922623 227.119247 228.312973 229.509705 230.722855 231.920364 232.804398 233.964645 234.819473 235.954849 236.807648 237.944534 238.796600 239.648148 -9999.000000
174.982513 176.567322 178.257629 180.065781 182.151581 184.092484 185.756561 187.388245 189.323685 191.585495 194.475311 197.422318 200.541321 203.148956 185.756561 186.030563 186.843262 187.937225 189.044769 190.447723 191.872147 193.607147 195.323227 197.422318 199.578568 202.211792 204.954147 207.594894 209.733719 212.044754 213.914825 215.498276 217.385117 218.970291 220.216675 221.740128 222.933731 224.125397 225.623016 226.820374 228.014816 229.208786 230.419983 231.324356 232.511032 233.387283 234.535950 235.386917 236.238998 237.376205 238.228622 239.080505 240.000000 -9999.000000
173.893188 175.202927 176.567322 178.008911 179.540665 181.355377 182.970551 184.372177 186.030563 187.388245 188.766663 190.165436 183.811829 183.530197 184.092484 185.205597 186.302887 187.388245 188.766663 190.165436 191.585495 193.317108 195.323227 197.422318 200.059433 202.916916 205.409821 207.594894 209.733719 211.743668 213.914825 215.813843 217.385117 218.970291 220.524353 222.040436 223.231064 224.424286 225.922623 227.119247 228.312973 229.509705 230.722855 231.623047 232.804398 233.676727 234.535950 235.670822 236.523285 237.376205 238.512634 239.364365 -9999.000000 -9999.000000
172.784058 173.893188 174.982513 176.104523 177.277664 178.508972 179.804489 181.355377 182.151581 181.883743 181.094727 181.355377 181.618362 182.421936 183.530197 184.650925 186.030563 187.388245 188.489395 189.884018 191.585495 193.317108 195.598236 198.394424 201.260269 203.608658 205.642197 207.851425 209.733719 211.743668 213.597626 215.498276 217.385117 218.970291 220.524353 222.040436 223.231064 224.723572 225.922623 227.119247 228.312973 229.811996 230.722855 231.920364 232.804398 233.676727 234.535950 235.670822 236.523285 237.660400 238.512634 239.648148 -9999.000000 -9999.000000
171.424362 172.559662 173.452057 174.330444 174.982513 175.876175 176.567322 177.277664 178.008911 178.762894 179.540665 180.324615 181.094727 182.151581 183.530197 184.650925 186.030563 187.388245 189.044769 191.014847 192.737518 195.044495 197.171906 199.818405 201.974655 204.062576 206.115005 208.111053 210.012756 211.743668 213.597626 215.498276 217.385117 218.970291 220.216675 221.740128 223.231064 224.424286 225.623016 227.119247 228.312973 229.509705 230.722855 231.623047 232.804398 233.676727 234.535950 235.670822 236.523285 237.660400 238.512634 239.648148 -9999.000000 -9999.000000
170.294876 171.196503 172.108231 173.007568 173.893188 174.764084 175.425354 176.334885 177.038651 178.008911 179.019424 180.065781 181.094727 182.421936 184.092484 186.030563 187.937225 189.884018 191.299728 193.027237 194.761917 196.661453 198.865906 201.021133 203.148956 204.954147 206.842789 208.640076 210.294067 211.743668 213.597626 215.182205 217.069016 218.655136 219.907425 221.438385 222.636795 224.125397 225.323227 226.820374 228.014816 229.208786 230.419983 231.623047 232.511032 233.387283 234.535950 235.386917 236.523285 237.660400 238.512634 239.648148 -9999.000000 -9999.000000
169.628586 170.743759 171.653214 172.559662 173.452057 174.330444 175.425354 176.334885 177.277664 178.508972 179.540665 181.094727 182.970551 184.928726 186.573547 188.212906 189.884018 191.299728 192.737518 194.186249 196.137283 197.914062 200.059433 201.974655 204.062576 205.642197 207.341339 208.909698 210.577682 212.044754 213.597626 215.182205 216.754929 218.338730 219.907425 221.135193 222.636795 223.826904 225.023239 226.521317 227.716476 228.909195 230.115677 231.324356 232.216354 233.387283 234.251038 235.386917 236.238998 237.376205 238.512634 239.648148 -9999.000000 -9999.000000
170.294876 171.424362 172.784058 174.112335 175.202927 176.567322 177.519012 178.762894 179.804489 181.094727 182.421936 183.811829 185.481537 187.114929 188.766663 190.447723 191.872147 193.317108 194.761917 196.401154 197.914062 199.578568 201.498901 203.379517 205.180511 206.842789 208.111053 209.456894 210.863708 212.349991 213.914825 215.498276 217.069016 218.655136 219.907425 221.135193 222.636795 223.826904 225.023239 226.222061 227.417953 228.610947 229.811996 231.024307 232.216354 233.096466 233.964645 235.103134 235.954849 237.091965 238.228622 239.364365 -9999.000000 -9999.000000
188.489395 189.603439 190.447723 191.299728 191.872147 192.448151 183.248947 183.530197 184.092484 185.205597 186.302887 187.662354 189.323685 190.730850 191.872147 193.317108 194.475311 195.869690 197.422318 198.865906 200.541321 202.211792 203.836395 205.409821 206.842789 208.111053 209.182236 210.577682 211.743668 212.969193 214.548813 215.813843 217.385117 218.655136 220.216675 221.438385 222.636795 223.826904 225.323227 226.222061 227.417953 228.610947 229.811996 230.722855 231.920364 232.804398 233.676727 234.819473 235.670822 236.807648 237.944534 239.364365 -9999.000000 -9999.000000
188.489395 189.323685 190.165436 191.014847 191.872147 192.448151 193.027237 193.317108 192.448151 191.872147 191.872147 192.159683 193.027237 193.896866 195.044495 196.137283 197.422318 198.630585 200.059433 201.737030 203.608658 204.954147 206.115005 207.090668 208.111053 209.182236 210.294067 211.446564 212.658463 213.914825 215.182205 216.754929 218.338730 219.596619 221.135193 222.339310 223.826904 225.023239 226.521317 -9999.000000 -9999.000000 -9999.000000 -9999.000000 -9999.000000 -9999.000000 233.387283 233.964645 234.535950 235.386917 236.523285 237.660400 239.080505 -9999.000000 -9999.000000
187.662354 188.766663 189.603439 197.171906 198.155624 199.339874 200.541321 201.737030 201.974655 199.818405 198.630585 198.394424 198.630585 198.865906 199.578568 200.541321 201.260269 202.448364 203.836395 205.642197 207.090668 208.111053 208.640076 209.456894 210.012756 210.863708 211.743668 212.969193 214.231888 215.813843 217.385117 218.970291 220.830536 222.933731 235.386917 237.376205 239.080505 -9999.000000 -9999.000000 -9999.000000 -9999.000000 -9999.000000 -9999.000000 -9999.000000 -9999.000000 -9999.000000 -9999.000000 -9999.000000 -9999.000000 237.091965 237.660400 238.796600 239.931885 -9999.000000
