tests/test_04/output4/CloudArrivalTime.dat
NCOLS   360
NROWS    60
XLLCORNER           0.000
YLLCORNER           0.000
CELLSIZE           1.000          1.000
NODATA_VALUE -1.000
[rows 0 to 25 of 60, columns 295 to 353 of 360]
-1.000000 -1.000000 -1.000000 -1.000000 -1.000000 -1.000000 -1.000000 -1.000000 -1.000000 -1.000000 127.577751 126.314751 124.549973 122.515167 120.501297 117.930679 114.913872 108.587852 108.109993 108.109993 108.348801 108.348801 108.827164 109.306709 110.028374 110.752869 111.480247 112.454613 113.434227 114.419189 115.410988 116.915947 -1.000000 -1.000000 -1.000000 -1.000000 -1.000000 -1.000000 -1.000000 -1.000000 -1.000000 -1.000000 -1.000000 -1.000000 -1.000000 -1.000000 -1.000000 -1.000000 -1.000000 -1.000000 -1.000000 -1.000000 -1.000000 -1.000000 -1.000000 -1.000000 -1.000000 -1.000000 -1.000000
-1.000000 -1.000000 -1.000000 -1.000000 -1.000000 -1.000000 -1.000000 129.143051 127.834602 126.816353 125.560402 124.042747 122.261497 120.250908 -1.000000 -1.000000 -1.000000 106.919533 106.682152 106.682152 106.919533 107.157150 107.633087 108.348801 109.066780 109.787498 110.752869 111.723351 112.699020 113.679970 114.666267 115.660423 116.915947 94.103172 -1.000000 -1.000000 -1.000000 -1.000000 -1.000000 -1.000000 -1.000000 -1.000000 -1.000000 -1.000000 -1.000000 -1.000000 -1.000000 -1.000000 -1.000000 -1.000000 -1.000000 -1.000000 -1.000000 -1.000000 -1.000000 -1.000000 -1.000000 -1.000000 -1.000000
-1.000000 -1.000000 -1.000000 -1.000000 -1.000000 130.768463 129.143051 127.577751 126.314751 124.803078 123.534172 122.008392 120.250908 118.185829 115.410988 -1.000000 -1.000000 105.498772 105.262939 -1.000000 -1.000000 -1.000000 -1.000000 -1.000000 108.109993 109.066780 110.028374 110.995010 111.966782 113.188828 114.172447 115.410988 116.412041 92.891968 92.891968 93.376160 94.345703 -1.000000 -1.000000 -1.000000 -1.000000 -1.000000 -1.000000 -1.000000 -1.000000 -1.000000 -1.000000 -1.000000 -1.000000 -1.000000 -1.000000 -1.000000 -1.000000 -1.000000 -1.000000 -1.000000 -1.000000 -1.000000 -1.000000
-1.000000 -1.000000 -1.000000 -1.000000 132.130310 129.678131 127.834602 126.314751 124.803078 123.279373 121.755836 119.957710 118.185829 115.910400 112.699020 105.027473 -1.000000 -1.000000 -1.000000 -1.000000 -1.000000 -1.000000 -1.000000 -1.000000 -1.000000 108.587852 109.787498 110.995010 112.210533 113.679970 115.162109 116.663712 91.925903 91.444939 91.685242 92.166908 93.860741 95.559822 98.219780 -1.000000 -1.000000 -1.000000 -1.000000 -1.000000 -1.000000 -1.000000 -1.000000 -1.000000 -1.000000 -1.000000 -1.000000 -1.000000 -1.000000 -1.000000 -1.000000 -1.000000 -1.000000 -1.000000 -1.000000
-1.000000 -1.000000 -1.000000 134.538864 131.589813 129.143051 127.068649 125.560402 123.788628 121.755836 120.000000 118.185829 115.910400 112.943764 104.089233 102.924492 -1.000000 -1.000000 -1.000000 -1.000000 -1.000000 -1.000000 -1.000000 -1.000000 -1.000000 -1.000000 109.787498 111.480247 114.172447 119.454132 119.706177 119.706177 90.487289 90.247322 90.487289 91.444939 93.376160 95.559822 98.459091 101.062599 103.855568 -1.000000 -1.000000 -1.000000 -1.000000 -1.000000 -1.000000 -1.000000 -1.000000 -1.000000 -1.000000 -1.000000 -1.000000 -1.000000 -1.000000 -1.000000 -1.000000 -1.000000 -1.000000
-1.000000 -1.000000 -1.000000 133.462326 130.768463 128.353043 126.565536 124.803078 122.769409 120.501297 118.440567 116.160942 113.434227 -1.000000 -1.000000 -1.000000 -1.000000 -1.000000 -1.000000 -1.000000 -1.000000 -1.000000 -1.000000 -1.000000 -1.000000 -1.000000 110.752869 118.694771 117.930679 116.915947 115.910400 91.205002 89.031464 89.031464 89.521057 90.965408 92.891968 95.559822 98.459091 101.530403 104.557632 108.109993 111.723351 -1.000000 -1.000000 -1.000000 -1.000000 -1.000000 -1.000000 -1.000000 -1.000000 -1.000000 -1.000000 -1.000000 -1.000000 -1.000000 -1.000000 -1.000000 -1.000000
-1.000000 -1.000000 134.810120 132.130310 129.678131 127.577751 125.812180 123.788628 121.755836 119.454132 116.915947 -1.000000 -1.000000 -1.000000 -1.000000 -1.000000 -1.000000 -1.000000 -1.000000 -1.000000 -1.000000 -1.000000 -1.000000 -1.000000 -1.000000 110.511047 117.676117 116.663712 115.410988 113.926041 112.454613 88.288597 87.535210 87.787537 88.784981 90.247322 92.408279 95.559822 98.936378 102.228989 105.734970 109.787498 114.172447 118.185829 -1.000000 -1.000000 -1.000000 -1.000000 -1.000000 -1.000000 -1.000000 -1.000000 -1.000000 -1.000000 -1.000000 -1.000000 -1.000000 -1.000000 -1.000000
139.180817 136.179413 133.195267 130.493362 128.353043 126.565536 124.803078 123.024223 121.001518 118.694771 -1.000000 -1.000000 -1.000000 -1.000000 -1.000000 -1.000000 -1.000000 -1.000000 -1.000000 -1.000000 -1.000000 -1.000000 -1.000000 -1.000000 109.787498 117.422150 116.160942 114.666267 113.188828 110.995010 108.348801 86.254890 86.254890 86.770828 88.038658 89.521057 91.925903 95.559822 99.174362 103.156708 107.394997 113.188828 117.930679 123.279373 232.510956 236.523209 -1.000000 -1.000000 -1.000000 -1.000000 -1.000000 -1.000000 -1.000000 -1.000000 -1.000000 -1.000000 -1.000000 -1.000000 -1.000000
139.453445 136.179413 133.195267 130.768463 128.614716 126.816353 125.055847 123.024223 120.751183 -1.000000 -1.000000 -1.000000 -1.000000 -1.000000 -1.000000 -1.000000 -1.000000 -1.000000 -1.000000 -1.000000 -1.000000 -1.000000 -1.000000 108.348801 118.185829 116.160942 114.666267 112.699020 110.511047 106.919533 85.471069 84.941673 85.207069 86.254890 87.281662 88.784981 91.685242 95.802940 99.649010 105.027473 110.511047 118.440567 123.279373 222.636734 227.716400 232.216293 235.670746 -1.000000 -1.000000 -1.000000 -1.000000 -1.000000 -1.000000 -1.000000 -1.000000 -1.000000 -1.000000 -1.000000 -1.000000
140.548752 136.729507 133.730225 131.317261 129.143051 127.322441 125.560402 -1.000000 -1.000000 -1.000000 -1.000000 -1.000000 -1.000000 -1.000000 -1.000000 -1.000000 -1.000000 -1.000000 -1.000000 -1.000000 -1.000000 104.323250 106.445000 109.066780 117.676117 115.162109 112.943764 110.511047 107.157150 102.924492 83.613358 83.613358 84.141983 85.207069 86.254890 88.038658 91.685242 96.046127 100.593109 109.306709 118.440567 212.044708 215.813797 220.830475 223.826843 228.610886 232.510956 235.954773 -1.000000 -1.000000 -1.000000 -1.000000 -1.000000 -1.000000 -1.000000 -1.000000 -1.000000 -1.000000 -1.000000
142.761185 138.095291 134.810120 132.397827 130.493362 128.878036 -1.000000 -1.000000 -1.000000 -1.000000 -1.000000 -1.000000 -1.000000 -1.000000 -1.000000 -1.000000 -1.000000 -1.000000 99.174362 100.593109 102.228989 104.089233 106.208092 108.827164 117.422150 114.172447 111.237473 107.633087 103.622261 82.828178 82.052040 82.309769 83.088890 84.141983 85.733688 87.787537 92.166908 96.531853 102.228989 121.001518 205.642166 208.909653 213.282181 216.754868 222.933670 226.221985 230.419907 233.387207 236.523209 -1.000000 -1.000000 -1.000000 -1.000000 -1.000000 -1.000000 -1.000000 -1.000000 -1.000000 -1.000000
-1.000000 140.000198 136.729507 134.268478 132.397827 -1.000000 -1.000000 -1.000000 -1.000000 -1.000000 -1.000000 -1.000000 -1.000000 -1.000000 -1.000000 95.559822 96.531853 97.739799 98.936378 100.121918 101.763680 103.389313 105.498772 108.587852 117.930679 113.434227 109.306709 104.792374 100.828072 80.777710 80.777710 81.284622 82.052040 83.350609 85.207069 88.038658 92.650017 97.016411 159.257507 161.759720 164.597046 167.665497 173.673035 184.928696 218.655075 225.622955 229.208710 231.920303 234.535873 237.660324 -1.000000 -1.000000 -1.000000 -1.000000 -1.000000 -1.000000 -1.000000 -1.000000 -1.000000
-1.000000 -1.000000 -1.000000 -1.000000 -1.000000 -1.000000 -1.000000 -1.000000 -1.000000 -1.000000 -1.000000 -1.000000 -1.000000 -1.000000 -1.000000 94.345703 95.316803 96.531853 97.980019 99.411903 101.062599 102.692657 105.027473 108.348801 121.252411 112.454613 107.157150 103.156708 79.774803 79.278648 79.526291 80.024193 81.284622 82.828178 85.207069 88.784981 93.376160 97.499130 154.699310 157.126373 159.722275 161.980621 164.378143 167.228745 175.425354 225.323151 228.909134 231.622971 233.676666 235.670746 239.080444 -1.000000 -1.000000 -1.000000 -1.000000 -1.000000 -1.000000 -1.000000 -1.000000
66.380508 67.819893 69.025688 69.994728 71.209846 -1.000000 -1.000000 -1.000000 -1.000000 -1.000000 -1.000000 -1.000000 -1.000000 -1.000000 -1.000000 91.444939 93.376160 95.073883 96.774361 98.459091 100.121918 101.996536 104.089233 107.394997 118.694771 114.172447 107.871422 102.924492 77.806061 77.806061 78.295883 79.031868 80.525627 82.828178 85.733688 89.521057 93.860741 98.219780 153.449173 155.924973 158.080246 160.638916 163.070068 165.474945 168.101334 171.424347 228.610886 231.622971 233.676666 235.386856 237.091888 -1.000000 -1.000000 -1.000000 -1.000000 -1.000000 -1.000000 -1.000000 -1.000000
61.017689 62.483028 64.192322 66.380508 68.301460 -1.000000 -1.000000 -1.000000 -1.000000 -1.000000 -1.000000 -1.000000 -1.000000 -1.000000 -1.000000 84.141983 86.770828 91.205002 94.345703 96.531853 98.936378 100.828072 103.156708 106.208092 112.210533 119.706177 109.306709 76.337578 76.092979 76.337578 77.071632 78.295883 80.525627 83.350609 86.254890 90.006302 94.588333 124.549973 126.565536 127.834602 135.629044 139.453445 141.651276 145.825363 166.791107 169.188934 172.108215 231.622971 233.676666 235.386856 237.091888 239.080444 -1.000000 -1.000000 -1.000000 -1.000000 -1.000000 -1.000000 -1.000000
56.151718 57.359089 58.818470 60.284851 -1.000000 -1.000000 -1.000000 -1.000000 -1.000000 -1.000000 -1.000000 -1.000000 -1.000000 78.295883 79.774803 81.539482 83.613358 85.733688 88.784981 93.134018 96.531853 99.174362 101.996536 105.027473 109.066780 116.160942 113.188828 74.381927 74.626244 75.359421 76.337578 78.050949 80.777710 83.613358 86.513512 90.487289 95.073883 114.172447 119.201553 121.503853 123.279373 124.803078 126.063629 128.353043 137.277435 140.548752 143.598541 146.100922 234.250977 235.954773 237.376144 239.080444 -1.000000 -1.000000 -1.000000 -1.000000 -1.000000 -1.000000 -1.000000
53.030312 -1.000000 -1.000000 -1.000000 -1.000000 -1.000000 -1.000000 -1.000000 -1.000000 -1.000000 -1.000000 73.405090 75.114983 76.582222 78.050949 79.774803 81.539482 83.613358 85.733688 88.038658 91.444939 96.046127 99.649010 103.156708 106.682152 111.723351 72.916924 72.916924 73.405090 74.381927 75.848419 78.050949 80.777710 -1.000000 -1.000000 90.726219 95.559822 104.323250 112.454613 115.660423 117.930679 119.454132 120.751183 122.008392 123.279373 125.055847 127.834602 131.860992 138.095291 142.483017 145.548828 239.364288 -1.000000 -1.000000 -1.000000 -1.000000 -1.000000 -1.000000 -1.000000
-1.000000 -1.000000 -1.000000 -1.000000 -1.000000 -1.000000 -1.000000 -1.000000 -1.000000 62.238819 66.380508 70.237442 72.672897 74.626244 76.582222 78.295883 80.024193 82.052040 83.877136 85.994957 88.288597 90.965408 95.073883 99.649010 104.557632 71.209846 71.209846 -1.000000 -1.000000 74.137657 75.848419 78.050949 -1.000000 -1.000000 -1.000000 90.726219 95.316803 99.649010 106.208092 110.752869 113.434227 115.162109 116.663712 117.930679 119.201553 120.250908 121.503853 123.024223 125.055847 127.068649 129.143051 131.317261 -1.000000 -1.000000 -1.000000 -1.000000 -1.000000 -1.000000 -1.000000
-1.000000 -1.000000 -1.000000 -1.000000 -1.000000 -1.000000 -1.000000 55.671322 56.392460 57.359089 58.818470 61.017689 64.436478 71.453346 74.381927 76.582222 78.540863 80.525627 82.568481 84.407883 86.513512 88.784981 91.205002 69.267609 69.025688 -1.000000 -1.000000 -1.000000 -1.000000 -1.000000 -1.000000 -1.000000 -1.000000 -1.000000 -1.000000 90.487289 94.103172 97.499130 101.530403 106.445000 109.306709 111.480247 113.188828 114.666267 115.910400 117.168762 118.440567 119.706177 121.001518 122.515167 124.296532 -1.000000 -1.000000 -1.000000 -1.000000 -1.000000 -1.000000 -1.000000 -1.000000
-1.000000 -1.000000 -1.000000 -1.000000 53.516899 53.999359 54.477779 55.192341 55.671322 56.392460 57.116879 57.844570 58.818470 59.795921 60.773441 61.750389 62.971432 79.031868 81.030701 65.412949 65.656113 65.898422 66.380508 67.099403 -1.000000 -1.000000 -1.000000 -1.000000 -1.000000 -1.000000 76.092979 78.295883 80.777710 83.613358 86.513512 90.006302 93.134018 96.046127 98.936378 102.461029 105.971413 108.348801 110.269547 111.723351 113.188828 114.419189 115.660423 116.915947 118.440567 119.706177 -1.000000 -1.000000 -1.000000 -1.000000 -1.000000 -1.000000 -1.000000 -1.000000 -1.000000
69.267609 54.715511 53.758640 53.758640 53.758640 54.239071 54.715511 55.192341 55.671322 56.151718 56.875038 57.359089 58.087700 58.574650 59.306801 60.284851 61.017689 61.750389 62.483028 63.215618 64.192322 64.924782 -1.000000 -1.000000 -1.000000 -1.000000 -1.000000 -1.000000 -1.000000 74.137657 76.092979 78.295883 80.777710 83.350609 86.254890 89.276810 92.166908 94.588333 97.016411 99.649010 102.692657 105.262939 107.394997 109.066780 110.511047 111.966782 113.188828 114.666267 115.910400 -1.000000 -1.000000 -1.000000 -1.000000 -1.000000 -1.000000 -1.000000 -1.000000 -1.000000 -1.000000
69.509781 70.480309 71.453346 72.184792 73.160980 55.671322 55.431648 55.431648 55.911339 56.392460 56.875038 57.359089 58.087700 58.574650 59.306801 60.040428 60.529190 61.261929 62.238819 62.971432 63.703979 -1.000000 -1.000000 -1.000000 -1.000000 -1.000000 -1.000000 71.209846 72.672897 74.137657 76.092979 78.295883 80.525627 83.350609 85.733688 88.537369 90.965408 93.376160 95.559822 97.739799 100.121918 102.461029 104.792374 106.682152 108.109993 109.546951 110.752869 112.210533 113.679970 -1.000000 -1.000000 -1.000000 -1.000000 -1.000000 -1.000000 -1.000000 -1.000000 -1.000000 -1.000000
70.480309 71.453346 72.428879 73.160980 73.893433 74.626244 75.359421 58.574650 57.359089 57.116879 57.359089 57.601669 58.087700 58.574650 59.306801 59.795921 60.529190 61.261929 61.994610 62.727230 -1.000000 -1.000000 -1.000000 -1.000000 -1.000000 -1.000000 69.752182 71.209846 72.672897 74.137657 76.092979 78.050949 80.525627 83.088890 85.471069 87.787537 90.247322 92.166908 94.345703 96.289101 98.219780 100.121918 101.996536 104.323250 105.734970 107.157150 108.587852 109.787498 111.237473 -1.000000 -1.000000 -1.000000 -1.000000 -1.000000 -1.000000 -1.000000 -1.000000 -1.000000 -1.000000
72.184792 73.649239 74.870590 75.603897 76.092979 76.582222 76.826897 77.316399 77.806061 78.295883 59.551319 58.818470 58.818470 58.818470 59.306801 60.040428 60.529190 61.261929 61.994610 -1.000000 -1.000000 -1.000000 -1.000000 -1.000000 67.579483 68.784027 70.237442 71.453346 72.916924 74.626244 76.337578 78.295883 80.274460 82.568481 84.941673 87.026871 89.276810 91.205002 93.134018 94.831062 96.531853 98.219780 99.649010 101.062599 102.924492 104.557632 105.734970 107.157150 -1.000000 -1.000000 -1.000000 -1.000000 -1.000000 -1.000000 -1.000000 -1.000000 -1.000000 -1.000000 -1.000000
74.626244 76.092979 77.316399 78.295883 79.031868 79.774803 80.024193 80.274460 80.274460 80.274460 80.274460 80.777710 67.819893 60.529190 60.284851 60.284851 60.773441 61.506161 -1.000000 -1.000000 -1.000000 -1.000000 65.898422 66.859734 68.060547 69.267609 70.480309 71.940819 73.160980 74.870590 76.337578 78.295883 80.024193 82.052040 84.141983 86.513512 88.537369 90.247322 92.166908 93.860741 95.316803 96.531853 97.739799 98.936378 99.885681 100.828072 101.996536 102.924492 103.622261 -1.000000 -1.000000 -1.000000 -1.000000 -1.000000 -1.000000 -1.000000 -1.000000 -1.000000 -1.000000
77.806061 79.278648 80.525627 81.539482 82.309769 82.828178 83.350609 83.877136 84.141983 83.877136 83.088890 83.088890 82.828178 73.160980 69.509781 61.994610 61.750389 -1.000000 -1.000000 -1.000000 -1.000000 65.168922 66.139877 67.099403 68.301460 69.509781 70.723328 72.184792 73.649239 75.114983 76.582222 78.295883 80.024193 81.795280 83.613358 85.733688 87.787537 89.521057 91.205002 92.650017 94.103172 95.316803 96.289101 97.499130 98.459091 99.649010 100.593109 101.763680 102.692657 -1.000000 -1.000000 -1.000000 -1.000000 -1.000000 -1.000000 -1.000000 -1.000000 -1.000000 -1.000000
