tests/test_04/output4/CloudArrivalTime.dat
NCOLS   360
NROWS    60
XLLCORNER           0.000
YLLCORNER           0.000
CELLSIZE           1.000          1.000
NODATA_VALUE -9999.
[rows 24 to 47 of 60, columns 0 to 53 of 360]
120.751183 121.252411 122.008392 122.515167 123.279373 123.788628 124.296532 124.803078 125.560402 126.063629 126.565536 127.322441 127.834602 128.353043 129.143051 129.678131 130.219894 131.043488 131.589813 132.397827 132.929016 133.730225 134.538879 135.355209 136.454742 137.550583 146.100937 147.464554 148.805389 150.121307 151.412415 152.690186 153.951843 155.192795 156.407837 157.842407 159.023666 160.182755 161.537750 162.852951 164.159500 165.694489 167.447235 169.408310 171.653214 174.330444 176.567322 178.762894 180.581055 182.151581 183.248947 184.092484 185.205597 186.302887
123.279373 124.296532 125.308289 126.314751 127.322441 128.353043 129.143051 129.678131 130.219894 131.043488 131.860992 132.929016 133.998947 135.082245 135.903793 137.003754 138.095306 139.180832 140.274261 141.374969 142.483017 143.318954 144.436844 145.271683 146.375534 147.193695 148.271713 149.070816 150.121307 151.155365 152.180862 153.196838 154.201935 155.437943 156.407837 157.842407 159.023666 160.411423 161.537750 162.852951 164.378143 165.913956 167.665497 170.071854 172.559662 174.764084 176.801895 178.508972 180.065781 181.094727 182.151581 183.248947 184.650925 191.014847
127.068649 128.093018 128.878036 129.678131 130.493362 131.043488 131.860992 132.663559 133.462326 133.998947 134.810135 135.629059 136.179428 137.003754 137.550583 138.366867 139.180832 140.000214 140.823715 141.374969 142.205307 143.039841 143.878296 144.715652 145.825363 146.649185 147.734512 148.538986 149.598282 150.639954 151.669037 152.690186 153.951843 155.192795 156.407837 157.604126 159.023666 160.182755 161.537750 162.852951 164.378143 166.133362 168.318924 170.743759 172.784058 174.764084 176.567322 177.762726 178.762894 179.804489 181.094727 182.694916 189.044769 189.603439
126.565536 127.068649 127.834602 128.614716 129.409775 129.948166 130.768463 131.317261 132.130310 132.929016 133.730225 134.268494 135.082245 135.903793 136.454742 137.277435 138.095306 138.908981 139.726608 140.548767 141.374969 142.205307 143.318954 144.157715 144.993958 146.100937 146.921906 148.003555 149.070816 150.121307 151.412415 152.435867 153.700867 154.946564 156.166931 157.365387 158.789017 160.182755 161.537750 163.070084 164.597061 166.352692 168.536087 170.743759 172.784058 174.112335 175.425354 176.567322 177.762726 179.019424 180.581055 186.843262 187.662354 188.489395
125.560402 126.314751 127.068649 127.577751 128.353043 129.143051 129.948166 130.493362 131.317261 132.130310 132.929016 133.730225 134.268494 135.082245 135.903793 136.729523 137.277435 138.095306 138.908981 140.000214 140.823715 141.651291 142.483017 143.598557 144.436844 145.548843 146.375534 147.464554 148.538986 149.598282 150.897873 151.925201 153.196838 154.451126 155.682007 157.126389 158.553574 159.953049 161.537750 163.070084 164.816223 166.571945 168.536087 170.294876 171.881180 173.230240 174.330444 175.649811 176.801895 178.508972 184.372177 185.481537 186.302887 187.114929
125.055847 125.812180 126.565536 127.322441 128.093018 128.878036 129.678131 130.219894 131.043488 131.860992 132.663559 133.462326 133.998947 134.810135 135.629059 136.179428 137.003754 137.823212 138.637894 139.453461 140.548767 141.374969 142.205307 143.039841 144.157715 144.993958 146.100937 147.193695 148.271713 149.335114 150.639954 151.669037 152.943832 154.201935 155.437943 156.887115 158.317322 159.953049 161.537750 163.070084 164.597061 166.352692 167.883530 169.628586 170.969650 172.334396 173.673035 174.982513 176.567322 181.883743 182.970551 184.092484 185.205597 186.302887
124.803078 125.560402 126.314751 127.322441 128.093018 129.143051 129.948166 130.768463 131.589813 132.130310 132.929016 133.730225 134.268494 135.082245 135.629059 136.454742 137.277435 138.095306 138.908981 139.726608 140.548767 141.374969 142.205307 143.039841 144.157715 144.993958 145.825363 146.921906 148.003555 149.070816 150.381195 151.412415 152.690186 153.951843 155.192795 156.647705 158.080261 159.490448 160.865295 162.418777 163.941116 165.474945 167.228760 168.752838 170.071854 171.653214 173.230240 174.764084 179.019424 180.324615 181.618362 182.970551 184.372177 186.030563
124.803078 125.560402 126.314751 127.068649 127.834602 128.614716 129.409775 130.219894 131.043488 131.589813 132.397827 133.195267 133.730225 134.538879 135.082245 135.903793 136.729523 137.550583 138.366867 139.180832 140.000214 140.823715 141.651291 142.761185 143.598557 144.436844 145.548843 146.375534 147.464554 148.538986 149.598282 150.897873 152.180862 153.196838 154.699326 155.924988 157.365387 158.789017 160.411423 161.759735 163.287460 165.035660 166.571945 168.101334 169.628586 171.196503 174.982513 176.567322 177.762726 179.019424 180.581055 182.151581 184.092484 -9999.000000
124.042747 124.803078 125.560402 126.314751 127.068649 127.834602 128.614716 129.409775 130.219894 131.043488 131.860992 132.663559 133.195267 133.998947 134.810135 135.355209 136.179428 137.003754 137.823212 138.637894 139.453461 140.274261 141.374969 142.205307 143.039841 143.878296 144.993958 145.825363 146.921906 148.003555 149.070816 150.121307 151.412415 152.690186 153.951843 155.437943 156.887115 158.317322 159.953049 161.314697 162.852951 164.378143 165.913956 167.447235 169.188934 172.334396 174.112335 175.425354 176.801895 178.008911 179.804489 181.883743 239.648117 -9999.000000
123.279373 124.042747 125.055847 125.812180 126.565536 127.322441 128.353043 129.143051 129.948166 130.768463 131.589813 132.130310 132.929016 133.730225 134.538879 135.082245 135.903793 136.729523 137.550583 138.366867 139.180832 140.000214 140.823715 141.651291 142.761185 143.598557 144.436844 145.548843 146.375534 147.464554 148.538986 149.598282 150.897873 152.180862 153.449173 154.699326 156.407837 157.842407 159.490448 160.865295 162.418777 163.941116 165.474945 167.228760 169.849762 171.424362 173.007568 174.547577 175.876175 177.519012 233.096436 237.660355 -9999.000000 -9999.000000
123.788628 124.549973 125.308289 126.314751 127.068649 128.093018 129.143051 130.219894 131.317261 147.734512 149.070816 150.121307 151.412415 152.690186 153.951843 144.157715 144.436844 138.095306 138.095306 138.637894 139.453461 140.274261 140.823715 141.651291 142.483017 143.318954 144.157715 145.271683 146.100937 147.193695 148.271713 149.335114 150.381195 151.669037 152.943832 154.201935 155.682007 157.365387 159.023666 160.411423 161.980637 163.505096 165.035660 167.228760 169.188934 170.743759 172.334396 173.893188 175.425354 233.096436 236.807617 -9999.000000 -9999.000000 -9999.000000
136.179428 138.366867 140.548767 142.205307 143.878296 145.548843 146.921906 148.003555 149.335114 150.381195 151.669037 152.690186 153.951843 155.192795 156.407837 157.365387 158.553574 159.490448 160.638931 161.537750 162.636063 163.722977 164.597061 165.694489 166.791107 144.715652 144.993958 145.548843 146.375534 147.193695 148.003555 149.070816 150.121307 151.155365 152.435867 153.700867 155.192795 156.647705 158.317322 159.953049 161.537750 163.287460 165.255341 166.791107 168.536087 170.071854 171.881180 228.610916 233.096436 237.376175 -9999.000000 -9999.000000 -9999.000000 -9999.000000
141.099106 142.761185 144.157715 145.825363 147.464554 148.805389 150.121307 151.669037 152.690186 153.951843 155.192795 156.407837 157.365387 158.553574 159.490448 160.638931 161.537750 162.418777 163.287460 164.159500 165.035660 166.133362 167.228760 168.536087 169.628586 170.743759 171.881180 173.007568 174.112335 175.202927 149.070816 149.335114 150.121307 151.155365 152.180862 153.196838 154.451126 156.166931 157.604126 159.490448 161.090546 162.852951 164.597061 166.352692 168.101334 170.071854 234.251007 236.807617 239.364319 -9999.000000 -9999.000000 -9999.000000 -9999.000000 -9999.000000
147.464554 148.003555 148.805389 149.860336 151.155365 152.690186 153.951843 155.682007 157.126389 158.789017 160.865295 162.636063 164.378143 166.133362 167.447235 167.228760 167.010056 167.010056 167.447235 168.101334 168.970444 169.849762 170.969650 171.881180 172.784058 173.673035 174.764084 175.649811 176.801895 177.762726 179.019424 180.065781 181.094727 182.421936 152.943832 153.700867 154.451126 155.682007 157.126389 158.789017 160.638931 162.418777 164.378143 166.352692 216.128876 -9999.000000 -9999.000000 -9999.000000 -9999.000000 -9999.000000 -9999.000000 -9999.000000 -9999.000000 -9999.000000
209.182220 -9999.000000 -9999.000000 -9999.000000 -9999.000000 -9999.000000 -9999.000000 176.567322 -9999.000000 -9999.000000 -9999.000000 -9999.000000 -9999.000000 -9999.000000 -9999.000000 -9999.000000 -9999.000000 -9999.000000 -9999.000000 -9999.000000 208.111038 175.876175 175.425354 175.649811 176.104523 176.801895 177.762726 178.508972 179.540665 180.581055 181.618362 182.694916 183.811829 184.928726 186.302887 187.388245 188.766663 156.887115 157.842407 159.023666 160.865295 163.070084 205.409805 210.012741 -9999.000000 -9999.000000 -9999.000000 -9999.000000 -9999.000000 -9999.000000 -9999.000000 -9999.000000 -9999.000000 -9999.000000
-9999.000000 -9999.000000 -9999.000000 -9999.000000 -9999.000000 -9999.000000 -9999.000000 -9999.000000 -9999.000000 -9999.000000 -9999.000000 -9999.000000 -9999.000000 -9999.000000 -9999.000000 -9999.000000 -9999.000000 -9999.000000 -9999.000000 -9999.000000 -9999.000000 212.969177 212.044724 212.349976 182.694916 181.094727 181.355377 181.618362 182.151581 182.970551 184.092484 184.928726 186.030563 187.114929 188.489395 189.603439 191.299728 193.317108 195.323227 197.914047 200.541306 203.379517 206.597595 -9999.000000 -9999.000000 -9999.000000 -9999.000000 -9999.000000 -9999.000000 -9999.000000 -9999.000000 -9999.000000 -9999.000000 -9999.000000
-9999.000000 -9999.000000 -9999.000000 -9999.000000 -9999.000000 -9999.000000 -9999.000000 -9999.000000 -9999.000000 -9999.000000 -9999.000000 -9999.000000 -9999.000000 -9999.000000 -9999.000000 -9999.000000 -9999.000000 -9999.000000 -9999.000000 -9999.000000 224.723541 217.702423 216.128876 216.442825 216.128876 214.231857 194.475311 187.388245 186.030563 186.302887 186.843262 187.388245 188.489395 189.323685 190.447723 191.872147 193.317108 195.323227 197.422302 199.818405 202.448364 205.180496 -9999.000000 -9999.000000 -9999.000000 -9999.000000 -9999.000000 -9999.000000 -9999.000000 -9999.000000 -9999.000000 -9999.000000 -9999.000000 -9999.000000
-9999.000000 -9999.000000 -9999.000000 -9999.000000 -9999.000000 -9999.000000 -9999.000000 -9999.000000 -9999.000000 -9999.000000 -9999.000000 -9999.000000 -9999.000000 -9999.000000 -9999.000000 -9999.000000 -9999.000000 -9999.000000 -9999.000000 236.238953 226.820343 221.740097 219.596588 219.596588 219.596588 217.385086 207.594864 201.974655 196.401154 191.585495 190.447723 190.730850 191.014847 191.585495 192.737518 193.896866 195.598236 197.422302 199.339859 201.737015 204.509644 -9999.000000 -9999.000000 -9999.000000 -9999.000000 -9999.000000 -9999.000000 -9999.000000 -9999.000000 -9999.000000 -9999.000000 -9999.000000 -9999.000000 -9999.000000
-9999.000000 -9999.000000 -9999.000000 -9999.000000 -9999.000000 -9999.000000 -9999.000000 -9999.000000 -9999.000000 -9999.000000 -9999.000000 -9999.000000 -9999.000000 -9999.000000 -9999.000000 -9999.000000 -9999.000000 -9999.000000 239.364319 233.964600 229.509674 225.922607 223.528763 223.231033 223.231033 221.740097 213.597595 209.456879 206.355026 203.148941 197.422302 195.044495 194.475311 194.475311 195.323227 196.137283 197.669647 199.339859 201.260254 203.836380 -9999.000000 -9999.000000 -9999.000000 -9999.000000 -9999.000000 -9999.000000 -9999.000000 -9999.000000 -9999.000000 -9999.000000 -9999.000000 -9999.000000 -9999.000000 -9999.000000
234.819443 -9999.000000 -9999.000000 -9999.000000 -9999.000000 -9999.000000 -9999.000000 -9999.000000 -9999.000000 -9999.000000 -9999.000000 -9999.000000 -9999.000000 -9999.000000 -9999.000000 -9999.000000 -9999.000000 -9999.000000 238.796555 235.386887 231.920334 228.610916 227.119217 226.820343 226.521286 225.622986 217.068985 213.597595 211.153275 208.909683 207.090652 204.062576 200.541306 198.865891 198.865891 199.339859 200.541306 202.448364 -9999.000000 -9999.000000 -9999.000000 -9999.000000 -9999.000000 -9999.000000 -9999.000000 -9999.000000 -9999.000000 -9999.000000 -9999.000000 -9999.000000 -9999.000000 -9999.000000 -9999.000000 -9999.000000
-9999.000000 -9999.000000 -9999.000000 -9999.000000 -9999.000000 -9999.000000 -9999.000000 -9999.000000 -9999.000000 -9999.000000 -9999.000000 -9999.000000 -9999.000000 -9999.000000 -9999.000000 -9999.000000 -9999.000000 -9999.000000 239.931854 237.376175 234.535904 231.920334 230.722809 230.419937 230.115646 228.909164 220.524323 217.385086 215.182175 213.282211 212.044724 210.863693 208.909683 206.842773 206.597595 208.111038 212.658447 -9999.000000 -9999.000000 -9999.000000 -9999.000000 -9999.000000 -9999.000000 -9999.000000 -9999.000000 -9999.000000 -9999.000000 -9999.000000 -9999.000000 -9999.000000 -9999.000000 -9999.000000 -9999.000000 -9999.000000
-9999.000000 -9999.000000 -9999.000000 -9999.000000 -9999.000000 -9999.000000 -9999.000000 -9999.000000 -9999.000000 -9999.000000 -9999.000000 -9999.000000 -9999.000000 -9999.000000 -9999.000000 -9999.000000 -9999.000000 -9999.000000 -9999.000000 239.931854 237.944504 236.238953 235.386887 234.819443 234.251007 233.096436 226.820343 222.040405 220.216644 218.338699 216.754898 216.128876 214.548798 214.865570 216.442825 228.312943 -9999.000000 -9999.000000 -9999.000000 -9999.000000 -9999.000000 -9999.000000 -9999.000000 -9999.000000 -9999.000000 -9999.000000 -9999.000000 -9999.000000 -9999.000000 -9999.000000 -9999.000000 -9999.000000 -9999.000000 -9999.000000
-9999.000000 -9999.000000 -9999.000000 -9999.000000 -9999.000000 -9999.000000 -9999.000000 -9999.000000 -9999.000000 -9999.000000 -9999.000000 -9999.000000 -9999.000000 -9999.000000 -9999.000000 -9999.000000 -9999.000000 -9999.000000 -9999.000000 -9999.000000 -9999.000000 -9999.000000 -9999.000000 240.000000 239.364319 237.944504 231.920334 228.014786 226.521286 224.723541 223.528763 222.040405 220.216644 222.636765 229.208740 -9999.000000 -9999.000000 -9999.000000 -9999.000000 -9999.000000 -9999.000000 -9999.000000 -9999.000000 -9999.000000 -9999.000000 -9999.000000 -9999.000000 -9999.000000 -9999.000000 -9999.000000 -9999.000000 -9999.000000 -9999.000000 -9999.000000
-9999.000000 -9999.000000 -9999.000000 -9999.000000 -9999.000000 -9999.000000 -9999.000000 -9999.000000 -9999.000000 -9999.000000 -9999.000000 -9999.000000 -9999.000000 -9999.000000 -9999.000000 -9999.000000 -9999.000000 -9999.000000 -9999.000000 -9999.000000 -9999.000000 -9999.000000 -9999.000000 -9999.000000 -9999.000000 -9999.000000 237.944504 234.535904 232.804352 231.324326 230.419937 229.509674 228.312943 230.722809 -9999.000000 -9999.000000 -9999.000000 -9999.000000 -9999.000000 -9999.000000 -9999.000000 -9999.000000 -9999.000000 -9999.000000 -9999.000000 -9999.000000 -9999.000000 -9999.000000 -9999.000000 -9999.000000 -9999.000000 -9999.000000 -9999.000000 -9999.000000
