tests/test_04/output4/CloudArrivalTime.dat
NCOLS   360
NROWS    60
XLLCORNER           0.000
YLLCORNER           0.000
CELLSIZE           1.000          1.000
NODATA_VALUE -1.000
[rows 0 to 30 of 60, columns 280 to 349 of 360]
-1.000 -1.000 -1.000 -1.000 -1.000 -1.000 -1.000 -1.000 -1.000 -1.000 -1.000 -1.000 -1.000 -1.000 -1.000 -1.000 -1.000 -1.000 -1.000 -1.000 -1.000 -1.000 -1.000 -1.000 -1.000 127.578 126.315 124.550 122.515 120.501 117.931 114.914 108.588 108.110 108.110 108.349 108.349 108.827 109.307 110.028 110.753 111.480 112.455 113.434 114.419 115.411 116.916 -1.000 -1.000 -1.000 -1.000 -1.000 -1.000 -1.000 -1.000 -1.000 -1.000 -1.000 -1.000 -1.000 -1.000 -1.000 -1.000 -1.000 -1.000 -1.000 -1.000 -1.000 -1.000 -1.000
-1.000 -1.000 -1.000 -1.000 -1.000 -1.000 -1.000 -1.000 -1.000 -1.000 -1.000 -1.000 -1.000 -1.000 -1.000 -1.000 -1.000 -1.000 -1.000 -1.000 -1.000 -1.000 129.143 127.835 126.816 125.560 124.043 122.261 120.251 -1.000 -1.000 -1.000 106.920 106.682 106.682 106.920 107.157 107.633 108.349 109.067 109.787 110.753 111.723 112.699 113.680 114.666 115.660 116.916 94.103 -1.000 -1.000 -1.000 -1.000 -1.000 -1.000 -1.000 -1.000 -1.000 -1.000 -1.000 -1.000 -1.000 -1.000 -1.000 -1.000 -1.000 -1.000 -1.000 -1.000 -1.000
-1.000 -1.000 -1.000 -1.000 -1.000 -1.000 -1.000 -1.000 -1.000 -1.000 -1.000 -1.000 -1.000 -1.000 -1.000 -1.000 -1.000 -1.000 -1.000 -1.000 130.768 129.143 127.578 126.315 124.803 123.534 122.008 120.251 118.186 115.411 -1.000 -1.000 105.499 105.263 -1.000 -1.000 -1.000 -1.000 -1.000 108.110 109.067 110.028 110.995 111.967 113.189 114.172 115.411 116.412 92.892 92.892 93.376 94.346 -1.000 -1.000 -1.000 -1.000 -1.000 -1.000 -1.000 -1.000 -1.000 -1.000 -1.000 -1.000 -1.000 -1.000 -1.000 -1.000 -1.000 -1.000
-1.000 -1.000 -1.000 -1.000 -1.000 -1.000 -1.000 -1.000 -1.000 -1.000 -1.000 -1.000 -1.000 -1.000 -1.000 -1.000 -1.000 -1.000 -1.000 132.130 129.678 127.835 126.315 124.803 123.279 121.756 119.958 118.186 115.910 112.699 105.027 -1.000 -1.000 -1.000 -1.000 -1.000 -1.000 -1.000 -1.000 -1.000 108.588 109.787 110.995 112.211 113.680 115.162 116.664 91.926 91.445 91.685 92.167 93.861 95.560 98.220 -1.000 -1.000 -1.000 -1.000 -1.000 -1.000 -1.000 -1.000 -1.000 -1.000 -1.000 -1.000 -1.000 -1.000 -1.000 -1.000
-1.000 -1.000 -1.000 -1.000 -1.000 -1.000 -1.000 -1.000 -1.000 -1.000 -1.000 -1.000 -1.000 -1.000 -1.000 -1.000 -1.000 -1.000 134.539 131.590 129.143 127.069 125.560 123.789 121.756 120.000 118.186 115.910 112.944 104.089 102.924 -1.000 -1.000 -1.000 -1.000 -1.000 -1.000 -1.000 -1.000 -1.000 -1.000 109.787 111.480 114.172 119.454 119.706 119.706 90.487 90.247 90.487 91.445 93.376 95.560 98.459 101.063 103.856 -1.000 -1.000 -1.000 -1.000 -1.000 -1.000 -1.000 -1.000 -1.000 -1.000 -1.000 -1.000 -1.000 -1.000
-1.000 -1.000 -1.000 -1.000 -1.000 -1.000 -1.000 -1.000 -1.000 -1.000 -1.000 -1.000 -1.000 -1.000 -1.000 -1.000 -1.000 -1.000 133.462 130.768 128.353 126.566 124.803 122.769 120.501 118.441 116.161 113.434 -1.000 -1.000 -1.000 -1.000 -1.000 -1.000 -1.000 -1.000 -1.000 -1.000 -1.000 -1.000 -1.000 110.753 118.695 117.931 116.916 115.910 91.205 89.031 89.031 89.521 90.965 92.892 95.560 98.459 101.530 104.558 108.110 111.723 -1.000 -1.000 -1.000 -1.000 -1.000 -1.000 -1.000 -1.000 -1.000 -1.000 -1.000 -1.000
-1.000 -1.000 -1.000 -1.000 -1.000 -1.000 -1.000 -1.000 156.648 154.699 -1.000 -1.000 -1.000 -1.000 -1.000 -1.000 -1.000 134.810 132.130 129.678 127.578 125.812 123.789 121.756 119.454 116.916 -1.000 -1.000 -1.000 -1.000 -1.000 -1.000 -1.000 -1.000 -1.000 -1.000 -1.000 -1.000 -1.000 -1.000 110.511 117.676 116.664 115.411 113.926 112.455 88.289 87.535 87.788 88.785 90.247 92.408 95.560 98.936 102.229 105.735 109.787 114.172 118.186 -1.000 -1.000 -1.000 -1.000 -1.000 -1.000 -1.000 -1.000 -1.000 -1.000 -1.000
-1.000 -1.000 -1.000 -1.000 -1.000 -1.000 -1.000 -1.000 157.126 155.438 153.952 152.181 149.860 147.194 143.319 139.181 136.179 133.195 130.493 128.353 126.566 124.803 123.024 121.002 118.695 -1.000 -1.000 -1.000 -1.000 -1.000 -1.000 -1.000 -1.000 -1.000 -1.000 -1.000 -1.000 -1.000 -1.000 109.787 117.422 116.161 114.666 113.189 110.995 108.349 86.255 86.255 86.771 88.039 89.521 91.926 95.560 99.174 103.157 107.395 113.189 117.931 123.279 232.511 236.523 -1.000 -1.000 -1.000 -1.000 -1.000 -1.000 -1.000 -1.000 -1.000
-1.000 -1.000 -1.000 -1.000 -1.000 -1.000 -1.000 -1.000 -1.000 156.648 155.193 153.449 151.412 148.539 144.158 139.453 136.179 133.195 130.768 128.615 126.816 125.056 123.024 120.751 -1.000 -1.000 -1.000 -1.000 -1.000 -1.000 -1.000 -1.000 -1.000 -1.000 -1.000 -1.000 -1.000 -1.000 108.349 118.186 116.161 114.666 112.699 110.511 106.920 85.471 84.942 85.207 86.255 87.282 88.785 91.685 95.803 99.649 105.027 110.511 118.441 123.279 222.637 227.716 232.216 235.671 -1.000 -1.000 -1.000 -1.000 -1.000 -1.000 -1.000 -1.000
-1.000 -1.000 -1.000 -1.000 -1.000 -1.000 -1.000 -1.000 -1.000 -1.000 156.887 155.193 153.449 150.898 146.376 140.549 136.730 133.730 131.317 129.143 127.322 125.560 -1.000 -1.000 -1.000 -1.000 -1.000 -1.000 -1.000 -1.000 -1.000 -1.000 -1.000 -1.000 -1.000 -1.000 104.323 106.445 109.067 117.676 115.162 112.944 110.511 107.157 102.924 83.613 83.613 84.142 85.207 86.255 88.039 91.685 96.046 100.593 109.307 118.441 212.045 215.814 220.831 223.827 228.611 232.511 235.955 -1.000 -1.000 -1.000 -1.000 -1.000 -1.000 -1.000
-1.000 -1.000 -1.000 -1.000 -1.000 -1.000 -1.000 -1.000 -1.000 -1.000 -1.000 -1.000 155.682 153.197 149.335 142.761 138.095 134.810 132.398 130.493 128.878 -1.000 -1.000 -1.000 -1.000 -1.000 -1.000 -1.000 -1.000 -1.000 -1.000 -1.000 -1.000 99.174 100.593 102.229 104.089 106.208 108.827 117.422 114.172 111.237 107.633 103.622 82.828 82.052 82.310 83.089 84.142 85.734 87.788 92.167 96.532 102.229 121.002 205.642 208.910 213.282 216.755 222.934 226.222 230.420 233.387 236.523 -1.000 -1.000 -1.000 -1.000 -1.000 -1.000
117.676 -1.000 -1.000 -1.000 -1.000 -1.000 -1.000 -1.000 -1.000 -1.000 -1.000 -1.000 -1.000 -1.000 -1.000 -1.000 140.000 136.730 134.268 132.398 -1.000 -1.000 -1.000 -1.000 -1.000 -1.000 -1.000 -1.000 -1.000 -1.000 95.560 96.532 97.740 98.936 100.122 101.764 103.389 105.499 108.588 117.931 113.434 109.307 104.792 100.828 80.778 80.778 81.285 82.052 83.351 85.207 88.039 92.650 97.016 159.258 161.760 164.597 167.665 173.673 184.929 218.655 225.623 229.209 231.920 234.536 237.660 -1.000 -1.000 -1.000 -1.000 -1.000
108.349 118.695 -1.000 -1.000 -1.000 -1.000 -1.000 -1.000 -1.000 -1.000 -1.000 71.697 -1.000 -1.000 -1.000 -1.000 -1.000 -1.000 -1.000 -1.000 -1.000 -1.000 -1.000 -1.000 -1.000 -1.000 -1.000 -1.000 -1.000 -1.000 94.346 95.317 96.532 97.980 99.412 101.063 102.693 105.027 108.349 121.252 112.455 107.157 103.157 79.775 79.279 79.526 80.024 81.285 82.828 85.207 88.785 93.376 97.499 154.699 157.126 159.722 161.981 164.378 167.229 175.425 225.323 228.909 231.623 233.677 235.671 239.081 -1.000 -1.000 -1.000 -1.000
55.432 54.716 54.239 -1.000 -1.000 -1.000 -1.000 -1.000 -1.000 -1.000 -1.000 61.995 63.216 64.192 65.413 66.381 67.820 69.026 69.995 71.210 -1.000 -1.000 -1.000 -1.000 -1.000 -1.000 -1.000 -1.000 -1.000 -1.000 91.445 93.376 95.074 96.774 98.459 100.122 101.997 104.089 107.395 118.695 114.172 107.871 102.924 77.806 77.806 78.296 79.032 80.526 82.828 85.734 89.521 93.861 98.220 153.449 155.925 158.080 160.639 163.070 165.475 168.101 171.424 228.611 231.623 233.677 235.387 237.092 -1.000 -1.000 -1.000 -1.000
50.786 50.275 50.275 50.275 -1.000 -1.000 -1.000 -1.000 -1.000 -1.000 -1.000 -1.000 57.602 58.575 59.796 61.018 62.483 64.192 66.381 68.301 -1.000 -1.000 -1.000 -1.000 -1.000 -1.000 -1.000 -1.000 -1.000 -1.000 84.142 86.771 91.205 94.346 96.532 98.936 100.828 103.157 106.208 112.211 119.706 109.307 76.338 76.093 76.338 77.072 78.296 80.526 83.351 86.255 90.006 94.588 124.550 126.566 127.835 135.629 139.453 141.651 145.825 166.791 169.189 172.108 231.623 233.677 235.387 237.092 239.081 -1.000 -1.000 -1.000
47.129 46.867 46.605 46.605 -1.000 -1.000 -1.000 -1.000 -1.000 -1.000 -1.000 -1.000 -1.000 54.239 55.192 56.152 57.359 58.818 60.285 -1.000 -1.000 -1.000 -1.000 -1.000 -1.000 -1.000 -1.000 -1.000 78.296 79.775 81.539 83.613 85.734 88.785 93.134 96.532 99.174 101.997 105.027 109.067 116.161 113.189 74.382 74.626 75.359 76.338 78.051 80.778 83.613 86.514 90.487 95.074 114.172 119.202 121.504 123.279 124.803 126.064 128.353 137.277 140.549 143.599 146.101 234.251 235.955 237.376 239.081 -1.000 -1.000 -1.000
42.986 43.241 43.753 44.267 45.042 -1.000 -1.000 -1.000 -1.000 -1.000 -1.000 -1.000 -1.000 -1.000 -1.000 53.030 -1.000 -1.000 -1.000 -1.000 -1.000 -1.000 -1.000 -1.000 -1.000 -1.000 73.405 75.115 76.582 78.051 79.775 81.539 83.613 85.734 88.039 91.445 96.046 99.649 103.157 106.682 111.723 72.917 72.917 73.405 74.382 75.848 78.051 80.778 -1.000 -1.000 90.726 95.560 104.323 112.455 115.660 117.931 119.454 120.751 122.008 123.279 125.056 127.835 131.861 138.095 142.483 145.549 239.364 -1.000 -1.000 -1.000
41.963 42.731 43.497 44.010 44.783 45.301 46.082 -1.000 -1.000 -1.000 -1.000 -1.000 -1.000 -1.000 -1.000 -1.000 -1.000 -1.000 -1.000 -1.000 -1.000 -1.000 -1.000 -1.000 62.239 66.381 70.237 72.673 74.626 76.582 78.296 80.024 82.052 83.877 85.995 88.289 90.965 95.074 99.649 104.558 71.210 71.210 -1.000 -1.000 74.138 75.848 78.051 -1.000 -1.000 -1.000 90.726 95.317 99.649 106.208 110.753 113.434 115.162 116.664 117.931 119.202 120.251 121.504 123.024 125.056 127.069 129.143 131.317 -1.000 -1.000 -1.000
42.221 42.731 43.497 44.267 45.042 45.821 46.605 47.129 -1.000 -1.000 -1.000 -1.000 -1.000 -1.000 -1.000 -1.000 -1.000 -1.000 -1.000 -1.000 -1.000 -1.000 55.671 56.392 57.359 58.818 61.018 64.436 71.453 74.382 76.582 78.541 80.526 82.568 84.408 86.514 88.785 91.205 69.268 69.026 -1.000 -1.000 -1.000 -1.000 -1.000 -1.000 -1.000 -1.000 -1.000 -1.000 90.487 94.103 97.499 101.530 106.445 109.307 111.480 113.189 114.666 115.910 117.169 118.441 119.706 121.002 122.515 124.297 -1.000 -1.000 -1.000 -1.000
42.477 43.497 44.267 45.301 46.343 47.655 49.499 61.262 62.483 63.460 -1.000 -1.000 -1.000 -1.000 -1.000 -1.000 -1.000 -1.000 -1.000 53.517 53.999 54.478 55.192 55.671 56.392 57.117 57.845 58.818 59.796 60.773 61.750 62.971 79.032 81.031 65.413 65.656 65.898 66.381 67.099 -1.000 -1.000 -1.000 -1.000 -1.000 -1.000 76.093 78.296 80.778 83.613 86.514 90.006 93.134 96.046 98.936 102.461 105.971 108.349 110.270 111.723 113.189 114.419 115.660 116.916 118.441 119.706 -1.000 -1.000 -1.000 -1.000 -1.000
43.497 44.783 46.605 55.671 57.359 58.818 60.040 61.018 62.239 63.216 64.436 65.413 66.381 67.339 68.301 69.268 54.716 53.759 53.759 53.759 54.239 54.716 55.192 55.671 56.152 56.875 57.359 58.088 58.575 59.307 60.285 61.018 61.750 62.483 63.216 64.192 64.925 -1.000 -1.000 -1.000 -1.000 -1.000 -1.000 -1.000 74.138 76.093 78.296 80.778 83.351 86.255 89.277 92.167 94.588 97.016 99.649 102.693 105.263 107.395 109.067 110.511 111.967 113.189 114.666 115.910 -1.000 -1.000 -1.000 -1.000 -1.000 -1.000
45.561 50.786 54.716 56.392 57.602 58.818 60.040 61.018 62.239 63.216 64.436 65.413 66.381 67.579 68.543 69.510 70.480 71.453 72.185 73.161 55.671 55.432 55.432 55.911 56.392 56.875 57.359 58.088 58.575 59.307 60.040 60.529 61.262 62.239 62.971 63.704 -1.000 -1.000 -1.000 -1.000 -1.000 -1.000 71.210 72.673 74.138 76.093 78.296 80.526 83.351 85.734 88.537 90.965 93.376 95.560 97.740 100.122 102.461 104.792 106.682 108.110 109.547 110.753 112.211 113.680 -1.000 -1.000 -1.000 -1.000 -1.000 -1.000
51.040 53.517 55.192 56.392 57.845 58.818 60.040 61.262 62.239 63.460 64.681 65.898 67.099 68.061 69.268 70.480 71.453 72.429 73.161 73.893 74.626 75.359 58.575 57.359 57.117 57.359 57.602 58.088 58.575 59.307 59.796 60.529 61.262 61.995 62.727 -1.000 -1.000 -1.000 -1.000 -1.000 -1.000 69.752 71.210 72.673 74.138 76.093 78.051 80.526 83.089 85.471 87.788 90.247 92.167 94.346 96.289 98.220 100.122 101.997 104.323 105.735 107.157 108.588 109.787 111.237 -1.000 -1.000 -1.000 -1.000 -1.000 -1.000
52.292 53.759 55.192 56.634 57.845 59.063 60.285 61.506 62.727 63.948 65.413 66.860 68.301 69.752 70.967 72.185 73.649 74.871 75.604 76.093 76.582 76.827 77.316 77.806 78.296 59.551 58.818 58.818 58.818 59.307 60.040 60.529 61.262 61.995 -1.000 -1.000 -1.000 -1.000 -1.000 67.579 68.784 70.237 71.453 72.917 74.626 76.338 78.296 80.274 82.568 84.942 87.027 89.277 91.205 93.134 94.831 96.532 98.220 99.649 101.063 102.924 104.558 105.735 107.157 -1.000 -1.000 -1.000 -1.000 -1.000 -1.000 -1.000
52.539 53.999 55.432 56.875 58.088 59.307 60.773 61.995 63.460 64.925 66.620 68.301 69.995 71.453 73.161 74.626 76.093 77.316 78.296 79.032 79.775 80.024 80.274 80.274 80.274 80.274 80.778 67.820 60.529 60.285 60.285 60.773 61.506 -1.000 -1.000 -1.000 -1.000 65.898 66.860 68.061 69.268 70.480 71.941 73.161 74.871 76.338 78.296 80.024 82.052 84.142 86.514 88.537 90.247 92.167 93.861 95.317 96.532 97.740 98.936 99.886 100.828 101.997 102.924 103.622 -1.000 -1.000 -1.000 -1.000 -1.000 -1.000
53.030 54.478 55.911 57.359 58.575 60.040 61.506 62.971 64.681 66.620 68.543 70.480 72.429 74.382 76.338 77.806 79.279 80.526 81.539 82.310 82.828 83.351 83.877 84.142 83.877 83.089 83.089 82.828 73.161 69.510 61.995 61.750 -1.000 -1.000 -1.000 -1.000 65.169 66.140 67.099 68.301 69.510 70.723 72.185 73.649 75.115 76.582 78.296 80.024 81.795 83.613 85.734 87.788 89.521 91.205 92.650 94.103 95.317 96.289 97.499 98.459 99.649 100.593 101.764 102.693 -1.000 -1.000 -1.000 -1.000 -1.000 -1.000
53.517 54.954 56.634 58.088 59.551 61.262 62.971 64.925 66.860 69.268 71.697 74.871 79.526 94.103 95.074 96.289 97.499 98.698 99.886 101.063 102.229 103.389 88.537 88.289 88.289 88.289 87.282 85.995 85.207 85.207 73.893 -1.000 -1.000 -1.000 -1.000 64.436 65.413 66.620 67.579 68.784 69.995 71.210 72.673 73.893 75.359 76.827 78.296 80.024 81.539 83.351 85.207 87.027 88.537 90.247 91.685 93.134 94.346 95.560 96.774 98.220 99.412 100.593 101.530 102.693 103.856 105.027 -1.000 -1.000 -1.000 -1.000
54.239 55.911 57.602 59.307 61.018 62.971 65.169 67.820 90.965 91.926 92.892 93.861 94.831 95.803 97.016 97.980 99.174 100.358 101.530 102.693 103.856 105.027 106.445 107.633 108.827 110.028 93.376 92.650 90.247 88.289 -1.000 -1.000 -1.000 -1.000 64.681 65.169 65.898 66.860 68.061 69.268 70.480 71.941 73.161 74.382 75.848 77.072 78.541 80.024 81.539 83.089 84.675 86.255 88.039 89.764 91.205 92.650 94.103 95.560 96.774 98.220 99.649 101.063 102.461 103.856 105.263 106.920 108.588 110.270 111.967 113.434
55.671 57.602 59.551 61.506 88.289 89.764 90.965 91.926 92.892 93.861 94.588 95.560 96.532 97.499 98.459 99.412 100.593 101.764 102.924 104.089 105.263 106.445 107.871 109.067 110.270 111.480 112.699 113.926 115.162 -1.000 -1.000 -1.000 -1.000 66.140 65.898 65.898 66.620 67.579 -1.000 -1.000 71.210 72.429 73.649 75.115 76.338 77.561 78.786 80.274 81.795 83.089 84.675 86.255 88.039 89.521 91.205 92.650 94.103 95.803 97.740 99.649 101.530 103.389 105.027 106.920 108.827 110.753 112.699 114.419 115.910 117.169
82.828 85.471 90.006 91.926 92.650 93.134 93.861 94.588 95.317 96.046 96.774 97.499 98.220 99.174 100.122 101.063 101.997 103.157 104.089 105.263 106.445 107.871 109.067 110.270 111.480 112.699 113.926 -1.000 -1.000 -1.000 -1.000 -1.000 94.103 92.650 67.339 67.339 67.579 -1.000 -1.000 70.480 71.697 72.917 74.382 75.604 76.827 78.051 79.526 80.778 82.052 83.613 84.942 86.514 88.289 89.764 91.445 93.376 95.317 97.258 99.412 101.530 103.622 105.499 107.395 109.307 110.995 112.455 113.680 114.914 115.910 116.916
-1.000 116.161 120.251 122.515 114.419 99.649 99.649 98.698 98.698 98.936 99.412 99.886 100.358 100.828 101.764 102.461 103.389 104.323 105.499 106.682 107.871 109.067 110.270 111.480 112.699 -1.000 -1.000 -1.000 -1.000 -1.000 -1.000 121.756 123.024 124.297 69.026 68.543 68.784 69.268 70.237 71.210 72.429 73.649 74.871 76.338 77.561 78.786 80.024 81.539 82.828 84.142 85.734 87.282 88.785 90.726 92.650 94.588 96.774 99.174 101.297 103.157 105.027 106.682 108.110 109.787 110.995 112.455 113.434 114.172 114.914 115.660
