tests/test_04/output4/CloudConcentration_144.00hrs.dat
NCOLS   360
NROWS    60
XLLCORNER           0.000
YLLCORNER           0.000
CELLSIZE           1.000          1.000
NODATA_VALUE  0.000
[rows 0 to 33 of 60, columns 231 to 307 of 360]
0.000 0.000 0.000 0.000 0.000 0.000 0.000 0.000 0.000 0.000 0.000 0.000 0.234 0.903 1.548 1.784 1.792 1.627 1.447 1.285 1.199 1.130 1.090 1.078 1.079 1.066 1.066 1.028 0.859 0.584 0.235 0.000 0.000 0.000 0.000 0.000 0.000 0.000 0.000 0.000 0.000 0.000 0.000 0.000 0.000 0.000 0.000 0.000 0.000 0.000 0.000 0.000 0.000 0.000 0.000 0.000 0.000 0.000 0.000 0.000 0.000 0.000 0.000 0.000 0.000 0.250 0.496 0.750 0.916 1.029 0.989 0.932 0.838 0.700 0.870 0.881 0.646
0.000 0.000 0.000 0.000 0.000 0.000 0.000 0.000 0.000 0.096 0.155 0.440 1.469 2.137 2.276 2.288 2.027 1.506 1.028 0.745 0.625 0.570 0.555 0.563 0.688 0.842 1.002 1.215 1.304 1.268 1.089 0.662 0.166 0.000 0.000 0.000 0.000 0.000 0.000 0.000 0.000 0.000 0.000 0.000 0.000 0.000 0.000 0.000 0.000 0.000 0.000 0.000 0.000 0.000 0.000 0.000 0.000 0.000 0.000 0.000 0.000 0.000 0.000 0.000 0.119 0.313 0.550 0.970 1.039 0.945 0.825 0.703 0.643 0.865 0.899 0.824 0.437
0.000 0.000 0.000 0.000 0.000 0.000 0.072 0.152 0.391 0.623 0.821 1.229 2.031 2.221 2.219 1.856 1.113 0.550 0.547 0.533 0.501 0.461 0.408 0.349 0.285 0.212 0.158 0.342 0.656 1.065 1.276 1.222 0.916 0.302 0.000 0.000 0.000 0.000 0.000 0.000 0.000 0.000 0.000 0.000 0.000 0.000 0.000 0.000 0.000 0.000 0.000 0.000 0.000 0.000 0.000 0.000 0.000 0.000 0.000 0.000 0.000 0.000 0.000 0.000 0.138 0.515 0.963 1.036 0.943 0.762 0.707 0.618 0.774 0.887 0.902 0.789 0.423
0.000 0.000 0.000 0.000 0.314 0.886 1.549 2.177 2.599 2.842 2.944 2.923 2.878 2.841 2.708 2.514 2.306 1.843 1.199 0.961 0.863 0.757 0.680 0.603 0.518 0.424 0.324 0.216 0.117 0.255 0.698 1.160 1.225 1.048 0.419 0.000 0.000 0.000 0.000 0.000 0.000 0.000 0.000 0.000 0.000 0.000 0.000 0.000 0.000 0.000 0.000 0.000 0.000 0.000 0.000 0.000 0.000 0.000 0.000 0.000 0.000 0.000 0.000 0.000 0.311 0.868 1.000 0.947 0.792 0.707 0.645 0.567 0.793 0.884 0.892 0.832 0.622
0.000 0.000 0.348 1.452 2.733 3.684 4.274 4.409 4.262 3.978 3.732 3.529 3.431 3.379 3.308 3.320 3.528 3.549 3.067 2.139 1.012 0.872 0.786 0.750 0.720 0.695 0.656 0.601 0.522 0.399 0.258 0.438 1.007 1.286 1.165 0.519 0.000 0.000 0.000 0.000 0.000 0.000 0.000 0.000 0.000 0.000 0.000 0.000 0.000 0.000 0.000 0.000 0.000 0.000 0.000 0.000 0.000 0.000 0.000 0.000 0.000 0.000 0.000 0.000 0.608 0.908 0.888 0.753 0.701 0.650 0.588 0.528 0.659 0.808 0.855 0.828 0.686
0.000 1.404 3.861 4.693 5.017 5.314 5.280 4.920 4.495 3.962 3.467 3.166 3.092 3.096 3.166 3.402 3.804 4.383 4.824 4.915 2.901 1.110 1.092 1.043 0.926 0.790 0.631 0.614 0.654 0.659 0.589 0.493 0.355 0.775 1.282 1.289 0.737 0.093 0.000 0.000 0.000 0.000 0.000 0.000 0.000 0.000 0.000 0.000 0.000 0.000 0.000 0.000 0.000 0.000 0.000 0.000 0.000 0.000 0.000 0.000 0.000 0.000 0.000 0.164 0.647 0.762 0.641 0.534 0.491 0.440 0.388 0.340 0.310 0.472 0.610 0.677 0.697
1.625 7.782 13.424 15.016 15.156 13.795 10.185 6.563 3.390 2.256 1.586 1.381 1.372 1.449 1.914 4.528 4.431 5.368 7.318 8.350 6.778 3.119 1.873 1.648 1.404 1.159 0.908 0.678 0.457 0.340 0.501 0.586 0.602 0.514 0.422 1.129 1.560 1.259 0.555 0.133 0.000 0.000 0.000 0.000 0.000 0.000 0.000 0.000 0.000 0.000 0.000 0.000 0.000 0.000 0.000 0.000 0.000 0.000 0.000 0.000 0.000 0.000 0.000 0.153 0.583 0.640 0.412 0.284 0.228 0.169 0.125 0.102 0.088 0.155 0.252 0.362 0.453
6.137 12.884 17.624 19.044 19.274 18.409 14.270 9.905 5.731 2.289 0.757 0.317 0.352 0.349 0.613 3.686 5.352 7.696 11.272 12.609 12.181 7.557 3.219 2.625 2.144 1.832 1.596 1.477 1.453 1.368 1.074 0.774 0.491 0.418 0.490 0.498 0.405 0.996 1.355 1.098 0.583 0.232 0.000 0.000 0.000 0.000 0.000 0.000 0.000 0.000 0.000 0.000 0.000 0.000 0.000 0.000 0.000 0.000 0.000 0.000 0.000 0.000 0.000 0.155 0.514 0.504 0.210 0.104 0.060 0.000 0.000 0.000 0.000 0.000 0.000 0.087 0.135
8.700 13.716 17.276 18.259 18.432 17.521 13.616 9.544 5.475 2.099 0.685 0.206 0.165 0.172 0.115 1.338 6.387 11.865 16.133 17.218 16.681 11.750 6.232 3.999 3.715 3.643 4.044 4.838 6.007 6.499 5.774 4.621 3.261 2.228 1.442 0.885 0.519 0.354 0.566 0.992 1.077 0.954 0.665 0.344 0.138 0.000 0.000 0.000 0.000 0.000 0.000 0.000 0.000 0.000 0.000 0.000 0.000 0.000 0.000 0.000 0.000 0.000 0.000 0.000 0.447 0.380 0.080 0.000 0.000 0.000 0.000 0.000 0.000 0.000 0.000 0.000 0.000
8.784 9.551 8.991 8.355 8.030 7.090 5.448 3.668 1.781 0.589 0.197 0.061 0.000 0.000 0.096 2.870 10.008 16.664 19.270 19.781 19.625 15.892 10.683 5.862 6.639 8.090 9.812 11.745 12.914 13.104 12.723 11.939 10.642 8.940 6.939 5.019 3.468 2.284 1.409 0.808 0.631 0.893 0.963 0.902 0.757 0.496 0.279 0.144 0.000 0.000 0.000 0.000 0.000 0.000 0.000 0.000 0.000 0.000 0.000 0.000 0.000 0.000 0.000 0.000 0.321 0.403 0.079 0.000 0.000 0.000 0.000 0.000 0.000 0.000 0.000 0.000 0.000
5.331 4.264 2.437 1.652 1.397 1.192 0.886 0.537 0.205 0.000 0.000 0.000 0.000 0.000 0.195 4.548 12.446 18.874 20.995 21.392 21.078 16.306 10.337 7.963 9.454 11.002 12.419 13.345 13.622 13.604 13.376 12.993 12.086 10.824 9.262 7.628 6.054 4.558 3.204 2.048 1.205 0.749 0.620 0.819 0.896 0.936 0.884 0.743 0.543 0.364 0.220 0.128 0.000 0.000 0.000 0.000 0.000 0.000 0.000 0.000 0.000 0.000 0.000 0.000 0.161 0.423 0.120 0.000 0.000 0.000 0.000 0.000 0.000 0.000 0.000 0.000 0.000
6.148 4.549 1.323 0.331 0.202 0.152 0.101 0.000 0.000 0.000 0.000 0.000 0.000 0.000 0.408 4.024 8.840 13.798 16.518 17.097 16.017 10.525 5.118 6.004 7.365 8.633 9.285 9.571 9.631 9.380 9.031 8.547 7.957 7.269 6.600 5.819 4.959 3.992 3.751 3.488 3.138 2.578 1.937 1.383 0.882 0.842 0.934 1.015 1.055 1.013 0.891 0.683 0.483 0.275 0.127 0.000 0.000 0.000 0.000 0.000 0.000 0.000 0.000 0.000 0.000 0.338 0.273 0.000 0.000 0.000 0.000 0.000 0.000 0.000 0.000 0.000 0.000
6.170 5.210 1.870 0.351 0.000 0.000 0.000 0.000 0.000 0.000 0.000 0.000 0.000 0.000 0.484 1.879 3.395 4.786 5.223 5.028 2.784 3.837 4.971 5.410 5.348 4.913 3.989 3.027 2.382 1.723 1.202 1.005 0.895 0.904 1.015 1.586 2.409 3.013 3.335 3.441 3.424 3.370 3.266 3.012 2.591 1.995 1.436 0.905 0.986 1.071 1.137 1.131 1.058 0.907 0.593 0.276 0.000 0.000 0.000 0.000 0.000 0.000 0.000 0.000 0.000 0.144 0.285 0.185 0.000 0.000 0.000 0.000 0.000 0.000 0.000 0.000 0.000
4.396 4.268 2.122 0.375 0.000 0.000 0.000 0.000 0.000 0.000 0.000 0.000 0.000 0.000 0.174 0.386 0.617 0.735 0.749 2.437 4.211 4.996 5.169 4.298 2.732 1.476 0.632 0.607 0.724 0.621 0.591 0.583 0.552 0.528 0.632 0.736 0.865 1.007 1.711 2.402 2.936 3.165 3.249 3.303 3.333 3.324 3.107 2.711 2.116 1.548 0.996 1.073 1.112 1.091 1.006 0.785 0.376 0.000 0.000 0.000 0.000 0.000 0.000 0.000 0.000 0.000 0.184 0.240 0.173 0.000 0.000 0.000 0.000 0.000 0.000 0.000 0.000
2.094 2.079 1.032 0.185 0.000 0.000 0.000 0.000 0.000 0.000 0.000 0.000 0.000 0.000 0.000 0.000 0.000 0.096 0.680 2.709 4.343 4.761 4.373 2.381 0.705 0.162 0.423 0.542 0.691 0.642 0.590 0.601 0.609 0.591 0.546 0.483 0.414 0.517 0.711 0.901 1.509 2.179 2.682 3.013 3.162 3.313 3.382 3.368 3.359 3.188 2.873 2.438 1.800 1.234 0.972 0.890 0.676 0.301 0.000 0.000 0.000 0.000 0.000 0.000 0.000 0.000 0.000 0.168 0.200 0.177 0.098 0.000 0.000 0.000 0.000 0.000 0.000
0.672 0.653 0.307 0.000 0.000 0.000 0.000 0.000 0.000 0.000 0.000 0.000 0.000 0.000 0.000 0.000 0.000 0.348 0.916 1.059 2.359 3.251 3.504 2.268 0.759 0.447 0.303 0.461 0.632 0.652 0.567 0.571 0.603 0.606 0.579 0.523 0.467 0.461 0.445 0.464 0.535 0.608 0.904 1.368 1.746 2.110 2.387 2.627 2.854 3.000 2.971 2.965 2.922 2.743 2.495 1.955 1.308 0.705 0.305 0.098 0.000 0.000 0.000 0.000 0.000 0.000 0.000 0.000 0.124 0.173 0.165 0.133 0.091 0.000 0.000 0.000 0.000
0.207 0.198 0.088 0.000 0.000 0.000 0.000 0.000 0.000 0.000 0.000 0.000 0.000 0.000 0.000 0.000 0.654 1.265 0.807 0.320 0.385 1.024 2.093 2.590 1.833 0.949 0.449 0.407 0.493 0.732 0.632 0.543 0.591 0.603 0.595 0.593 0.598 0.591 0.572 0.556 0.539 0.516 0.502 0.488 0.555 0.642 0.711 0.794 0.934 1.143 1.472 1.821 2.157 2.419 2.585 2.591 2.482 2.218 1.546 0.899 0.390 0.098 0.000 0.000 0.000 0.000 0.000 0.000 0.000 0.000 0.129 0.126 0.113 0.094 0.069 0.000 0.000
0.000 0.000 0.000 0.000 0.000 0.000 0.000 0.000 0.000 0.000 0.000 0.000 0.000 0.000 1.566 7.804 4.557 0.680 0.175 0.000 0.000 0.114 0.449 1.264 1.966 1.718 1.310 0.531 0.406 0.653 0.876 0.593 0.613 0.673 0.678 0.660 0.673 0.648 0.587 0.771 0.982 1.064 1.106 1.119 1.071 1.056 1.011 0.931 0.900 0.872 0.853 0.856 0.917 1.076 1.459 1.827 2.184 2.244 2.201 1.981 1.510 0.838 0.332 0.000 0.000 0.000 0.000 0.000 0.000 0.000 0.000 0.000 0.077 0.076 0.000 0.000 0.000
0.000 0.000 0.000 0.000 0.000 0.000 0.000 0.000 0.000 0.000 0.000 0.000 0.000 1.170 17.933 21.964 3.650 0.389 0.000 0.000 0.000 0.000 0.000 0.138 0.511 1.275 1.722 1.538 0.867 0.472 1.028 1.610 1.185 0.597 0.679 0.662 0.907 1.245 1.401 1.401 1.212 1.010 1.166 1.310 1.314 1.024 0.511 0.531 0.586 0.638 0.675 0.733 0.805 0.867 0.921 1.019 1.169 1.473 1.736 1.872 1.776 1.519 1.095 0.582 0.206 0.000 0.000 0.000 0.000 0.000 0.000 0.000 0.000 0.000 0.000 0.000 0.000
0.000 0.000 0.000 0.000 0.000 0.000 0.000 0.000 0.000 0.000 0.000 0.000 0.000 1.699 4.542 2.096 0.771 0.571 0.250 0.000 0.000 0.000 0.000 0.000 0.000 0.153 0.764 1.599 1.650 1.158 0.499 1.217 2.926 2.577 1.648 1.649 1.769 2.007 1.763 1.349 0.870 1.151 1.933 2.432 2.622 2.768 2.296 1.338 0.581 0.568 0.515 0.504 0.572 0.655 0.734 0.816 0.899 0.968 1.075 1.207 1.344 1.316 1.153 0.875 0.540 0.317 0.157 0.000 0.000 0.000 0.000 0.000 0.000 0.000 0.000 0.000 0.000
0.000 0.000 0.000 0.000 0.000 0.000 0.000 0.000 0.000 0.000 0.000 0.000 0.000 0.000 0.125 0.111 0.129 0.206 0.275 0.166 0.000 0.000 0.000 0.000 0.000 0.000 0.104 0.411 1.380 1.754 1.388 0.485 0.991 2.738 4.016 3.802 3.038 2.499 1.853 1.019 0.661 0.614 1.133 1.926 2.530 2.951 3.007 2.741 1.845 0.647 0.573 0.496 0.475 0.542 0.527 0.572 0.684 0.796 0.908 0.967 0.968 0.961 0.921 0.771 0.592 0.568 0.500 0.344 0.200 0.000 0.000 0.000 0.000 0.000 0.000 0.000 0.000
0.000 0.000 0.000 0.000 0.000 0.000 0.000 0.000 0.000 0.000 0.000 0.000 0.000 0.000 0.000 0.000 0.000 0.000 0.000 0.153 0.122 0.000 0.000 0.000 0.000 0.000 0.000 0.096 0.243 1.147 1.840 1.588 0.518 1.017 2.563 4.097 4.271 3.900 2.662 1.454 0.733 0.791 0.935 1.242 1.565 1.858 2.797 2.963 2.670 1.526 0.597 0.498 0.412 0.500 0.566 0.583 0.599 0.640 0.742 0.850 0.942 0.950 0.917 0.782 0.566 0.510 0.516 0.506 0.461 0.361 0.234 0.128 0.000 0.000 0.000 0.000 0.000
0.000 0.000 0.000 0.000 0.000 0.000 0.000 0.000 0.000 0.000 0.000 0.000 0.000 0.000 0.000 0.000 0.000 0.000 0.000 0.000 0.101 0.000 0.000 0.000 0.000 0.000 0.000 0.000 0.080 0.164 0.987 1.932 1.851 0.939 0.754 2.043 3.393 4.295 4.189 3.613 2.602 1.689 0.789 0.960 1.348 1.893 1.840 2.625 2.686 2.055 0.608 0.340 0.300 0.361 0.475 0.566 0.588 0.589 0.599 0.637 0.752 0.863 0.941 0.927 0.835 0.606 0.353 0.432 0.448 0.440 0.413 0.353 0.252 0.161 0.000 0.000 0.000
0.000 0.000 0.000 0.000 0.000 0.000 0.000 0.000 0.000 0.000 0.000 0.000 0.000 0.000 0.000 0.000 0.000 0.000 0.000 0.000 0.000 0.000 0.000 0.000 0.000 0.000 0.000 0.000 0.000 0.000 0.120 0.822 1.947 2.084 1.546 0.597 1.457 2.650 3.519 4.083 4.141 4.081 4.004 3.933 3.824 3.495 2.726 2.067 2.334 2.063 0.868 0.484 0.430 0.426 0.430 0.467 0.543 0.584 0.590 0.579 0.578 0.609 0.730 0.851 0.958 0.954 0.875 0.617 0.325 0.381 0.399 0.392 0.374 0.325 0.237 0.153 0.000
0.000 0.000 0.000 0.000 0.000 0.000 0.000 0.000 0.000 0.000 0.000 0.000 0.000 0.000 0.000 0.000 0.000 0.000 0.000 0.000 0.000 0.000 0.000 0.000 0.000 0.000 0.000 0.000 0.000 0.000 0.000 0.000 0.377 1.595 2.322 2.233 1.686 1.117 1.630 2.368 2.959 3.433 3.456 3.364 3.035 2.518 2.025 1.752 2.036 1.834 0.904 0.629 0.528 0.521 0.521 0.528 0.559 0.610 0.636 0.636 0.619 0.548 0.545 0.590 0.740 0.885 1.023 1.026 0.927 0.624 0.321 0.360 0.362 0.352 0.326 0.252 0.170
0.000 0.000 0.000 0.000 0.000 0.000 0.000 0.000 0.000 0.000 0.000 0.000 0.000 0.000 0.000 0.000 0.000 0.000 0.000 0.000 0.000 0.000 0.000 0.000 0.000 0.000 0.000 0.000 0.000 0.000 0.000 0.000 0.000 0.171 0.738 1.514 2.265 2.413 2.411 2.376 2.242 2.063 1.885 1.702 1.522 1.407 1.352 1.519 1.709 1.480 0.588 0.558 0.558 0.546 0.534 0.534 0.545 0.581 0.617 0.625 0.620 0.578 0.456 0.421 0.450 0.567 0.798 0.996 1.133 1.081 0.879 0.531 0.325 0.333 0.326 0.302 0.238
0.000 0.000 0.000 0.000 0.000 0.000 0.000 0.000 0.000 0.000 0.000 0.000 0.000 0.000 0.000 0.000 0.000 0.000 0.000 0.000 0.000 0.000 0.000 0.000 0.000 0.000 0.000 0.000 0.000 0.000 0.000 0.000 0.000 0.000 0.000 0.141 0.512 0.867 1.113 1.253 1.330 1.448 1.664 1.854 2.009 2.100 2.085 2.020 1.890 1.748 1.455 1.057 0.699 0.446 0.456 0.464 0.484 0.522 0.564 0.586 0.586 0.560 0.447 0.327 0.315 0.341 0.457 0.744 1.031 1.242 1.216 1.047 0.685 0.324 0.324 0.319 0.291
0.000 0.000 0.000 0.000 0.000 0.000 0.000 0.000 0.000 0.000 0.000 0.000 0.000 0.000 0.000 0.000 0.000 0.000 0.000 0.000 0.000 0.000 0.000 0.000 0.000 0.000 0.000 0.000 0.000 0.000 0.000 0.000 0.000 0.000 0.000 0.000 0.000 0.000 0.000 0.000 0.072 0.090 0.107 0.132 0.298 0.725 0.893 1.056 1.381 1.585 1.723 1.707 1.617 1.462 1.129 0.743 0.381 0.358 0.407 0.448 0.455 0.449 0.384 0.268 0.236 0.239 0.278 0.456 0.811 1.163 1.364 1.333 1.159 0.767 0.372 0.340 0.330
0.000 0.000 0.000 0.000 0.000 0.000 0.000 0.000 0.000 0.000 0.000 0.000 0.000 0.000 0.000 0.000 0.000 0.000 0.000 0.000 0.000 0.000 0.000 0.000 0.000 0.000 0.000 0.000 0.000 0.000 0.000 0.000 0.000 0.000 0.000 0.000 0.000 0.000 0.000 0.000 0.000 0.000 0.000 0.054 0.180 0.487 0.555 0.572 0.580 0.516 0.915 1.258 1.499 1.496 1.476 1.386 1.149 0.651 0.264 0.300 0.308 0.305 0.272 0.197 0.173 0.175 0.282 0.339 0.603 0.979 1.336 1.485 1.448 1.251 0.829 0.411 0.386
0.000 0.000 0.000 0.000 0.000 0.000 0.000 0.000 0.000 0.000 0.000 0.000 0.000 0.000 0.000 0.000 0.000 0.000 0.000 0.000 0.000 0.000 0.000 0.000 0.000 0.000 0.000 0.000 0.000 0.000 0.000 0.000 0.000 0.000 0.000 0.000 0.000 0.000 0.000 0.000 0.000 0.000 0.000 0.060 0.159 0.276 0.266 0.251 0.232 0.139 0.089 0.221 0.588 0.947 1.263 1.342 1.319 1.187 0.714 0.200 0.202 0.201 0.185 0.141 0.133 0.186 0.347 0.387 0.465 0.816 1.194 1.552 1.643 1.600 1.406 0.966 0.514
0.000 0.000 0.000 0.000 0.000 0.000 0.000 0.000 0.000 0.000 0.000 0.000 0.000 0.000 0.000 0.000 0.000 0.000 0.000 0.000 0.000 0.000 0.000 0.000 0.000 0.000 0.000 0.000 0.000 0.000 0.000 0.000 0.000 0.000 0.000 0.000 0.000 0.000 0.000 0.000 0.000 0.000 0.067 0.089 0.154 0.164 0.158 0.157 0.160 0.148 0.000 0.000 0.000 0.137 0.497 0.930 1.237 1.220 1.081 0.570 0.139 0.136 0.125 0.099 0.101 0.178 0.380 0.438 0.431 0.629 1.009 1.401 1.731 1.908 1.882 1.739 1.314
0.000 0.000 0.000 0.000 0.000 0.000 0.000 0.000 0.000 0.000 0.000 0.000 0.000 0.000 0.000 0.000 0.000 0.000 0.000 0.000 0.000 0.000 0.000 0.000 0.000 0.000 0.000 0.000 0.000 0.000 0.000 0.000 0.000 0.000 0.000 0.000 0.000 0.000 0.000 0.000 0.000 0.000 0.000 0.127 0.162 0.163 0.163 0.177 0.182 0.143 0.000 0.000 0.000 0.000 0.000 0.283 0.798 1.122 1.074 0.822 0.279 0.098 0.000 0.000 0.068 0.113 0.311 0.467 0.475 0.471 0.718 1.128 1.564 1.940 2.062 2.053 1.942
0.000 0.000 0.000 0.000 0.000 0.000 0.000 0.000 0.000 0.000 0.000 0.000 0.000 0.000 0.000 0.000 0.000 0.000 0.000 0.000 0.000 0.000 0.000 0.000 0.000 0.000 0.000 0.000 0.000 0.000 0.000 0.000 0.000 0.000 0.000 0.000 0.000 0.000 0.000 0.000 0.000 0.000 0.000 0.129 0.165 0.182 0.195 0.201 0.186 0.107 0.000 0.000 0.000 0.000 0.000 0.000 0.309 0.795 0.966 0.883 0.488 0.084 0.000 0.000 0.000 0.068 0.141 0.335 0.451 0.449 0.500 0.737 1.202 1.700 2.063 2.126 2.127
0.000 0.000 0.000 0.000 0.000 0.000 0.000 0.000 0.000 0.000 0.000 0.000 0.000 0.000 0.000 0.000 0.000 0.000 0.000 0.000 0.000 0.000 0.000 0.000 0.000 0.000 0.000 0.000 0.000 0.000 0.000 0.000 0.000 0.000 0.000 0.000 0.000 0.000 0.000 0.000 0.000 0.000 0.000 0.134 0.171 0.190 0.195 0.188 0.133 0.000 0.000 0.000 0.000 0.000 0.000 0.000 0.000 0.442 0.810 0.819 0.611 0.173 0.000 0.000 0.000 0.000 0.104 0.211 0.313 0.372 0.383 0.455 0.698 1.215 1.777 2.098 2.123
