tests/test_04/output4/CloudConcentration_168.00hrs.dat
NCOLS   360
NROWS    60
XLLCORNER           0.000
YLLCORNER           0.000
CELLSIZE           1.000          1.000
NODATA_VALUE  0.000
[rows 0 to 33 of 60, columns 231 to 307 of 360]
3.652 3.916 3.870 3.650 3.361 3.053 2.736 2.421 2.122 1.767 1.347 0.917 0.585 0.569 0.529 0.440 0.341 0.255 0.185 0.131 0.133 0.150 0.180 0.199 0.232 0.226 0.212 0.194 0.170 0.157 0.185 0.317 0.599 0.581 0.434 0.195 0.000 0.000 0.000 0.000 0.000 0.000 0.000 0.000 0.000 0.000 0.000 0.000 0.000 0.000 0.000 0.000 0.000 0.000 0.000 0.000 0.000 0.114 0.515 0.539 0.333 0.263 0.261 0.436 0.463 0.369 0.249 0.273 0.333 0.345 0.329 0.238 0.182 0.144 0.108 0.081 0.061
4.945 4.818 4.479 4.123 3.772 3.431 3.111 2.855 2.677 2.506 2.308 2.045 1.682 1.220 0.755 0.619 0.567 0.507 0.451 0.397 0.344 0.294 0.248 0.260 0.331 0.378 0.363 0.321 0.248 0.216 0.172 0.126 0.254 0.878 0.990 0.765 0.264 0.000 0.000 0.000 0.000 0.000 0.000 0.000 0.000 0.000 0.000 0.000 0.000 0.000 0.000 0.000 0.000 0.000 0.000 0.000 0.000 0.331 0.470 0.203 0.139 0.148 0.295 0.337 0.303 0.229 0.173 0.204 0.214 0.213 0.177 0.128 0.089 0.076 0.072 0.071 0.069
5.172 4.865 4.349 3.793 3.297 2.929 2.738 2.680 2.649 2.567 2.461 2.378 2.270 2.054 1.687 1.224 0.738 0.650 0.616 0.572 0.532 0.495 0.459 0.421 0.423 0.450 0.436 0.411 0.378 0.340 0.287 0.226 0.160 0.296 0.976 1.013 0.611 0.090 0.000 0.000 0.000 0.000 0.000 0.000 0.000 0.000 0.000 0.000 0.000 0.000 0.000 0.000 0.000 0.000 0.000 0.000 0.120 0.399 0.283 0.112 0.107 0.156 0.301 0.315 0.268 0.209 0.165 0.173 0.185 0.184 0.161 0.135 0.117 0.107 0.101 0.099 0.096
4.582 3.726 2.865 2.053 1.504 1.365 1.386 1.584 1.862 2.123 2.280 2.333 2.354 2.358 2.331 1.970 1.373 0.704 0.660 0.612 0.582 0.563 0.545 0.537 0.523 0.496 0.458 0.410 0.348 0.283 0.219 0.155 0.094 0.055 0.442 0.918 0.802 0.284 0.000 0.000 0.000 0.000 0.000 0.000 0.000 0.000 0.000 0.000 0.000 0.000 0.000 0.000 0.000 0.000 0.000 0.000 0.317 0.311 0.095 0.097 0.090 0.161 0.246 0.250 0.216 0.178 0.152 0.129 0.131 0.137 0.138 0.132 0.115 0.105 0.100 0.098 0.095
6.198 2.563 1.269 0.674 0.453 0.416 0.425 0.565 0.931 1.376 1.834 2.247 2.548 2.679 2.708 2.620 1.757 0.760 0.733 0.720 0.739 0.707 0.602 0.561 0.536 0.508 0.477 0.438 0.375 0.293 0.209 0.131 0.078 0.076 0.120 0.732 0.893 0.574 0.085 0.000 0.000 0.000 0.000 0.000 0.000 0.000 0.000 0.000 0.000 0.000 0.000 0.000 0.000 0.000 0.000 0.195 0.318 0.117 0.098 0.093 0.086 0.161 0.198 0.191 0.154 0.122 0.109 0.100 0.094 0.088 0.084 0.081 0.077 0.073 0.069 0.066 0.064
7.101 3.762 1.221 0.349 0.152 0.135 0.136 0.480 0.811 0.990 1.639 2.359 3.064 3.362 3.420 3.291 1.995 1.527 1.663 1.783 1.906 1.983 2.013 2.009 1.728 1.340 0.867 0.482 0.422 0.358 0.264 0.174 0.126 0.125 0.123 0.333 0.954 0.846 0.281 0.087 0.076 0.059 0.000 0.000 0.000 0.000 0.000 0.000 0.000 0.000 0.000 0.000 0.000 0.000 0.000 0.257 0.219 0.096 0.096 0.086 0.080 0.131 0.142 0.126 0.107 0.108 0.103 0.095 0.088 0.080 0.071 0.061 0.051 0.042 0.000 0.000 0.000
7.072 3.934 1.337 0.402 0.122 0.063 0.531 1.098 1.386 1.461 2.596 4.061 4.885 5.080 5.093 3.902 1.920 1.770 1.911 2.064 2.246 2.458 2.704 2.992 3.182 3.242 2.675 1.687 0.792 0.728 0.621 0.472 0.322 0.187 0.165 0.161 0.595 0.918 0.579 0.123 0.113 0.102 0.089 0.074 0.000 0.000 0.000 0.000 0.000 0.000 0.000 0.000 0.000 0.000 0.144 0.270 0.111 0.097 0.000 0.000 0.064 0.083 0.087 0.067 0.067 0.070 0.071 0.064 0.052 0.000 0.000 0.000 0.000 0.000 0.000 0.000 0.000
4.473 2.766 1.218 0.353 0.109 0.172 0.773 1.796 2.893 4.178 6.966 8.128 8.389 8.412 6.959 3.495 2.520 2.066 1.872 1.845 1.997 2.254 2.592 3.016 3.512 3.868 4.028 3.801 2.598 1.040 0.992 0.807 0.554 0.328 0.174 0.171 0.159 0.711 0.739 0.387 0.097 0.094 0.091 0.086 0.080 0.000 0.000 0.000 0.000 0.000 0.000 0.000 0.000 0.000 0.208 0.215 0.100 0.000 0.000 0.000 0.000 0.044 0.043 0.043 0.000 0.000 0.000 0.000 0.000 0.000 0.000 0.000 0.000 0.000 0.000 0.000 0.000
1.267 0.878 0.488 0.166 0.000 0.204 1.555 3.160 5.985 9.964 11.757 12.135 12.167 11.807 8.046 5.130 5.080 5.466 6.159 6.843 7.374 7.612 7.715 7.742 7.041 5.695 4.096 4.517 4.553 3.499 1.670 1.187 1.023 0.657 0.336 0.167 0.160 0.264 0.689 0.622 0.256 0.050 0.000 0.000 0.074 0.072 0.000 0.000 0.000 0.000 0.000 0.000 0.000 0.000 0.213 0.200 0.097 0.000 0.000 0.000 0.000 0.000 0.000 0.000 0.000 0.000 0.000 0.000 0.000 0.000 0.000 0.000 0.000 0.000 0.000 0.000 0.000
0.181 0.121 0.000 0.000 0.000 0.278 1.850 6.269 11.907 14.744 15.410 15.454 15.359 13.887 9.301 7.989 8.403 9.073 9.709 9.909 9.868 9.743 9.687 9.626 9.563 9.014 8.075 7.001 5.403 4.741 3.901 2.485 1.337 1.217 0.759 0.287 0.174 0.160 0.404 0.677 0.532 0.174 0.000 0.000 0.000 0.000 0.000 0.000 0.000 0.000 0.000 0.000 0.000 0.000 0.211 0.212 0.098 0.000 0.000 0.000 0.000 0.000 0.000 0.000 0.000 0.000 0.000 0.000 0.000 0.000 0.000 0.000 0.000 0.000 0.000 0.000 0.000
0.000 0.000 0.000 0.000 0.000 0.072 2.446 8.483 14.493 17.434 18.085 18.110 17.835 14.481 9.270 8.060 7.711 6.941 6.056 5.311 4.674 4.254 4.085 4.034 4.630 5.609 6.832 7.496 7.743 6.609 5.087 4.649 3.199 1.441 1.386 0.905 0.323 0.181 0.149 0.536 0.663 0.447 0.095 0.000 0.000 0.000 0.000 0.000 0.000 0.000 0.000 0.000 0.000 0.000 0.187 0.261 0.104 0.000 0.000 0.000 0.000 0.000 0.000 0.000 0.000 0.000 0.000 0.000 0.000 0.000 0.000 0.000 0.000 0.000 0.000 0.000 0.000
0.000 0.000 0.000 0.000 0.000 0.112 1.967 4.799 7.771 9.942 10.502 10.542 9.750 6.917 5.160 6.994 6.019 2.019 1.230 0.889 0.713 0.605 0.532 0.483 0.470 0.649 0.959 1.618 2.869 4.775 6.017 6.153 4.328 4.279 2.348 1.634 1.175 0.481 0.181 0.388 0.637 0.628 0.340 0.000 0.000 0.000 0.000 0.000 0.000 0.000 0.000 0.000 0.000 0.000 0.094 0.253 0.225 0.100 0.082 0.000 0.000 0.000 0.000 0.000 0.000 0.000 0.000 0.000 0.000 0.000 0.000 0.000 0.000 0.000 0.000 0.000 0.000
0.000 0.000 0.000 0.000 0.000 0.149 0.610 1.106 1.415 1.527 2.710 3.417 3.571 3.579 3.486 5.049 9.791 1.531 0.802 0.542 0.413 0.337 0.261 0.179 0.120 0.143 0.176 0.200 0.195 0.618 1.609 3.188 4.523 4.757 3.800 2.969 1.598 1.151 0.434 0.326 0.516 0.615 0.544 0.232 0.000 0.000 0.000 0.000 0.000 0.000 0.000 0.000 0.000 0.000 0.000 0.147 0.234 0.208 0.144 0.082 0.071 0.000 0.000 0.000 0.000 0.000 0.000 0.000 0.000 0.000 0.000 0.000 0.000 0.000 0.000 0.000 0.000
0.000 0.000 0.000 0.000 0.000 0.000 0.000 0.109 0.116 0.251 0.625 0.970 1.161 1.206 1.207 1.233 6.652 4.776 0.976 0.755 0.654 0.607 0.561 0.485 0.390 0.284 0.160 0.151 0.201 0.225 0.289 0.516 1.095 2.852 3.728 3.283 3.025 1.809 1.100 0.319 0.459 0.576 0.582 0.419 0.122 0.000 0.000 0.000 0.000 0.000 0.000 0.000 0.000 0.000 0.000 0.000 0.127 0.191 0.179 0.158 0.130 0.108 0.089 0.074 0.060 0.000 0.000 0.000 0.000 0.000 0.000 0.000 0.000 0.000 0.000 0.000 0.000
0.000 0.000 0.000 0.000 0.000 0.000 0.000 0.000 0.000 0.000 0.000 0.000 0.093 0.118 0.144 0.178 0.360 1.908 1.913 0.629 0.573 0.590 0.601 0.586 0.568 0.526 0.482 0.406 0.276 0.137 0.224 0.277 0.509 0.572 1.315 2.709 2.854 3.270 2.293 0.847 0.400 0.536 0.570 0.550 0.288 0.000 0.000 0.000 0.000 0.000 0.000 0.000 0.000 0.000 0.000 0.000 0.000 0.000 0.108 0.127 0.120 0.108 0.096 0.086 0.078 0.072 0.067 0.063 0.000 0.000 0.000 0.000 0.000 0.000 0.000 0.000 0.000
0.000 0.000 0.000 0.000 0.000 0.000 0.000 0.000 0.000 0.000 0.000 0.000 0.000 0.000 0.000 0.000 0.000 0.000 0.901 2.237 2.210 0.984 0.195 0.245 0.332 0.438 0.505 0.534 0.515 0.457 0.270 0.183 0.310 0.499 0.554 0.494 1.827 2.660 3.105 2.408 1.017 0.424 0.530 0.544 0.434 0.158 0.000 0.000 0.000 0.000 0.000 0.000 0.000 0.000 0.000 0.000 0.000 0.000 0.000 0.000 0.000 0.000 0.000 0.000 0.000 0.000 0.000 0.000 0.000 0.000 0.000 0.000 0.000 0.000 0.000 0.000 0.000
0.000 0.000 0.000 0.000 0.000 0.000 0.000 0.000 0.000 0.000 0.000 0.000 0.000 0.000 0.000 0.000 0.000 0.000 0.884 4.747 5.857 3.064 0.317 0.117 0.088 0.075 0.132 0.257 0.408 0.537 0.542 0.446 0.144 0.340 0.506 0.534 0.462 0.978 2.479 3.063 2.576 1.190 0.438 0.504 0.478 0.324 0.102 0.000 0.000 0.000 0.000 0.000 0.000 0.000 0.000 0.000 0.000 0.000 0.000 0.000 0.000 0.000 0.000 0.000 0.000 0.000 0.000 0.000 0.000 0.000 0.000 0.000 0.000 0.000 0.000 0.000 0.000
0.000 0.000 0.000 0.000 0.000 0.000 0.000 0.000 0.000 0.000 0.000 0.000 0.000 0.000 0.000 0.000 0.000 0.785 4.408 8.301 7.979 3.961 0.419 0.119 0.000 0.000 0.000 0.000 0.054 0.162 0.415 0.601 0.550 0.230 0.368 0.498 0.474 0.589 1.537 2.579 3.105 2.580 1.494 0.771 0.442 0.393 0.267 0.135 0.059 0.038 0.000 0.000 0.000 0.000 0.000 0.000 0.000 0.000 0.000 0.000 0.000 0.000 0.066 0.088 0.110 0.123 0.124 0.120 0.101 0.000 0.000 0.000 0.000 0.000 0.000 0.000 0.000
0.000 0.000 0.000 0.000 0.000 0.000 0.000 0.000 0.000 0.000 0.000 0.000 0.000 0.000 0.000 0.000 0.265 1.568 5.917 6.745 5.102 1.468 0.123 0.000 0.000 0.000 0.000 0.000 0.000 0.000 0.000 0.253 0.588 0.577 0.273 0.391 0.481 0.441 0.938 1.670 2.714 2.762 2.561 2.024 1.366 1.073 0.784 0.566 0.443 0.350 0.280 0.228 0.191 0.165 0.146 0.133 0.124 0.118 0.150 0.198 0.257 0.328 0.402 0.473 0.536 0.566 0.571 0.567 0.538 0.471 0.400 0.330 0.260 0.193 0.131 0.088 0.086
0.000 0.000 0.000 0.000 0.000 0.000 0.000 0.000 0.000 0.000 0.000 0.000 0.000 0.000 0.000 0.000 0.350 0.582 0.525 0.357 0.147 0.000 0.000 0.000 0.000 0.000 0.000 0.000 0.000 0.000 0.000 0.000 0.168 0.554 0.568 0.278 0.403 0.577 0.629 1.191 1.452 2.476 2.606 2.485 2.157 1.985 1.644 1.342 1.222 1.087 0.985 0.906 0.838 0.789 0.755 0.732 0.720 0.713 0.716 0.726 0.735 0.746 0.766 0.785 0.803 0.816 0.824 0.829 0.822 0.786 0.739 0.694 0.648 0.604 0.551 0.484 0.414
0.000 0.000 0.000 0.000 0.000 0.000 0.000 0.000 0.000 0.000 0.000 0.000 0.000 0.000 0.000 0.000 0.000 0.000 0.000 0.000 0.000 0.000 0.000 0.000 0.000 0.000 0.000 0.000 0.000 0.000 0.000 0.000 0.000 0.170 0.542 0.532 0.286 0.447 0.614 1.103 1.543 1.329 2.258 2.399 2.163 2.027 1.717 1.398 1.244 1.095 0.983 0.894 0.813 0.756 0.720 0.698 0.694 0.695 0.702 0.725 0.752 0.787 0.837 0.887 0.949 1.015 1.086 1.159 1.230 1.299 1.367 1.416 1.417 1.414 1.410 1.381 1.297
0.000 0.000 0.000 0.000 0.000 0.000 0.000 0.000 0.000 0.000 0.000 0.000 0.000 0.000 0.000 0.000 0.000 0.000 0.000 0.000 0.000 0.000 0.000 0.000 0.000 0.000 0.000 0.000 0.000 0.000 0.000 0.000 0.000 0.000 0.241 0.541 0.480 0.364 0.517 0.803 1.559 1.927 1.836 1.843 1.841 1.755 1.464 1.069 0.844 0.936 1.025 1.042 1.000 1.032 1.045 1.027 0.954 0.850 0.736 0.599 0.443 0.309 0.281 0.286 0.318 0.392 0.490 0.608 0.730 0.853 0.980 1.114 1.250 1.378 1.490 1.564 1.578
0.000 0.000 0.000 0.000 0.000 0.000 0.000 0.000 0.000 0.000 0.000 0.000 0.000 0.000 0.000 0.000 0.000 0.000 0.000 0.000 0.000 0.000 0.000 0.000 0.000 0.000 0.000 0.000 0.000 0.000 0.000 0.000 0.000 0.000 0.000 0.314 0.516 0.403 0.454 0.554 1.175 1.895 2.193 2.095 1.694 1.474 1.397 1.387 1.392 1.380 1.388 1.207 1.066 1.068 1.055 1.126 1.285 1.323 1.301 1.178 0.971 0.773 0.582 0.401 0.351 0.332 0.297 0.263 0.223 0.228 0.308 0.418 0.549 0.699 0.868 1.040 1.207
0.000 0.000 0.000 0.000 0.000 0.000 0.000 0.000 0.000 0.000 0.000 0.000 0.000 0.000 0.000 0.000 0.000 0.000 0.000 0.000 0.000 0.000 0.000 0.000 0.000 0.000 0.000 0.000 0.000 0.000 0.000 0.000 0.000 0.000 0.000 0.000 0.413 0.486 0.324 0.450 0.593 1.352 2.022 2.123 1.822 1.473 1.376 1.290 1.131 0.949 0.888 0.889 1.069 1.660 2.178 2.256 2.251 2.136 1.843 1.550 1.281 1.046 0.846 0.679 0.544 0.433 0.335 0.280 0.264 0.259 0.259 0.265 0.295 0.360 0.442 0.537 0.649
0.000 0.000 0.000 0.000 0.000 0.000 0.000 0.000 0.000 0.000 0.000 0.000 0.000 0.000 0.000 0.000 0.000 0.000 0.000 0.000 0.000 0.000 0.000 0.000 0.000 0.000 0.000 0.000 0.000 0.000 0.000 0.000 0.000 0.000 0.000 0.000 0.173 0.489 0.491 0.283 0.491 0.660 1.262 1.870 1.756 1.435 1.410 1.374 1.305 1.230 1.255 1.375 1.730 2.589 2.675 2.657 2.530 2.177 1.795 1.438 1.123 0.875 0.707 0.602 0.535 0.482 0.436 0.394 0.352 0.326 0.324 0.325 0.332 0.358 0.391 0.421 0.456
0.000 0.000 0.000 0.000 0.000 0.000 0.000 0.000 0.000 0.000 0.000 0.000 0.000 0.000 0.000 0.000 0.000 0.000 0.000 0.000 0.000 0.000 0.000 0.000 0.000 0.000 0.000 0.000 0.000 0.000 0.000 0.000 0.000 0.000 0.000 0.000 0.000 0.272 0.541 0.520 0.305 0.534 0.800 1.038 1.315 1.234 1.109 1.102 1.064 0.998 0.977 1.662 2.405 2.530 2.505 2.362 1.938 1.461 1.027 0.670 0.446 0.326 0.286 0.265 0.264 0.266 0.274 0.286 0.302 0.318 0.331 0.337 0.346 0.365 0.393 0.423 0.454
0.000 0.000 0.000 0.000 0.000 0.000 0.000 0.000 0.000 0.000 0.000 0.000 0.000 0.000 0.000 0.000 0.000 0.000 0.000 0.000 0.000 0.000 0.000 0.000 0.000 0.000 0.000 0.000 0.000 0.000 0.000 0.000 0.000 0.000 0.000 0.000 0.000 0.000 0.334 0.602 0.609 0.450 0.572 0.949 1.287 1.606 1.854 1.837 1.833 1.907 2.168 2.458 2.506 2.482 2.338 1.871 1.313 0.808 0.587 0.328 0.197 0.181 0.172 0.166 0.163 0.163 0.166 0.179 0.211 0.244 0.275 0.304 0.331 0.358 0.394 0.432 0.472
0.000 0.000 0.000 0.000 0.000 0.000 0.000 0.000 0.000 0.000 0.000 0.000 0.000 0.000 0.000 0.000 0.000 0.000 0.000 0.000 0.000 0.000 0.000 0.000 0.000 0.000 0.000 0.000 0.000 0.000 0.000 0.000 0.000 0.000 0.000 0.000 0.000 0.000 0.000 0.373 0.577 0.695 0.665 0.507 0.976 1.440 1.809 2.070 2.277 2.404 2.432 2.435 2.399 2.204 1.674 1.100 1.015 1.007 0.966 0.831 0.618 0.409 0.218 0.139 0.136 0.132 0.130 0.131 0.140 0.163 0.188 0.213 0.241 0.278 0.327 0.382 0.438
0.000 0.000 0.000 0.000 0.000 0.000 0.000 0.000 0.000 0.000 0.000 0.000 0.000 0.000 0.000 0.000 0.000 0.000 0.000 0.000 0.000 0.000 0.000 0.000 0.000 0.000 0.000 0.000 0.000 0.000 0.000 0.000 0.000 0.000 0.000 0.000 0.000 0.000 0.000 0.000 0.291 0.531 0.663 0.745 0.780 0.830 1.224 1.663 2.014 2.178 2.168 2.088 1.791 1.260 0.810 0.862 0.924 0.996 1.083 1.112 1.102 1.043 0.835 0.554 0.302 0.125 0.120 0.118 0.118 0.118 0.123 0.132 0.150 0.184 0.233 0.294 0.360
0.000 0.000 0.000 0.000 0.000 0.000 0.000 0.000 0.000 0.000 0.000 0.000 0.000 0.000 0.000 0.000 0.000 0.000 0.000 0.000 0.000 0.000 0.000 0.000 0.000 0.000 0.000 0.000 0.000 0.000 0.000 0.000 0.000 0.000 0.000 0.000 0.000 0.000 0.000 0.000 0.000 0.164 0.384 0.575 0.712 0.813 0.833 0.827 1.007 1.222 1.194 1.063 0.714 0.312 0.197 0.215 0.382 0.383 0.563 0.754 0.952 1.018 1.016 0.977 0.818 0.570 0.343 0.169 0.113 0.109 0.108 0.108 0.112 0.130 0.171 0.229 0.311
0.000 0.000 0.000 0.000 0.000 0.000 0.000 0.000 0.000 0.000 0.000 0.000 0.000 0.000 0.000 0.000 0.000 0.000 0.000 0.000 0.000 0.000 0.000 0.000 0.000 0.000 0.000 0.000 0.000 0.000 0.000 0.000 0.000 0.000 0.000 0.000 0.000 0.000 0.000 0.000 0.000 0.000 0.000 0.154 0.326 0.454 0.452 0.415 0.296 0.194 0.183 0.121 0.069 0.085 0.083 0.140 0.282 0.276 0.174 0.112 0.319 0.571 0.830 0.908 0.906 0.875 0.758 0.560 0.365 0.189 0.105 0.102 0.102 0.106 0.143 0.198 0.348
0.000 0.000 0.000 0.000 0.000 0.000 0.000 0.000 0.000 0.000 0.000 0.000 0.000 0.000 0.000 0.000 0.000 0.000 0.000 0.000 0.000 0.000 0.000 0.000 0.000 0.000 0.000 0.000 0.000 0.000 0.000 0.000 0.000 0.000 0.000 0.000 0.000 0.000 0.000 0.000 0.000 0.000 0.000 0.000 0.000 0.000 0.000 0.000 0.000 0.000 0.000 0.000 0.000 0.000 0.000 0.131 0.222 0.206 0.117 0.000 0.000 0.000 0.266 0.512 0.754 0.835 0.833 0.814 0.737 0.521 0.268 0.103 0.101 0.102 0.111 0.243 0.364
0.000 0.000 0.000 0.000 0.000 0.000 0.000 0.000 0.000 0.000 0.000 0.000 0.000 0.000 0.000 0.000 0.000 0.000 0.000 0.000 0.000 0.000 0.000 0.000 0.000 0.000 0.000 0.000 0.000 0.000 0.000 0.000 0.000 0.000 0.000 0.000 0.000 0.000 0.000 0.000 0.000 0.000 0.000 0.000 0.000 0.000 0.000 0.000 0.000 0.000 0.000 0.000 0.000 0.000 0.000 0.130 0.176 0.158 0.084 0.000 0.000 0.000 0.000 0.000 0.306 0.574 0.767 0.776 0.764 0.709 0.506 0.207 0.096 0.097 0.118 0.276 0.362
0.000 0.000 0.000 0.000 0.000 0.000 0.000 0.000 0.000 0.000 0.000 0.000 0.000 0.000 0.000 0.000 0.000 0.000 0.000 0.000 0.000 0.000 0.000 0.000 0.000 0.000 0.000 0.000 0.000 0.000 0.000 0.000 0.000 0.000 0.000 0.000 0.000 0.000 0.000 0.000 0.000 0.000 0.000 0.000 0.000 0.000 0.000 0.000 0.000 0.000 0.000 0.000 0.000 0.000 0.000 0.133 0.141 0.119 0.000 0.000 0.000 0.000 0.000 0.000 0.000 0.220 0.514 0.710 0.714 0.692 0.579 0.298 0.092 0.092 0.167 0.290 0.325
