tests/test_04/output4/CloudArrivalTime.dat
NCOLS   360
NROWS    60
XLLCORNER           0.000
YLLCORNER           0.000
CELLSIZE           1.000          1.000
NODATA_VALUE -9999.
[rows 24 to 47 of 60, columns 270 to 323 of 360]
34.659840 36.050030 37.424370 38.783680 40.391071 41.963261 44.009701 46.343182 49.498569 51.040329 52.539471 53.999359 55.431648 56.875038 58.087700 59.306801 60.773441 61.994610 63.459801 64.924782 66.620308 68.301460 69.994728 71.453346 73.160980 74.626244 76.092979 77.316399 78.295883 79.031868 79.774803 80.024193 80.274460 80.274460 80.274460 80.274460 80.777710 67.819893 60.529190 60.284851 60.284851 60.773441 61.506161 62.238819 62.971432 63.948151 64.924782 65.898422 66.859734 68.060547 69.267609 70.480309 71.940819 73.160980
35.494949 36.876591 38.241852 39.858238 41.704449 43.752960 46.082088 48.446381 50.017460 51.544601 53.030312 54.477779 55.911339 57.359089 58.574650 60.040428 61.506161 62.971432 64.680634 66.620308 68.542618 70.480309 72.428879 74.381927 76.337578 77.806061 79.278648 80.525627 81.539482 82.309769 82.828178 83.350609 83.877136 84.141983 83.877136 83.088890 83.088890 82.828178 73.160980 69.509781 61.994610 61.750389 61.994610 62.483028 63.215618 64.192322 65.168922 66.139877 67.099403 68.301460 69.509781 70.723328 72.184792 73.649239
36.601849 37.969910 39.590721 41.444180 43.241032 45.301262 47.391659 48.974621 50.531330 52.044270 53.516899 54.953629 56.633572 58.087700 59.551319 61.261929 62.971432 64.924782 66.859734 69.267609 71.697006 74.870590 79.526291 94.103172 95.073883 96.289101 97.499130 98.697960 99.885681 101.062599 102.228989 103.389313 88.537369 88.288597 88.288597 88.288597 87.281662 85.994957 85.207069 85.207069 73.893433 63.459801 62.971432 63.215618 63.703979 64.436478 65.412949 66.620308 67.579483 68.784027 69.994728 71.209846 72.672897 73.893433
37.969910 39.322460 41.182701 42.985828 45.041889 46.866589 48.446381 49.758652 51.293049 52.785431 54.239071 55.911339 57.601669 59.306801 61.017689 62.971432 65.168922 67.819893 90.965408 91.925903 92.891968 93.860741 94.831062 95.802940 97.016411 97.980019 99.174362 100.357727 101.530403 102.692657 103.855568 105.027473 106.445000 107.633087 108.827164 110.028374 93.376160 92.650017 90.247322 88.288597 87.787537 77.806061 64.924782 64.436478 64.680634 65.168922 65.898422 66.859734 68.060547 69.267609 70.480309 71.940819 73.160980 74.381927
40.125019 41.704449 43.496738 45.041889 46.604679 47.918350 49.237202 50.786430 52.292419 53.999359 55.671322 57.601669 59.551319 61.506161 88.288597 89.764221 90.965408 91.925903 92.891968 93.860741 94.588333 95.559822 96.531853 97.499130 98.459091 99.411903 100.593109 101.763680 102.924492 104.089233 105.262939 106.445000 107.871422 109.066780 110.269547 111.480247 112.699020 113.926041 115.162109 98.219780 92.650017 90.487289 90.006302 66.139877 65.898422 65.898422 66.620308 67.579483 68.542618 69.752182 71.209846 72.428879 73.649239 75.114983
42.476582 44.009701 45.301262 46.604679 47.918350 49.237202 50.786430 52.292419 53.999359 55.911339 82.828178 85.471069 90.006302 91.925903 92.650017 93.134018 93.860741 94.588333 95.316803 96.046127 96.774361 97.499130 98.219780 99.174362 100.121918 101.062599 101.996536 103.156708 104.089233 105.262939 106.445000 107.871422 109.066780 110.269547 111.480247 112.699020 113.926041 115.162109 116.412041 117.676117 118.948433 103.855568 94.103172 92.650017 67.339317 67.339317 67.579483 68.301460 69.267609 70.480309 71.697006 72.916924 74.381927 75.603897
66.620308 67.819893 69.267609 70.723328 72.672897 74.870590 77.561211 79.774803 83.613358 86.513512 109.546951 116.160942 120.250908 122.515167 114.419189 99.649010 99.649010 98.697960 98.697960 98.936378 99.411903 99.885681 100.357727 100.828072 101.763680 102.461029 103.389313 104.323250 105.498772 106.682152 107.871422 109.066780 110.269547 111.480247 112.699020 113.926041 115.162109 116.412041 117.676117 118.948433 120.250908 121.755836 123.024223 124.296532 69.025688 68.542618 68.784027 69.267609 70.237442 71.209846 72.428879 73.649239 74.870590 76.337578
72.428879 85.733688 88.288597 90.726219 93.134018 95.802940 98.697960 101.763680 105.027473 108.587852 113.434227 117.422150 119.957710 122.008392 124.042747 126.314751 118.185829 118.185829 118.694771 102.692657 102.228989 102.461029 102.692657 102.924492 103.389313 104.089233 105.027473 105.971413 106.919533 108.109993 109.066780 110.269547 111.480247 112.699020 113.926041 114.913872 116.160942 117.676117 118.948433 120.250908 121.755836 123.024223 124.296532 125.812180 127.068649 69.994728 70.237442 70.480309 71.453346 72.428879 73.405090 74.626244 75.848419 77.316399
84.941673 87.026871 89.276810 91.444939 93.860741 96.774361 100.121918 103.622261 107.157150 110.752869 114.419189 117.168762 119.454132 121.503853 123.788628 125.812180 128.093018 130.768463 121.252411 121.503853 108.109993 105.971413 105.498772 105.734970 105.734970 106.208092 106.919533 107.633087 108.587852 109.546951 110.752869 111.723351 112.699020 113.926041 114.913872 116.160942 117.422150 118.694771 120.250908 121.503853 123.024223 124.296532 125.812180 127.068649 128.614716 71.453346 71.697006 71.940819 72.672897 73.649239 74.626244 75.848419 77.071632 78.540863
86.770828 88.784981 90.965408 93.376160 96.046127 99.649010 103.389313 106.682152 109.787498 112.454613 114.913872 117.168762 119.454132 121.503853 123.788628 125.812180 128.093018 130.219894 132.663559 134.810135 124.042747 112.699020 109.306709 108.587852 108.587852 108.587852 109.066780 109.787498 110.511047 111.480247 112.210533 113.188828 114.172447 115.162109 116.412041 117.422150 118.694771 120.000000 121.503853 122.769409 124.296532 125.560402 126.816353 128.353043 129.678131 72.916924 73.160980 73.405090 74.137657 75.114983 76.092979 77.316399 78.785942 80.024193
89.031464 90.965408 93.134018 96.289101 142.483017 141.651291 142.205307 143.039841 144.157715 145.825363 147.464554 119.201553 120.501297 122.261497 124.296532 126.063629 128.353043 130.493362 132.663559 134.538879 137.003754 126.565536 113.679970 111.966782 111.237473 111.237473 111.480247 111.966782 112.454613 113.188828 113.926041 114.913872 115.910400 116.663712 117.930679 118.948433 120.250908 121.503853 122.769409 124.296532 125.560402 126.816353 128.093018 129.409775 130.768463 74.870590 74.381927 74.870590 75.603897 76.582222 77.806061 79.031868 80.525627 81.795280
224.424286 222.040436 219.284225 214.548813 208.111053 203.836395 147.464554 146.921906 147.464554 148.538986 149.860336 151.669037 153.700867 126.063629 126.063629 127.322441 129.143051 131.043488 132.929016 134.810135 137.003754 139.180832 129.143051 115.660423 114.419189 114.172447 114.172447 114.172447 114.666267 115.162109 115.910400 116.663712 117.422150 118.440567 119.454132 120.751183 122.008392 123.279373 124.296532 125.560402 126.816353 128.093018 129.409775 130.768463 131.860992 133.195267 76.092979 76.582222 77.316399 78.295883 79.526291 80.777710 82.052040 83.350609
236.807648 231.920364 225.922623 222.636795 218.655136 210.294067 205.877411 153.196838 152.690186 152.690186 153.449173 154.699326 156.407837 158.317322 160.638931 130.493362 130.768463 132.130310 133.730225 135.355209 137.277435 139.453461 141.651291 131.860992 118.694771 117.422150 117.168762 117.168762 117.168762 117.676117 118.185829 118.948433 119.706177 120.751183 121.755836 122.769409 123.788628 125.055847 126.063629 127.322441 128.614716 129.948166 131.043488 132.130310 133.462326 134.538879 77.806061 78.050949 78.785942 80.024193 81.030701 82.309769 83.613358 84.674850
-9999.000000 -9999.000000 236.238998 231.623047 225.323227 221.740128 216.128906 209.456894 207.341339 160.865295 159.490448 159.722290 160.638931 161.980637 163.941116 166.571945 170.743759 134.810135 135.082245 136.454742 138.095306 140.000214 142.205307 144.157715 134.810135 124.549973 122.261497 121.252411 121.252411 121.252411 121.755836 122.261497 122.769409 123.534172 124.549973 125.308289 126.314751 127.322441 128.614716 129.678131 130.768463 132.130310 133.195267 134.268494 135.629059 136.729523 80.024193 79.774803 80.525627 81.539482 82.568481 83.613358 84.941673 85.994957
-9999.000000 -9999.000000 -9999.000000 237.944534 234.535950 231.324356 225.323227 222.636795 218.970291 215.498276 215.498276 173.452057 168.101334 169.188934 171.424362 174.330444 178.008911 -9999.000000 138.095306 138.366867 139.453461 141.099106 143.039841 144.715652 146.649185 138.095306 137.550583 127.068649 126.565536 126.063629 126.063629 126.314751 126.565536 127.322441 128.093018 128.878036 129.678131 130.768463 131.589813 132.663559 133.998947 135.082245 136.179428 137.277435 138.366867 139.453461 140.548767 82.052040 82.568481 83.088890 84.141983 84.941673 85.994957 87.026871
-9999.000000 -9999.000000 -9999.000000 -9999.000000 -9999.000000 -9999.000000 -9999.000000 -9999.000000 -9999.000000 -9999.000000 -9999.000000 -9999.000000 -9999.000000 -9999.000000 -9999.000000 -9999.000000 -9999.000000 -9999.000000 -9999.000000 141.651291 141.651291 142.761185 144.157715 145.825363 147.734512 149.860336 141.374969 141.099106 140.823715 135.629059 133.462326 132.663559 132.130310 132.397827 132.929016 133.462326 133.998947 134.810135 135.903793 136.729523 137.823212 138.908981 140.000214 141.099106 142.483017 144.157715 146.649185 148.538986 85.207069 85.471069 85.733688 86.513512 87.281662 88.288597
-9999.000000 -9999.000000 -9999.000000 -9999.000000 -9999.000000 -9999.000000 -9999.000000 -9999.000000 -9999.000000 -9999.000000 -9999.000000 -9999.000000 -9999.000000 -9999.000000 -9999.000000 -9999.000000 -9999.000000 -9999.000000 -9999.000000 -9999.000000 145.548843 145.271683 145.825363 147.193695 149.070816 151.155365 153.700867 145.271683 145.548843 146.375534 148.003555 150.121307 152.943832 155.924988 159.490448 162.418777 177.762726 181.618362 184.928726 187.388245 189.884018 193.027237 196.401154 199.818405 202.683395 205.409821 204.062576 200.781479 197.914062 188.766663 89.031464 89.031464 89.521057 90.006302
-9999.000000 -9999.000000 -9999.000000 -9999.000000 -9999.000000 -9999.000000 -9999.000000 -9999.000000 -9999.000000 -9999.000000 -9999.000000 -9999.000000 -9999.000000 -9999.000000 -9999.000000 -9999.000000 -9999.000000 -9999.000000 -9999.000000 -9999.000000 -9999.000000 149.335114 148.805389 149.598282 151.155365 153.196838 155.682007 158.317322 160.638931 162.852951 153.449173 155.924988 169.628586 171.881180 174.547577 177.762726 182.151581 185.481537 187.937225 190.447723 193.607147 197.669662 201.260269 204.286987 206.842789 209.456894 209.456894 206.115005 202.916916 198.394424 193.896866 194.186249 196.661453 203.836395
-9999.000000 -9999.000000 -9999.000000 -9999.000000 -9999.000000 -9999.000000 -9999.000000 -9999.000000 -9999.000000 -9999.000000 -9999.000000 -9999.000000 -9999.000000 -9999.000000 -9999.000000 -9999.000000 -9999.000000 -9999.000000 -9999.000000 -9999.000000 -9999.000000 -9999.000000 154.201935 153.700867 154.451126 156.407837 158.553574 160.638931 162.636063 164.816223 167.228760 169.628586 172.108231 174.764084 178.508972 183.530197 186.573547 189.044769 191.872147 195.323227 200.300644 204.062576 206.842789 209.182236 211.743668 214.231888 216.442856 219.596619 209.182236 203.608658 201.260269 205.642197 214.865601 215.182205
-9999.000000 -9999.000000 -9999.000000 -9999.000000 -9999.000000 -9999.000000 -9999.000000 -9999.000000 -9999.000000 -9999.000000 -9999.000000 -9999.000000 -9999.000000 -9999.000000 -9999.000000 -9999.000000 -9999.000000 -9999.000000 -9999.000000 -9999.000000 -9999.000000 -9999.000000 -9999.000000 162.418777 161.980637 161.980637 162.418777 163.505096 165.255341 167.447235 170.071854 172.784058 175.649811 180.324615 186.030563 189.323685 192.737518 210.294067 209.733719 209.733719 210.577682 211.743668 213.597626 215.813843 218.021072 220.216675 222.933731 225.922623 227.716476 210.863708 210.863708 216.754929 221.438385 225.323227
-9999.000000 -9999.000000 -9999.000000 -9999.000000 -9999.000000 -9999.000000 -9999.000000 -9999.000000 -9999.000000 -9999.000000 -9999.000000 -9999.000000 -9999.000000 -9999.000000 -9999.000000 -9999.000000 -9999.000000 -9999.000000 -9999.000000 -9999.000000 -9999.000000 -9999.000000 -9999.000000 -9999.000000 -9999.000000 -9999.000000 -9999.000000 170.743759 171.196503 172.784058 175.202927 179.019424 -9999.000000 -9999.000000 -9999.000000 -9999.000000 -9999.000000 -9999.000000 234.535950 232.216354 230.419983 228.909195 227.119247 226.222061 226.222061 227.119247 228.610947 230.115677 231.623047 228.312973 221.438385 223.528793 227.417953 233.096466
-9999.000000 -9999.000000 -9999.000000 -9999.000000 -9999.000000 -9999.000000 -9999.000000 -9999.000000 -9999.000000 -9999.000000 -9999.000000 -9999.000000 -9999.000000 -9999.000000 -9999.000000 -9999.000000 -9999.000000 -9999.000000 -9999.000000 -9999.000000 -9999.000000 -9999.000000 -9999.000000 -9999.000000 -9999.000000 -9999.000000 -9999.000000 -9999.000000 -9999.000000 -9999.000000 -9999.000000 -9999.000000 -9999.000000 -9999.000000 -9999.000000 -9999.000000 -9999.000000 -9999.000000 239.931885 236.523285 235.386917 234.535950 233.964645 233.096466 232.804398 232.804398 233.387283 234.251038 235.670822 237.376205 234.535950 235.103134 239.364365 -9999.000000
-9999.000000 -9999.000000 -9999.000000 -9999.000000 -9999.000000 -9999.000000 -9999.000000 -9999.000000 -9999.000000 -9999.000000 -9999.000000 -9999.000000 -9999.000000 -9999.000000 -9999.000000 -9999.000000 -9999.000000 -9999.000000 -9999.000000 -9999.000000 -9999.000000 -9999.000000 -9999.000000 -9999.000000 -9999.000000 -9999.000000 -9999.000000 -9999.000000 -9999.000000 -9999.000000 -9999.000000 -9999.000000 -9999.000000 -9999.000000 -9999.000000 -9999.000000 -9999.000000 -9999.000000 -9999.000000 -9999.000000 239.931885 239.080505 238.228622 237.376205 237.376205 237.660400 238.228622 239.364365 -9999.000000 -9999.000000 -9999.000000 -9999.000000 -9999.000000 -9999.000000
-9999.000000 -9999.000000 -9999.000000 -9999.000000 -9999.000000 -9999.000000 -9999.000000 -9999.000000 -9999.000000 -9999.000000 -9999.000000 -9999.000000 -9999.000000 -9999.000000 -9999.000000 -9999.000000 -9999.000000 -9999.000000 -9999.000000 -9999.000000 -9999.000000 -9999.000000 -9999.000000 -9999.000000 -9999.000000 -9999.000000 -9999.000000 -9999.000000 -9999.000000 -9999.000000 -9999.000000 -9999.000000 -9999.000000 -9999.000000 -9999.000000 -9999.000000 -9999.000000 -9999.000000 -9999.000000 -9999.000000 -9999.000000 -9999.000000 -9999.000000 -9999.000000 -9999.000000 -9999.000000 -9999.000000 -9999.000000 -9999.000000 -9999.000000 -9999.000000 -9999.000000 -9999.000000 -9999.000000
