tests/test_03/output9/CloudLoad_010.00hrs.dat
NCOLS    50
NROWS    50
XLLCORNER    -2289770.000
YLLCORNER     2591270.000
CELLSIZE        2000.000       2000.000
NODATA_VALUE  0.000
[rows 0 to 27 of 50, columns 0 to 49 of 50]
0.000000 0.000000 0.000000 0.000000 0.000000 0.000000 0.000000 0.000000 0.000000 0.000000 0.000000 0.000000 0.000000 0.000000 0.000000 0.000000 0.000000 0.000000 0.673121 3.423707 16.977600 70.090660 206.191650 448.555725 800.059998 1270.346680 1831.801758 2435.572266 3042.916992 3664.385254 4221.593262 4675.759766 5040.912109 5320.628418 5548.551270 5672.594238 5678.306641 5582.545898 5371.458008 5090.106934 4696.390625 4266.897461 3690.161377 3114.294678 2434.677979 1811.605469 1199.761719 807.059509 465.820557 235.868362
0.000000 0.000000 0.000000 0.000000 0.000000 0.000000 0.000000 0.000000 0.000000 0.000000 0.000000 0.000000 0.000000 0.000000 0.000000 0.000000 0.000000 0.000000 0.829674 3.931140 17.743835 77.537544 253.202866 589.080505 1101.665527 1767.350830 2543.224609 3388.925781 4314.442871 5224.899902 5994.976074 6641.751953 7157.446289 7526.016113 7824.839844 7985.789062 7952.938477 7851.531250 7539.278320 7183.888184 6656.842285 6024.915039 5242.363281 4409.331055 3438.115479 2546.762939 1685.634033 1129.257324 639.382507 319.994629
0.000000 0.000000 0.000000 0.000000 0.000000 0.000000 0.000000 0.000000 0.000000 0.000000 0.000000 0.000000 0.000000 0.000000 0.000000 0.000000 0.000000 0.236683 1.086221 4.886706 21.683270 96.602188 329.430603 814.240845 1568.500732 2523.866455 3638.108398 4919.754395 6314.401855 7640.525391 8767.286133 9753.137695 10511.721680 11073.835938 11458.568359 11661.564453 11592.518555 11454.485352 11004.787109 10530.169922 9751.509766 8829.758789 7713.338867 6480.332520 5069.059082 3753.988037 2487.633789 1655.302246 921.089905 454.797760
0.000000 0.000000 0.000000 0.000000 0.000000 0.000000 0.000000 0.000000 0.000000 0.000000 0.000000 0.000000 0.000000 0.000000 0.000000 0.000000 0.000000 0.316656 1.420141 6.260216 27.495865 122.008034 431.845276 1106.429199 2156.647217 3471.734863 5014.102051 6834.725098 8803.451172 10629.278320 12232.995117 13706.788086 14789.449219 15607.775391 16097.748047 16342.608398 16240.379883 16047.266602 15481.980469 14818.453125 13731.143555 12461.687500 10917.995117 9184.025391 7217.100586 5364.384766 3565.072510 2355.724365 1297.609985 632.282654
0.000000 0.000000 0.000000 0.000000 0.000000 0.000000 0.000000 0.000000 0.000000 0.000000 0.000000 0.000000 0.000000 0.000000 0.000000 0.000000 0.000000 0.424534 1.905891 8.394644 36.534954 161.162140 577.176025 1487.980469 2905.995361 4679.359375 6714.847168 9150.703125 11785.828125 14220.215820 16428.906250 18496.726562 20002.400391 21123.431641 21770.261719 22061.951172 21935.345703 21706.693359 21010.904297 20109.974609 18676.357422 17001.529297 14940.621094 12611.340820 9966.030273 7458.805176 4970.043457 3265.944092 1792.110962 863.710327
0.000000 0.000000 0.000000 0.000000 0.000000 0.000000 0.000000 0.000000 0.000000 0.000000 0.000000 0.000000 0.000000 0.000000 0.000000 0.000000 0.000000 0.580529 2.660904 12.029847 52.860687 229.738770 797.022095 1994.159180 3848.394775 6184.093750 8799.004883 11890.581055 15262.606445 18420.617188 21341.697266 24052.554688 26080.205078 27546.062500 28421.591797 28762.507812 28669.089844 28387.847656 27585.349609 26404.162109 24604.808594 22484.113281 19836.382812 16828.498047 13398.964844 10116.696289 6766.176270 4427.958008 2433.707764 1161.247803
0.000000 0.000000 0.000000 0.000000 0.000000 0.000000 0.000000 0.000000 0.000000 0.000000 0.000000 0.000000 0.000000 0.000000 0.000000 0.000000 0.000000 0.826907 3.872749 18.274155 84.246803 362.427612 1164.580322 2699.968506 5016.266602 7955.246582 11291.131836 15082.627930 19219.083984 23220.886719 26880.332031 30270.123047 32902.558594 34749.617188 35934.398438 36369.042969 36357.070312 36001.933594 35127.851562 33643.867188 31467.253906 28898.951172 25604.914062 21862.933594 17579.449219 13415.890625 9027.364258 5896.995605 3252.295166 1539.011108
0.000000 0.000000 0.000000 0.000000 0.000000 0.000000 0.000000 0.000000 0.000000 0.000000 0.000000 0.000000 0.000000 0.000000 0.000000 0.000000 0.270900 1.265142 5.942957 28.525917 139.550598 579.943604 1707.638550 3676.753906 6496.499512 10018.524414 14078.941406 18728.263672 23656.367188 28538.226562 32975.195312 37052.277344 40345.222656 42601.054688 44177.296875 44766.855469 44905.097656 44450.574219 43521.667969 41754.937500 39191.941406 36169.578125 32220.468750 27717.324219 22518.130859 17417.271484 11825.882812 7718.970215 4279.531250 2015.414673
0.000000 0.000000 0.000000 0.000000 0.000000 0.000000 0.000000 0.000000 0.000000 0.000000 0.000000 0.000000 0.000000 0.000000 0.000000 0.000000 0.460892 2.124965 9.824836 46.663029 228.410339 884.645264 2379.120361 4845.821289 8273.483398 12429.607422 17213.681641 22685.740234 28544.367188 34318.109375 39561.609375 44337.609375 48330.804688 51023.363281 53017.367188 53873.523438 54220.242188 53682.777344 52675.734375 50645.589844 47685.890625 44212.640625 39618.472656 34361.644531 28182.267578 22147.552734 15239.515625 9941.204102 5555.340820 2609.691895
0.000000 0.000000 0.000000 0.000000 0.000000 0.000000 0.000000 0.000000 0.000000 0.000000 0.000000 0.000000 0.000000 0.000000 0.000000 0.000000 0.844508 3.828072 17.604593 83.741837 403.572845 1378.994385 3260.756836 6196.967773 10185.375000 15024.508789 20617.761719 26916.730469 33684.667969 40392.496094 46474.757812 51936.812500 56642.179688 59822.691406 62252.125000 63500.988281 64104.796875 63609.085938 62511.566406 60127.847656 56951.507812 52911.816406 47714.421875 41716.496094 34557.351562 27567.583984 19337.121094 12622.154297 7121.362793 3347.013916
0.000000 0.000000 0.000000 0.000000 0.000000 0.000000 0.000000 0.000000 0.000000 0.000000 0.000000 0.000000 0.000000 0.000000 0.000000 0.350302 1.582586 7.142525 33.449993 165.813034 697.137207 2004.427124 4291.760254 7724.141113 12286.229492 17762.644531 24095.343750 31230.304688 38865.089844 46507.097656 53453.210938 59597.046875 64930.917969 68690.320312 71498.203125 73264.867188 74077.000000 73929.328125 72799.421875 70115.601562 66745.609375 62234.527344 56432.843750 49706.675781 41585.085938 33619.628906 24111.158203 15806.622070 9020.183594 4245.087402
0.000000 0.000000 0.000000 0.000000 0.000000 0.000000 0.000000 0.000000 0.000000 0.000000 0.000000 0.000000 0.000000 0.000000 0.000000 0.674261 2.991408 13.461120 63.773750 319.299927 1150.500732 2763.556152 5377.057617 9194.526367 14276.061523 20407.726562 27346.945312 35105.539062 43593.449219 52266.714844 60168.945312 66894.757812 72764.546875 77132.023438 80271.164062 82615.328125 83665.726562 83908.046875 83096.148438 80311.484375 76776.914062 71926.460938 65611.945312 58208.152344 49161.070312 40160.074219 29609.792969 19486.912109 11284.817383 5322.603027
0.000000 0.000000 0.000000 0.000000 0.000000 0.000000 0.000000 0.000000 0.000000 0.000000 0.000000 0.000000 0.000000 0.000000 0.293893 1.290080 5.596299 25.027138 120.072090 541.701843 1640.794678 3573.884766 6478.109375 10586.819336 16002.536133 22579.289062 30048.531250 38260.082031 47304.167969 56783.730469 65640.945312 73291.304688 79868.406250 84864.203125 88148.468750 90989.804688 92359.671875 93060.812500 92707.281250 90386.031250 86657.734375 81630.492188 75150.335938 66987.554688 57229.902344 47153.777344 35662.511719 23751.914062 13947.224609 6595.870605
0.000000 0.000000 0.000000 0.000000 0.000000 0.000000 0.000000 0.000000 0.000000 0.000000 0.000000 0.000000 0.000000 0.000000 0.560957 2.382780 10.081674 44.653625 210.952240 821.871704 2117.992920 4268.208496 7437.081543 11779.970703 17419.601562 24327.214844 32213.775391 40889.753906 50330.199219 60322.488281 69809.039062 77924.031250 84885.195312 90900.890625 94927.515625 98150.703125 100043.976562 101178.546875 101197.671875 99593.148438 96142.820312 91097.820312 84607.187500 75957.859375 65626.281250 54509.585938 42135.968750 28562.593750 17034.423828 8088.763184
0.000000 0.000000 0.000000 0.000000 0.000000 0.000000 0.000000 0.000000 0.000000 0.000000 0.000000 0.000000 0.000000 0.238551 1.021142 4.205342 17.325199 74.211143 325.115936 1050.657715 2480.771240 4775.225098 8107.825684 12612.479492 18391.083984 25481.212891 33765.527344 42926.726562 52784.699219 63062.765625 72801.164062 81178.937500 88213.359375 94317.031250 99597.476562 103619.429688 106240.421875 107876.125000 108332.101562 107713.710938 104726.476562 99913.906250 93609.640625 84885.843750 74122.156250 62066.949219 48934.425781 33878.117188 20569.429688 9832.086914
0.000000 0.000000 0.000000 0.000000 0.000000 0.000000 0.000000 0.000000 0.000000 0.000000 0.000000 0.000000 0.000000 0.434564 1.815211 7.263558 28.968397 121.087486 470.464447 1292.214844 2753.211914 5089.622070 8477.047852 13030.541992 18813.833984 25852.830078 34161.429688 43669.210938 53834.007812 63989.433594 73823.609375 82797.554688 90364.273438 96582.125000 102264.515625 107314.054688 110686.320312 112724.960938 113922.507812 113960.492188 112148.398438 108033.796875 101938.906250 93470.039062 82529.859375 69736.726562 55894.691406 39678.558594 24557.218750 11843.871094
0.000000 0.000000 0.000000 0.000000 0.000000 0.000000 0.000000 0.000000 0.000000 0.000000 0.000000 0.000000 0.000000 0.778141 3.216187 12.524776 47.568119 182.721024 601.952759 1469.613403 2943.976562 5229.014648 8525.382812 13004.487305 18733.101562 25699.056641 33880.015625 43249.726562 53451.144531 63562.671875 72756.335938 81729.195312 90006.210938 97282.218750 103568.328125 109315.109375 113558.843750 115993.000000 117870.828125 118409.289062 117682.062500 114648.492188 109173.992188 101258.453125 90585.523438 77332.289062 62871.769531 45770.105469 28936.986328 14144.629883
0.000000 0.000000 0.000000 0.000000 0.000000 0.000000 0.000000 0.000000 0.000000 0.000000 0.000000 0.000000 0.301401 1.329334 5.445285 20.613192 73.644012 253.857285 706.250671 1564.683105 2999.215332 5200.950684 8358.106445 12626.066406 18129.462891 24940.140625 33019.406250 41983.058594 51666.613281 61368.550781 70640.109375 79190.125000 87673.585938 95724.273438 102903.718750 109478.945312 114942.523438 118192.046875 120444.171875 121461.750000 121356.406250 119591.382812 114815.195312 107948.718750 97757.492188 84683.726562 69761.531250 51948.785156 33663.445312 16746.773438
0.000000 0.000000 0.000000 0.000000 0.000000 0.000000 0.000000 0.000000 0.000000 0.000000 0.000000 0.000000 0.483124 2.111686 8.503465 31.084513 104.456619 315.010468 761.969666 1572.274048 2919.443604 4987.673340 7953.360840 11958.384766 17122.158203 23540.919922 31246.183594 39902.839844 48835.203125 57617.792969 66850.421875 75754.421875 84187.742188 92866.789062 100912.890625 107802.859375 114553.289062 119191.617188 121854.335938 123224.070312 123624.515625 122782.367188 119127.382812 113275.734375 104081.531250 91429.710938 76301.664062 58247.125000 38662.375000 19637.183594
0.000000 0.000000 0.000000 0.000000 0.000000 0.000000 0.000000 0.000000 0.000000 0.000000 0.000000 0.000000 0.725379 3.144944 12.495096 43.836899 135.401337 343.434021 755.647278 1494.717773 2717.019775 4594.740723 7283.850586 10937.561523 15706.055664 21689.992188 28684.019531 36404.179688 44748.906250 53381.136719 61928.250000 70984.531250 80271.125000 88898.531250 97626.945312 105417.179688 112221.843750 118039.257812 121705.234375 123898.960938 124763.132812 124251.875000 121850.625000 116903.812500 108979.796875 97257.320312 82494.789062 64256.117188 43821.128906 22806.425781
0.000000 0.000000 0.000000 0.000000 0.000000 0.000000 0.000000 0.000000 0.000000 0.000000 0.000000 0.230811 1.022532 4.437574 18.226767 58.197182 149.369797 337.719849 699.271790 1341.636963 2402.436523 4027.649170 6374.722656 9622.011719 13871.589844 19096.138672 25328.599609 32350.628906 39893.371094 47901.457031 56792.050781 65790.773438 75074.296875 84574.382812 93266.015625 101894.609375 108984.851562 115729.695312 120404.335938 123435.640625 124715.281250 124640.023438 123325.703125 119338.929688 112710.203125 102256.570312 87934.750000 70034.914062 48982.789062 26244.916016
0.000000 0.000000 0.000000 0.000000 0.000000 0.000000 0.000000 0.000000 0.000000 0.000000 0.000000 0.316861 1.351124 5.938307 22.872864 63.838814 147.077927 309.545441 608.506531 1133.356445 1996.657227 3331.116455 5297.255371 8025.062988 11582.890625 16068.777344 21449.863281 27597.599609 34704.132812 42639.957031 51042.917969 60303.171875 69695.953125 79201.164062 88559.765625 97295.273438 105440.570312 112171.593750 118111.695312 121505.992188 123591.859375 124168.343750 123409.585938 120477.148438 115148.070312 106085.179688 92596.835938 75444.304688 54126.402344 29895.583984
0.000000 0.000000 0.000000 0.000000 0.000000 0.000000 0.000000 0.000000 0.000000 0.000000 0.000000 0.402002 1.605349 6.598964 23.467274 61.320583 133.127625 263.148499 495.890564 896.934265 1556.355957 2581.720703 4090.192139 6233.046875 9096.413086 12802.780273 17461.625000 23085.207031 29688.039062 37278.992188 45688.761719 54556.289062 64100.246094 73650.820312 83354.820312 92388.726562 100992.460938 108208.328125 114512.562500 118974.671875 121687.101562 122631.328125 122376.390625 120435.273438 116117.078125 108717.398438 96611.539062 79982.437500 59054.152344 33720.710938
0.000000 0.000000 0.000000 0.000000 0.000000 0.000000 0.000000 0.000000 0.000000 0.000000 0.000000 0.445321 1.716771 6.591584 21.146563 51.449326 107.237541 206.442139 373.211334 654.476013 1118.756470 1855.127441 2979.979980 4616.833008 6912.678711 10015.871094 14018.959961 19073.351562 25165.222656 32212.228516 40321.453125 49152.398438 58535.421875 68277.765625 77782.960938 87280.875000 95935.054688 103944.968750 110487.406250 115829.289062 118975.125000 120650.406250 120556.945312 119293.960938 116171.359375 110118.085938 99672.539062 84109.664062 63574.070312 37647.457031
0.000000 0.000000 0.000000 0.000000 0.000000 0.000000 0.000000 0.000000 0.000000 0.000000 0.000000 0.444173 1.706514 5.859134 16.035252 37.216217 74.901688 141.819122 260.744659 464.781982 805.787964 1358.180542 2209.436768 3485.905518 5340.158203 7915.246582 11348.945312 15753.542969 21249.414062 27860.697266 35446.906250 44018.156250 53139.410156 62839.492188 72530.679688 82073.789062 91160.085938 99376.398438 106326.734375 112240.531250 116005.054688 118129.101562 118457.242188 117603.320312 115020.265625 110253.757812 101510.382812 87586.375000 67805.531250 41639.265625
0.000000 0.000000 0.000000 0.000000 0.000000 0.000000 0.000000 0.000000 0.000000 0.000000 0.000000 0.494444 1.721570 4.610867 10.789136 23.439146 48.046360 94.828972 183.004318 342.385681 613.619080 1054.235596 1743.161377 2778.759277 4284.806641 6420.411133 9357.366211 13229.299805 18121.283203 24123.166016 31209.880859 39322.046875 48281.222656 57729.632812 67584.851562 77066.570312 86460.390625 94863.257812 102145.140625 108085.898438 112851.523438 115400.820312 116183.414062 115469.648438 113341.257812 109518.625000 102440.203125 90047.062500 71302.898438 45530.433594
0.000000 0.000000 0.000000 0.000000 0.000000 0.000000 0.000000 0.000000 0.000000 0.000000 0.000000 0.394251 1.223493 2.978811 6.617771 14.593892 31.907206 66.988708 135.790375 263.921753 489.209259 862.459534 1442.799072 2319.669434 3605.367432 5428.651855 7931.857910 11283.085938 15638.432617 21095.746094 27690.451172 35313.433594 43908.367188 53053.582031 62731.757812 72224.054688 81437.101562 90033.015625 97798.242188 104087.179688 109077.625000 112143.593750 113558.281250 113172.734375 111431.210938 108092.640625 102323.765625 91894.687500 74439.312500 49376.316406
0.000000 0.000000 0.000000 0.000000 0.000000 0.000000 0.000000 0.000000 0.000000 0.000000 0.000000 0.231203 0.643652 1.622156 3.958073 9.562971 22.493040 50.397007 106.633820 214.819183 408.731628 731.849304 1244.283936 2018.561279 3141.992188 4736.342773 6949.304199 9935.995117 13834.632812 18765.144531 24788.513672 31891.142578 39905.464844 48604.800781 57720.304688 67172.320312 76195.789062 84910.000000 92524.562500 98985.421875 104275.414062 108013.851562 110179.867188 110272.984375 108925.523438 106346.593750 101620.828125 92950.406250 77046.796875 52864.753906
