tests/test_03/output9/CloudConcentration_010.00hrs.dat
NCOLS    50
NROWS    50
XLLCORNER    -2289770.000
YLLCORNER     2591270.000
CELLSIZE        2000.000       2000.000
NODATA_VALUE  0.000
[rows 0 to 28 of 50, columns 0 to 49 of 50]
0.000000 0.000000 0.000000 0.000000 0.000000 0.000000 0.000000 0.000000 0.000000 0.000000 0.000000 0.000000 0.000000 0.000000 0.000000 0.000000 0.000000 0.000000 4.311982 22.402458 111.455544 437.077759 1014.857239 1542.333740 1944.319946 2327.122559 2725.791260 3086.483643 3405.911377 3712.590088 4012.381836 4221.788574 4339.096191 4457.455078 4508.144043 4529.245605 4424.705078 4255.458496 4005.573975 3717.997559 3409.816650 3055.538818 2667.568359 2215.004150 1755.936157 1322.916260 879.141968 579.743713 361.365570 174.984100
0.000000 0.000000 0.000000 0.000000 0.000000 0.000000 0.000000 0.000000 0.000000 0.000000 0.000000 0.000000 0.000000 0.000000 0.000000 0.000000 0.000000 0.000000 5.273795 25.386715 115.168251 497.306488 1329.820435 2253.087891 2948.438477 3504.788086 3975.508545 4393.245605 4830.982910 5232.555176 5576.114746 5796.125000 5958.163574 6100.045410 6159.879395 6172.084473 6011.854980 5791.333496 5468.877441 5104.024902 4716.675293 4241.679199 3714.561279 3106.758301 2437.957275 1851.367188 1226.148193 809.134949 495.386017 237.222244
0.000000 0.000000 0.000000 0.000000 0.000000 0.000000 0.000000 0.000000 0.000000 0.000000 0.000000 0.000000 0.000000 0.000000 0.000000 0.000000 0.000000 1.478641 6.853382 31.177608 139.485901 618.901672 1808.260742 3289.067383 4506.829590 5319.145508 5913.305664 6521.581055 7115.148926 7650.994141 8056.311523 8320.641602 8556.152344 8726.231445 8798.789062 8780.495117 8533.656250 8229.842773 7800.216309 7301.973633 6804.866699 6143.527344 5399.631348 4546.024414 3551.812744 2713.286865 1793.372803 1180.505859 710.982849 335.194641
0.000000 0.000000 0.000000 0.000000 0.000000 0.000000 0.000000 0.000000 0.000000 0.000000 0.000000 0.000000 0.000000 0.000000 0.000000 0.000000 0.000000 1.971895 8.898060 39.599575 175.637955 778.851074 2424.769531 4575.573242 6434.816406 7541.326660 8351.699219 9156.722656 9936.942383 10587.378906 11068.275391 11429.489258 11761.095703 11940.694336 12032.129883 11957.720703 11626.697266 11225.596680 10703.464844 10070.166992 9415.979492 8556.339844 7545.539062 6392.311035 5017.314453 3843.666992 2545.126709 1669.323486 996.454834 462.763062
0.000000 0.000000 0.000000 0.000000 0.000000 0.000000 0.000000 0.000000 0.000000 0.000000 0.000000 0.000000 0.000000 0.000000 0.000000 0.000000 0.000000 2.632480 11.885523 52.828167 231.917389 1023.626221 3237.439697 6123.357422 8697.685547 10211.680664 11249.941406 12256.355469 13203.522461 13979.919922 14575.094727 15077.593750 15477.883789 15678.471680 15784.459961 15666.795898 15249.770508 14744.764648 14139.260742 13366.294922 12552.943359 11484.748047 10185.521484 8688.163086 6865.216309 5285.966797 3517.257080 2298.594971 1367.134277 626.432312
0.000000 0.000000 0.000000 0.000000 0.000000 0.000000 0.000000 0.000000 0.000000 0.000000 0.000000 0.000000 0.000000 0.000000 0.000000 0.000000 0.000000 3.567956 16.501089 75.519775 334.433746 1448.387451 4348.507324 7955.447754 11246.117188 13193.642578 14483.487305 15677.940430 16800.007812 17691.408203 18450.326172 19096.279297 19571.832031 19818.378906 19939.205078 19821.082031 19321.343750 18721.093750 18047.175781 17128.365234 16176.109375 14903.691406 13326.721680 11456.536133 9129.944336 7080.372070 4753.898926 3093.039062 1836.108643 832.686646
0.000000 0.000000 0.000000 0.000000 0.000000 0.000000 0.000000 0.000000 0.000000 0.000000 0.000000 0.000000 0.000000 0.000000 0.000000 0.000000 0.000000 4.988784 23.703062 114.146561 532.774780 2249.739014 5891.394531 10064.487305 13966.414062 16342.654297 17902.951172 19288.437500 20565.558594 21612.699219 22529.240234 23318.142578 23885.003906 24209.675781 24348.429688 24296.496094 23742.908203 23064.642578 22336.929688 21270.326172 20193.925781 18731.386719 16928.552734 14675.369141 11912.677734 9251.963867 6304.238770 4082.218262 2419.958496 1092.087769
0.000000 0.000000 0.000000 0.000000 0.000000 0.000000 0.000000 0.000000 0.000000 0.000000 0.000000 0.000000 0.000000 0.000000 0.000000 0.000000 1.578960 7.423996 35.539207 175.596481 879.562378 3440.046143 7679.736328 12372.829102 16751.931641 19533.208984 21371.033203 22956.019531 24382.476562 25609.042969 26673.519531 27604.773438 28274.580078 28701.783203 28875.062500 28908.505859 28430.966797 27680.232422 26859.951172 25666.900391 24500.673828 22897.392578 20917.458984 18312.308594 15168.883789 11819.266602 8216.828125 5289.201660 3129.519531 1411.134399
0.000000 0.000000 0.000000 0.000000 0.000000 0.000000 0.000000 0.000000 0.000000 0.000000 0.000000 0.000000 0.000000 0.000000 0.000000 0.000000 2.600412 12.083487 57.247166 281.765839 1413.311768 4865.866699 9555.854492 14675.147461 19497.279297 22692.537109 24805.318359 26527.271484 28179.802734 29593.830078 30800.398438 31866.232422 32648.443359 33188.410156 33417.914062 33538.476562 33238.910156 32472.439453 31498.148438 30251.714844 28988.361328 27236.236328 25189.998047 22305.425781 18835.548828 14782.250000 10534.708008 6724.036133 3978.301270 1797.853027
0.000000 0.000000 0.000000 0.000000 0.000000 0.000000 0.000000 0.000000 0.000000 0.000000 0.000000 0.000000 0.000000 0.000000 0.000000 0.000000 4.632380 21.298187 101.222412 500.212616 2421.403564 6555.938477 11450.375977 16865.162109 22055.982422 25665.935547 28021.574219 29910.593750 31778.361328 33393.894531 34735.738281 35925.500000 36840.609375 37506.140625 37805.976562 38017.902344 37958.769531 37359.441406 36209.671875 34894.769531 33546.992188 31608.894531 29592.990234 26485.376953 22892.625000 18097.392578 13289.207031 8405.598633 4997.783203 2268.206787
0.000000 0.000000 0.000000 0.000000 0.000000 0.000000 0.000000 0.000000 0.000000 0.000000 0.000000 0.000000 0.000000 0.000000 0.000000 1.875383 8.503664 39.237179 191.676544 989.266968 3858.644043 8139.455078 13188.011719 18770.312500 24226.220703 28268.318359 30914.884766 33024.277344 35008.136719 36829.683594 38320.855469 39590.484375 40657.207031 41458.523438 41878.886719 42215.890625 42253.824219 42091.554688 40849.304688 39446.121094 38057.011719 36055.476562 34013.292969 30816.277344 27061.376953 21714.236328 16424.890625 10354.262695 6207.428711 2818.521484
0.000000 0.000000 0.000000 0.000000 0.000000 0.000000 0.000000 0.000000 0.000000 0.000000 0.000000 0.000000 0.000000 0.000000 0.000000 3.529887 15.767939 73.048355 361.993896 1857.225586 5371.017578 9550.976562 14538.508789 20117.101562 25535.740234 29667.117188 32626.765625 35036.878906 37289.273438 39498.105469 41450.125000 42898.265625 44021.445312 44932.132812 45594.625000 45974.558594 46065.257812 46066.867188 45119.843750 43754.574219 42310.480469 40481.363281 38321.214844 35052.304688 31322.527344 25577.025391 19932.605469 12574.810547 7627.250488 3469.541016
0.000000 0.000000 0.000000 0.000000 0.000000 0.000000 0.000000 0.000000 0.000000 0.000000 0.000000 0.000000 0.000000 0.000000 1.509265 6.569043 28.848253 133.961258 673.085510 2912.681152 6441.437988 10586.883789 15442.304688 20823.873047 25997.423828 30036.132812 33023.015625 35568.199219 37964.105469 40405.257812 42811.953125 45047.160156 46850.976562 48012.445312 48731.609375 49154.015625 49395.074219 49421.421875 48922.949219 47651.238281 46163.660156 44583.558594 42440.832031 39160.968750 35553.730469 29602.156250 23531.162109 15118.658203 9269.291992 4228.072266
0.000000 0.000000 0.000000 0.000000 0.000000 0.000000 0.000000 0.000000 0.000000 0.000000 0.000000 0.000000 0.000000 0.000000 2.794177 11.761629 50.626331 234.511536 1149.685303 3716.428223 7038.765625 11058.620117 15795.660156 21015.656250 26056.099609 30065.542969 33030.871094 35617.285156 38069.117188 40623.699219 43221.851562 45775.789062 48144.222656 50061.847656 51296.660156 51798.992188 52151.136719 52218.289062 52085.171875 51010.363281 49591.734375 48192.718750 46165.257812 43212.152344 39577.882812 33614.304688 27279.500000 17954.740234 11152.979492 5107.272461
0.000000 0.000000 0.000000 0.000000 0.000000 0.000000 0.000000 0.000000 0.000000 0.000000 0.000000 0.000000 0.000000 1.182311 4.929784 20.072794 84.030762 372.406921 1627.431152 4048.472900 7212.937500 11144.395508 15698.447266 20617.328125 25345.314453 29359.113281 32793.519531 35323.851562 37814.027344 40480.972656 43208.148438 45854.785156 48395.804688 50556.144531 52454.425781 53655.433594 54292.500000 54427.769531 54479.222656 53861.312500 52567.019531 51229.253906 49300.738281 46768.332031 43230.792969 37440.000000 31073.339844 21219.789062 13302.507812 6125.645996
0.000000 0.000000 0.000000 0.000000 0.000000 0.000000 0.000000 0.000000 0.000000 0.000000 0.000000 0.000000 0.000000 2.102472 8.501415 33.339352 133.816254 576.331299 2004.815186 4168.221191 7040.263184 10718.695312 15001.082031 19498.226562 23816.113281 27607.242188 31058.199219 34025.144531 36620.960938 39245.703125 42132.195312 45228.691406 48170.515625 50615.328125 52586.214844 54304.996094 55310.003906 55847.570312 56032.656250 55913.750000 55277.695312 53745.695312 51819.371094 49771.257812 46382.226562 41537.667969 34761.308594 24944.080078 15726.524414 7293.484863
0.000000 0.000000 0.000000 0.000000 0.000000 0.000000 0.000000 0.000000 0.000000 0.000000 0.000000 0.000000 0.000000 3.697268 14.623738 54.582649 203.800735 779.221558 2127.774902 4045.304443 6650.587891 9982.610352 13861.694336 17906.841797 21831.722656 25400.515625 28561.458984 31347.177734 34283.675781 37295.285156 40027.714844 43107.988281 46314.656250 49587.242188 52247.011719 54363.621094 55557.515625 56424.550781 56700.050781 56882.601562 56882.695312 55688.953125 53817.390625 52049.582031 48995.742188 45054.144531 38189.988281 28897.152344 18347.921875 8633.492188
0.000000 0.000000 0.000000 0.000000 0.000000 0.000000 0.000000 0.000000 0.000000 0.000000 0.000000 0.000000 1.454166 6.163928 23.700808 83.387962 281.524536 916.623169 2052.200439 3730.856201 6052.251465 9003.576172 12413.112305 15934.230469 19372.003906 22810.615234 25763.115234 28237.746094 31082.470703 34269.230469 37635.433594 40660.832031 43910.050781 47170.730469 50237.449219 53193.835938 55370.441406 56537.621094 56928.859375 57330.945312 57369.488281 56742.218750 55356.128906 53586.925781 50872.570312 47674.621094 41274.929688 32929.355469 21117.839844 10167.033203
0.000000 0.000000 0.000000 0.000000 0.000000 0.000000 0.000000 0.000000 0.000000 0.000000 0.000000 0.000000 2.277563 9.523396 35.296371 115.706581 353.414154 922.018616 1853.057617 3271.079346 5266.033691 7786.002930 10641.635742 13614.897461 16563.949219 19343.281250 22040.537109 24974.027344 28084.652344 31007.890625 34338.070312 37868.515625 41187.570312 44641.644531 47993.367188 51002.316406 53987.367188 56122.527344 57032.289062 57430.238281 57487.324219 57309.253906 56161.429688 54501.285156 52274.246094 49565.238281 44002.460938 36758.863281 23944.773438 11889.623047
0.000000 0.000000 0.000000 0.000000 0.000000 0.000000 0.000000 0.000000 0.000000 0.000000 0.000000 0.000000 3.338857 13.921685 49.805969 149.453003 386.406799 823.083496 1559.673706 2694.429443 4305.084473 6340.545898 8572.651367 10857.706055 13375.959961 15824.426758 18382.226562 21052.919922 24208.054688 27626.171875 30955.718750 34562.406250 38186.683594 41778.613281 45346.148438 48592.386719 51731.660156 54473.296875 56414.984375 57083.640625 57360.917969 57447.773438 56372.769531 54813.105469 53153.324219 50680.324219 46071.625000 39949.664062 26651.771484 13768.127930
0.000000 0.000000 0.000000 0.000000 0.000000 0.000000 0.000000 0.000000 0.000000 0.000000 0.000000 1.038882 4.566927 19.588335 73.098282 175.899948 351.181030 668.759277 1202.000244 2042.012207 3220.795410 4657.477539 6264.789551 8115.428711 9936.667969 12075.620117 14601.404297 17493.986328 20614.824219 23888.304688 27464.125000 31072.746094 34915.464844 38679.316406 42429.855469 46013.296875 49293.121094 52308.902344 54867.660156 56167.511719 56914.046875 57050.601562 56360.984375 55039.238281 53538.726562 51226.843750 47271.390625 42242.566406 29686.908203 15771.493164
0.000000 0.000000 0.000000 0.000000 0.000000 0.000000 0.000000 0.000000 0.000000 0.000000 0.000000 1.322157 5.728949 26.210423 84.636345 167.511337 286.083710 493.087952 828.104004 1354.802856 2070.733398 2958.853027 4026.836670 5360.494141 7007.980469 9009.875977 11385.497070 14086.573242 17070.912109 20429.107422 23871.632812 27697.234375 31472.068359 35498.035156 39316.960938 43189.160156 46597.675781 49925.312500 52796.785156 54786.433594 55790.660156 56080.691406 56104.457031 55127.925781 53647.609375 51375.886719 48651.093750 43840.812500 32654.894531 17916.361328
0.000000 0.000000 0.000000 0.000000 0.000000 0.000000 0.000000 0.000000 0.000000 0.000000 0.000000 1.513751 6.040921 25.925987 73.826904 132.696594 204.887161 309.671753 479.555328 730.444214 1105.249390 1664.597412 2416.441895 3454.764893 4816.444824 6525.086914 8627.691406 11094.506836 13961.663086 17111.246094 20630.974609 24271.886719 28245.908203 32126.582031 36264.000000 40098.824219 43923.671875 47322.550781 50326.195312 52977.128906 54215.480469 54916.414062 55180.488281 54630.210938 53243.976562 51258.988281 49123.066406 44648.011719 35475.253906 20089.542969
0.000000 0.000000 0.000000 0.000000 0.000000 0.000000 0.000000 0.000000 0.000000 0.000000 0.000000 1.565812 5.763402 21.708380 52.943874 86.273720 128.200150 193.556305 291.288666 442.040802 673.907349 1027.166016 1549.211182 2302.398926 3349.035156 4743.051758 6495.239258 8688.795898 11298.076172 14211.596680 17592.902344 21215.412109 25027.912109 29115.738281 33092.359375 37210.058594 41128.722656 44666.105469 48028.222656 50828.710938 52662.925781 53759.406250 54059.539062 53644.257812 52588.003906 51288.003906 49203.421875 45191.968750 38012.984375 22195.199219
0.000000 0.000000 0.000000 0.000000 0.000000 0.000000 0.000000 0.000000 0.000000 0.000000 0.000000 1.479315 5.318274 14.630518 26.942324 44.984783 74.557693 118.567909 190.458008 304.585632 480.731781 741.585266 1133.571777 1692.805298 2480.429199 3568.119141 5031.209961 6896.445801 9173.240234 11866.032227 14925.015625 18462.925781 22232.810547 26124.775391 30320.203125 34443.636719 38403.968750 42312.421875 45671.480469 48528.187500 51110.125000 52356.824219 52733.695312 52645.500000 51892.664062 50617.601562 48675.035156 45348.066406 40087.183594 24740.195312
0.000000 0.000000 0.000000 0.000000 0.000000 0.000000 0.000000 0.000000 0.000000 0.000000 0.000000 1.731084 4.265618 7.392793 13.106050 23.842335 43.270271 75.729584 128.543152 215.809052 358.190430 571.149719 893.959473 1346.769531 1980.524536 2872.601562 4069.515625 5631.265137 7608.192871 10024.806641 12874.326172 16086.360352 19800.673828 23748.359375 27753.498047 31904.427734 36102.605469 39965.554688 43407.003906 46680.980469 49337.332031 50757.484375 51489.890625 51795.566406 51113.226562 49831.785156 47983.375000 44834.019531 41140.679688 27436.232422
0.000000 0.000000 0.000000 0.000000 0.000000 0.000000 0.000000 0.000000 0.000000 0.000000 0.000000 1.072144 2.052263 3.903356 7.257893 13.932059 27.022680 51.293404 91.846924 160.329483 277.528809 454.280090 733.807678 1130.806641 1674.558472 2429.587891 3446.494629 4780.289062 6500.702637 8658.477539 11273.694336 14322.028320 17732.089844 21480.728516 25541.375000 29661.412109 33673.941406 37555.750000 41348.699219 44587.929688 47252.835938 49243.566406 50390.394531 50697.484375 50144.074219 48850.929688 47098.660156 45204.703125 41281.035156 29882.900391
0.000000 0.000000 0.000000 0.000000 0.000000 0.000000 0.000000 0.000000 0.000000 0.000000 0.000000 0.393015 0.875419 1.884469 3.949117 8.387689 17.948004 36.892242 69.897568 126.038689 225.235535 378.792114 619.250488 974.220886 1467.997437 2137.526611 3031.541748 4224.734375 5755.729980 7681.836426 10043.246094 12846.680664 16054.772461 19578.333984 23304.949219 27109.896484 31111.689453 35049.371094 38712.347656 41902.167969 44679.558594 47265.230469 48766.894531 49292.382812 48829.804688 47674.175781 46834.031250 44810.105469 40992.820312 31794.191406
0.000000 0.000000 0.000000 0.000000 0.000000 0.000000 0.000000 0.000000 0.000000 0.000000 0.000000 0.000000 0.328574 0.872368 2.137802 5.201893 12.599608 27.623762 55.464241 104.785301 191.403137 331.989960 543.929077 864.677063 1325.217163 1953.066650 2786.078369 3869.052979 5247.777832 6961.239746 9042.786133 11502.328125 14345.008789 17548.808594 21013.085938 24640.656250 28323.117188 31933.058594 35342.867188 38690.917969 41811.558594 44391.070312 46268.472656 47122.886719 47497.511719 47095.839844 45860.515625 44025.281250 40630.042969 33290.847656
