tests/test_03/output9/CloudLoad_010.00hrs.dat
NCOLS    50
NROWS    50
XLLCORNER    -2289770.000
YLLCORNER     2591270.000
CELLSIZE        2000.000       2000.000
NODATA_VALUE -9999.
[rows 0 to 27 of 50, columns 0 to 49 of 50]
0.000000 0.000000 0.000000 0.000000 0.000000 0.000000 0.000000 0.000000 0.000000 0.000000 0.000000 0.000000 0.000000 0.000000 0.000000 0.000000 0.000000 0.000000 0.673124 3.423721 16.977674 70.090919 206.192215 448.556580 800.061218 1270.348389 1831.804077 2435.575195 3042.919922 3664.388184 4221.596680 4675.763672 5040.915527 5320.631836 5548.555176 5672.597656 5678.310059 5582.549316 5371.460938 5090.109375 4696.393066 4266.899902 3690.163086 3114.296143 2434.679199 1811.606323 1199.762207 807.059814 465.820770 235.868423
0.000000 0.000000 0.000000 0.000000 0.000000 0.000000 0.000000 0.000000 0.000000 0.000000 0.000000 0.000000 0.000000 0.000000 0.000000 0.000000 0.000000 0.000000 0.829677 3.931158 17.743917 77.537834 253.203598 589.081665 1101.667236 1767.353149 2543.227783 3388.929443 4314.446289 5224.904297 5994.980957 6641.756836 7157.450684 7526.020508 7824.844727 7985.793457 7952.942871 7851.535156 7539.282715 7183.891602 6656.845215 6024.917969 5242.365723 4409.333008 3438.117188 2546.764160 1685.634644 1129.257568 639.382812 319.994720
0.000000 0.000000 0.000000 0.000000 0.000000 0.000000 0.000000 0.000000 0.000000 0.000000 0.000000 0.000000 0.000000 0.000000 0.000000 0.000000 0.000000 0.236684 1.086226 4.886728 21.683361 96.602547 329.431519 814.242371 1568.503174 2523.869873 3638.112793 4919.759277 6314.406738 7640.531250 8767.291992 9753.144531 10511.728516 11073.841797 11458.574219 11661.570312 11592.524414 11454.491211 11004.791992 10530.173828 9751.513672 8829.762695 7713.341797 6480.334961 5069.061035 3753.989746 2487.634766 1655.302612 921.090271 454.797882
0.000000 0.000000 0.000000 0.000000 0.000000 0.000000 0.000000 0.000000 0.000000 0.000000 0.000000 0.000000 0.000000 0.000000 0.000000 0.000000 0.000000 0.316657 1.420147 6.260242 27.495979 122.008484 431.846405 1106.431152 2156.650635 3471.739502 5014.107422 6834.730469 8803.458008 10629.286133 12233.002930 13706.795898 14789.457031 15607.782227 16097.754883 16342.615234 16240.386719 16047.273438 15481.986328 14818.458984 13731.149414 12461.692383 10917.999023 9184.028320 7217.103516 5364.386719 3565.073730 2355.724854 1297.610474 632.282776
0.000000 0.000000 0.000000 0.000000 0.000000 0.000000 0.000000 0.000000 0.000000 0.000000 0.000000 0.000000 0.000000 0.000000 0.000000 0.000000 0.000000 0.424536 1.905899 8.394682 36.535114 161.162720 577.177490 1487.983154 2905.999512 4679.365723 6714.854492 9150.709961 11785.836914 14220.225586 16428.916016 18496.736328 20002.408203 21123.439453 21770.269531 22061.958984 21935.355469 21706.701172 21010.912109 20109.980469 18676.363281 17001.535156 14940.625977 12611.344727 9966.033203 7458.808105 4970.044922 3265.944824 1792.111572 863.710510
0.000000 0.000000 0.000000 0.000000 0.000000 0.000000 0.000000 0.000000 0.000000 0.000000 0.000000 0.000000 0.000000 0.000000 0.000000 0.000000 0.000000 0.580531 2.660915 12.029901 52.860935 229.739685 797.024231 1994.162598 3848.399902 6184.101074 8799.013672 11890.589844 15262.617188 18420.628906 21341.707031 24052.564453 26080.216797 27546.074219 28421.601562 28762.517578 28669.101562 28387.855469 27585.359375 26404.169922 24604.816406 22484.119141 19836.388672 16828.501953 13398.968750 10116.699219 6766.178711 4427.958984 2433.708496 1161.248169
0.000000 0.000000 0.000000 0.000000 0.000000 0.000000 0.000000 0.000000 0.000000 0.000000 0.000000 0.000000 0.000000 0.000000 0.000000 0.000000 0.000000 0.826909 3.872763 18.274229 84.247276 362.429169 1164.583252 2699.973145 5016.272949 7955.254883 11291.142578 15082.638672 19219.095703 23220.900391 26880.343750 30270.136719 32902.570312 34749.628906 35934.410156 36369.054688 36357.078125 36001.945312 35127.859375 33643.878906 31467.261719 28898.958984 25604.919922 21862.941406 17579.453125 13415.894531 9027.367188 5896.996582 3252.296143 1539.011475
0.000000 0.000000 0.000000 0.000000 0.000000 0.000000 0.000000 0.000000 0.000000 0.000000 0.000000 0.000000 0.000000 0.000000 0.000000 0.000000 0.270901 1.265146 5.942978 28.526022 139.551163 579.945435 1707.642090 3676.759766 6496.507812 10018.534180 14078.952148 18728.275391 23656.380859 28538.242188 32975.210938 37052.289062 40345.234375 42601.066406 44177.308594 44766.871094 44905.109375 44450.585938 43521.679688 41754.945312 39191.949219 36169.585938 32220.476562 27717.330078 22518.136719 17417.277344 11825.885742 7718.971680 4279.532227 2015.415161
0.000000 0.000000 0.000000 0.000000 0.000000 0.000000 0.000000 0.000000 0.000000 0.000000 0.000000 0.000000 0.000000 0.000000 0.000000 0.000000 0.460893 2.124972 9.824870 46.663197 228.411148 884.647583 2379.124512 4845.827637 8273.493164 12429.620117 17213.695312 22685.753906 28544.382812 34318.125000 39561.625000 44337.625000 48330.820312 51023.378906 53017.382812 53873.535156 54220.253906 53682.789062 52675.746094 50645.601562 47685.902344 44212.648438 39618.480469 34361.652344 28182.273438 22147.558594 15239.518555 9941.205078 5555.341797 2609.692383
0.000000 0.000000 0.000000 0.000000 0.000000 0.000000 0.000000 0.000000 0.000000 0.000000 0.000000 0.000000 0.000000 0.000000 0.000000 0.000000 0.844511 3.828084 17.604656 83.742157 403.574341 1378.997437 3260.761719 6196.974609 10185.384766 15024.521484 20617.775391 26916.746094 33684.683594 40392.515625 46474.777344 51936.828125 56642.195312 59822.707031 62252.140625 63501.000000 64104.808594 63609.097656 62511.578125 60127.859375 56951.519531 52911.828125 47714.433594 41716.507812 34557.359375 27567.589844 19337.125000 12622.156250 7121.363770 3347.014648
0.000000 0.000000 0.000000 0.000000 0.000000 0.000000 0.000000 0.000000 0.000000 0.000000 0.000000 0.000000 0.000000 0.000000 0.000000 0.350303 1.582591 7.142547 33.450104 165.813583 697.139038 2004.430786 4291.765625 7724.148926 12286.240234 17762.658203 24095.357422 31230.320312 38865.105469 46507.117188 53453.230469 59597.066406 64930.933594 68690.335938 71498.218750 73264.875000 74077.015625 73929.343750 72799.437500 70115.617188 66745.617188 62234.535156 56432.855469 49706.683594 41585.093750 33619.632812 24111.164062 15806.624023 9020.185547 4245.087891
0.000000 0.000000 0.000000 0.000000 0.000000 0.000000 0.000000 0.000000 0.000000 0.000000 0.000000 0.000000 0.000000 0.000000 0.000000 0.674263 2.991417 13.461161 63.773949 319.300934 1150.503174 2763.560303 5377.063965 9194.534180 14276.071289 20407.740234 27346.960938 35105.554688 43593.464844 52266.730469 60168.964844 66894.773438 72764.562500 77132.031250 80271.171875 82615.335938 83665.742188 83908.062500 83096.164062 80311.500000 76776.929688 71926.468750 65611.953125 58208.160156 49161.078125 40160.078125 29609.798828 19486.914062 11284.818359 5322.603516
0.000000 0.000000 0.000000 0.000000 0.000000 0.000000 0.000000 0.000000 0.000000 0.000000 0.000000 0.000000 0.000000 0.000000 0.293894 1.290083 5.596314 25.027206 120.072418 541.703003 1640.797485 3573.889404 6478.115723 10586.827148 16002.545898 22579.302734 30048.544922 38260.097656 47304.183594 56783.750000 65640.968750 73291.320312 79868.414062 84864.218750 88148.476562 90989.812500 92359.679688 93060.820312 92707.296875 90386.046875 86657.750000 81630.500000 75150.351562 66987.562500 57229.914062 47153.781250 35662.519531 23751.916016 13947.226562 6595.871582
0.000000 0.000000 0.000000 0.000000 0.000000 0.000000 0.000000 0.000000 0.000000 0.000000 0.000000 0.000000 0.000000 0.000000 0.560958 2.382785 10.081697 44.653736 210.952728 821.873108 2117.995361 4268.212891 7437.087402 11779.978516 17419.611328 24327.226562 32213.789062 40889.769531 50330.214844 60322.503906 69809.054688 77924.046875 84885.203125 90900.898438 94927.523438 98150.710938 100043.992188 101178.554688 101197.687500 99593.156250 96142.828125 91097.828125 84607.195312 75957.875000 65626.289062 54509.593750 42135.972656 28562.597656 17034.425781 8088.764160
0.000000 0.000000 0.000000 0.000000 0.000000 0.000000 0.000000 0.000000 0.000000 0.000000 0.000000 0.000000 0.000000 0.238551 1.021144 4.205351 17.325233 74.211296 325.116547 1050.659180 2480.773682 4775.228516 8107.831055 12612.486328 18391.091797 25481.222656 33765.539062 42926.742188 52784.714844 63062.777344 72801.179688 81178.945312 88213.367188 94317.039062 99597.484375 103619.437500 106240.429688 107876.132812 108332.109375 107713.718750 104726.484375 99913.914062 93609.648438 84885.851562 74122.164062 62066.957031 48934.429688 33878.121094 20569.429688 9832.087891
0.000000 0.000000 0.000000 0.000000 0.000000 0.000000 0.000000 0.000000 0.000000 0.000000 0.000000 0.000000 0.000000 0.434564 1.815214 7.263571 28.968449 121.087715 470.465210 1292.216187 2753.214111 5089.625488 8477.051758 13030.547852 18813.841797 25852.837891 34161.437500 43669.222656 53834.019531 63989.445312 73823.617188 82797.562500 90364.281250 96582.132812 102264.515625 107314.062500 110686.335938 112724.976562 113922.515625 113960.500000 112148.406250 108033.804688 101938.914062 93470.046875 82529.867188 69736.734375 55894.695312 39678.558594 24557.220703 11843.872070
0.000000 0.000000 0.000000 0.000000 0.000000 0.000000 0.000000 0.000000 0.000000 0.000000 0.000000 0.000000 0.000000 0.778142 3.216192 12.524796 47.568192 182.721313 601.953491 1469.614624 2943.978516 5229.017578 8525.386719 13004.491211 18733.107422 25699.064453 33880.027344 43249.738281 53451.156250 63562.679688 72756.343750 81729.195312 90006.210938 97282.226562 103568.328125 109315.109375 113558.859375 115993.007812 117870.835938 118409.296875 117682.070312 114648.500000 109174.000000 101258.460938 90585.531250 77332.289062 62871.773438 45770.109375 28936.988281 14144.630859
0.000000 0.000000 0.000000 0.000000 0.000000 0.000000 0.000000 0.000000 0.000000 0.000000 0.000000 0.000000 0.301402 1.329336 5.445293 20.613218 73.644104 253.857574 706.251282 1564.684082 2999.217041 5200.953125 8358.110352 12626.070312 18129.466797 24940.146484 33019.414062 41983.066406 51666.617188 61368.554688 70640.109375 79190.125000 87673.585938 95724.281250 102903.726562 109478.945312 114942.531250 118192.054688 120444.179688 121461.750000 121356.414062 119591.382812 114815.203125 107948.726562 97757.492188 84683.734375 69761.531250 51948.785156 33663.445312 16746.775391
0.000000 0.000000 0.000000 0.000000 0.000000 0.000000 0.000000 0.000000 0.000000 0.000000 0.000000 0.000000 0.483125 2.111689 8.503474 31.084545 104.456726 315.010742 761.970154 1572.274902 2919.444824 4987.675293 7953.363281 11958.387695 17122.162109 23540.923828 31246.187500 39902.843750 48835.207031 57617.796875 66850.421875 75754.421875 84187.742188 92866.789062 100912.898438 107802.859375 114553.296875 119191.625000 121854.343750 123224.078125 123624.515625 122782.375000 119127.390625 113275.734375 104081.531250 91429.718750 76301.664062 58247.125000 38662.375000 19637.185547
0.000000 0.000000 0.000000 0.000000 0.000000 0.000000 0.000000 0.000000 0.000000 0.000000 0.000000 0.000000 0.725380 3.144948 12.495109 43.836937 135.401443 343.434204 755.647583 1494.718384 2717.020752 4594.741699 7283.852051 10937.563477 15706.058594 21689.994141 28684.023438 36404.183594 44748.906250 53381.136719 61928.250000 70984.523438 80271.132812 88898.539062 97626.945312 105417.187500 112221.851562 118039.265625 121705.242188 123898.960938 124763.140625 124251.875000 121850.625000 116903.820312 108979.796875 97257.320312 82494.789062 64256.117188 43821.128906 22806.427734
0.000000 0.000000 0.000000 0.000000 0.000000 0.000000 0.000000 0.000000 0.000000 0.000000 0.000000 0.230811 1.022534 4.437580 18.226788 58.197227 149.369873 337.719971 699.271973 1341.637207 2402.436768 4027.649658 6374.723633 9622.012695 13871.591797 19096.138672 25328.597656 32350.626953 39893.367188 47901.453125 56792.046875 65790.773438 75074.304688 84574.382812 93266.023438 101894.617188 108984.851562 115729.695312 120404.343750 123435.640625 124715.281250 124640.023438 123325.703125 119338.929688 112710.210938 102256.570312 87934.757812 70034.914062 48982.785156 26244.916016
0.000000 0.000000 0.000000 0.000000 0.000000 0.000000 0.000000 0.000000 0.000000 0.000000 0.000000 0.316862 1.351125 5.938315 22.872889 63.838844 147.077972 309.545502 608.506653 1133.356445 1996.657349 3331.116455 5297.255371 8025.062988 11582.889648 16068.776367 21449.861328 27597.597656 34704.132812 42639.957031 51042.917969 60303.171875 69695.960938 79201.164062 88559.765625 97295.273438 105440.570312 112171.593750 118111.703125 121506.000000 123591.867188 124168.351562 123409.585938 120477.148438 115148.078125 106085.179688 92596.835938 75444.304688 54126.402344 29895.583984
0.000000 0.000000 0.000000 0.000000 0.000000 0.000000 0.000000 0.000000 0.000000 0.000000 0.000000 0.402002 1.605350 6.598970 23.467289 61.320610 133.127640 263.148529 495.890533 896.934204 1556.355713 2581.720215 4090.191650 6233.046387 9096.412109 12802.779297 17461.623047 23085.205078 29688.037109 37278.992188 45688.761719 54556.289062 64100.246094 73650.828125 83354.828125 92388.734375 100992.468750 108208.335938 114512.562500 118974.679688 121687.109375 122631.328125 122376.390625 120435.273438 116117.078125 108717.398438 96611.546875 79982.437500 59054.148438 33720.710938
0.000000 0.000000 0.000000 0.000000 0.000000 0.000000 0.000000 0.000000 0.000000 0.000000 0.000000 0.445321 1.716772 6.591586 21.146564 51.449329 107.237541 206.442093 373.211273 654.475830 1118.756226 1855.127075 2979.979492 4616.832520 6912.677734 10015.870117 14018.958984 19073.349609 25165.222656 32212.228516 40321.453125 49152.398438 58535.421875 68277.765625 77782.960938 87280.875000 95935.054688 103944.968750 110487.414062 115829.289062 118975.125000 120650.414062 120556.945312 119293.960938 116171.359375 110118.085938 99672.539062 84109.664062 63574.070312 37647.457031
0.000000 0.000000 0.000000 0.000000 0.000000 0.000000 0.000000 0.000000 0.000000 0.000000 0.000000 0.444173 1.706516 5.859135 16.035246 37.216206 74.901657 141.819077 260.744598 464.781891 805.787842 1358.180298 2209.436523 3485.905273 5340.157715 7915.246094 11348.945312 15753.542969 21249.414062 27860.697266 35446.906250 44018.160156 53139.410156 62839.492188 72530.687500 82073.789062 91160.085938 99376.406250 106326.742188 112240.539062 116005.054688 118129.101562 118457.242188 117603.320312 115020.265625 110253.757812 101510.382812 87586.375000 67805.531250 41639.265625
0.000000 0.000000 0.000000 0.000000 0.000000 0.000000 0.000000 0.000000 0.000000 0.000000 0.000000 0.494445 1.721571 4.610867 10.789132 23.439135 48.046345 94.828949 183.004272 342.385620 613.619019 1054.235474 1743.161377 2778.759277 4284.806641 6420.411621 9357.367188 13229.299805 18121.285156 24123.167969 31209.882812 39322.046875 48281.226562 57729.632812 67584.851562 77066.578125 86460.390625 94863.265625 102145.148438 108085.906250 112851.523438 115400.820312 116183.414062 115469.656250 113341.257812 109518.625000 102440.203125 90047.062500 71302.898438 45530.429688
0.000000 0.000000 0.000000 0.000000 0.000000 0.000000 0.000000 0.000000 0.000000 0.000000 0.000000 0.394251 1.223493 2.978810 6.617769 14.593886 31.907196 66.988701 135.790359 263.921722 489.209229 862.459534 1442.799072 2319.669678 3605.367676 5428.651855 7931.858398 11283.085938 15638.433594 21095.748047 27690.453125 35313.433594 43908.371094 53053.585938 62731.761719 72224.054688 81437.109375 90033.023438 97798.242188 104087.187500 109077.632812 112143.593750 113558.281250 113172.734375 111431.210938 108092.632812 102323.757812 91894.687500 74439.304688 49376.312500
0.000000 0.000000 0.000000 0.000000 0.000000 0.000000 0.000000 0.000000 0.000000 0.000000 0.000000 0.231203 0.643651 1.622155 3.958072 9.562969 22.493034 50.396999 106.633812 214.819183 408.731628 731.849365 1244.284058 2018.561523 3141.992432 4736.343262 6949.304688 9935.996094 13834.633789 18765.144531 24788.515625 31891.146484 39905.468750 48604.804688 57720.312500 67172.328125 76195.796875 84910.000000 92524.570312 98985.421875 104275.414062 108013.851562 110179.867188 110272.984375 108925.523438 106346.593750 101620.828125 92950.406250 77046.789062 52864.750000
