tests/test_03/output9/CloudLoad_010.00hrs.dat
NCOLS    50
NROWS    50
XLLCORNER    -2289770.000
YLLCORNER     2591270.000
CELLSIZE        2000.000       2000.000
NODATA_VALUE  0.000
[rows 0 to 38 of 50, columns 0 to 49 of 50]
0.000 0.000 0.000 0.000 0.000 0.000 0.000 0.000 0.000 0.000 0.000 0.000 0.000 0.000 0.000 0.000 0.000 0.000 0.673 3.424 16.978 70.091 206.192 448.557 800.061 1270.348 1831.803 2435.574 3042.919 3664.387 4221.595 4675.762 5040.914 5320.630 5548.554 5672.596 5678.309 5582.548 5371.460 5090.109 4696.393 4266.900 3690.163 3114.296 2434.679 1811.607 1199.762 807.060 465.821 235.868
0.000 0.000 0.000 0.000 0.000 0.000 0.000 0.000 0.000 0.000 0.000 0.000 0.000 0.000 0.000 0.000 0.000 0.000 0.830 3.931 17.744 77.538 253.204 589.082 1101.667 1767.353 2543.227 3388.928 4314.445 5224.902 5994.979 6641.754 7157.448 7526.018 7824.842 7985.792 7952.941 7851.534 7539.282 7183.891 6656.845 6024.917 5242.366 4409.333 3438.117 2546.764 1685.635 1129.258 639.383 319.995
0.000 0.000 0.000 0.000 0.000 0.000 0.000 0.000 0.000 0.000 0.000 0.000 0.000 0.000 0.000 0.000 0.000 0.237 1.086 4.887 21.683 96.603 329.432 814.242 1568.503 2523.869 3638.112 4919.757 6314.405 7640.528 8767.289 9753.141 10511.726 11073.838 11458.571 11661.567 11592.522 11454.489 11004.791 10530.173 9751.513 8829.762 7713.342 6480.335 5069.062 3753.990 2487.635 1655.303 921.090 454.798
0.000 0.000 0.000 0.000 0.000 0.000 0.000 0.000 0.000 0.000 0.000 0.000 0.000 0.000 0.000 0.000 0.000 0.317 1.420 6.260 27.496 122.009 431.847 1106.431 2156.650 3471.739 5014.106 6834.729 8803.454 10629.282 12232.998 13706.791 14789.452 15607.777 16097.751 16342.611 16240.384 16047.270 15481.984 14818.457 13731.148 12461.691 10917.998 9184.029 7217.104 5364.388 3565.074 2355.725 1297.611 632.283
0.000 0.000 0.000 0.000 0.000 0.000 0.000 0.000 0.000 0.000 0.000 0.000 0.000 0.000 0.000 0.000 0.000 0.425 1.906 8.395 36.535 161.163 577.178 1487.983 2905.999 4679.365 6714.853 9150.706 11785.832 14220.221 16428.910 18496.729 20002.402 21123.434 21770.264 22061.953 21935.350 21706.697 21010.908 20109.979 18676.361 17001.533 14940.626 12611.346 9966.034 7458.809 4970.045 3265.946 1792.112 863.711
0.000 0.000 0.000 0.000 0.000 0.000 0.000 0.000 0.000 0.000 0.000 0.000 0.000 0.000 0.000 0.000 0.000 0.581 2.661 12.030 52.861 229.740 797.025 1994.162 3848.399 6184.100 8799.011 11890.586 15262.611 18420.621 21341.699 24052.557 26080.207 27546.064 28421.594 28762.510 28669.094 28387.850 27585.354 26404.166 24604.812 22484.117 19836.387 16828.504 13398.970 10116.700 6766.180 4427.960 2433.709 1161.248
0.000 0.000 0.000 0.000 0.000 0.000 0.000 0.000 0.000 0.000 0.000 0.000 0.000 0.000 0.000 0.000 0.000 0.827 3.873 18.274 84.247 362.430 1164.584 2699.973 5016.271 7955.252 11291.138 15082.633 19219.088 23220.891 26880.334 30270.125 32902.559 34749.617 35934.398 36369.043 36357.070 36001.938 35127.855 33643.871 31467.258 28898.957 25604.920 21862.941 17579.455 13415.896 9027.368 5896.998 3252.297 1539.012
0.000 0.000 0.000 0.000 0.000 0.000 0.000 0.000 0.000 0.000 0.000 0.000 0.000 0.000 0.000 0.000 0.271 1.265 5.943 28.526 139.551 579.946 1707.642 3676.759 6496.506 10018.531 14078.947 18728.268 23656.371 28538.230 32975.199 37052.277 40345.219 42601.051 44177.293 44766.855 44905.098 44450.574 43521.672 41754.941 39191.945 36169.582 32220.475 27717.330 22518.139 17417.277 11825.888 7718.974 4279.534 2015.416
0.000 0.000 0.000 0.000 0.000 0.000 0.000 0.000 0.000 0.000 0.000 0.000 0.000 0.000 0.000 0.000 0.461 2.125 9.825 46.663 228.411 884.648 2379.124 4845.827 8273.490 12429.615 17213.688 22685.744 28544.371 34318.109 39561.609 44337.609 48330.801 51023.355 53017.363 53873.520 54220.238 53682.773 52675.734 50645.594 47685.895 44212.645 39618.480 34361.652 28182.275 22147.561 15239.521 9941.207 5555.343 2609.693
0.000 0.000 0.000 0.000 0.000 0.000 0.000 0.000 0.000 0.000 0.000 0.000 0.000 0.000 0.000 0.000 0.845 3.828 17.605 83.742 403.575 1378.997 3260.761 6196.973 10185.382 15024.516 20617.766 26916.732 33684.668 40392.500 46474.754 51936.805 56642.172 59822.684 62252.117 63500.980 64104.789 63609.082 62511.562 60127.848 56951.512 52911.820 47714.430 41716.504 34557.359 27567.592 19337.129 12622.158 7121.366 3347.016
0.000 0.000 0.000 0.000 0.000 0.000 0.000 0.000 0.000 0.000 0.000 0.000 0.000 0.000 0.000 0.350 1.583 7.143 33.450 165.814 697.139 2004.430 4291.764 7724.146 12286.234 17762.650 24095.346 31230.305 38865.090 46507.094 53453.203 59597.039 64930.906 68690.305 71498.188 73264.852 74076.992 73929.320 72799.422 70115.602 66745.609 62234.527 56432.848 49706.684 41585.094 33619.633 24111.166 15806.627 9020.188 4245.089
0.000 0.000 0.000 0.000 0.000 0.000 0.000 0.000 0.000 0.000 0.000 0.000 0.000 0.000 0.000 0.674 2.991 13.461 63.774 319.301 1150.503 2763.560 5377.061 9194.529 14276.063 20407.729 27346.945 35105.535 43593.441 52266.707 60168.938 66894.742 72764.523 77132.000 80271.141 82615.305 83665.711 83908.031 83096.141 80311.484 76776.914 71926.461 65611.945 58208.156 49161.078 40160.082 29609.803 19486.918 11284.821 5322.605
0.000 0.000 0.000 0.000 0.000 0.000 0.000 0.000 0.000 0.000 0.000 0.000 0.000 0.000 0.294 1.290 5.596 25.027 120.072 541.703 1640.797 3573.888 6478.112 10586.821 16002.536 22579.289 30048.527 38260.074 47304.156 56783.719 65640.930 73291.289 79868.375 84864.180 88148.438 90989.781 92359.648 93060.789 92707.273 90386.031 86657.734 81630.484 75150.344 66987.562 57229.914 47153.785 35662.520 23751.922 13947.230 6595.873
0.000 0.000 0.000 0.000 0.000 0.000 0.000 0.000 0.000 0.000 0.000 0.000 0.000 0.000 0.561 2.383 10.082 44.654 210.953 821.873 2117.994 4268.210 7437.083 11779.971 17419.600 24327.211 32213.770 40889.746 50330.184 60322.473 69809.016 77924.008 84885.156 90900.852 94927.484 98150.672 100043.953 101178.523 101197.656 99593.133 96142.812 91097.820 84607.188 75957.867 65626.289 54509.594 42135.977 28562.602 17034.430 8088.767
0.000 0.000 0.000 0.000 0.000 0.000 0.000 0.000 0.000 0.000 0.000 0.000 0.000 0.239 1.021 4.205 17.325 74.211 325.116 1050.658 2480.772 4775.225 8107.826 12612.478 18391.080 25481.205 33765.520 42926.715 52784.680 63062.738 72801.133 81178.906 88213.320 94316.992 99597.438 103619.398 106240.391 107876.094 108332.070 107713.695 104726.461 99913.898 93609.641 84885.844 74122.156 62066.957 48934.434 33878.125 20569.436 9832.091
0.000 0.000 0.000 0.000 0.000 0.000 0.000 0.000 0.000 0.000 0.000 0.000 0.000 0.435 1.815 7.264 28.968 121.088 470.465 1292.215 2753.212 5089.622 8477.046 13030.538 18813.828 25852.820 34161.414 43669.191 53833.988 63989.402 73823.562 82797.508 90364.227 96582.078 102264.469 107314.016 110686.289 112724.930 113922.477 113960.469 112148.383 108033.781 101938.898 93470.039 82529.867 69736.734 55894.699 39678.566 24557.227 11843.875
0.000 0.000 0.000 0.000 0.000 0.000 0.000 0.000 0.000 0.000 0.000 0.000 0.000 0.778 3.216 12.525 47.568 182.721 601.953 1469.613 2943.976 5229.013 8525.380 13004.481 18733.092 25699.045 33880.000 43249.707 53451.117 63562.637 72756.297 81729.141 90006.156 97282.172 103568.281 109315.062 113558.812 115992.961 117870.797 118409.266 117682.039 114648.484 109173.984 101258.453 90585.531 77332.297 62871.777 45770.117 28936.994 14144.635
0.000 0.000 0.000 0.000 0.000 0.000 0.000 0.000 0.000 0.000 0.000 0.000 0.301 1.329 5.445 20.613 73.644 253.857 706.251 1564.683 2999.214 5200.949 8358.103 12626.060 18129.453 24940.127 33019.387 41983.035 51666.578 61368.512 70640.062 79190.078 87673.531 95724.219 102903.672 109478.898 114942.484 118192.008 120444.141 121461.719 121356.383 119591.359 114815.188 107948.719 97757.492 84683.734 69761.539 51948.793 33663.453 16746.781
0.000 0.000 0.000 0.000 0.000 0.000 0.000 0.000 0.000 0.000 0.000 0.000 0.483 2.112 8.503 31.085 104.457 315.010 761.969 1572.273 2919.442 4987.670 7953.355 11958.377 17122.146 23540.904 31246.160 39902.812 48835.164 57617.750 66850.375 75754.367 84187.695 92866.734 100912.844 107802.812 114553.242 119191.578 121854.297 123224.047 123624.484 122782.352 119127.375 113275.727 104081.531 91429.719 76301.672 58247.133 38662.387 19637.191
0.000 0.000 0.000 0.000 0.000 0.000 0.000 0.000 0.000 0.000 0.000 0.000 0.725 3.145 12.495 43.837 135.401 343.434 755.647 1494.717 2717.018 4594.737 7283.845 10937.553 15706.043 21689.973 28683.998 36404.148 44748.863 53381.094 61928.203 70984.477 80271.078 88898.484 97626.891 105417.133 112221.797 118039.219 121705.203 123898.930 124763.109 124251.852 121850.609 116903.805 108979.797 97257.320 82494.797 64256.125 43821.137 22806.436
0.000 0.000 0.000 0.000 0.000 0.000 0.000 0.000 0.000 0.000 0.000 0.231 1.023 4.438 18.227 58.197 149.370 337.720 699.271 1341.635 2402.434 4027.645 6374.716 9622.002 13871.577 19096.117 25328.572 32350.596 39893.332 47901.414 56792.004 65790.727 75074.250 84574.336 93265.969 101894.562 108984.805 115729.648 120404.297 123435.609 124715.258 124640.000 123325.688 119338.922 112710.203 102256.578 87934.758 70034.922 48982.797 26244.926
0.000 0.000 0.000 0.000 0.000 0.000 0.000 0.000 0.000 0.000 0.000 0.317 1.351 5.938 22.873 63.839 147.078 309.545 608.506 1133.355 1996.655 3331.112 5297.249 8025.053 11582.876 16068.757 21449.838 27597.568 34704.098 42639.918 51042.879 60303.125 69695.914 79201.117 88559.719 97295.227 105440.523 112171.555 118111.664 121505.961 123591.836 124168.328 123409.570 120477.133 115148.070 106085.180 92596.844 75444.320 54126.414 29895.594
0.000 0.000 0.000 0.000 0.000 0.000 0.000 0.000 0.000 0.000 0.000 0.402 1.605 6.599 23.467 61.321 133.127 263.148 495.890 896.933 1556.353 2581.716 4090.185 6233.037 9096.399 12802.763 17461.602 23085.180 29688.008 37278.957 45688.723 54556.246 64100.203 73650.781 83354.773 92388.688 100992.422 108208.289 114512.523 118974.641 121687.078 122631.305 122376.375 120435.258 116117.070 108717.398 96611.547 79982.445 59054.164 33720.719
0.000 0.000 0.000 0.000 0.000 0.000 0.000 0.000 0.000 0.000 0.000 0.445 1.717 6.592 21.147 51.449 107.237 206.442 373.211 654.475 1118.754 1855.124 2979.975 4616.825 6912.668 10015.857 14018.942 19073.328 25165.197 32212.199 40321.422 49152.363 58535.383 68277.719 77782.914 87280.828 95935.016 103944.930 110487.375 115829.258 118975.102 120650.391 120556.930 119293.953 116171.352 110118.086 99672.547 84109.680 63574.082 37647.469
0.000 0.000 0.000 0.000 0.000 0.000 0.000 0.000 0.000 0.000 0.000 0.444 1.707 5.859 16.035 37.216 74.902 141.819 260.744 464.781 805.787 1358.178 2209.433 3485.900 5340.150 7915.236 11348.932 15753.525 21249.393 27860.672 35446.875 44018.125 53139.375 62839.453 72530.641 82073.750 91160.047 99376.367 106326.703 112240.500 116005.031 118129.078 118457.227 117603.312 115020.258 110253.758 101510.391 87586.383 67805.547 41639.281
0.000 0.000 0.000 0.000 0.000 0.000 0.000 0.000 0.000 0.000 0.000 0.494 1.722 4.611 10.789 23.439 48.046 94.829 183.004 342.385 613.618 1054.234 1743.159 2778.756 4284.801 6420.404 9357.356 13229.286 18121.266 24123.145 31209.857 39322.016 48281.191 57729.598 67584.820 77066.539 86460.352 94863.227 102145.109 108085.875 112851.500 115400.805 116183.398 115469.641 113341.258 109518.625 102440.203 90047.070 71302.914 45530.445
0.000 0.000 0.000 0.000 0.000 0.000 0.000 0.000 0.000 0.000 0.000 0.394 1.223 2.979 6.618 14.594 31.907 66.989 135.790 263.921 489.208 862.458 1442.797 2319.667 3605.363 5428.646 7931.850 11283.074 15638.418 21095.729 27690.430 35313.406 43908.340 53053.551 62731.727 72224.023 81437.070 90032.984 97798.211 104087.156 109077.609 112143.578 113558.266 113172.727 111431.203 108092.641 102323.766 91894.695 74439.320 49376.328
0.000 0.000 0.000 0.000 0.000 0.000 0.000 0.000 0.000 0.000 0.000 0.231 0.644 1.622 3.958 9.563 22.493 50.397 106.634 214.819 408.731 731.848 1244.282 2018.559 3141.989 4736.338 6949.298 9935.986 13834.621 18765.129 24788.494 31891.121 39905.441 48604.773 57720.277 67172.289 76195.766 84909.969 92524.539 98985.398 104275.391 108013.836 110179.859 110272.977 108925.523 106346.594 101620.828 92950.414 77046.805 52864.766
0.000 0.000 0.000 0.000 0.000 0.000 0.000 0.000 0.000 0.000 0.000 0.000 0.316 0.913 2.509 6.636 16.912 39.833 88.617 183.166 355.511 646.655 1108.656 1807.945 2827.040 4268.525 6266.277 8954.679 12458.522 16877.426 22276.395 28713.164 36102.105 44269.215 52728.027 61454.922 69920.430 78374.547 86034.125 92832.297 98306.734 102580.695 105634.234 106679.188 106215.688 104158.312 100163.148 93097.109 79301.562 56312.309
0.000 0.000 0.000 0.000 0.000 0.000 0.000 0.000 0.000 0.000 0.000 0.000 0.000 0.560 1.742 5.050 13.593 33.512 77.432 164.263 322.874 589.498 1016.639 1669.489 2620.307 3950.880 5766.663 8196.579 11369.013 15353.827 20160.930 25776.924 32219.252 39377.168 47039.773 54957.742 62859.773 70825.523 78456.594 85395.938 91235.695 95855.156 99360.367 101460.531 101977.008 100960.578 98003.617 92201.086 80490.578 59482.555
0.000 0.000 0.000 0.000 0.000 0.000 0.000 0.000 0.000 0.000 0.000 0.000 0.000 0.385 1.342 4.237 11.752 30.285 71.407 154.554 303.060 557.547 964.455 1577.043 2470.769 3721.240 5410.313 7620.742 10439.134 13961.406 18163.869 23016.363 28472.275 34555.105 41259.281 48190.699 55393.078 62330.211 69335.281 76080.398 82102.641 87355.086 91519.078 94369.281 95909.211 95966.680 94464.742 90198.078 80634.492 62075.223
0.000 0.000 0.000 0.000 0.000 0.000 0.000 0.000 0.000 0.000 0.000 0.000 0.000 0.305 1.186 3.934 11.114 29.090 69.706 151.057 296.258 539.488 927.824 1511.230 2359.658 3543.198 5108.820 7119.568 9610.850 12608.161 16191.644 20329.145 24914.586 29915.264 35349.680 41177.375 47337.766 53610.211 60003.496 66192.930 72067.891 77472.266 82152.633 85823.383 88396.328 89635.648 89492.195 86935.141 79795.688 63834.145
0.000 0.000 0.000 0.000 0.000 0.000 0.000 0.000 0.000 0.000 0.000 0.000 0.000 0.288 1.165 3.929 11.269 29.608 71.114 152.047 295.060 530.331 906.714 1468.960 2262.471 3356.649 4803.257 6630.447 8874.594 11462.803 14451.471 17870.141 21611.271 25706.148 30136.164 34902.121 40068.852 45506.512 51111.508 56734.691 62307.859 67556.023 72139.812 75975.883 78946.305 81046.820 82029.352 81290.148 76841.641 64468.633
0.000 0.000 0.000 0.000 0.000 0.000 0.000 0.000 0.000 0.000 0.000 0.000 0.000 0.310 1.247 4.151 11.924 30.982 73.207 154.001 297.104 526.553 883.434 1406.340 2141.798 3143.076 4471.648 6105.968 8036.279 10269.666 12822.386 15654.452 18795.146 22294.537 26051.555 30064.539 34431.730 38879.844 43329.453 48088.918 52865.324 57478.176 61833.027 65840.516 69216.156 71825.828 73632.398 74055.320 71670.836 63090.305
0.000 0.000 0.000 0.000 0.000 0.000 0.000 0.000 0.000 0.000 0.000 0.000 0.000 0.371 1.413 4.558 12.869 33.251 76.015 154.094 292.882 516.784 855.730 1351.609 2045.348 2930.005 4059.257 5438.950 7097.188 9058.914 11288.188 13766.651 16509.465 19425.525 22508.846 25941.385 29645.518 33437.156 37293.438 41339.734 45352.352 49298.891 53049.441 56562.797 59652.141 62286.105 64491.027 65872.906 65336.121 60131.633
0.000 0.000 0.000 0.000 0.000 0.000 0.000 0.000 0.000 0.000 0.000 0.000 0.000 0.475 1.662 5.141 13.978 34.413 77.451 155.198 286.527 502.256 823.225 1278.567 1887.608 2675.272 3667.862 4878.316 6318.401 8040.907 9936.494 12106.866 14509.195 16996.893 19698.568 22603.932 25626.184 28739.527 32012.172 35499.148 38931.352 42330.230 45610.457 48696.301 51531.742 53903.816 55711.188 57246.496 57788.633 55573.129
0.000 0.000 0.000 0.000 0.000 0.000 0.000 0.000 0.000 0.000 0.000 0.000 0.000 0.588 1.988 5.853 15.434 36.769 78.120 153.065 279.278 483.300 777.173 1200.076 1763.070 2488.289 3362.384 4385.303 5632.430 7081.333 8726.180 10634.322 12677.092 14868.574 17314.105 19877.068 22512.316 25203.881 28029.551 30764.508 33589.617 36423.984 39203.941 41835.254 44279.336 46470.316 48382.859 49848.422 50546.340 49861.793
0.000 0.000 0.000 0.000 0.000 0.000 0.000 0.000 0.000 0.000 0.000 0.000 0.000 0.648 2.200 6.558 16.852 38.299 80.364 156.106 273.781 462.579 736.079 1133.961 1654.011 2295.348 3071.500 4003.480 5110.233 6358.732 7823.687 9509.502 11285.731 13206.189 15257.108 17431.559 19655.201 21919.379 24261.580 26669.820 29044.652 31332.287 33588.660 35799.797 37893.688 39776.289 41471.352 42954.824 43899.328 44208.574
0.000 0.000 0.000 0.000 0.000 0.000 0.000 0.000 0.000 0.000 0.000 0.000 0.000 0.676 2.204 6.541 17.410 40.733 82.677 154.074 266.115 451.007 713.045 1070.283 1529.214 2111.523 2813.037 3656.378 4663.001 5776.676 7070.862 8487.034 10013.240 11692.730 13469.854 15356.225 17281.176 19215.977 21209.600 23224.498 25193.814 27080.992 28929.955 30710.143 32378.822 33900.465 35386.938 36723.562 37669.156 38423.500
