tests/test_03/output9/CloudConcentration_010.00hrs.dat
NCOLS    50
NROWS    50
XLLCORNER    -2289770.000
YLLCORNER     2591270.000
CELLSIZE        2000.000       2000.000
NODATA_VALUE  0.000
[rows 0 to 39 of 50, columns 0 to 49 of 50]
0.000 0.000 0.000 0.000 0.000 0.000 0.000 0.000 0.000 0.000 0.000 0.000 0.000 0.000 0.000 0.000 0.000 0.000 4.312 22.403 111.456 437.079 1014.859 1542.335 1944.321 2327.123 2725.792 3086.484 3405.912 3712.591 4012.383 4221.790 4339.098 4457.457 4508.146 4529.247 4424.707 4255.460 4005.576 3717.999 3409.818 3055.540 2667.570 2215.005 1755.937 1322.917 879.143 579.744 361.366 174.984
0.000 0.000 0.000 0.000 0.000 0.000 0.000 0.000 0.000 0.000 0.000 0.000 0.000 0.000 0.000 0.000 0.000 0.000 5.274 25.387 115.169 497.309 1329.824 2253.090 2948.439 3504.788 3975.510 4393.246 4830.984 5232.556 5576.116 5796.127 5958.165 6100.047 6159.881 6172.086 6011.857 5791.335 5468.879 5104.027 4716.677 4241.681 3714.563 3106.760 2437.959 1851.368 1226.149 809.135 495.386 237.222
0.000 0.000 0.000 0.000 0.000 0.000 0.000 0.000 0.000 0.000 0.000 0.000 0.000 0.000 0.000 0.000 0.000 1.479 6.853 31.178 139.487 618.905 1808.265 3289.070 4506.830 5319.146 5913.306 6521.582 7115.149 7650.995 8056.313 8320.644 8556.154 8726.233 8798.790 8780.497 8533.658 8229.845 7800.218 7301.977 6804.869 6143.529 5399.634 4546.026 3551.814 2713.288 1793.374 1180.506 710.983 335.195
0.000 0.000 0.000 0.000 0.000 0.000 0.000 0.000 0.000 0.000 0.000 0.000 0.000 0.000 0.000 0.000 0.000 1.972 8.898 39.600 175.639 778.855 2424.775 4575.577 6434.817 7541.326 8351.699 9156.722 9936.941 10587.378 11068.275 11429.490 11761.097 11940.696 12032.132 11957.723 11626.699 11225.599 10703.467 10070.168 9415.981 8556.342 7545.542 6392.313 5017.316 3843.669 2545.128 1669.324 996.455 462.763
0.000 0.000 0.000 0.000 0.000 0.000 0.000 0.000 0.000 0.000 0.000 0.000 0.000 0.000 0.000 0.000 0.000 2.632 11.886 52.829 231.919 1023.631 3237.447 6123.363 8697.687 10211.679 11249.939 12256.353 13203.520 13979.919 14575.094 15077.594 15477.885 15678.474 15784.461 15666.797 15249.772 14744.767 14139.263 13366.297 12552.946 11484.751 10185.524 8688.166 6865.219 5285.969 3517.259 2298.596 1367.135 626.433
0.000 0.000 0.000 0.000 0.000 0.000 0.000 0.000 0.000 0.000 0.000 0.000 0.000 0.000 0.000 0.000 0.000 3.568 16.501 75.520 334.436 1448.395 4348.517 7955.454 11246.117 13193.640 14483.482 15677.937 16800.004 17691.404 18450.324 19096.277 19571.832 19818.381 19939.205 19821.082 19321.346 18721.096 18047.178 17128.367 16176.112 14903.694 13326.726 11456.539 9129.947 7080.375 4753.901 3093.040 1836.110 832.687
0.000 0.000 0.000 0.000 0.000 0.000 0.000 0.000 0.000 0.000 0.000 0.000 0.000 0.000 0.000 0.000 0.000 4.989 23.703 114.147 532.779 2249.751 5891.405 10064.494 13966.415 16342.648 17902.943 19288.432 20565.553 21612.695 22529.236 23318.141 23885.004 24209.676 24348.430 24296.496 23742.908 23064.645 22336.932 21270.328 20193.928 18731.389 16928.555 14675.372 11912.683 9251.967 6304.243 4082.220 2419.959 1092.088
0.000 0.000 0.000 0.000 0.000 0.000 0.000 0.000 0.000 0.000 0.000 0.000 0.000 0.000 0.000 0.000 1.579 7.424 35.539 175.597 879.567 3440.058 7679.746 12372.835 16751.932 19533.203 21371.023 22956.012 24382.469 25609.037 26673.514 27604.770 28274.578 28701.781 28875.061 28908.504 28430.967 27680.232 26859.951 25666.900 24500.676 22897.395 20917.463 18312.311 15168.890 11819.271 8216.832 5289.204 3129.521 1411.135
0.000 0.000 0.000 0.000 0.000 0.000 0.000 0.000 0.000 0.000 0.000 0.000 0.000 0.000 0.000 0.000 2.600 12.084 57.247 281.767 1413.318 4865.877 9555.862 14675.152 19497.277 22692.527 24805.307 26527.262 28179.793 29593.824 30800.393 31866.227 32648.439 33188.406 33417.910 33538.473 33238.910 32472.439 31498.148 30251.717 28988.361 27236.238 25190.002 22305.430 18835.555 14782.255 10534.713 6724.039 3978.303 1797.854
0.000 0.000 0.000 0.000 0.000 0.000 0.000 0.000 0.000 0.000 0.000 0.000 0.000 0.000 0.000 0.000 4.632 21.298 101.223 500.215 2421.413 6555.947 11450.382 16865.164 22055.980 25665.924 28021.562 29910.578 31778.350 33393.887 34735.727 35925.492 36840.605 37506.133 37805.973 38017.898 37958.766 37359.441 36209.672 34894.770 33546.992 31608.895 29592.992 26485.379 22892.633 18097.396 13289.213 8405.602 4997.785 2268.208
0.000 0.000 0.000 0.000 0.000 0.000 0.000 0.000 0.000 0.000 0.000 0.000 0.000 0.000 0.000 1.875 8.504 39.237 191.677 989.271 3858.652 8139.461 13188.016 18770.314 24226.215 28268.303 30914.867 33024.262 35008.121 36829.672 38320.844 39590.473 40657.199 41458.516 41878.879 42215.883 42253.816 42091.547 40849.301 39446.121 38057.012 36055.477 34013.297 30816.281 27061.381 21714.240 16424.898 10354.266 6207.431 2818.522
0.000 0.000 0.000 0.000 0.000 0.000 0.000 0.000 0.000 0.000 0.000 0.000 0.000 0.000 0.000 3.530 15.768 73.049 361.995 1857.231 5371.024 9550.982 14538.511 20117.100 25535.730 29667.098 32626.744 35036.855 37289.250 39498.086 41450.109 42898.258 44021.434 44932.125 45594.617 45974.551 46065.246 46066.859 45119.840 43754.570 42310.477 40481.367 38321.215 35052.305 31322.531 25577.031 19932.611 12574.814 7627.253 3469.542
0.000 0.000 0.000 0.000 0.000 0.000 0.000 0.000 0.000 0.000 0.000 0.000 0.000 0.000 1.509 6.569 28.848 133.962 673.087 2912.685 6441.442 10586.886 15442.304 20823.867 25997.412 30036.111 33022.996 35568.176 37964.078 40405.234 42811.930 45047.145 46850.961 48012.434 48731.598 49154.004 49395.066 49421.414 48922.945 47651.234 46163.656 44583.559 42440.836 39160.973 35553.734 29602.160 23531.168 15118.662 9269.295 4228.074
0.000 0.000 0.000 0.000 0.000 0.000 0.000 0.000 0.000 0.000 0.000 0.000 0.000 0.000 2.794 11.762 50.626 234.512 1149.687 3716.430 7038.767 11058.620 15795.657 21015.650 26056.086 30065.521 33030.852 35617.258 38069.090 40623.672 43221.828 45775.766 48144.207 50061.832 51296.648 51798.980 52151.125 52218.277 52085.164 51010.359 49591.730 48192.715 46165.258 43212.156 39577.887 33614.309 27279.506 17954.746 11152.983 5107.274
0.000 0.000 0.000 0.000 0.000 0.000 0.000 0.000 0.000 0.000 0.000 0.000 0.000 1.182 4.930 20.073 84.031 372.408 1627.433 4048.473 7212.937 11144.394 15698.442 20617.318 25345.297 29359.090 32793.496 35323.828 37814.004 40480.945 43208.121 45854.762 48395.789 50556.125 52454.406 53655.418 54292.488 54427.758 54479.215 53861.305 52567.020 51229.254 49300.738 46768.336 43230.793 37440.008 31073.346 21219.797 13302.513 6125.648
0.000 0.000 0.000 0.000 0.000 0.000 0.000 0.000 0.000 0.000 0.000 0.000 0.000 2.102 8.501 33.339 133.816 576.332 2004.816 4168.221 7040.261 10718.690 15001.074 19498.215 23816.096 27607.221 31058.174 34025.113 36620.941 39245.676 42132.172 45228.660 48170.496 50615.309 52586.195 54304.980 55309.988 55847.559 56032.645 55913.742 55277.691 53745.691 51819.367 49771.258 46382.227 41537.676 34761.312 24944.088 15726.530 7293.488
0.000 0.000 0.000 0.000 0.000 0.000 0.000 0.000 0.000 0.000 0.000 0.000 0.000 3.697 14.624 54.583 203.801 779.222 2127.775 4045.303 6650.585 9982.604 13861.686 17906.828 21831.705 25400.492 28561.430 31347.148 34283.645 37295.258 40027.691 43107.965 46314.629 49587.219 52246.992 54363.602 55557.500 56424.539 56700.043 56882.594 56882.688 55688.949 53817.391 52049.582 48995.742 45054.148 38189.996 28897.162 18347.928 8633.495
0.000 0.000 0.000 0.000 0.000 0.000 0.000 0.000 0.000 0.000 0.000 0.000 1.454 6.164 23.701 83.388 281.525 916.623 2052.200 3730.854 6052.248 9003.570 12413.103 15934.216 19371.984 22810.590 25763.096 28237.719 31082.443 34269.199 37635.406 40660.809 43910.027 47170.707 50237.426 53193.816 55370.426 56537.609 56928.852 57330.934 57369.480 56742.211 55356.129 53586.926 50872.570 47674.625 41274.934 32929.367 21117.848 10167.037
0.000 0.000 0.000 0.000 0.000 0.000 0.000 0.000 0.000 0.000 0.000 0.000 2.278 9.523 35.296 115.707 353.414 922.018 1853.057 3271.077 5266.029 7785.996 10641.623 13614.882 16563.932 19343.254 22040.510 24973.998 28084.623 31007.863 34338.047 37868.492 41187.547 44641.621 47993.344 51002.293 53987.348 56122.512 57032.277 57430.230 57487.316 57309.250 56161.426 54501.281 52274.246 49565.242 44002.465 36758.871 23944.781 11889.628
0.000 0.000 0.000 0.000 0.000 0.000 0.000 0.000 0.000 0.000 0.000 0.000 3.339 13.922 49.806 149.453 386.407 823.083 1559.672 2694.427 4305.080 6340.538 8572.640 10857.690 13375.938 15824.403 18382.207 21052.898 24208.031 27626.146 30955.699 34562.383 38186.660 41778.590 45346.129 48592.367 51731.641 54473.281 56414.973 57083.633 57360.910 57447.766 56372.766 54813.102 53153.324 50680.328 46071.629 39949.672 26651.777 13768.133
0.000 0.000 0.000 0.000 0.000 0.000 0.000 0.000 0.000 0.000 0.000 1.039 4.567 19.588 73.098 175.900 351.181 668.758 1201.999 2042.009 3220.790 4657.469 6264.778 8115.413 9936.655 12075.602 14601.384 17493.967 20614.805 23888.285 27464.104 31072.725 34915.441 38679.297 42429.836 46013.277 49293.102 52308.887 54867.648 56167.504 56914.043 57050.598 56360.980 55039.238 53538.727 51226.844 47271.395 42242.574 29686.918 15771.499
0.000 0.000 0.000 0.000 0.000 0.000 0.000 0.000 0.000 0.000 0.000 1.322 5.729 26.210 84.636 167.511 286.083 493.087 828.102 1354.800 2070.729 2958.845 4026.827 5360.484 7007.969 9009.862 11385.481 14086.559 17070.893 20429.090 23871.613 27697.213 31472.049 35498.016 39316.941 43189.145 46597.660 49925.297 52796.773 54786.426 55790.652 56080.688 56104.453 55127.926 53647.609 51375.891 48651.102 43840.820 32654.904 17916.367
0.000 0.000 0.000 0.000 0.000 0.000 0.000 0.000 0.000 0.000 0.000 1.514 6.041 25.926 73.827 132.696 204.887 309.671 479.554 730.442 1105.246 1664.594 2416.437 3454.757 4816.437 6525.078 8627.681 11094.495 13961.648 17111.230 20630.957 24271.869 28245.891 32126.562 36263.984 40098.805 43923.656 47322.539 50326.184 52977.121 54215.477 54916.410 55180.484 54630.211 53243.977 51258.996 49123.070 44648.016 35475.266 20089.549
0.000 0.000 0.000 0.000 0.000 0.000 0.000 0.000 0.000 0.000 0.000 1.566 5.763 21.708 52.944 86.273 128.200 193.556 291.288 442.040 673.906 1027.164 1549.209 2302.395 3349.030 4743.045 6495.230 8688.786 11298.063 14211.583 17592.889 21215.396 25027.896 29115.723 33092.344 37210.047 41128.707 44666.094 48028.211 50828.699 52662.922 53759.402 54059.539 53644.258 52588.008 51288.008 49203.430 45191.973 38012.992 22195.205
0.000 0.000 0.000 0.000 0.000 0.000 0.000 0.000 0.000 0.000 0.000 1.479 5.318 14.630 26.942 44.985 74.558 118.568 190.458 304.585 480.731 741.584 1133.570 1692.803 2480.426 3568.114 5031.205 6896.438 9173.231 11866.021 14925.004 18462.914 22232.795 26124.764 30320.189 34443.625 38403.957 42312.410 45671.469 48528.176 51110.117 52356.820 52733.691 52645.504 51892.668 50617.605 48675.039 45348.074 40087.191 24740.205
0.000 0.000 0.000 0.000 0.000 0.000 0.000 0.000 0.000 0.000 0.000 1.731 4.266 7.393 13.106 23.842 43.270 75.729 128.543 215.809 358.190 571.149 893.958 1346.768 1980.522 2872.599 4069.512 5631.260 7608.187 10024.798 12874.315 16086.350 19800.662 23748.348 27753.486 31904.416 36102.594 39965.547 43406.996 46680.973 49337.328 50757.480 51489.895 51795.566 51113.230 49831.789 47983.379 44834.023 41140.691 27436.242
0.000 0.000 0.000 0.000 0.000 0.000 0.000 0.000 0.000 0.000 0.000 1.072 2.052 3.903 7.258 13.932 27.023 51.293 91.847 160.329 277.528 454.279 733.807 1130.805 1674.557 2429.586 3446.492 4780.285 6500.698 8658.471 11273.687 14322.020 17732.080 21480.719 25541.365 29661.400 33673.930 37555.742 41348.691 44587.922 47252.832 49243.566 50390.395 50697.484 50144.078 48850.930 47098.664 45204.707 41281.043 29882.908
0.000 0.000 0.000 0.000 0.000 0.000 0.000 0.000 0.000 0.000 0.000 0.393 0.875 1.884 3.949 8.388 17.948 36.892 69.897 126.039 225.235 378.792 619.250 974.220 1467.996 2137.525 3031.540 4224.731 5755.727 7681.832 10043.240 12846.674 16054.765 19578.326 23304.939 27109.885 31111.682 35049.363 38712.340 41902.160 44679.555 47265.230 48766.895 49292.383 48829.809 47674.180 46834.039 44810.113 40992.828 31794.201
0.000 0.000 0.000 0.000 0.000 0.000 0.000 0.000 0.000 0.000 0.000 0.000 0.329 0.872 2.138 5.202 12.600 27.624 55.464 104.785 191.403 331.990 543.929 864.676 1325.216 1953.065 2786.076 3869.050 5247.774 6961.235 9042.781 11502.322 14345.003 17548.803 21013.080 24640.650 28323.109 31933.053 35342.859 38690.914 41811.559 44391.066 46268.473 47122.887 47497.516 47095.844 45860.520 44025.289 40630.047 33290.855
0.000 0.000 0.000 0.000 0.000 0.000 0.000 0.000 0.000 0.000 0.000 0.000 0.000 0.429 1.256 3.468 9.304 21.353 45.335 91.784 168.499 299.989 501.957 797.075 1213.242 1803.129 2589.234 3611.002 4899.606 6475.182 8348.884 10523.273 12991.776 15728.864 18689.225 21804.736 25034.568 28418.936 31801.248 35071.434 38114.855 40701.391 42744.809 44496.707 45386.312 45535.449 44527.297 42845.203 39868.648 34618.652
0.000 0.000 0.000 0.000 0.000 0.000 0.000 0.000 0.000 0.000 0.000 0.000 0.000 0.245 0.814 2.615 7.152 17.505 39.932 83.158 157.914 278.043 472.728 762.464 1172.772 1725.615 2445.853 3366.161 4513.619 5927.054 7603.048 9534.266 11688.158 14042.711 16625.816 19397.686 22270.424 25170.207 28083.820 30967.189 33735.996 36580.234 39070.219 41077.992 42358.691 42893.336 42590.934 41216.176 38632.371 35305.984
0.000 0.000 0.000 0.000 0.000 0.000 0.000 0.000 0.000 0.000 0.000 0.000 0.000 0.185 0.650 2.126 6.126 15.879 38.295 78.109 151.738 271.476 455.138 725.836 1114.611 1653.020 2347.088 3234.027 4310.859 5561.413 7010.480 8674.216 10500.397 12460.908 14559.295 16942.529 19478.910 22032.875 24613.248 27296.477 30012.633 32665.896 34994.770 36951.801 38465.191 39251.676 39492.250 39042.141 38208.523 34786.406
0.000 0.000 0.000 0.000 0.000 0.000 0.000 0.000 0.000 0.000 0.000 0.000 0.000 0.165 0.609 1.971 5.706 15.882 37.574 79.157 150.759 265.630 446.504 717.111 1090.748 1593.463 2249.525 3054.487 4005.764 5165.638 6413.646 7872.174 9481.630 11218.064 13081.800 15140.658 17338.846 19530.098 21687.789 23956.074 26272.176 28509.664 30546.385 32351.256 33849.590 35474.434 36643.082 37096.164 36321.988 33404.488
0.000 0.000 0.000 0.000 0.000 0.000 0.000 0.000 0.000 0.000 0.000 0.000 0.000 0.174 0.640 2.057 5.963 16.482 38.511 80.520 153.335 269.404 443.354 689.256 1028.401 1503.180 2139.191 2889.575 3740.307 4747.792 5893.456 7149.324 8521.087 9991.769 11531.144 13227.686 15068.184 16937.203 18854.410 20977.287 23204.551 25348.400 27362.133 29211.396 30849.529 32124.820 33031.293 33588.203 33381.273 31468.084
0.000 0.000 0.000 0.000 0.000 0.000 0.000 0.000 0.000 0.000 0.000 0.000 0.000 0.199 0.736 2.306 6.394 17.299 40.405 81.768 153.394 265.307 431.649 679.989 1021.137 1449.370 1976.642 2616.052 3366.410 4238.830 5212.517 6303.321 7634.904 9035.188 10462.553 12061.412 13724.896 15394.138 17118.650 18811.619 20591.385 22359.322 24060.805 25669.422 27117.811 28247.426 29079.359 29679.770 29756.240 28993.480
0.000 0.000 0.000 0.000 0.000 0.000 0.000 0.000 0.000 0.000 0.000 0.000 0.000 0.241 0.861 2.670 7.195 18.482 41.089 80.916 151.225 264.444 431.579 661.130 950.037 1318.291 1769.776 2367.722 3095.027 3967.282 4879.941 5835.761 6921.451 8088.099 9356.213 10727.375 12131.255 13553.217 15036.872 16443.801 17857.225 19309.256 20724.023 22069.430 23342.500 24503.123 25357.408 26298.236 26915.527 27246.295
0.000 0.000 0.000 0.000 0.000 0.000 0.000 0.000 0.000 0.000 0.000 0.000 0.000 0.303 1.013 3.096 8.262 20.446 43.587 84.468 150.711 252.845 397.105 605.717 900.056 1288.274 1755.926 2234.890 2835.316 3532.968 4303.022 5192.256 6125.163 7095.447 8152.165 9290.395 10626.268 11994.339 13440.350 14702.394 16048.058 17426.756 18736.945 19996.818 21198.906 22299.715 23217.391 23986.787 24522.746 24857.773
0.000 0.000 0.000 0.000 0.000 0.000 0.000 0.000 0.000 0.000 0.000 0.000 0.000 0.362 1.190 3.477 9.301 21.734 44.314 84.418 146.003 250.060 404.122 616.133 876.669 1189.101 1568.794 2007.605 2524.830 3099.884 3856.126 4751.346 5694.839 6685.199 7609.082 8661.280 9782.682 10953.744 12172.795 13390.718 14560.130 15697.127 16803.961 17871.947 18840.318 19701.055 20360.016 20849.926 21236.932 21474.293
0.000 0.000 0.000 0.000 0.000 0.000 0.000 0.000 0.000 0.000 0.000 0.000 0.000 0.378 1.218 3.530 9.383 21.946 45.597 87.712 151.957 251.377 384.653 554.208 772.234 1056.842 1446.171 1912.033 2460.583 3043.961 3723.542 4441.286 5219.560 6076.411 6940.873 7815.041 8707.585 9652.489 10629.984 11563.436 12437.404 13270.866 14092.306 14898.124 15665.205 16368.595 16906.568 17272.361 17610.957 17880.541
0.000 0.000 0.000 0.000 0.000 0.000 0.000 0.000 0.000 0.000 0.000 0.000 0.000 0.399 1.280 3.717 9.741 23.328 46.998 87.043 141.199 220.954 354.491 537.658 767.351 1066.943 1419.121 1828.829 2280.292 2762.782 3351.559 3943.064 4562.294 5213.534 5892.508 6607.529 7330.832 8071.827 8807.063 9515.669 10185.676 10943.281 11746.873 12523.903 13271.809 13981.027 14503.506 14834.371 15164.382 15610.973
