tests/test_03/output9/DepositFile_____final.dat
NCOLS    50
NROWS    50
XLLCORNER    -2289770.000
YLLCORNER     2591270.000
CELLSIZE        2000.000       2000.000
NODATA_VALUE  0.000
[rows 0 to 34 of 50, columns 0 to 49 of 50]
0.000000 0.000000 0.000000 0.000000 0.000000 0.000000 0.000000 0.000000 0.000000 0.000000 0.000000 0.000000 0.000000 0.000000 0.000000 0.000000 0.000000 0.011942 0.036456 0.128504 0.434389 1.190540 2.635835 4.861480 7.751893 11.066475 14.480184 17.639723 20.485130 23.233147 25.837610 27.483181 26.916128 23.234995 16.817568 9.169945 2.769161 0.414617 0.064208 0.000000 0.000000 0.000000 0.000000 0.000000 0.000000 0.000000 0.000000 0.000000 0.000000 0.000000
0.000000 0.000000 0.000000 0.000000 0.000000 0.000000 0.000000 0.000000 0.000000 0.000000 0.000000 0.000000 0.000000 0.000000 0.000000 0.000000 0.000000 0.017839 0.053091 0.184484 0.620733 1.706421 3.779743 6.946688 10.979121 15.462920 19.914211 23.916409 27.454618 30.774710 33.782726 35.521973 34.481693 29.573187 21.264824 11.577645 3.465599 0.518857 0.080642 0.012139 0.000000 0.000000 0.000000 0.000000 0.000000 0.000000 0.000000 0.000000 0.000000 0.000000
0.000000 0.000000 0.000000 0.000000 0.000000 0.000000 0.000000 0.000000 0.000000 0.000000 0.000000 0.000000 0.000000 0.000000 0.000000 0.000000 0.013081 0.028881 0.085898 0.297081 0.970302 2.594965 5.684862 10.422768 16.379025 22.796484 28.907606 34.196743 38.730293 42.834381 46.378624 48.135796 46.284607 39.412537 28.138977 15.307158 4.560393 0.682168 0.106319 0.016030 0.000000 0.000000 0.000000 0.000000 0.000000 0.000000 0.000000 0.000000 0.000000 0.000000
0.000000 0.000000 0.000000 0.000000 0.000000 0.000000 0.000000 0.000000 0.000000 0.000000 0.000000 0.000000 0.000000 0.000000 0.000000 0.010985 0.020643 0.046224 0.138199 0.466093 1.481663 3.876441 8.388096 15.251091 23.702330 32.541904 40.653618 47.399551 52.982845 57.868397 61.850899 63.468330 60.552311 51.292599 36.427502 19.820021 5.898430 0.881930 0.137712 0.020805 0.000000 0.000000 0.000000 0.000000 0.000000 0.000000 0.000000 0.000000 0.000000 0.000000
0.000000 0.000000 0.000000 0.000000 0.000000 0.000000 0.000000 0.000000 0.000000 0.000000 0.000000 0.000000 0.000000 0.000000 0.000000 0.017117 0.032742 0.077390 0.223079 0.715487 2.222501 5.736003 12.256065 21.888931 33.356213 45.038021 55.409595 63.686817 70.285210 75.880089 80.143005 81.431221 77.181206 65.149155 46.101261 25.100960 7.477174 1.118051 0.174822 0.026475 0.000000 0.000000 0.000000 0.000000 0.000000 0.000000 0.000000 0.000000 0.000000 0.000000
0.000000 0.000000 0.000000 0.000000 0.000000 0.000000 0.000000 0.000000 0.000000 0.000000 0.000000 0.000000 0.000000 0.000000 0.014148 0.026594 0.055820 0.136685 0.354852 1.072848 3.289797 8.464003 17.795740 30.764969 45.626095 60.441494 73.127724 82.933273 90.476036 96.602417 100.953857 101.716354 95.871620 80.737198 56.979923 31.058502 9.274570 1.386861 0.217099 0.032966 0.000000 0.000000 0.000000 0.000000 0.000000 0.000000 0.000000 0.000000 0.000000 0.000000
0.000000 0.000000 0.000000 0.000000 0.000000 0.000000 0.000000 0.000000 0.000000 0.000000 0.000000 0.000000 0.000000 0.010885 0.021436 0.044310 0.104833 0.235622 0.555015 1.589075 4.869079 12.607025 25.541317 42.152588 60.623230 78.564354 93.555168 104.824516 113.150414 119.588509 123.823334 123.860451 116.208618 97.676323 68.806175 37.551292 11.250556 1.682889 0.263653 0.040143 0.000000 0.000000 0.000000 0.000000 0.000000 0.000000 0.000000 0.000000 0.000000 0.000000
0.000000 0.000000 0.000000 0.000000 0.000000 0.000000 0.000000 0.000000 0.000000 0.000000 0.000000 0.000000 0.000000 0.016168 0.033785 0.081326 0.189638 0.387649 0.855810 2.380161 7.397331 18.920433 35.755295 56.072807 78.081551 99.105423 116.343582 128.928131 137.852264 144.360565 148.252472 147.395554 137.755035 115.611053 81.321640 44.446930 13.362351 1.999573 0.313451 0.047849 0.000000 0.000000 0.000000 0.000000 0.000000 0.000000 0.000000 0.000000 0.000000 0.000000
0.000000 0.000000 0.000000 0.000000 0.000000 0.000000 0.000000 0.000000 0.000000 0.000000 0.000000 0.000000 0.012368 0.024943 0.058264 0.151134 0.319154 0.616897 1.331730 3.730964 11.874816 27.849440 48.337036 72.229965 97.624245 121.649399 141.012268 154.766617 164.071320 170.422729 173.782639 171.876450 160.171524 134.268951 94.306580 51.594818 15.543697 2.327161 0.365090 0.055875 0.000000 0.000000 0.000000 0.000000 0.000000 0.000000 0.000000 0.000000 0.000000 0.000000
0.000000 0.000000 0.000000 0.000000 0.000000 0.000000 0.000000 0.000000 0.000000 0.000000 0.000000 0.000000 0.019460 0.045058 0.116557 0.263277 0.504426 0.956307 2.139034 6.330817 19.637938 39.208447 62.941612 90.120728 118.672493 145.466980 166.730270 181.442673 190.878571 196.810730 199.457977 196.429230 182.822556 153.202362 107.415192 58.788998 17.713860 2.655188 0.416957 0.063946 0.000000 0.000000 0.000000 0.000000 0.000000 0.000000 0.000000 0.000000 0.000000 0.000000
0.000000 0.000000 0.000000 0.000000 0.000000 0.000000 0.000000 0.000000 0.000000 0.000000 0.000000 0.014298 0.034555 0.092289 0.214087 0.415646 0.761166 1.506316 3.774975 12.010285 29.773077 52.141785 78.748215 108.793320 140.177063 169.564423 192.486938 207.751312 216.973602 222.149246 223.821884 219.659164 204.458313 171.558685 120.037033 65.670311 19.757948 2.966014 0.466654 0.071756 0.010349 0.000000 0.000000 0.000000 0.000000 0.000000 0.000000 0.000000 0.000000 0.000000
0.000000 0.000000 0.000000 0.000000 0.000000 0.000000 0.000000 0.000000 0.000000 0.000000 0.011741 0.027137 0.072328 0.171238 0.337921 0.617066 1.167998 2.633644 7.694905 21.032116 40.995895 65.462814 94.233971 126.324905 159.711304 191.096771 215.671738 231.707062 240.672897 244.908279 245.374832 239.959900 223.547791 188.229370 131.494141 71.873314 21.549604 3.240303 0.511054 0.078811 0.011404 0.000000 0.000000 0.000000 0.000000 0.000000 0.000000 0.000000 0.000000 0.000000
0.000000 0.000000 0.000000 0.000000 0.000000 0.000000 0.000000 0.000000 0.000000 0.010113 0.023812 0.058376 0.134011 0.267899 0.494538 0.930403 2.015025 5.525199 15.010380 30.896038 52.435471 78.592506 108.956863 142.387192 176.807648 209.107742 235.023926 251.917419 260.956329 264.484436 263.549377 256.616730 239.206329 202.304611 141.159363 77.108574 23.019085 3.466213 0.548162 0.084728 0.012290 0.000000 0.000000 0.000000 0.000000 0.000000 0.000000 0.000000 0.000000 0.000000
0.000000 0.000000 0.000000 0.000000 0.000000 0.000000 0.000000 0.000000 0.000000 0.019929 0.049299 0.106723 0.206290 0.383664 0.740728 1.626384 4.344999 11.254826 23.132307 40.569832 63.461338 90.983101 122.505440 156.775604 191.684875 224.217224 250.511200 267.276154 275.907928 278.339691 275.860626 267.343231 249.586823 213.165955 148.708542 81.121307 24.058208 3.627591 0.575825 0.089275 0.012990 0.000000 0.000000 0.000000 0.000000 0.000000 0.000000 0.000000 0.000000 0.000000
0.000000 0.000000 0.000000 0.000000 0.000000 0.000000 0.000000 0.000000 0.015489 0.039111 0.084349 0.160898 0.296615 0.586509 1.360786 3.690214 8.906147 17.761984 31.130989 49.722904 73.432297 101.597977 133.489105 167.901321 202.919083 235.598389 261.733673 277.528473 285.121094 286.339874 282.352295 272.079590 254.049225 218.579361 153.484253 83.550949 24.651855 3.723841 0.593542 0.092260 0.013454 0.000000 0.000000 0.000000 0.000000 0.000000 0.000000 0.000000 0.000000 0.000000
0.000000 0.000000 0.000000 0.000000 0.000000 0.000000 0.000000 0.011141 0.030214 0.063691 0.118764 0.223898 0.482867 1.244820 3.351065 7.375220 13.981540 24.054050 38.435497 57.731712 81.812851 110.106804 141.726593 175.360748 209.269485 240.920425 266.670197 282.236206 289.082245 288.867310 282.860077 271.369415 253.272964 219.478226 155.064468 84.390121 24.938950 3.770052 0.601710 0.093650 0.013676 0.000000 0.000000 0.000000 0.000000 0.000000 0.000000 0.000000 0.000000 0.000000
0.000000 0.000000 0.000000 0.000000 0.000000 0.000000 0.000000 0.020201 0.044766 0.087352 0.174863 0.408617 1.145732 2.972014 6.149332 11.179696 18.770807 29.701763 44.702919 64.218788 88.121910 115.852768 146.412491 178.431641 210.205795 239.463348 263.410706 277.680756 283.520447 282.308350 275.623322 263.952667 246.357742 215.427277 153.335144 83.522705 24.768328 3.748106 0.598756 0.093311 0.013649 0.000000 0.000000 0.000000 0.000000 0.000000 0.000000 0.000000 0.000000 0.000000
0.000000 0.000000 0.000000 0.000000 0.000000 0.000000 0.011895 0.028805 0.061091 0.132295 0.332425 0.987820 2.529363 5.067894 8.971487 14.767246 23.057455 34.461746 49.514328 68.517128 91.326202 117.440643 145.880844 175.382202 204.418015 230.865875 252.485580 265.037628 269.632446 268.196625 261.868896 250.908615 234.552139 206.572769 148.372910 80.608406 23.823938 3.618298 0.580809 0.090858 0.013341 0.000000 0.000000 0.000000 0.000000 0.000000 0.000000 0.000000 0.000000 0.000000
0.000000 0.000000 0.000000 0.000000 0.000000 0.000000 0.016869 0.039695 0.093554 0.249518 0.770112 2.033934 4.104012 7.180940 11.594120 17.770235 26.215063 37.435036 51.866184 69.739624 90.937134 114.980682 140.927185 167.682617 193.977478 217.911758 237.261505 248.126953 251.136658 248.794846 242.341904 232.217087 217.534973 193.296875 140.544525 76.100494 22.421188 3.412756 0.549958 0.086336 0.012725 0.000000 0.000000 0.000000 0.000000 0.000000 0.000000 0.000000 0.000000 0.000000
0.000000 0.000000 0.000000 0.000000 0.000000 0.000000 0.024239 0.061859 0.173487 0.552471 1.539350 3.181616 5.569327 8.902499 13.473586 19.658375 27.879688 38.553291 52.021328 68.462044 87.804131 109.609909 132.968109 156.775909 179.785919 200.384506 216.515686 225.012054 226.818665 223.892441 217.388962 207.854980 194.713806 174.259735 130.018677 70.469719 20.974234 3.198494 0.514324 0.080782 0.011928 0.000000 0.000000 0.000000 0.000000 0.000000 0.000000 0.000000 0.000000 0.000000
0.000000 0.000000 0.000000 0.000000 0.000000 0.013724 0.038651 0.113959 0.372146 1.082953 2.305771 4.099916 6.591043 9.979724 14.521822 20.506107 28.267853 38.152214 50.440155 65.246414 82.405479 101.396538 121.352997 141.376923 160.649490 177.713257 190.965683 198.496704 199.960770 197.000519 190.611633 181.730820 169.809387 151.866440 114.646210 62.977257 19.561388 3.012591 0.478320 0.074448 0.011000 0.000000 0.000000 0.000000 0.000000 0.000000 0.000000 0.000000 0.000000 0.000000
0.000000 0.000000 0.000000 0.000000 0.000000 0.022427 0.070935 0.240243 0.710046 1.549655 2.829568 4.657434 7.157907 10.479779 14.797318 20.339588 27.388111 36.188011 46.896503 59.563957 74.070908 90.008469 106.699257 123.421951 139.418259 153.567230 164.478683 170.697235 171.630310 168.484390 162.409821 154.357162 143.959686 128.717712 97.851753 54.303162 17.538073 2.744416 0.433253 0.067105 0.000000 0.000000 0.000000 0.000000 0.000000 0.000000 0.000000 0.000000 0.000000 0.000000
0.000000 0.000000 0.000000 0.000000 0.011782 0.039676 0.141249 0.435956 0.981768 1.849506 3.120805 4.886238 7.246343 10.313814 14.220957 19.112875 25.158329 32.553612 41.482750 52.015465 64.016220 77.118713 90.738731 104.337082 117.294624 128.741135 137.493423 142.214432 142.427155 139.242172 133.697113 126.631287 117.825943 105.391853 80.903664 45.226250 15.083176 2.378791 0.374666 0.058281 0.000000 0.000000 0.000000 0.000000 0.000000 0.000000 0.000000 0.000000 0.000000 0.000000
0.000000 0.000000 0.000000 0.000000 0.019128 0.069425 0.241976 0.591637 1.147169 1.970200 3.139639 4.738804 6.844410 9.524467 12.852564 16.939837 21.928219 27.969158 35.193623 43.633472 53.164776 63.481873 74.157501 84.803574 94.917976 103.766663 110.417465 113.784973 113.372101 110.283386 105.438087 99.377670 92.129478 82.327507 63.984604 36.239941 12.597639 2.004770 0.314078 0.048846 0.000000 0.000000 0.000000 0.000000 0.000000 0.000000 0.000000 0.000000 0.000000 0.000000
0.000000 0.000000 0.000000 0.000000 0.030081 0.112310 0.321463 0.662825 1.176025 1.912388 2.929317 4.285063 6.038159 8.247432 10.970441 14.265479 18.205481 22.886539 28.403275 34.780231 41.916832 49.579494 57.472771 65.319122 72.766258 79.141342 83.858406 86.015335 85.206985 82.429115 78.313042 73.285316 67.535934 60.234207 47.511234 27.366528 9.815509 1.577722 0.247492 0.038668 0.000000 0.000000 0.000000 0.000000 0.000000 0.000000 0.000000 0.000000 0.000000 0.000000
0.000000 0.000000 0.000000 0.011873 0.044958 0.149756 0.344128 0.647829 1.092707 1.709895 2.535284 3.613758 4.992725 6.711503 8.795487 11.269107 14.162761 17.531084 21.424913 25.849714 30.723728 35.891209 41.167377 46.395210 51.327579 55.435539 58.336388 59.364384 58.329460 56.006756 52.721470 48.832432 44.609001 39.552658 31.520754 18.466965 6.731512 1.095194 0.174221 0.027698 0.000000 0.000000 0.000000 0.000000 0.000000 0.000000 0.000000 0.000000 0.000000 0.000000
0.000000 0.000000 0.000000 0.016133 0.060241 0.158354 0.320154 0.566143 0.919222 1.401088 2.033009 2.837550 3.835316 5.042012 6.470482 8.128136 10.023304 12.177883 14.599187 17.259354 20.088358 22.989273 25.881777 28.708899 31.311924 33.275585 34.482052 34.452061 33.241489 31.341248 28.910873 26.221220 23.461365 20.438852 16.155081 9.594809 3.453258 0.577107 0.096677 0.016281 0.000000 0.000000 0.000000 0.000000 0.000000 0.000000 0.000000 0.000000 0.000000 0.000000
0.000000 0.000000 0.000000 0.019964 0.064334 0.142307 0.264615 0.446724 0.703247 1.045230 1.480236 2.013228 2.643541 3.367481 4.181196 5.082766 6.076602 7.155186 8.291561 9.437622 10.532316 11.502702 12.343583 13.079411 13.561544 13.739291 13.627285 12.964735 11.969788 10.760602 9.455210 8.233546 7.117489 5.952294 4.512324 2.592749 0.883937 0.161082 0.031941 0.000000 0.000000 0.000000 0.000000 0.000000 0.000000 0.000000 0.000000 0.000000 0.000000 0.000000
0.000000 0.000000 0.000000 0.021259 0.056120 0.111281 0.194497 0.313566 0.474211 0.678640 0.925091 1.206107 1.510438 1.823632 2.129302 2.420763 2.690844 2.931782 3.129334 3.245679 3.322794 3.361882 3.368653 3.372502 3.324864 3.255382 3.135051 2.924397 2.646536 2.307143 1.963801 1.656703 1.387655 1.119224 0.793777 0.435512 0.143708 0.032912 0.000000 0.000000 0.000000 0.000000 0.000000 0.000000 0.000000 0.000000 0.000000 0.000000 0.000000 0.000000
0.000000 0.000000 0.000000 0.018407 0.040563 0.074130 0.121735 0.184390 0.261312 0.349207 0.439946 0.525846 0.598841 0.651790 0.687268 0.708133 0.722187 0.731479 0.733777 0.725317 0.707221 0.682130 0.655940 0.634651 0.611204 0.590307 0.564669 0.523091 0.469496 0.408020 0.345595 0.287272 0.233443 0.180758 0.126889 0.072998 0.028472 0.000000 0.000000 0.000000 0.000000 0.000000 0.000000 0.000000 0.000000 0.000000 0.000000 0.000000 0.000000 0.000000
0.000000 0.000000 0.000000 0.012193 0.023552 0.039339 0.059241 0.081126 0.102869 0.121935 0.137645 0.149897 0.153877 0.155330 0.152151 0.147057 0.141454 0.136245 0.131628 0.127437 0.123306 0.120129 0.118169 0.117707 0.116521 0.114807 0.111593 0.103525 0.094195 0.084445 0.074401 0.064016 0.053039 0.041487 0.029684 0.018071 0.000000 0.000000 0.000000 0.000000 0.000000 0.000000 0.000000 0.000000 0.000000 0.000000 0.000000 0.000000 0.000000 0.000000
0.000000 0.000000 0.000000 0.000000 0.010412 0.015251 0.020038 0.024256 0.027542 0.029793 0.030816 0.030873 0.029837 0.027729 0.025829 0.024579 0.023800 0.023483 0.023562 0.023890 0.024311 0.024765 0.025266 0.025941 0.026318 0.026227 0.025914 0.024690 0.022860 0.020919 0.018810 0.016497 0.013892 0.010997 0.000000 0.000000 0.000000 0.000000 0.000000 0.000000 0.000000 0.000000 0.000000 0.000000 0.000000 0.000000 0.000000 0.000000 0.000000 0.000000
0.000000 0.000000 0.000000 0.000000 0.000000 0.000000 0.000000 0.000000 0.000000 0.000000 0.000000 0.000000 0.000000 0.000000 0.000000 0.000000 0.000000 0.000000 0.000000 0.000000 0.000000 0.000000 0.000000 0.000000 0.000000 0.000000 0.000000 0.000000 0.000000 0.000000 0.000000 0.000000 0.000000 0.000000 0.000000 0.000000 0.000000 0.000000 0.000000 0.000000 0.000000 0.000000 0.000000 0.000000 0.000000 0.000000 0.000000 0.000000 0.000000 0.000000
0.000000 0.000000 0.000000 0.000000 0.000000 0.000000 0.000000 0.000000 0.000000 0.000000 0.000000 0.000000 0.000000 0.000000 0.000000 0.000000 0.000000 0.000000 0.000000 0.000000 0.000000 0.000000 0.000000 0.000000 0.000000 0.000000 0.000000 0.000000 0.000000 0.000000 0.000000 0.000000 0.000000 0.000000 0.000000 0.000000 0.000000 0.000000 0.000000 0.000000 0.000000 0.000000 0.000000 0.000000 0.000000 0.000000 0.000000 0.000000 0.000000 0.000000
0.000000 0.000000 0.000000 0.000000 0.000000 0.000000 0.000000 0.000000 0.000000 0.000000 0.000000 0.000000 0.000000 0.000000 0.000000 0.000000 0.000000 0.000000 0.000000 0.000000 0.000000 0.000000 0.000000 0.000000 0.000000 0.000000 0.000000 0.000000 0.000000 0.000000 0.000000 0.000000 0.000000 0.000000 0.000000 0.000000 0.000000 0.000000 0.000000 0.000000 0.000000 0.000000 0.000000 0.000000 0.000000 0.000000 0.000000 0.000000 0.000000 0.000000
