tests/test_03/output7/CloudConcentration_005.00hrs.dat
NCOLS    50
NROWS    50
XLLCORNER    -2289770.000
YLLCORNER     2591270.000
CELLSIZE        2000.000       2000.000
NODATA_VALUE  0.000
[rows 0 to 41 of 50, columns 0 to 49 of 50]
0.000 0.000 0.000 0.000 0.000 0.000 0.000 0.378 2.349 13.544 72.368 365.370 2111.333 9197.763 19205.689 30384.322 40814.884 49770.366 56423.234 59315.814 60020.203 59158.315 58943.490 63856.417 67983.413 67985.888 66954.297 62235.275 57432.520 60163.528 61007.454 55362.578 47705.353 36890.010 29670.429 22402.852 14741.570 6562.789 2460.227 537.167 68.936 10.377 1.654 0.270 0.000 0.000 0.000 0.000 0.000 0.000
0.000 0.000 0.000 0.000 0.000 0.000 0.370 2.324 13.708 77.386 412.522 2416.486 10117.862 19981.653 31140.281 43066.229 54695.950 63381.703 68425.271 70798.342 70090.825 67335.396 64476.368 62463.982 67289.476 71195.467 72804.611 72466.583 67579.710 62304.528 68571.930 69950.476 62972.092 53143.769 42753.607 35694.941 27581.374 17786.963 7005.864 2545.658 489.337 66.788 10.093 1.622 0.260 0.000 0.000 0.000 0.000 0.000
0.000 0.000 0.000 0.000 0.000 0.392 2.527 15.299 89.160 517.910 3225.985 12919.418 24874.626 36461.065 47258.267 57364.301 69036.491 75074.747 77036.610 76169.183 74458.770 72502.314 69520.445 66068.034 63549.120 68219.340 72451.929 74188.619 75648.171 73094.083 68768.166 75095.275 77541.625 73222.747 60431.699 50689.152 43174.703 33277.688 20366.728 8033.604 2710.249 450.803 64.331 9.800 1.553 0.240 0.000 0.000 0.000 0.000
0.000 0.000 0.000 0.000 0.404 2.642 16.509 100.478 616.831 4000.746 15436.741 29678.587 43772.445 56097.267 66430.345 71469.228 72331.512 75296.225 75971.013 73892.673 71764.870 69860.444 68140.501 65890.622 62690.425 59454.695 63982.976 70190.891 73381.240 75150.254 73358.343 71768.659 79562.939 83313.709 79925.092 67191.928 60474.694 50374.677 38063.747 23150.030 9210.628 2675.255 436.551 60.637 9.279 1.446 0.218 0.000 0.000 0.000
0.000 0.000 0.000 0.413 2.734 17.435 110.254 722.659 4657.642 16926.626 32690.947 48522.930 63966.992 76648.774 80140.130 79438.005 76084.198 70273.853 63646.921 59766.831 58078.291 57847.488 57868.792 56681.195 55835.148 54130.618 52122.794 54957.999 64133.992 70034.229 72582.105 71172.317 74193.879 83053.761 87413.815 83884.770 72785.181 69630.516 56823.190 41593.307 24237.099 9812.948 2727.797 404.917 56.701 8.670 1.336 0.201 0.000 0.000
0.000 0.000 0.445 2.947 19.008 120.891 805.488 4812.905 16628.808 32661.023 50000.171 67786.658 81137.183 85432.036 85552.398 80693.001 71507.543 61730.540 52891.069 45900.509 41164.983 38979.739 39953.097 41072.621 41967.597 42585.568 43143.141 42655.175 43368.869 53100.528 61492.134 66373.959 67160.608 75529.498 84798.467 88716.255 85983.951 80918.103 76986.663 60633.386 43669.023 24307.815 10404.904 2672.404 365.542 52.371 8.056 1.256 0.191 0.000
0.000 0.536 3.366 20.641 125.976 818.014 4530.988 15124.412 29772.064 46909.558 65065.823 79994.760 85975.503 86655.743 81673.221 68722.117 55641.387 45067.614 38082.020 33665.813 30049.265 26936.999 24427.321 24310.631 25879.773 27925.661 29676.382 31247.889 31526.750 32338.090 41736.591 50920.280 57511.706 60913.768 74635.611 84889.573 87501.151 85816.126 88801.281 79876.081 62845.737 42866.335 24249.626 10815.911 2521.028 323.861 47.889 7.539 1.199 0.209
0.557 3.362 20.104 121.490 766.674 4042.512 12975.167 25718.457 41058.150 57424.079 72076.515 81993.989 83274.100 76138.010 60207.984 45237.562 33478.235 26744.984 23238.061 20846.472 18641.947 16833.178 15488.633 14302.708 13281.862 14309.564 16224.623 18358.520 20367.019 21992.679 23312.276 32062.602 40895.038 47938.748 52924.468 71908.452 83884.427 84987.103 89041.929 92589.178 80710.097 61457.812 41135.930 23318.926 10794.684 2207.713 280.904 43.390 7.049 1.304
3.036 17.869 107.892 667.407 3351.463 10738.392 21480.756 34083.160 47753.518 61344.830 72050.586 72354.101 64812.989 48956.449 32589.277 20134.910 14664.334 12539.687 11204.906 9967.103 8934.037 8232.168 7750.398 7321.466 7012.793 6797.844 6466.400 7965.534 10177.833 12229.017 14249.273 15660.837 23299.489 31602.186 38057.743 45942.800 65759.438 77926.698 83853.432 92478.440 93395.114 77858.624 58373.517 38582.298 24003.789 10148.853 1810.809 236.541 38.288 7.479
14.942 90.806 564.199 2659.304 8616.578 17088.928 26903.423 37849.642 49826.189 58579.233 58054.065 51191.186 36435.588 21571.740 10433.380 6618.962 5353.861 4673.938 4102.059 3558.352 3175.492 2956.886 2833.429 2777.542 2781.244 2738.453 2870.044 2909.785 3411.339 4844.341 6508.927 8231.087 9596.835 16174.104 23379.202 27936.809 41938.219 59385.636 69545.944 86976.302 93873.986 88985.258 73696.251 54089.548 38423.774 23104.184 8717.469 1340.538 194.379 38.709
78.206 463.503 2019.294 6489.443 12736.861 20005.507 28688.538 38847.756 44261.900 43646.680 38439.020 25601.996 13134.945 4952.342 2713.997 1996.681 1647.842 1418.581 1204.135 1023.998 916.703 864.749 833.218 829.467 854.721 904.489 963.539 1079.169 1182.204 1401.598 2122.293 3014.390 4170.187 5602.820 10422.885 16259.817 22293.269 38772.840 51844.781 69735.449 88718.641 89613.840 82738.726 68449.623 53893.372 37007.168 20164.678 6649.264 935.245 186.417
353.130 1394.591 4403.869 8873.738 14077.657 20889.705 28415.117 31503.487 31050.427 27109.497 16927.225 7771.588 2338.891 1058.324 670.775 501.177 411.722 346.576 286.909 240.461 216.198 206.875 201.542 203.689 212.368 233.340 272.319 323.913 387.603 448.404 587.996 928.053 1406.386 1956.310 3714.642 6967.465 11016.993 21537.962 35246.957 49027.670 73153.120 85408.358 84216.760 79665.173 68922.726 50602.169 31998.381 15991.795 4471.414 809.574
867.183 2741.969 5663.531 9544.257 14480.748 19327.318 21025.096 20670.767 17988.182 10822.870 4607.715 1205.174 426.009 215.026 138.272 101.865 81.926 67.039 54.341 44.910 41.535 40.631 40.393 40.907 43.047 49.470 63.140 81.918 103.867 134.046 160.050 281.597 490.977 747.947 1523.919 3124.788 5251.461 11325.476 21406.419 31444.378 55235.819 71816.452 81108.102 84431.607 80085.723 63397.542 43992.099 25248.210 11411.800 3468.485
1551.410 3363.367 6122.705 9100.245 11933.738 13150.479 12919.515 11144.411 6620.963 2697.796 656.755 197.640 73.119 36.482 22.700 16.114 12.568 10.117 8.206 6.946 6.564 6.532 6.605 6.869 7.562 9.457 12.377 17.208 25.346 34.814 47.702 95.526 187.186 317.718 759.682 1673.502 2944.070 6658.682 12725.271 20926.933 39604.856 57862.513 70187.066 84197.473 83368.289 73828.296 54062.018 34434.121 18739.470 9143.232
1908.484 3479.317 5084.811 6787.080 7554.026 7409.685 6335.875 3860.318 1624.053 365.827 103.297 32.176 10.836 4.927 2.903 1.977 1.506 1.233 1.053 0.934 0.898 0.905 0.946 1.061 1.272 1.550 2.077 3.262 5.344 9.252 15.954 35.417 82.390 154.120 428.455 1004.904 2048.575 4583.114 8504.762 15210.337 29016.087 45466.312 58841.564 78848.911 83515.397 78131.880 62019.350 42818.669 26123.679 16035.570
1712.984 2473.348 3409.360 3809.472 3723.108 3204.404 2069.361 980.174 224.865 54.251 16.083 4.769 1.376 0.529 0.296 0.200 0.000 0.000 0.000 0.000 0.000 0.000 0.000 0.000 0.000 0.246 0.350 0.591 1.152 2.511 5.431 13.765 39.377 82.366 264.594 638.305 1512.079 3489.910 6321.910 12455.315 23079.059 36258.635 49948.107 70873.803 79720.807 77406.561 66447.083 50060.263 35122.180 23880.638
1035.470 1405.557 1502.128 1473.226 1354.641 981.731 537.257 156.600 30.260 7.979 2.266 0.605 0.146 0.000 0.000 0.000 0.000 0.000 0.000 0.000 0.000 0.000 0.000 0.000 0.000 0.000 0.000 0.000 0.260 0.664 1.888 5.306 17.971 45.001 163.664 408.024 1063.798 2623.409 4854.780 10503.713 19412.841 29814.962 44161.978 63696.817 75189.864 74427.706 66932.795 56529.803 43870.432 31798.156
376.776 451.467 470.524 463.745 406.243 253.949 101.344 18.062 4.101 1.082 0.282 0.000 0.000 0.000 0.000 0.000 0.000 0.000 0.000 0.000 0.000 0.000 0.000 0.000 0.000 0.000 0.000 0.000 0.000 0.167 0.572 1.812 6.553 21.190 78.938 236.091 694.491 1852.182 3671.855 8690.169 16294.949 25285.730 40600.585 57758.407 69350.120 70508.791 66124.567 62390.778 51025.357 38478.227
109.260 128.633 131.410 126.925 99.117 51.813 12.227 2.067 0.495 0.000 0.000 0.000 0.000 0.000 0.000 0.000 0.000 0.000 0.000 0.000 0.000 0.000 0.000 0.000 0.000 0.000 0.000 0.000 0.000 0.000 0.124 0.514 2.013 7.463 32.998 117.736 444.911 1255.170 3008.571 7180.742 13578.291 22152.540 38229.113 53471.713 63948.529 66692.184 66842.081 66275.042 54915.121 43292.148
27.821 30.767 30.717 28.306 18.721 7.235 1.105 0.211 0.000 0.000 0.000 0.000 0.000 0.000 0.000 0.000 0.000 0.000 0.000 0.000 0.000 0.000 0.000 0.000 0.000 0.000 0.000 0.000 0.000 0.000 0.000 0.153 0.735 3.830 17.850 68.851 321.667 889.319 2589.713 6160.729 11489.832 21204.035 35796.238 49976.390 59194.403 62879.665 68971.121 68411.046 57137.121 45750.376
5.394 5.660 5.575 4.769 2.610 0.625 0.000 0.000 0.000 0.000 0.000 0.000 0.000 0.000 0.000 0.000 0.000 0.000 0.000 0.000 0.000 0.000 0.000 0.000 0.000 0.000 0.000 0.000 0.000 0.000 0.000 0.091 0.441 2.215 10.533 53.558 258.594 722.889 2286.170 5370.980 10170.426 20646.968 33813.115 46259.208 54952.732 65150.337 70677.885 68719.111 58257.386 46367.120
0.761 0.776 0.751 0.577 0.257 0.000 0.000 0.000 0.000 0.000 0.000 0.000 0.000 0.000 0.000 0.000 0.000 0.000 0.000 0.000 0.000 0.000 0.000 0.000 0.000 0.000 0.000 0.000 0.000 0.000 0.000 0.000 0.304 1.639 8.644 42.771 201.475 650.606 2038.158 4722.228 10036.644 20710.723 32746.874 43216.800 52705.298 66552.817 70391.560 68308.831 56344.318 46050.554
0.000 0.000 0.000 0.000 0.000 0.000 0.000 0.000 0.000 0.000 0.000 0.000 0.000 0.000 0.000 0.000 0.000 0.000 0.000 0.000 0.000 0.000 0.000 0.000 0.000 0.000 0.000 0.000 0.000 0.000 0.000 0.000 0.272 1.456 7.135 33.154 143.176 583.979 1840.950 4204.354 10337.208 20548.342 31639.823 41125.877 56147.546 67425.387 69908.817 65600.676 53821.884 44686.319
0.000 0.000 0.000 0.000 0.000 0.000 0.000 0.000 0.000 0.000 0.000 0.000 0.000 0.000 0.000 0.000 0.000 0.000 0.000 0.000 0.000 0.000 0.000 0.000 0.000 0.000 0.000 0.000 0.000 0.000 0.000 0.000 0.235 1.260 6.069 31.539 140.682 555.448 1658.839 4196.572 10823.852 20513.599 30398.091 42462.815 59762.535 67210.246 68654.094 62114.620 51596.565 48318.534
0.000 0.000 0.000 0.000 0.000 0.000 0.000 0.000 0.000 0.000 0.000 0.000 0.000 0.000 0.000 0.000 0.000 0.000 0.000 0.000 0.000 0.000 0.000 0.000 0.000 0.000 0.000 0.000 0.000 0.000 0.000 0.000 0.197 1.162 6.657 32.797 146.838 551.776 1545.399 4580.391 11203.737 20010.213 29190.741 46957.403 62054.165 67496.807 66145.522 59040.886 55875.836 50484.019
0.000 0.000 0.000 0.000 0.000 0.000 0.000 0.000 0.000 0.000 0.000 0.000 0.000 0.000 0.000 0.000 0.000 0.000 0.000 0.000 0.000 0.000 0.000 0.000 0.000 0.000 0.000 0.000 0.000 0.000 0.000 0.000 0.223 1.400 7.432 35.393 153.003 542.757 1774.657 5245.829 11662.575 19514.715 33088.379 50574.380 63262.480 66025.984 63832.401 61673.560 58609.405 49083.902
0.000 0.000 0.000 0.000 0.000 0.000 0.000 0.000 0.000 0.000 0.000 0.000 0.000 0.000 0.000 0.000 0.000 0.000 0.000 0.000 0.000 0.000 0.000 0.000 0.000 0.000 0.000 0.000 0.000 0.000 0.000 0.000 0.325 1.814 8.617 37.304 155.244 607.916 2091.499 5651.957 11778.216 21596.697 37738.407 52991.693 62785.376 64601.898 65713.673 67076.514 57751.455 47044.287
0.000 0.000 0.000 0.000 0.000 0.000 0.000 0.000 0.000 0.000 0.000 0.000 0.000 0.000 0.000 0.000 0.000 0.000 0.000 0.000 0.000 0.000 0.000 0.000 0.000 0.000 0.000 0.000 0.000 0.000 0.000 0.095 0.510 2.444 11.077 46.793 195.097 737.647 2349.302 6317.277 12640.946 26136.319 41652.648 54958.629 60734.065 67432.142 71926.248 68968.167 55551.639 42724.873
0.000 0.000 0.000 0.000 0.000 0.000 0.000 0.000 0.000 0.000 0.000 0.000 0.000 0.000 0.000 0.000 0.000 0.000 0.000 0.000 0.000 0.000 0.000 0.000 0.000 0.000 0.000 0.000 0.000 0.000 0.000 0.184 0.994 4.561 18.606 68.871 241.795 857.614 2656.163 6541.412 16326.320 30359.578 44961.581 54534.856 64661.959 74170.760 74343.294 66535.490 50598.784 37742.628
0.000 0.000 0.000 0.000 0.000 0.000 0.000 0.000 0.000 0.000 0.000 0.000 0.000 0.000 0.000 0.000 0.000 0.000 0.000 0.000 0.000 0.000 0.000 0.000 0.000 0.000 0.000 0.000 0.000 0.000 0.000 0.326 1.692 7.280 28.031 97.900 318.379 996.703 2904.968 8919.794 20333.655 33945.616 45260.541 58169.018 73631.905 77243.119 75072.784 60314.942 45457.908 36838.533
0.000 0.000 0.000 0.000 0.000 0.000 0.000 0.000 0.000 0.000 0.000 0.000 0.000 0.000 0.000 0.000 0.000 0.000 0.000 0.000 0.000 0.000 0.000 0.000 0.000 0.000 0.000 0.000 0.000 0.000 0.113 0.678 3.203 12.056 39.964 126.567 387.360 1254.845 4260.277 12061.080 23942.592 34850.817 49689.123 70687.502 77147.684 78770.764 67993.366 54934.050 45956.741 35509.247
0.000 0.000 0.000 0.000 0.000 0.000 0.000 0.000 0.000 0.000 0.000 0.000 0.000 0.000 0.000 0.000 0.000 0.000 0.000 0.000 0.000 0.000 0.000 0.000 0.000 0.000 0.000 0.000 0.000 0.000 0.203 1.177 5.770 22.823 76.072 230.372 676.791 2030.632 6108.980 15233.682 25293.895 41038.734 63154.692 75631.494 78882.174 73996.476 63429.463 57347.368 43183.488 29469.703
0.000 0.000 0.000 0.000 0.000 0.000 0.000 0.000 0.000 0.000 0.000 0.000 0.000 0.000 0.000 0.000 0.000 0.000 0.000 0.000 0.000 0.000 0.000 0.000 0.000 0.000 0.000 0.000 0.000 0.000 0.526 3.048 13.500 50.111 155.566 426.064 1140.614 3101.510 8396.041 16748.352 32817.038 53888.472 71561.535 77726.711 77058.041 72204.483 68439.637 52608.703 36738.383 21624.122
0.000 0.000 0.000 0.000 0.000 0.000 0.000 0.000 0.000 0.000 0.000 0.000 0.137 0.142 0.000 0.000 0.000 0.000 0.000 0.000 0.000 0.000 0.000 0.000 0.000 0.000 0.000 0.000 0.000 0.225 1.553 7.910 30.966 96.827 263.014 661.186 1647.025 4301.862 11230.559 25234.104 43867.319 62963.234 73721.170 76764.634 79308.805 78599.205 61786.775 44849.679 27348.235 14644.437
0.000 0.000 0.000 0.000 0.000 0.000 0.000 0.000 0.000 0.398 0.731 1.096 0.875 0.362 0.000 0.000 0.000 0.000 0.000 0.000 0.000 0.000 0.000 0.000 0.000 0.000 0.000 0.000 0.133 0.805 4.184 18.836 73.595 238.366 600.880 1344.421 3061.088 7988.903 19021.876 34905.208 51874.285 64735.860 77473.418 84617.551 83863.492 71709.077 52438.881 33799.496 18818.529 10451.316
0.000 0.000 0.000 0.000 0.000 0.000 0.000 0.198 1.383 3.759 5.071 3.315 2.396 0.923 0.279 0.096 0.000 0.000 0.000 0.000 0.000 0.000 0.000 0.000 0.000 0.000 0.076 0.184 0.753 4.084 17.788 69.764 223.837 577.688 1273.131 2705.538 5953.505 13774.455 26015.009 40088.778 56759.691 78231.911 86676.721 88961.056 78293.568 58705.347 40103.514 23910.144 13850.687 6454.136
0.000 0.000 0.000 0.000 0.000 0.000 0.230 2.162 7.575 9.534 11.138 10.159 5.467 2.144 0.931 0.328 0.091 0.000 0.000 0.000 0.000 0.000 0.000 0.094 0.188 0.369 0.742 1.869 5.734 19.202 57.378 177.383 585.237 1262.908 2312.923 4410.375 9554.909 18546.988 34072.488 55317.899 76144.269 86998.045 89181.952 81479.806 64092.898 45740.967 29588.369 17905.369 8489.037 3073.616
0.000 0.000 0.000 0.000 0.000 0.155 2.012 9.225 13.915 23.644 25.378 20.074 11.387 6.487 2.892 1.029 0.430 0.237 0.179 0.199 0.231 0.366 0.540 0.845 1.736 3.416 6.813 16.437 35.888 98.065 247.635 708.609 1663.823 3090.008 5333.856 9680.009 18114.582 32428.158 50691.302 71596.530 83716.377 85742.935 82451.021 68264.373 50727.885 35521.948 22255.446 11019.506 3734.339 1170.520
0.000 0.000 0.000 0.000 0.000 1.084 7.592 13.393 27.191 39.958 42.463 40.727 32.163 18.785 8.816 3.898 1.854 1.375 1.313 1.409 1.817 2.856 4.261 6.932 13.844 25.900 47.815 96.797 188.650 365.545 761.631 1720.596 3267.492 5649.506 9790.553 17188.431 29259.714 44686.553 61956.588 76716.083 82109.547 80619.350 74694.375 57439.427 41099.116 26364.209 13174.510 4445.819 1429.678 317.901
0.000 0.000 0.000 0.000 0.276 3.994 9.470 22.996 39.785 55.768 75.281 89.030 88.283 60.123 29.285 14.395 9.510 7.063 8.303 8.935 12.895 19.584 28.706 44.620 81.199 143.042 239.688 374.047 681.198 1309.336 2608.246 4694.316 7641.143 11700.273 17705.269 26876.326 40162.229 56550.579 73012.131 82945.876 84858.679 79371.295 62434.606 45589.561 29348.237 14447.919 4614.080 1320.213 284.087 33.240
0.000 0.000 0.000 0.000 0.927 5.614 12.781 27.142 42.784 71.675 114.003 154.677 171.298 157.474 105.018 55.983 46.935 43.055 48.110 50.886 72.824 107.429 153.523 205.329 335.567 565.815 893.926 1382.829 2153.271 3393.023 5860.984 9587.549 14562.007 21579.413 31384.926 43806.819 58163.412 72537.899 82545.005 84296.224 78947.772 63776.674 47162.684 30729.532 15705.298 5186.188 1435.882 236.076 32.098 4.914
0.000 0.000 0.000 0.149 1.764 4.921 13.203 25.125 43.381 84.531 150.066 219.963 262.068 307.837 324.533 272.638 240.700 219.608 245.035 260.386 319.793 465.980 646.004 854.019 1109.881 1665.781 2631.676 4009.635 6048.944 9068.999 12901.345 17284.883 22998.375 31752.186 42745.154 55067.081 67501.779 76128.844 77387.253 74452.602 61984.117 46352.206 30325.764 15622.182 5330.207 1332.950 211.882 31.342 4.796 0.759
