tests/test_03/output7/CloudConcentration_005.00hrs.dat
NCOLS    50
NROWS    50
XLLCORNER    -2289770.000
YLLCORNER     2591270.000
CELLSIZE        2000.000       2000.000
NODATA_VALUE  0.000
[rows 0 to 29 of 50, columns 0 to 49 of 50]
0.000000 0.000000 0.000000 0.000000 0.000000 0.000000 0.000000 0.378461 2.348595 13.543691 72.368050 365.370117 2111.332764 9197.762695 19205.689453 30384.322266 40814.882812 49770.367188 56423.234375 59315.812500 60020.203125 59158.316406 58943.488281 63856.417969 67983.414062 67985.890625 66954.296875 62235.273438 57432.519531 60163.527344 61007.453125 55362.578125 47705.351562 36890.011719 29670.429688 22402.851562 14741.570312 6562.789062 2460.227295 537.166809 68.935509 10.376603 1.653708 0.269946 0.000000 0.000000 0.000000 0.000000 0.000000 0.000000
0.000000 0.000000 0.000000 0.000000 0.000000 0.000000 0.369939 2.323616 13.707726 77.386024 412.521729 2416.486328 10117.861328 19981.652344 31140.281250 43066.230469 54695.949219 63381.703125 68425.273438 70798.343750 70090.828125 67335.398438 64476.367188 62463.980469 67289.476562 71195.468750 72804.609375 72466.585938 67579.710938 62304.527344 68571.929688 69950.476562 62972.093750 53143.769531 42753.605469 35694.941406 27581.375000 17786.962891 7005.863770 2545.658447 489.337189 66.787796 10.093448 1.622231 0.259609 0.000000 0.000000 0.000000 0.000000 0.000000
0.000000 0.000000 0.000000 0.000000 0.000000 0.392433 2.526565 15.299295 89.159966 517.909973 3225.985352 12919.417969 24874.626953 36461.066406 47258.265625 57364.300781 69036.492188 75074.750000 77036.609375 76169.179688 74458.773438 72502.312500 69520.445312 66068.031250 63549.121094 68219.343750 72451.929688 74188.617188 75648.171875 73094.085938 68768.164062 75095.273438 77541.625000 73222.750000 60431.699219 50689.152344 43174.703125 33277.687500 20366.728516 8033.603516 2710.249023 450.802948 64.330620 9.799517 1.553325 0.240479 0.000000 0.000000 0.000000 0.000000
0.000000 0.000000 0.000000 0.000000 0.404443 2.641963 16.508577 100.477745 616.831238 4000.746094 15436.741211 29678.587891 43772.445312 56097.265625 66430.343750 71469.226562 72331.515625 75296.226562 75971.015625 73892.671875 71764.867188 69860.445312 68140.500000 65890.625000 62690.425781 59454.695312 63982.976562 70190.890625 73381.242188 75150.257812 73358.343750 71768.656250 79562.937500 83313.710938 79925.093750 67191.929688 60474.695312 50374.675781 38063.746094 23150.029297 9210.627930 2675.255371 436.551208 60.637146 9.278802 1.445709 0.217748 0.000000 0.000000 0.000000
0.000000 0.000000 0.000000 0.413343 2.733887 17.434813 110.253578 722.659119 4657.641602 16926.625000 32690.947266 48522.929688 63966.992188 76648.773438 80140.132812 79438.007812 76084.195312 70273.851562 63646.921875 59766.832031 58078.289062 57847.488281 57868.792969 56681.195312 55835.148438 54130.617188 52122.792969 54958.000000 64133.992188 70034.226562 72582.101562 71172.320312 74193.882812 83053.757812 87413.812500 83884.773438 72785.179688 69630.515625 56823.191406 41593.308594 24237.099609 9812.948242 2727.796875 404.917175 56.701485 8.670014 1.336054 0.200979 0.000000 0.000000
0.000000 0.000000 0.445185 2.946994 19.007929 120.891006 805.488403 4812.904785 16628.808594 32661.023438 50000.171875 67786.656250 81137.179688 85432.039062 85552.398438 80693.000000 71507.546875 61730.539062 52891.070312 45900.507812 41164.984375 38979.738281 39953.097656 41072.621094 41967.597656 42585.566406 43143.140625 42655.175781 43368.871094 53100.527344 61492.132812 66373.960938 67160.609375 75529.500000 84798.468750 88716.257812 85983.953125 80918.101562 76986.664062 60633.386719 43669.023438 24307.814453 10404.904297 2672.404053 365.542145 52.371456 8.055925 1.256022 0.191494 0.000000
0.000000 0.536416 3.366197 20.640568 125.976471 818.013977 4530.988281 15124.412109 29772.064453 46909.558594 65065.824219 79994.757812 85975.500000 86655.742188 81673.218750 68722.117188 55641.386719 45067.613281 38082.019531 33665.812500 30049.265625 26937.000000 24427.320312 24310.630859 25879.773438 27925.662109 29676.380859 31247.888672 31526.750000 32338.089844 41736.589844 50920.281250 57511.707031 60913.769531 74635.609375 84889.570312 87501.148438 85816.125000 88801.281250 79876.078125 62845.738281 42866.335938 24249.626953 10815.911133 2521.028320 323.861328 47.888626 7.538764 1.199466 0.208817
0.557443 3.361746 20.103821 121.490387 766.674316 4042.511719 12975.166992 25718.457031 41058.152344 57424.078125 72076.515625 81993.992188 83274.101562 76138.007812 60207.984375 45237.562500 33478.234375 26744.984375 23238.060547 20846.472656 18641.947266 16833.177734 15488.632812 14302.708008 13281.862305 14309.564453 16224.623047 18358.519531 20367.019531 21992.677734 23312.275391 32062.601562 40895.039062 47938.750000 52924.468750 71908.453125 83884.429688 84987.101562 89041.929688 92589.179688 80710.093750 61457.812500 41135.929688 23318.925781 10794.683594 2207.712646 280.903656 43.390110 7.048684 1.304276
3.036269 17.869370 107.891548 667.406616 3351.463135 10738.391602 21480.755859 34083.160156 47753.519531 61344.828125 72050.585938 72354.101562 64812.988281 48956.449219 32589.277344 20134.910156 14664.333984 12539.687500 11204.905273 9967.102539 8934.037109 8232.167969 7750.397461 7321.466309 7012.792969 6797.844238 6466.400391 7965.533691 10177.833008 12229.016602 14249.272461 15660.836914 23299.488281 31602.185547 38057.742188 45942.800781 65759.437500 77926.695312 83853.429688 92478.437500 93395.117188 77858.625000 58373.515625 38582.296875 24003.789062 10148.853516 1810.809082 236.541428 38.288208 7.478903
14.941728 90.806358 564.199402 2659.304443 8616.578125 17088.927734 26903.423828 37849.640625 49826.187500 58579.234375 58054.066406 51191.187500 36435.589844 21571.740234 10433.379883 6618.961426 5353.860840 4673.938477 4102.059082 3558.352295 3175.491699 2956.885742 2833.428711 2777.542236 2781.243652 2738.452637 2870.043701 2909.784668 3411.338623 4844.340820 6508.927246 8231.086914 9596.834961 16174.103516 23379.201172 27936.808594 41938.218750 59385.636719 69545.945312 86976.304688 93873.984375 88985.257812 73696.250000 54089.546875 38423.773438 23104.183594 8717.468750 1340.537964 194.379242 38.709015
78.206406 463.503052 2019.293823 6489.443359 12736.860352 20005.507812 28688.539062 38847.757812 44261.898438 43646.679688 38439.019531 25601.996094 13134.945312 4952.342285 2713.997070 1996.681152 1647.841553 1418.580933 1204.135376 1023.997925 916.703308 864.749451 833.218506 829.466614 854.720581 904.489075 963.538574 1079.168701 1182.204102 1401.597900 2122.293457 3014.390381 4170.187012 5602.819824 10422.884766 16259.817383 22293.269531 38772.839844 51844.781250 69735.445312 88718.640625 89613.843750 82738.726562 68449.625000 53893.371094 37007.167969 20164.677734 6649.264160 935.245056 186.416733
353.129761 1394.590820 4403.869141 8873.738281 14077.657227 20889.705078 28415.117188 31503.486328 31050.427734 27109.498047 16927.224609 7771.587891 2338.890625 1058.323608 670.774658 501.176758 411.721649 346.576172 286.908752 240.461166 216.198074 206.874847 201.541946 203.688980 212.367569 233.340332 272.318817 323.913147 387.603333 448.403870 587.996460 928.053223 1406.385742 1956.310059 3714.642334 6967.465332 11016.993164 21537.960938 35246.957031 49027.667969 73153.117188 85408.359375 84216.757812 79665.171875 68922.726562 50602.167969 31998.380859 15991.794922 4471.413574 809.573669
867.182800 2741.968994 5663.531250 9544.256836 14480.748047 19327.318359 21025.095703 20670.767578 17988.181641 10822.870117 4607.714844 1205.173828 426.009186 215.025696 138.271774 101.865334 81.926353 67.039391 54.340862 44.910469 41.534988 40.630917 40.393150 40.906910 43.046684 49.469761 63.139816 81.917542 103.867249 134.045547 160.049942 281.596527 490.977142 747.947388 1523.919312 3124.788330 5251.461426 11325.475586 21406.419922 31444.378906 55235.820312 71816.453125 81108.101562 84431.609375 80085.726562 63397.542969 43992.097656 25248.210938 11411.800781 3468.484863
1551.409546 3363.367188 6122.705566 9100.245117 11933.738281 13150.478516 12919.514648 11144.411133 6620.962891 2697.795898 656.754578 197.639893 73.118698 36.482018 22.699520 16.114330 12.568289 10.116895 8.205647 6.946040 6.564167 6.532190 6.605268 6.868617 7.561629 9.457375 12.377069 17.207563 25.345543 34.814369 47.702385 95.525932 187.186417 317.717804 759.682007 1673.502197 2944.069824 6658.681641 12725.270508 20926.933594 39604.855469 57862.511719 70187.062500 84197.468750 83368.289062 73828.296875 54062.019531 34434.121094 18739.470703 9143.232422
1908.484375 3479.317383 5084.811523 6787.080078 7554.026367 7409.685547 6335.875488 3860.318115 1624.052979 365.827026 103.297470 32.175728 10.835758 4.926683 2.902712 1.976558 1.505881 1.232623 1.053025 0.934093 0.897613 0.904893 0.945781 1.060609 1.271915 1.550255 2.076911 3.262183 5.343760 9.252133 15.953835 35.417149 82.389549 154.120026 428.454590 1004.904236 2048.575195 4583.113770 8504.762695 15210.336914 29016.085938 45466.312500 58841.562500 78848.914062 83515.398438 78131.882812 62019.347656 42818.667969 26123.679688 16035.569336
1712.984375 2473.347656 3409.360352 3809.472412 3723.107910 3204.404053 2069.360840 980.174011 224.865479 54.251453 16.082714 4.769458 1.375527 0.529397 0.296019 0.199964 0.000000 0.000000 0.000000 0.000000 0.000000 0.000000 0.000000 0.000000 0.000000 0.246261 0.349688 0.590558 1.151591 2.510648 5.431030 13.765069 39.377235 82.366417 264.593536 638.304626 1512.078979 3489.910400 6321.910156 12455.314453 23079.058594 36258.636719 49948.105469 70873.804688 79720.804688 77406.562500 66447.085938 50060.261719 35122.179688 23880.638672
1035.469849 1405.557373 1502.128052 1473.226196 1354.640869 981.730835 537.256836 156.600052 30.259521 7.979398 2.266382 0.604926 0.146079 0.000000 0.000000 0.000000 0.000000 0.000000 0.000000 0.000000 0.000000 0.000000 0.000000 0.000000 0.000000 0.000000 0.000000 0.000000 0.259904 0.664330 1.888147 5.305694 17.970787 45.000626 163.663895 408.023987 1063.797607 2623.408691 4854.779785 10503.712891 19412.839844 29814.960938 44161.976562 63696.816406 75189.867188 74427.703125 66932.796875 56529.804688 43870.433594 31798.156250
376.775513 451.467010 470.523590 463.744873 406.243347 253.949112 101.343544 18.062496 4.101232 1.081791 0.281917 0.000000 0.000000 0.000000 0.000000 0.000000 0.000000 0.000000 0.000000 0.000000 0.000000 0.000000 0.000000 0.000000 0.000000 0.000000 0.000000 0.000000 0.000000 0.167467 0.572028 1.811614 6.552513 21.190294 78.938354 236.090958 694.491272 1852.182129 3671.854736 8690.168945 16294.949219 25285.730469 40600.585938 57758.406250 69350.117188 70508.789062 66124.570312 62390.777344 51025.355469 38478.226562
109.259987 128.633255 131.409576 126.924652 99.116844 51.812775 12.227168 2.066609 0.495312 0.000000 0.000000 0.000000 0.000000 0.000000 0.000000 0.000000 0.000000 0.000000 0.000000 0.000000 0.000000 0.000000 0.000000 0.000000 0.000000 0.000000 0.000000 0.000000 0.000000 0.000000 0.124003 0.514229 2.013380 7.463002 32.997616 117.735855 444.910950 1255.169678 3008.570801 7180.741699 13578.291016 22152.539062 38229.113281 53471.714844 63948.527344 66692.179688 66842.078125 66275.039062 54915.121094 43292.148438
27.821190 30.767239 30.716997 28.306087 18.720932 7.235447 1.104870 0.211275 0.000000 0.000000 0.000000 0.000000 0.000000 0.000000 0.000000 0.000000 0.000000 0.000000 0.000000 0.000000 0.000000 0.000000 0.000000 0.000000 0.000000 0.000000 0.000000 0.000000 0.000000 0.000000 0.000000 0.153083 0.734958 3.830388 17.849636 68.851227 321.666595 889.319336 2589.713135 6160.729004 11489.832031 21204.035156 35796.238281 49976.390625 59194.402344 62879.664062 68971.117188 68411.046875 57137.121094 45750.375000
5.393623 5.659886 5.575233 4.769276 2.610388 0.625055 0.000000 0.000000 0.000000 0.000000 0.000000 0.000000 0.000000 0.000000 0.000000 0.000000 0.000000 0.000000 0.000000 0.000000 0.000000 0.000000 0.000000 0.000000 0.000000 0.000000 0.000000 0.000000 0.000000 0.000000 0.000000 0.090578 0.441059 2.214622 10.532741 53.557892 258.594147 722.889282 2286.170166 5370.980469 10170.426758 20646.968750 33813.113281 46259.207031 54952.730469 65150.335938 70677.882812 68719.109375 58257.386719 46367.121094
0.760926 0.775915 0.750860 0.576723 0.257395 0.000000 0.000000 0.000000 0.000000 0.000000 0.000000 0.000000 0.000000 0.000000 0.000000 0.000000 0.000000 0.000000 0.000000 0.000000 0.000000 0.000000 0.000000 0.000000 0.000000 0.000000 0.000000 0.000000 0.000000 0.000000 0.000000 0.000000 0.303849 1.639043 8.643641 42.771404 201.474655 650.606445 2038.158203 4722.228027 10036.644531 20710.722656 32746.873047 43216.800781 52705.296875 66552.820312 70391.562500 68308.828125 56344.320312 46050.554688
0.000000 0.000000 0.000000 0.000000 0.000000 0.000000 0.000000 0.000000 0.000000 0.000000 0.000000 0.000000 0.000000 0.000000 0.000000 0.000000 0.000000 0.000000 0.000000 0.000000 0.000000 0.000000 0.000000 0.000000 0.000000 0.000000 0.000000 0.000000 0.000000 0.000000 0.000000 0.000000 0.271701 1.455554 7.134741 33.153820 143.175934 583.979492 1840.949707 4204.354492 10337.208008 20548.341797 31639.822266 41125.875000 56147.546875 67425.382812 69908.820312 65600.679688 53821.882812 44686.320312
0.000000 0.000000 0.000000 0.000000 0.000000 0.000000 0.000000 0.000000 0.000000 0.000000 0.000000 0.000000 0.000000 0.000000 0.000000 0.000000 0.000000 0.000000 0.000000 0.000000 0.000000 0.000000 0.000000 0.000000 0.000000 0.000000 0.000000 0.000000 0.000000 0.000000 0.000000 0.000000 0.235060 1.260187 6.068658 31.538706 140.682068 555.448181 1658.838989 4196.572266 10823.851562 20513.599609 30398.091797 42462.816406 59762.535156 67210.242188 68654.093750 62114.621094 51596.566406 48318.535156
0.000000 0.000000 0.000000 0.000000 0.000000 0.000000 0.000000 0.000000 0.000000 0.000000 0.000000 0.000000 0.000000 0.000000 0.000000 0.000000 0.000000 0.000000 0.000000 0.000000 0.000000 0.000000 0.000000 0.000000 0.000000 0.000000 0.000000 0.000000 0.000000 0.000000 0.000000 0.000000 0.197312 1.162335 6.656856 32.796974 146.837524 551.776001 1545.399414 4580.390625 11203.737305 20010.212891 29190.740234 46957.402344 62054.164062 67496.804688 66145.523438 59040.886719 55875.835938 50484.019531
0.000000 0.000000 0.000000 0.000000 0.000000 0.000000 0.000000 0.000000 0.000000 0.000000 0.000000 0.000000 0.000000 0.000000 0.000000 0.000000 0.000000 0.000000 0.000000 0.000000 0.000000 0.000000 0.000000 0.000000 0.000000 0.000000 0.000000 0.000000 0.000000 0.000000 0.000000 0.000000 0.223457 1.400020 7.431832 35.392643 153.003143 542.757324 1774.656982 5245.828613 11662.575195 19514.714844 33088.378906 50574.378906 63262.480469 66025.984375 63832.402344 61673.558594 58609.406250 49083.902344
0.000000 0.000000 0.000000 0.000000 0.000000 0.000000 0.000000 0.000000 0.000000 0.000000 0.000000 0.000000 0.000000 0.000000 0.000000 0.000000 0.000000 0.000000 0.000000 0.000000 0.000000 0.000000 0.000000 0.000000 0.000000 0.000000 0.000000 0.000000 0.000000 0.000000 0.000000 0.000000 0.325127 1.813725 8.616633 37.303516 155.244247 607.916321 2091.498535 5651.957520 11778.215820 21596.697266 37738.406250 52991.691406 62785.375000 64601.898438 65713.671875 67076.515625 57751.453125 47044.285156
0.000000 0.000000 0.000000 0.000000 0.000000 0.000000 0.000000 0.000000 0.000000 0.000000 0.000000 0.000000 0.000000 0.000000 0.000000 0.000000 0.000000 0.000000 0.000000 0.000000 0.000000 0.000000 0.000000 0.000000 0.000000 0.000000 0.000000 0.000000 0.000000 0.000000 0.000000 0.094937 0.509568 2.443867 11.076907 46.793182 195.096558 737.646790 2349.301514 6317.276855 12640.946289 26136.318359 41652.648438 54958.628906 60734.066406 67432.140625 71926.250000 68968.164062 55551.640625 42724.871094
0.000000 0.000000 0.000000 0.000000 0.000000 0.000000 0.000000 0.000000 0.000000 0.000000 0.000000 0.000000 0.000000 0.000000 0.000000 0.000000 0.000000 0.000000 0.000000 0.000000 0.000000 0.000000 0.000000 0.000000 0.000000 0.000000 0.000000 0.000000 0.000000 0.000000 0.000000 0.184482 0.993583 4.561300 18.605986 68.870758 241.794968 857.614502 2656.163330 6541.411621 16326.319336 30359.578125 44961.582031 54534.855469 64661.960938 74170.757812 74343.296875 66535.492188 50598.785156 37742.628906
0.000000 0.000000 0.000000 0.000000 0.000000 0.000000 0.000000 0.000000 0.000000 0.000000 0.000000 0.000000 0.000000 0.000000 0.000000 0.000000 0.000000 0.000000 0.000000 0.000000 0.000000 0.000000 0.000000 0.000000 0.000000 0.000000 0.000000 0.000000 0.000000 0.000000 0.000000 0.326324 1.691696 7.280402 28.031147 97.899857 318.378876 996.702576 2904.968262 8919.793945 20333.654297 33945.617188 45260.542969 58169.019531 73631.906250 77243.117188 75072.781250 60314.941406 45457.910156 36838.531250
