tests/test_03/output7/CloudLoad_010.00hrs.dat
NCOLS    50
NROWS    50
XLLCORNER    -2289770.000
YLLCORNER     2591270.000
CELLSIZE        2000.000       2000.000
NODATA_VALUE  0.000
[rows 0 to 44 of 50, columns 0 to 49 of 50]
381.251 413.913 456.741 506.635 563.752 628.227 700.618 781.340 871.479 973.418 1090.110 1224.763 1381.625 1563.508 1774.216 2020.845 2308.270 2639.076 3021.226 3470.434 4003.016 4623.542 5330.245 6133.158 7055.169 8120.878 9341.747 10708.150 12217.068 13872.965 15668.538 17527.599 19322.066 20998.560 22258.040 23241.171 23461.791 23247.655 22549.417 20862.933 18893.115 16182.558 13674.054 10969.690 8747.346 6446.299 4415.389 2963.228 1756.206 299.551
209.048 230.521 258.526 290.610 326.793 367.541 413.790 466.966 528.946 602.172 689.373 793.139 916.167 1062.510 1238.388 1449.195 1697.400 1988.991 2339.385 2764.492 3268.200 3846.390 4513.077 5301.913 6240.825 7333.510 8564.880 9949.371 11519.134 13276.956 15193.367 17191.379 19099.489 20979.456 22449.217 23603.408 24009.777 23924.405 23324.027 21743.311 19898.586 17176.343 14606.058 11798.949 9466.097 7030.450 4842.696 3266.915 1967.048 353.466
148.725 165.574 187.404 212.251 240.217 271.929 308.479 351.605 403.327 465.864 541.444 632.205 740.969 872.802 1033.491 1226.691 1455.996 1730.667 2066.427 2474.695 2953.630 3503.563 4149.143 4924.347 5850.657 6931.996 8161.957 9550.719 11129.766 12920.312 14908.290 17001.693 19035.517 21037.111 22741.355 24104.541 24784.800 24877.679 24402.566 22926.550 21226.355 18510.651 15858.786 12917.138 10429.927 7813.885 5419.166 3665.076 2240.220 425.873
79.260 90.392 104.609 120.689 138.865 159.985 185.347 216.781 256.311 305.864 366.995 441.521 533.190 647.689 789.072 959.992 1166.625 1420.821 1736.434 2119.599 2566.083 3083.390 3705.334 4465.136 5380.706 6454.575 7684.799 9083.348 10683.942 12517.096 14592.880 16830.204 18999.352 21142.221 23078.990 24642.910 25618.542 25936.531 25596.276 24204.943 22618.171 19939.579 17230.473 14162.019 11501.470 8689.223 6077.042 4112.520 2547.167 515.604
44.139 51.031 59.754 69.909 81.908 96.619 115.472 139.557 170.232 209.084 257.669 318.818 397.416 497.079 620.383 771.661 958.212 1192.113 1482.232 1830.017 2240.792 2734.153 3337.767 4076.383 4970.897 6035.505 7271.256 8685.409 10306.800 12171.137 14298.144 16658.097 19026.751 21303.754 23479.197 25237.392 26479.407 27057.850 26885.475 25583.589 24073.084 21446.055 18709.886 15536.567 12685.101 9661.668 6817.734 4608.392 2887.325 620.227
17.685 20.969 25.537 31.483 39.383 49.643 62.807 80.146 102.624 131.243 168.778 219.109 284.894 368.186 473.580 605.688 770.399 976.723 1234.098 1550.709 1937.446 2409.836 2988.258 3699.649 4571.368 5623.284 6867.260 8312.789 9967.973 11854.478 14020.653 16475.399 19045.053 21529.101 23906.100 25895.062 27371.208 28166.807 28224.159 27076.879 25601.797 23022.745 20279.283 17042.817 13983.638 10718.334 7649.368 5160.804 3267.738 747.575
7.073 8.460 10.613 13.849 18.557 25.286 34.461 46.364 61.993 83.625 113.840 154.677 208.539 278.883 368.887 481.763 622.884 802.207 1032.183 1323.751 1687.382 2137.370 2691.553 3374.536 4216.000 5247.327 6494.766 7966.369 9665.974 11605.336 13812.858 16304.948 19023.705 21724.909 24337.276 26586.514 28304.131 29302.948 29551.169 28659.016 27211.967 24666.957 21930.649 18666.759 15407.577 11878.653 8583.134 5781.908 3693.795 902.476
2.693 3.336 4.455 6.230 8.910 12.711 18.048 25.913 37.770 54.814 78.312 110.347 153.749 211.141 285.084 379.035 499.166 655.460 860.897 1128.300 1469.569 1898.037 2429.884 3086.847 3900.263 4906.333 6141.366 7630.173 9376.424 11381.761 13656.681 16204.877 18992.743 21865.506 24701.262 27273.226 29274.154 30464.826 30896.322 30277.472 28902.530 26377.971 23649.888 20391.357 16955.653 13160.352 9636.574 6480.738 4171.253 1088.127
0.979 1.323 1.939 2.879 4.309 6.502 10.028 15.833 24.839 37.678 55.375 79.816 113.402 158.689 218.597 297.199 401.024 539.198 723.649 967.941 1285.355 1690.164 2200.461 2838.611 3631.626 4613.343 5825.255 7305.978 9076.549 11141.912 13503.144 16140.689 18992.409 21974.641 25001.320 27889.263 30228.366 31657.793 32237.756 31907.306 30657.077 28150.763 25428.101 22195.851 18616.889 14561.538 10813.102 7267.624 4713.452 1310.480
0.344 0.557 0.877 1.333 2.125 3.638 6.250 10.517 16.900 26.115 39.339 57.830 83.084 117.818 166.186 233.234 324.870 448.680 614.871 836.086 1126.810 1504.503 1991.799 2613.926 3394.026 4359.676 5546.429 7002.896 8773.626 10879.784 13325.533 16074.619 19013.743 22080.031 25219.879 28351.430 31003.080 32907.823 33596.161 33508.834 32446.177 29983.807 27263.151 24049.192 20368.900 16074.323 12130.522 8148.047 5316.444 1568.142
0.000 0.235 0.400 0.652 1.157 2.292 4.428 7.314 11.320 17.600 27.194 40.699 59.421 86.375 126.232 184.402 266.175 377.666 527.387 727.239 992.995 1344.129 1803.887 2400.118 3162.901 4118.781 5297.534 6738.446 8492.682 10609.894 13108.759 15959.478 19013.735 22197.630 25396.888 28711.008 31606.287 33971.495 34986.613 35053.216 34207.964 31840.818 29130.032 25934.767 22187.744 17672.344 13559.007 9120.688 5983.318 1864.684
0.000 0.000 0.000 0.363 0.753 1.568 2.757 4.455 6.994 10.972 17.345 27.284 42.134 64.113 97.139 146.840 219.260 319.788 455.130 636.416 880.601 1207.714 1641.263 2208.533 2941.404 3875.908 5048.916 6490.152 8239.833 10351.335 12862.453 15777.132 18934.728 22277.223 25568.490 28980.382 32120.327 34692.284 36201.458 36507.050 35872.208 33656.083 30984.180 27847.614 24052.293 19337.199 15069.262 10191.750 6713.026 2207.350
0.000 0.000 0.000 0.232 0.476 0.767 1.327 2.473 4.253 6.817 11.134 18.818 31.291 50.070 77.958 119.597 181.066 269.136 391.380 558.209 784.860 1091.122 1499.357 2036.813 2735.702 3637.621 4787.465 6223.631 7978.782 10090.944 12601.102 15526.466 18741.878 22223.546 25694.490 29167.245 32477.291 35251.642 37109.240 37763.050 37443.580 35394.579 32806.638 29758.816 25908.952 21046.932 16653.748 11346.997 7496.545 2586.316
0.000 0.000 0.000 0.000 0.000 0.368 0.701 1.330 2.574 4.675 7.994 13.578 23.381 39.715 64.317 99.578 150.428 224.638 332.526 485.785 698.174 986.189 1371.325 1881.038 2548.700 3414.153 4527.367 5940.668 7692.179 9806.609 12314.892 15213.590 18450.202 22009.372 25635.029 29263.895 32722.349 35655.762 37728.670 38729.041 38931.024 37035.090 34519.270 31621.484 27724.438 22767.647 18268.032 12567.488 8337.151 3013.951
0.000 0.000 0.000 0.000 0.000 0.000 0.342 0.710 1.492 3.102 5.820 10.192 17.693 30.786 51.665 82.205 126.040 189.861 283.564 420.166 614.404 882.485 1244.614 1728.904 2370.178 3205.064 4279.115 5646.378 7365.117 9473.526 11984.356 14860.132 18067.869 21632.216 25352.125 29112.161 32718.688 35855.218 38115.902 39399.972 39933.879 38554.961 36142.126 33415.583 29482.039 24476.258 19909.461 13859.572 9224.945 3488.186
0.000 0.000 0.000 0.000 0.000 0.000 0.208 0.456 0.964 2.050 4.239 7.954 13.974 23.941 40.239 65.735 103.995 160.596 244.228 365.806 538.860 781.506 1116.512 1571.862 2183.721 2989.903 4029.564 5353.835 7015.771 9073.195 11562.177 14401.542 17586.434 21114.382 24822.234 28685.533 32400.187 35785.270 38151.118 39748.166 40592.246 39660.922 37522.431 35065.058 31128.138 26119.637 21540.411 15200.181 10149.988 3996.989
0.000 0.000 0.000 0.000 0.000 0.000 0.000 0.323 0.680 1.411 3.001 6.003 10.838 18.452 30.896 51.295 84.171 134.988 209.830 317.365 471.227 689.478 995.048 1416.907 1990.562 2757.192 3756.714 5035.954 6641.980 8626.551 11040.487 13824.125 16978.779 20422.657 24090.871 27961.247 31759.781 35323.359 37839.991 39643.680 40769.729 40425.036 38548.965 36431.416 32635.404 27667.821 23107.803 16577.606 11113.121 4566.146
0.000 0.000 0.000 0.000 0.000 0.000 0.000 0.210 0.448 0.921 1.889 4.002 7.898 13.982 23.770 40.278 67.424 110.278 175.577 271.318 409.201 605.509 882.616 1269.228 1799.120 2511.992 3455.387 4676.754 6219.085 8114.821 10416.170 13087.032 16162.789 19542.598 23170.374 26964.304 30777.329 34416.550 37159.945 39152.535 40542.310 40555.794 39297.626 37451.594 33960.142 29088.915 24606.961 17967.062 12107.927 5181.524
0.000 0.000 0.000 0.000 0.000 0.000 0.000 0.000 0.257 0.659 1.347 2.637 5.298 10.378 18.892 32.419 54.020 88.825 143.107 225.110 346.800 523.299 774.050 1124.878 1608.335 2263.708 3131.204 4265.156 5717.738 7527.647 9705.951 12250.410 15201.958 18456.134 22031.007 25733.767 29467.027 33085.696 35983.673 38272.574 39851.145 40307.315 39394.873 38136.528 34999.532 30335.336 25928.016 19317.615 13119.627 5836.622
0.000 0.000 0.000 0.000 0.000 0.000 0.000 0.000 0.000 0.377 0.937 2.045 3.825 7.201 13.904 25.332 43.401 71.394 115.266 183.156 286.270 439.319 661.143 975.231 1411.297 2007.313 2799.781 3835.354 5172.764 6863.556 8914.092 11318.507 14107.908 17203.488 20640.959 24250.858 27902.716 31425.637 34457.535 36913.763 38739.327 39644.111 39066.048 38272.414 35754.569 31362.686 27122.591 20602.378 14135.350 6553.581
0.000 0.000 0.000 0.000 0.000 0.000 0.000 0.000 0.000 0.232 0.560 1.322 2.690 5.172 9.808 17.988 32.090 55.271 91.642 147.812 233.402 360.908 549.143 820.913 1206.161 1739.020 2454.593 3393.050 4604.821 6150.429 8049.075 10301.030 12904.215 15815.166 19061.395 22519.269 26081.720 29463.801 32474.088 35134.369 37167.620 38482.640 38338.088 37919.595 36013.448 32105.884 28091.834 21800.204 15132.037 7300.647
0.000 0.000 0.000 0.000 0.000 0.000 0.000 0.000 0.000 0.000 0.275 0.642 1.485 3.428 6.722 12.294 22.526 40.192 68.965 114.802 185.734 291.353 447.194 674.659 1002.608 1464.290 2095.272 2935.555 4026.660 5414.205 7134.746 9210.700 11608.088 14328.134 17340.172 20613.482 23996.221 27242.288 30241.350 33006.546 35209.887 36831.621 37253.751 37137.288 35901.598 32493.970 28832.250 22880.340 16093.336 8071.122
0.000 0.000 0.000 0.000 0.000 0.000 0.000 0.000 0.000 0.000 0.000 0.308 0.746 1.788 4.151 8.255 15.350 27.611 48.835 83.701 139.086 225.497 355.804 543.736 813.562 1197.634 1736.729 2471.277 3440.330 4681.517 6212.549 8074.668 10253.328 12760.057 15560.826 18587.657 21741.627 24823.466 27786.367 30583.481 32893.429 34757.399 35714.903 35987.914 35268.896 32493.623 29322.910 23772.339 17002.241 8875.691
0.000 0.000 0.000 0.000 0.000 0.000 0.000 0.000 0.000 0.000 0.000 0.000 0.365 0.885 2.023 4.519 9.830 18.990 33.856 58.532 99.640 165.136 265.941 419.338 643.547 958.667 1404.579 2022.980 2857.998 3946.949 5302.413 6946.734 8883.210 11165.653 13726.991 16484.850 19387.684 22278.400 25204.829 27991.687 30327.496 32363.978 33821.905 34436.945 34301.187 32118.592 29427.081 24471.108 17841.520 9663.195
0.000 0.000 0.000 0.000 0.000 0.000 0.000 0.000 0.000 0.000 0.000 0.000 0.000 0.383 0.944 2.231 4.944 10.616 21.323 39.677 69.555 116.643 190.149 304.419 478.307 738.553 1113.885 1626.542 2316.016 3233.366 4408.102 5853.472 7566.999 9581.460 11914.465 14412.745 17023.437 19724.144 22523.301 25231.476 27659.676 29819.853 31538.665 32609.882 32969.892 31336.561 29228.221 24933.557 18565.356 10448.993
0.000 0.000 0.000 0.000 0.000 0.000 0.000 0.000 0.000 0.000 0.000 0.000 0.000 0.000 0.404 1.000 2.489 5.603 11.567 22.990 43.474 77.145 131.444 216.014 344.461 542.838 840.242 1262.214 1837.845 2597.078 3572.664 4806.561 6315.810 8099.579 10144.029 12393.114 14763.155 17273.634 19886.852 22434.660 24968.693 27178.528 29106.888 30504.614 31295.697 30310.889 28692.069 25086.649 19162.198 11211.302
0.000 0.000 0.000 0.000 0.000 0.000 0.000 0.000 0.000 0.000 0.000 0.000 0.000 0.000 0.000 0.450 1.110 2.717 6.619 13.577 25.366 46.518 83.607 145.325 243.821 395.480 619.287 942.037 1404.295 2034.842 2849.413 3876.717 5158.399 6735.673 8507.222 10472.029 12629.177 14972.855 17371.522 19761.842 22243.864 24567.770 26612.205 28210.405 29380.628 29046.311 27809.273 24961.770 19510.957 11916.616
0.000 0.000 0.000 0.000 0.000 0.000 0.000 0.000 0.000 0.000 0.000 0.000 0.000 0.000 0.000 0.201 0.510 1.276 3.046 6.945 14.383 28.099 52.586 93.664 161.403 271.100 442.025 695.041 1051.782 1541.310 2206.234 3076.868 4163.115 5468.756 7004.451 8744.651 10678.575 12780.913 14989.270 17264.486 19608.721 21913.301 24073.862 25785.733 27222.528 27456.247 26684.923 24595.026 19747.814 12574.117
0.000 0.000 0.000 0.000 0.000 0.000 0.000 0.000 0.000 0.000 0.000 0.000 0.000 0.000 0.000 0.000 0.219 0.545 1.338 3.208 7.395 15.532 30.754 58.053 104.848 181.817 302.609 485.966 761.555 1155.943 1687.659 2381.766 3286.402 4386.963 5653.483 7169.098 8857.927 10692.746 12672.920 14798.712 17003.116 19203.536 21343.187 23211.082 24775.403 25554.180 25358.874 23862.779 19663.865 13129.792
0.000 0.000 0.000 0.000 0.000 0.000 0.000 0.000 0.000 0.000 0.000 0.000 0.000 0.000 0.000 0.000 0.000 0.230 0.563 1.377 3.316 7.752 16.792 34.047 63.810 114.666 199.808 337.574 544.203 838.604 1253.254 1822.644 2538.333 3407.432 4469.445 5711.025 7119.605 8713.413 10461.201 12358.589 14366.104 16458.556 18480.746 20424.634 22128.716 23270.882 23553.620 22777.401 19272.806 13560.823
0.000 0.000 0.000 0.000 0.000 0.000 0.000 0.000 0.000 0.000 0.000 0.000 0.000 0.000 0.000 0.000 0.000 0.000 0.243 0.586 1.405 3.347 7.949 17.603 35.583 68.536 128.456 225.935 374.846 598.079 914.794 1338.993 1886.720 2564.383 3399.131 4373.865 5524.379 6866.072 8356.085 9996.410 11769.784 13689.874 15594.726 17459.758 19179.520 20606.996 21334.140 21255.564 18514.730 13718.167
0.000 0.000 0.000 0.000 0.000 0.000 0.000 0.000 0.000 0.000 0.000 0.000 0.000 0.000 0.000 0.000 0.000 0.000 0.000 0.271 0.651 1.555 3.661 8.393 18.908 39.730 78.543 145.696 252.775 411.866 635.758 937.895 1331.618 1834.982 2443.813 3192.816 4078.374 5128.465 6376.898 7755.928 9250.434 10919.312 12674.826 14468.171 16155.870 17697.475 18712.932 19239.543 17357.809 13551.983
0.000 0.000 0.000 0.000 0.000 0.000 0.000 0.000 0.000 0.000 0.000 0.000 0.000 0.000 0.000 0.000 0.000 0.000 0.000 0.000 0.317 0.754 1.788 4.211 9.860 21.921 46.355 90.149 161.112 266.583 414.752 611.865 872.890 1208.700 1631.551 2151.483 2796.401 3579.214 4533.095 5647.513 6907.545 8318.700 9859.842 11524.935 13137.359 14668.152 15844.645 16751.047 15793.214 13066.327
0.000 0.000 0.000 0.000 0.000 0.000 0.000 0.000 0.000 0.000 0.000 0.000 0.000 0.000 0.000 0.000 0.000 0.000 0.000 0.000 0.000 0.424 1.003 2.336 5.414 12.413 26.570 51.740 91.945 153.057 240.099 357.548 508.997 707.432 973.164 1319.434 1759.488 2312.124 3003.814 3862.471 4873.686 6002.573 7288.648 8722.943 10210.430 11680.194 12963.351 14050.484 13852.893 12198.835
0.000 0.000 0.000 0.000 0.000 0.000 0.000 0.000 0.000 0.000 0.000 0.000 0.000 0.000 0.000 0.000 0.000 0.000 0.000 0.000 0.000 0.263 0.626 1.443 3.334 7.529 14.997 27.455 47.765 79.440 126.574 194.104 285.969 407.149 571.831 792.065 1082.814 1457.514 1933.603 2542.746 3295.579 4167.918 5168.596 6319.141 7582.273 8910.570 10168.835 11325.705 11632.162 11034.350
0.000 0.000 0.000 0.000 0.000 0.000 0.000 0.000 0.000 0.000 0.000 0.000 0.000 0.000 0.000 0.000 0.000 0.000 0.000 0.000 0.000 0.000 0.426 0.999 2.222 4.524 8.645 15.777 27.586 45.892 72.778 111.972 167.482 246.209 355.241 503.567 698.608 951.376 1278.919 1702.820 2235.683 2877.095 3609.865 4473.689 5471.790 6559.715 7675.059 8800.108 9457.022 9646.794
0.000 0.000 0.000 0.000 0.000 0.000 0.000 0.000 0.000 0.000 0.000 0.000 0.000 0.000 0.000 0.000 0.000 0.000 0.000 0.000 0.000 0.000 0.301 0.710 1.512 2.966 5.496 9.816 16.786 27.776 44.571 69.913 107.323 160.261 232.735 331.829 460.717 632.120 858.882 1144.858 1513.433 1977.068 2524.362 3176.645 3931.042 4783.913 5694.242 6668.540 7422.260 8071.098
0.000 0.000 0.000 0.000 0.000 0.000 0.000 0.000 0.000 0.000 0.000 0.000 0.000 0.000 0.000 0.000 0.000 0.000 0.000 0.000 0.000 0.000 0.212 0.487 1.021 1.989 3.706 6.649 11.480 18.764 29.682 46.159 71.535 107.409 157.915 226.535 316.417 441.195 607.338 814.142 1072.216 1402.713 1812.487 2284.744 2830.634 3476.704 4196.328 4965.636 5598.203 6446.448
0.000 0.000 0.000 0.000 0.000 0.000 0.000 0.000 0.000 0.000 0.000 0.000 0.000 0.000 0.000 0.000 0.000 0.000 0.000 0.000 0.000 0.000 0.000 0.330 0.695 1.377 2.565 4.584 8.065 13.482 21.500 33.694 52.023 78.337 115.022 164.218 228.928 320.457 441.045 588.546 775.070 1018.283 1304.714 1640.252 2040.026 2524.719 3074.353 3665.140 4176.294 4997.420
0.000 0.000 0.000 0.000 0.000 0.000 0.000 0.000 0.000 0.000 0.000 0.000 0.000 0.000 0.000 0.000 0.000 0.000 0.000 0.000 0.000 0.000 0.000 0.235 0.498 1.013 1.922 3.405 6.090 10.281 16.385 25.522 39.047 58.683 86.176 121.946 168.937 232.625 317.202 425.350 566.676 745.428 953.784 1198.323 1489.683 1823.354 2201.095 2639.208 3027.077 3701.496
0.000 0.000 0.000 0.000 0.000 0.000 0.000 0.000 0.000 0.000 0.000 0.000 0.000 0.000 0.000 0.000 0.000 0.000 0.000 0.000 0.000 0.000 0.000 0.000 0.396 0.806 1.519 2.677 4.638 7.809 12.576 19.488 29.498 43.923 63.928 90.133 124.794 169.108 229.732 310.480 411.766 529.695 679.925 857.253 1066.930 1309.150 1587.003 1905.983 2187.241 2698.115
0.000 0.000 0.000 0.000 0.000 0.000 0.000 0.000 0.000 0.000 0.000 0.000 0.000 0.000 0.000 0.000 0.000 0.000 0.000 0.000 0.000 0.000 0.000 0.000 0.319 0.642 1.216 2.157 3.588 5.907 9.420 14.740 22.329 32.804 47.380 66.359 90.438 121.334 163.735 219.949 287.321 369.292 476.435 604.910 755.899 928.367 1127.648 1354.586 1553.232 1929.668
0.000 0.000 0.000 0.000 0.000 0.000 0.000 0.000 0.000 0.000 0.000 0.000 0.000 0.000 0.000 0.000 0.000 0.000 0.000 0.000 0.000 0.000 0.000 0.000 0.270 0.525 0.976 1.716 2.842 4.591 7.192 11.024 16.214 23.273 33.171 46.664 63.961 86.536 116.756 155.024 200.305 255.618 329.592 418.243 521.649 637.215 767.213 920.358 1062.084 1327.473
0.000 0.000 0.000 0.000 0.000 0.000 0.000 0.000 0.000 0.000 0.000 0.000 0.000 0.000 0.000 0.000 0.000 0.000 0.000 0.000 0.000 0.000 0.000 0.000 0.235 0.445 0.799 1.364 2.203 3.428 5.316 7.994 11.698 16.829 23.887 33.233 45.114 60.514 80.104 104.289 134.510 171.751 217.971 274.568 342.672 420.324 509.569 617.710 724.349 876.990
0.000 0.000 0.000 0.000 0.000 0.000 0.000 0.000 0.000 0.000 0.000 0.000 0.000 0.000 0.000 0.000 0.000 0.000 0.000 0.000 0.000 0.000 0.000 0.000 0.205 0.364 0.620 1.036 1.682 2.633 3.923 5.679 8.274 11.904 16.676 22.895 31.037 41.643 54.816 70.883 89.811 110.990 135.543 169.050 207.753 251.692 300.302 362.599 423.395 527.142
