tests/test_03/output7/CloudLoad_010.00hrs.dat
NCOLS    50
NROWS    50
XLLCORNER    -2289770.000
YLLCORNER     2591270.000
CELLSIZE        2000.000       2000.000
NODATA_VALUE  0.000
[rows 0 to 44 of 50, columns 0 to 49 of 50]
381.251 413.913 456.741 506.635 563.752 628.227 700.618 781.340 871.479 973.418 1090.110 1224.763 1381.625 1563.508 1774.216 2020.845 2308.271 2639.076 3021.226 3470.434 4003.016 4623.542 5330.245 6133.159 7055.169 8120.879 9341.748 10708.152 12217.069 13872.967 15668.541 17527.604 19322.070 20998.564 22258.045 23241.176 23461.797 23247.660 22549.422 20862.938 18893.119 16182.563 13674.059 10969.694 8747.350 6446.302 4415.391 2963.229 1756.207 299.551
209.048 230.521 258.526 290.610 326.793 367.541 413.790 466.966 528.946 602.172 689.373 793.139 916.167 1062.510 1238.387 1449.194 1697.400 1988.991 2339.385 2764.492 3268.199 3846.390 4513.077 5301.913 6240.825 7333.510 8564.880 9949.372 11519.135 13276.957 15193.368 17191.381 19099.492 20979.459 22449.221 23603.412 24009.781 23924.410 23324.031 21743.316 19898.592 17176.348 14606.062 11798.953 9466.101 7030.454 4842.698 3266.917 1967.049 353.467
148.725 165.574 187.404 212.251 240.217 271.929 308.478 351.604 403.327 465.864 541.444 632.205 740.969 872.802 1033.491 1226.691 1455.996 1730.667 2066.427 2474.694 2953.629 3503.563 4149.143 4924.347 5850.657 6931.996 8161.957 9550.719 11129.767 12920.312 14908.291 17001.693 19035.520 21037.113 22741.357 24104.545 24784.805 24877.684 24402.570 22926.555 21226.359 18510.656 15858.791 12917.142 10429.931 7813.888 5419.168 3665.078 2240.221 425.873
79.260 90.392 104.609 120.689 138.865 159.985 185.347 216.781 256.311 305.864 366.995 441.521 533.190 647.689 789.072 959.991 1166.624 1420.820 1736.433 2119.599 2566.082 3083.389 3705.333 4465.135 5380.706 6454.575 7684.799 9083.348 10683.941 12517.096 14592.880 16830.205 18999.352 21142.223 23078.992 24642.912 25618.545 25936.533 25596.279 24204.947 22618.176 19939.582 17230.477 14162.023 11501.474 8689.227 6077.044 4112.521 2547.169 515.604
44.139 51.031 59.753 69.909 81.908 96.619 115.472 139.556 170.232 209.083 257.669 318.818 397.415 497.079 620.383 771.660 958.211 1192.113 1482.232 1830.016 2240.792 2734.152 3337.766 4076.382 4970.896 6035.504 7271.255 8685.408 10306.799 12171.136 14298.143 16658.098 19026.750 21303.754 23479.197 25237.393 26479.408 27057.852 26885.477 25583.592 24073.088 21446.059 18709.891 15536.571 12685.104 9661.672 6817.736 4608.394 2887.326 620.227
17.685 20.969 25.537 31.483 39.383 49.643 62.807 80.146 102.624 131.243 168.778 219.108 284.893 368.186 473.580 605.687 770.399 976.722 1234.098 1550.708 1937.445 2409.835 2988.257 3699.648 4571.367 5623.283 6867.258 8312.788 9967.972 11854.477 14020.651 16475.396 19045.051 21529.100 23906.100 25895.062 27371.209 28166.809 28224.160 27076.881 25601.799 23022.748 20279.287 17042.822 13983.642 10718.338 7649.371 5160.806 3267.739 747.575
7.073 8.460 10.613 13.849 18.557 25.286 34.461 46.364 61.993 83.625 113.840 154.677 208.539 278.883 368.887 481.763 622.884 802.207 1032.182 1323.750 1687.382 2137.370 2691.552 3374.535 4215.998 5247.325 6494.764 7966.367 9665.973 11605.334 13812.855 16304.946 19023.703 21724.906 24337.273 26586.512 28304.131 29302.947 29551.170 28659.018 27211.969 24666.959 21930.652 18666.764 15407.580 11878.657 8583.137 5781.910 3693.797 902.476
2.693 3.336 4.455 6.230 8.910 12.711 18.048 25.913 37.770 54.814 78.312 110.347 153.749 211.140 285.083 379.035 499.166 655.460 860.897 1128.300 1469.568 1898.036 2429.883 3086.845 3900.261 4906.331 6141.364 7630.170 9376.422 11381.759 13656.679 16204.874 18992.740 21865.502 24701.260 27273.223 29274.152 30464.824 30896.320 30277.473 28902.531 26377.973 23649.891 20391.361 16955.656 13160.355 9636.577 6480.741 4171.254 1088.128
0.979 1.323 1.939 2.879 4.309 6.502 10.028 15.833 24.839 37.678 55.375 79.816 113.402 158.689 218.597 297.199 401.024 539.197 723.648 967.941 1285.354 1690.163 2200.460 2838.610 3631.625 4613.341 5825.252 7305.975 9076.546 11141.909 13503.141 16140.686 18992.404 21974.637 25001.316 27889.258 30228.363 31657.791 32237.754 31907.305 30657.078 28150.764 25428.104 22195.855 18616.893 14561.541 10813.105 7267.626 4713.454 1310.480
0.344 0.557 0.877 1.333 2.125 3.638 6.250 10.517 16.900 26.115 39.339 57.830 83.084 117.818 166.186 233.233 324.869 448.680 614.870 836.085 1126.809 1504.502 1991.798 2613.924 3394.024 4359.674 5546.427 7002.893 8773.622 10879.780 13325.528 16074.614 19013.738 22080.025 25219.873 28351.426 31003.076 32907.820 33596.156 33508.832 32446.176 29983.807 27263.152 24049.195 20368.904 16074.326 12130.525 8148.050 5316.446 1568.143
0.000 0.235 0.400 0.652 1.157 2.292 4.428 7.314 11.320 17.600 27.194 40.699 59.421 86.375 126.231 184.402 266.175 377.666 527.386 727.239 992.994 1344.128 1803.886 2400.117 3162.899 4118.779 5297.532 6738.443 8492.678 10609.890 13108.754 15959.473 19013.729 22197.623 25396.881 28711.002 31606.281 33971.488 34986.609 35053.211 34207.961 31840.816 29130.033 25934.770 22187.748 17672.348 13559.011 9120.690 5983.320 1864.685
0.000 0.000 0.000 0.363 0.753 1.568 2.757 4.455 6.994 10.972 17.345 27.284 42.134 64.113 97.138 146.840 219.260 319.788 455.130 636.416 880.600 1207.713 1641.262 2208.531 2941.402 3875.905 5048.914 6490.149 8239.829 10351.330 12862.447 15777.125 18934.721 22277.217 25568.482 28980.375 32120.320 34692.277 36201.453 36507.047 35872.207 33656.082 30984.180 27847.615 24052.295 19337.201 15069.266 10191.754 6713.028 2207.351
0.000 0.000 0.000 0.232 0.476 0.767 1.327 2.473 4.253 6.817 11.134 18.818 31.291 50.070 77.958 119.597 181.066 269.136 391.380 558.209 784.859 1091.122 1499.355 2036.811 2735.700 3637.619 4787.462 6223.627 7978.778 10090.939 12601.096 15526.459 18741.871 22223.539 25694.482 29167.236 32477.283 35251.633 37109.234 37763.043 37443.578 35394.578 32806.637 29758.816 25908.955 21046.936 16653.752 11347.001 7496.547 2586.317
0.000 0.000 0.000 0.000 0.000 0.368 0.701 1.330 2.574 4.675 7.994 13.578 23.381 39.715 64.317 99.578 150.428 224.637 332.526 485.784 698.173 986.189 1371.324 1881.037 2548.698 3414.151 4527.364 5940.664 7692.175 9806.604 12314.886 15213.583 18450.193 22009.363 25635.020 29263.885 32722.340 35655.754 37728.660 38729.035 38931.020 37035.086 34519.270 31621.486 27724.439 22767.650 18268.037 12567.491 8337.154 3013.952
0.000 0.000 0.000 0.000 0.000 0.000 0.342 0.710 1.492 3.102 5.820 10.192 17.693 30.786 51.664 82.205 126.040 189.861 283.564 420.165 614.404 882.484 1244.613 1728.903 2370.177 3205.062 4279.112 5646.375 7365.113 9473.521 11984.350 14860.125 18067.859 21632.207 25352.115 29112.150 32718.678 35855.207 38115.891 39399.965 39933.871 38554.957 36142.125 33415.582 29482.041 24476.262 19909.465 13859.576 9224.947 3488.188
0.000 0.000 0.000 0.000 0.000 0.000 0.208 0.456 0.964 2.050 4.239 7.954 13.974 23.941 40.239 65.735 103.995 160.596 244.228 365.806 538.859 781.506 1116.511 1571.860 2183.719 2989.900 4029.561 5353.832 7015.767 9073.189 11562.170 14401.534 17586.426 21114.373 24822.223 28685.521 32400.176 35785.258 38151.109 39748.156 40592.238 39660.918 37522.430 35065.059 31128.139 26119.641 21540.414 15200.185 10149.991 3996.990
0.000 0.000 0.000 0.000 0.000 0.000 0.000 0.323 0.680 1.411 3.001 6.003 10.838 18.452 30.896 51.295 84.171 134.988 209.830 317.365 471.227 689.477 995.047 1416.906 1990.560 2757.189 3756.711 5035.950 6641.976 8626.545 11040.480 13824.117 16978.770 20422.646 24090.861 27961.236 31759.770 35323.348 37839.980 39643.672 40769.719 40425.031 38548.961 36431.414 32635.406 27667.824 23107.807 16577.611 11113.124 4566.147
0.000 0.000 0.000 0.000 0.000 0.000 0.000 0.210 0.448 0.921 1.889 4.002 7.898 13.982 23.770 40.278 67.424 110.278 175.577 271.318 409.200 605.508 882.615 1269.227 1799.118 2511.990 3455.384 4676.750 6219.080 8114.815 10416.163 13087.024 16162.780 19542.588 23170.363 26964.293 30777.316 34416.539 37159.934 39152.523 40542.301 40555.789 39297.621 37451.594 33960.145 29088.918 24606.965 17967.066 12107.931 5181.526
0.000 0.000 0.000 0.000 0.000 0.000 0.000 0.000 0.257 0.659 1.347 2.637 5.298 10.378 18.892 32.419 54.020 88.825 143.107 225.110 346.799 523.298 774.049 1124.877 1608.333 2263.706 3131.201 4265.153 5717.734 7527.641 9705.945 12250.402 15201.949 18456.123 22030.996 25733.756 29467.016 33085.684 35983.660 38272.562 39851.137 40307.309 39394.867 38136.527 34999.535 30335.338 25928.020 19317.619 13119.631 5836.625
0.000 0.000 0.000 0.000 0.000 0.000 0.000 0.000 0.000 0.377 0.937 2.045 3.825 7.201 13.904 25.332 43.401 71.394 115.266 183.156 286.270 439.318 661.142 975.230 1411.295 2007.311 2799.778 3835.351 5172.760 6863.551 8914.085 11318.500 14107.899 17203.479 20640.949 24250.846 27902.703 31425.625 34457.523 36913.754 38739.316 39644.105 39066.043 38272.410 35754.570 31362.688 27122.596 20602.383 14135.354 6553.583
0.000 0.000 0.000 0.000 0.000 0.000 0.000 0.000 0.000 0.232 0.560 1.322 2.690 5.172 9.808 17.988 32.090 55.271 91.642 147.811 233.402 360.907 549.142 820.912 1206.159 1739.018 2454.591 3393.048 4604.817 6150.425 8049.069 10301.022 12904.207 15815.157 19061.385 22519.258 26081.709 29463.789 32474.076 35134.359 37167.609 38482.633 38338.082 37919.594 36013.449 32105.887 28091.838 21800.209 15132.041 7300.649
0.000 0.000 0.000 0.000 0.000 0.000 0.000 0.000 0.000 0.000 0.275 0.642 1.485 3.428 6.722 12.294 22.526 40.192 68.965 114.802 185.733 291.353 447.193 674.658 1002.607 1464.289 2095.270 2935.552 4026.657 5414.201 7134.741 9210.693 11608.080 14328.125 17340.162 20613.471 23996.209 27242.277 30241.338 33006.535 35209.879 36831.613 37253.746 37137.285 35901.598 32493.973 28832.254 22880.346 16093.341 8071.125
0.000 0.000 0.000 0.000 0.000 0.000 0.000 0.000 0.000 0.000 0.000 0.308 0.746 1.788 4.151 8.255 15.350 27.611 48.835 83.701 139.086 225.497 355.803 543.735 813.561 1197.633 1736.727 2471.275 3440.327 4681.513 6212.543 8074.662 10253.321 12760.049 15560.817 18587.646 21741.615 24823.455 27786.355 30583.471 32893.422 34757.391 35714.898 35987.910 35268.895 32493.625 29322.914 23772.344 17002.246 8875.695
0.000 0.000 0.000 0.000 0.000 0.000 0.000 0.000 0.000 0.000 0.000 0.000 0.365 0.885 2.023 4.519 9.830 18.990 33.856 58.532 99.640 165.136 265.941 419.338 643.547 958.666 1404.577 2022.978 2857.995 3946.946 5302.409 6946.729 8883.204 11165.646 13726.982 16484.842 19387.674 22278.389 25204.818 27991.678 30327.488 32363.971 33821.898 34436.941 34301.188 32118.594 29427.084 24471.113 17841.525 9663.199
0.000 0.000 0.000 0.000 0.000 0.000 0.000 0.000 0.000 0.000 0.000 0.000 0.000 0.383 0.944 2.231 4.944 10.616 21.323 39.677 69.555 116.642 190.149 304.419 478.307 738.552 1113.884 1626.541 2316.014 3233.363 4408.098 5853.467 7566.993 9581.454 11914.458 14412.736 17023.428 19724.135 22523.291 25231.467 27659.668 29819.846 31538.660 32609.879 32969.891 31336.562 29228.225 24933.562 18565.361 10448.997
0.000 0.000 0.000 0.000 0.000 0.000 0.000 0.000 0.000 0.000 0.000 0.000 0.000 0.000 0.404 1.000 2.489 5.603 11.567 22.990 43.474 77.145 131.443 216.014 344.460 542.837 840.241 1262.213 1837.843 2597.075 3572.660 4806.557 6315.805 8099.573 10144.022 12393.106 14763.146 17273.625 19886.844 22434.652 24968.686 27178.521 29106.883 30504.611 31295.697 30310.891 28692.072 25086.654 19162.203 11211.307
0.000 0.000 0.000 0.000 0.000 0.000 0.000 0.000 0.000 0.000 0.000 0.000 0.000 0.000 0.000 0.450 1.110 2.717 6.619 13.577 25.366 46.518 83.607 145.325 243.820 395.480 619.286 942.036 1404.293 2034.840 2849.411 3876.713 5158.395 6735.668 8507.216 10472.022 12629.170 14972.848 17371.516 19761.834 22243.857 24567.766 26612.201 28210.402 29380.627 29046.312 27809.277 24961.775 19510.963 11916.621
0.000 0.000 0.000 0.000 0.000 0.000 0.000 0.000 0.000 0.000 0.000 0.000 0.000 0.000 0.000 0.201 0.510 1.276 3.045 6.945 14.383 28.099 52.586 93.664 161.403 271.100 442.024 695.040 1051.780 1541.308 2206.231 3076.866 4163.111 5468.751 7004.446 8744.646 10678.569 12780.907 14989.265 17264.480 19608.715 21913.297 24073.859 25785.732 27222.527 27456.248 26684.926 24595.031 19747.820 12574.122
0.000 0.000 0.000 0.000 0.000 0.000 0.000 0.000 0.000 0.000 0.000 0.000 0.000 0.000 0.000 0.000 0.219 0.545 1.338 3.208 7.395 15.532 30.754 58.053 104.848 181.817 302.608 485.965 761.554 1155.941 1687.657 2381.764 3286.400 4386.959 5653.479 7169.094 8857.922 10692.740 12672.916 14798.708 17003.111 19203.533 21343.184 23211.080 24775.402 25554.182 25358.877 23862.785 19663.871 13129.798
0.000 0.000 0.000 0.000 0.000 0.000 0.000 0.000 0.000 0.000 0.000 0.000 0.000 0.000 0.000 0.000 0.000 0.230 0.563 1.377 3.316 7.752 16.792 34.046 63.810 114.665 199.808 337.574 544.202 838.603 1253.253 1822.642 2538.331 3407.430 4469.442 5711.021 7119.601 8713.409 10461.197 12358.585 14366.101 16458.553 18480.744 20424.633 22128.717 23270.883 23553.623 22777.406 19272.812 13560.829
0.000 0.000 0.000 0.000 0.000 0.000 0.000 0.000 0.000 0.000 0.000 0.000 0.000 0.000 0.000 0.000 0.000 0.000 0.243 0.586 1.405 3.347 7.949 17.603 35.583 68.535 128.456 225.935 374.846 598.079 914.793 1338.992 1886.719 2564.381 3399.129 4373.862 5524.376 6866.069 8356.082 9996.407 11769.781 13689.872 15594.725 17459.758 19179.521 20606.998 21334.145 21255.568 18514.736 13718.173
0.000 0.000 0.000 0.000 0.000 0.000 0.000 0.000 0.000 0.000 0.000 0.000 0.000 0.000 0.000 0.000 0.000 0.000 0.000 0.271 0.651 1.555 3.661 8.393 18.907 39.730 78.543 145.695 252.775 411.865 635.757 937.895 1331.617 1834.980 2443.811 3192.815 4078.372 5128.463 6376.896 7755.926 9250.433 10919.311 12674.825 14468.171 16155.871 17697.477 18712.936 19239.549 17357.814 13551.988
0.000 0.000 0.000 0.000 0.000 0.000 0.000 0.000 0.000 0.000 0.000 0.000 0.000 0.000 0.000 0.000 0.000 0.000 0.000 0.000 0.317 0.754 1.788 4.211 9.860 21.921 46.355 90.149 161.112 266.583 414.752 611.865 872.889 1208.699 1631.550 2151.482 2796.400 3579.212 4533.094 5647.511 6907.544 8318.699 9859.842 11524.935 13137.360 14668.154 15844.648 16751.051 15793.220 13066.333
0.000 0.000 0.000 0.000 0.000 0.000 0.000 0.000 0.000 0.000 0.000 0.000 0.000 0.000 0.000 0.000 0.000 0.000 0.000 0.000 0.000 0.424 1.003 2.336 5.414 12.413 26.570 51.740 91.945 153.057 240.099 357.548 508.997 707.431 973.164 1319.433 1759.487 2312.123 3003.813 3862.470 4873.685 6002.573 7288.648 8722.943 10210.432 11680.195 12963.354 14050.488 13852.897 12198.841
0.000 0.000 0.000 0.000 0.000 0.000 0.000 0.000 0.000 0.000 0.000 0.000 0.000 0.000 0.000 0.000 0.000 0.000 0.000 0.000 0.000 0.263 0.626 1.443 3.334 7.529 14.997 27.455 47.765 79.440 126.574 194.104 285.969 407.148 571.831 792.065 1082.814 1457.514 1933.603 2542.746 3295.579 4167.918 5168.596 6319.142 7582.274 8910.572 10168.838 11325.709 11632.167 11034.355
0.000 0.000 0.000 0.000 0.000 0.000 0.000 0.000 0.000 0.000 0.000 0.000 0.000 0.000 0.000 0.000 0.000 0.000 0.000 0.000 0.000 0.000 0.426 0.999 2.222 4.524 8.645 15.777 27.586 45.892 72.778 111.972 167.482 246.209 355.241 503.567 698.608 951.376 1278.920 1702.820 2235.683 2877.095 3609.866 4473.690 5471.791 6559.717 7675.062 8800.110 9457.026 9646.799
0.000 0.000 0.000 0.000 0.000 0.000 0.000 0.000 0.000 0.000 0.000 0.000 0.000 0.000 0.000 0.000 0.000 0.000 0.000 0.000 0.000 0.000 0.301 0.710 1.512 2.966 5.496 9.816 16.786 27.776 44.571 69.913 107.323 160.261 232.735 331.829 460.717 632.120 858.882 1144.858 1513.434 1977.068 2524.363 3176.646 3931.044 4783.916 5694.244 6668.542 7422.263 8071.103
0.000 0.000 0.000 0.000 0.000 0.000 0.000 0.000 0.000 0.000 0.000 0.000 0.000 0.000 0.000 0.000 0.000 0.000 0.000 0.000 0.000 0.000 0.212 0.487 1.021 1.989 3.706 6.649 11.480 18.764 29.682 46.159 71.535 107.409 157.915 226.535 316.417 441.195 607.339 814.143 1072.216 1402.713 1812.487 2284.745 2830.635 3476.706 4196.330 4965.639 5598.206 6446.452
0.000 0.000 0.000 0.000 0.000 0.000 0.000 0.000 0.000 0.000 0.000 0.000 0.000 0.000 0.000 0.000 0.000 0.000 0.000 0.000 0.000 0.000 0.000 0.330 0.695 1.377 2.565 4.584 8.065 13.482 21.500 33.694 52.023 78.337 115.022 164.218 228.928 320.458 441.045 588.546 775.070 1018.284 1304.714 1640.253 2040.027 2524.720 3074.355 3665.142 4176.296 4997.423
0.000 0.000 0.000 0.000 0.000 0.000 0.000 0.000 0.000 0.000 0.000 0.000 0.000 0.000 0.000 0.000 0.000 0.000 0.000 0.000 0.000 0.000 0.000 0.235 0.498 1.013 1.922 3.405 6.090 10.281 16.385 25.522 39.047 58.683 86.176 121.946 168.937 232.625 317.202 425.350 566.676 745.428 953.784 1198.323 1489.684 1823.355 2201.096 2639.210 3027.079 3701.499
0.000 0.000 0.000 0.000 0.000 0.000 0.000 0.000 0.000 0.000 0.000 0.000 0.000 0.000 0.000 0.000 0.000 0.000 0.000 0.000 0.000 0.000 0.000 0.000 0.396 0.806 1.519 2.677 4.638 7.809 12.576 19.488 29.498 43.923 63.928 90.133 124.794 169.108 229.733 310.480 411.766 529.695 679.926 857.253 1066.930 1309.151 1587.004 1905.984 2187.242 2698.117
0.000 0.000 0.000 0.000 0.000 0.000 0.000 0.000 0.000 0.000 0.000 0.000 0.000 0.000 0.000 0.000 0.000 0.000 0.000 0.000 0.000 0.000 0.000 0.000 0.319 0.642 1.216 2.157 3.588 5.907 9.420 14.740 22.329 32.804 47.380 66.359 90.438 121.334 163.735 219.949 287.321 369.292 476.435 604.910 755.899 928.367 1127.649 1354.587 1553.233 1929.670
0.000 0.000 0.000 0.000 0.000 0.000 0.000 0.000 0.000 0.000 0.000 0.000 0.000 0.000 0.000 0.000 0.000 0.000 0.000 0.000 0.000 0.000 0.000 0.000 0.270 0.525 0.976 1.716 2.842 4.591 7.192 11.024 16.214 23.273 33.171 46.664 63.961 86.536 116.756 155.024 200.306 255.618 329.592 418.243 521.649 637.216 767.213 920.358 1062.084 1327.474
0.000 0.000 0.000 0.000 0.000 0.000 0.000 0.000 0.000 0.000 0.000 0.000 0.000 0.000 0.000 0.000 0.000 0.000 0.000 0.000 0.000 0.000 0.000 0.000 0.235 0.445 0.799 1.364 2.203 3.428 5.316 7.994 11.698 16.829 23.887 33.233 45.114 60.514 80.104 104.289 134.511 171.751 217.971 274.568 342.672 420.325 509.570 617.710 724.350 876.991
0.000 0.000 0.000 0.000 0.000 0.000 0.000 0.000 0.000 0.000 0.000 0.000 0.000 0.000 0.000 0.000 0.000 0.000 0.000 0.000 0.000 0.000 0.000 0.000 0.205 0.364 0.620 1.036 1.682 2.633 3.923 5.679 8.274 11.904 16.676 22.895 31.037 41.643 54.816 70.884 89.811 110.990 135.543 169.050 207.753 251.692 300.303 362.600 423.395 527.142
