tests/test_03/output7/CloudConcentration_005.00hrs.dat
NCOLS    50
NROWS    50
XLLCORNER    -2289770.000
YLLCORNER     2591270.000
CELLSIZE        2000.000       2000.000
NODATA_VALUE  0.000
[rows 0 to 41 of 50, columns 0 to 49 of 50]
0.000 0.000 0.000 0.000 0.000 0.000 0.000 0.378 2.349 13.544 72.368 365.370 2111.334 9197.770 19205.699 30384.336 40814.898 49770.383 56423.250 59315.824 60020.211 59158.324 58943.508 63856.434 67983.430 67985.898 66954.305 62235.285 57432.527 60163.547 61007.473 55362.594 47705.363 36890.023 29670.441 22402.863 14741.577 6562.792 2460.228 537.167 68.936 10.377 1.654 0.270 0.000 0.000 0.000 0.000 0.000 0.000
0.000 0.000 0.000 0.000 0.000 0.000 0.370 2.324 13.708 77.386 412.522 2416.488 10117.866 19981.660 31140.297 43066.250 54695.973 63381.719 68425.289 70798.352 70090.828 67335.398 64476.371 62463.996 67289.484 71195.477 72804.617 72466.586 67579.719 62304.535 68571.945 69950.492 62972.105 53143.781 42753.617 35694.953 27581.385 17786.971 7005.867 2545.660 489.337 66.788 10.093 1.622 0.260 0.000 0.000 0.000 0.000 0.000
0.000 0.000 0.000 0.000 0.000 0.392 2.527 15.299 89.160 517.910 3225.987 12919.423 24874.633 36461.074 47258.277 57364.324 69036.508 75074.758 77036.617 76169.188 74458.773 72502.312 69520.438 66068.031 63549.117 68219.352 72451.938 74188.625 75648.172 73094.078 68768.164 75095.289 77541.641 73222.758 60431.707 50689.168 43174.719 33277.699 20366.736 8033.607 2710.250 450.803 64.331 9.800 1.553 0.240 0.000 0.000 0.000 0.000
0.000 0.000 0.000 0.000 0.404 2.642 16.509 100.478 616.832 4000.748 15436.746 29678.596 43772.453 56097.277 66430.352 71469.234 72331.516 75296.234 75971.023 73892.680 71764.875 69860.438 68140.500 65890.617 62690.414 59454.688 63982.977 70190.891 73381.234 75150.250 73358.336 71768.672 79562.945 83313.711 79925.094 67191.938 60474.711 50374.691 38063.758 23150.037 9210.632 2675.257 436.551 60.637 9.279 1.446 0.218 0.000 0.000 0.000
0.000 0.000 0.000 0.413 2.734 17.435 110.254 722.660 4657.644 16926.633 32690.953 48522.938 63967.004 76648.781 80140.133 79438.000 76084.195 70273.844 63646.926 59766.832 58078.285 57847.480 57868.781 56681.184 55835.137 54130.602 52122.781 54957.992 64133.984 70034.219 72582.094 71172.305 74193.883 83053.758 87413.812 83884.766 72785.188 69630.531 56823.203 41593.316 24237.105 9812.952 2727.798 404.917 56.702 8.670 1.336 0.201 0.000 0.000
0.000 0.000 0.445 2.947 19.008 120.891 805.489 4812.908 16628.814 32661.031 50000.180 67786.672 81137.195 85432.039 85552.398 80692.992 71507.531 61730.523 52891.051 45900.492 41164.965 38979.730 39953.086 41072.609 41967.582 42585.551 43143.121 42655.156 43368.859 53100.512 61492.117 66373.945 67160.594 75529.492 84798.461 88716.250 85983.945 80918.117 76986.680 60633.398 43669.031 24307.822 10404.908 2672.405 365.542 52.371 8.056 1.256 0.191 0.000
0.000 0.536 3.366 20.641 125.977 818.014 4530.990 15124.417 29772.072 46909.570 65065.836 79994.773 85975.508 86655.742 81673.219 68722.109 55641.371 45067.598 38082.004 33665.797 30049.250 26936.984 24427.305 24310.619 25879.760 27925.648 29676.365 31247.871 31526.732 32338.078 41736.578 50920.262 57511.684 60913.746 74635.602 84889.570 87501.148 85816.117 88801.289 79876.094 62845.750 42866.344 24249.633 10815.915 2521.030 323.861 47.889 7.539 1.199 0.209
0.557 3.362 20.104 121.490 766.675 4042.513 12975.170 25718.463 41058.160 57424.090 72076.523 81994.000 83274.102 76138.008 60207.977 45237.551 33478.223 26744.971 23238.049 20846.459 18641.936 16833.166 15488.621 14302.696 13281.851 14309.554 16224.610 18358.506 20367.006 21992.662 23312.260 32062.584 40895.016 47938.727 52924.445 71908.438 83884.414 84987.094 89041.938 92589.180 80710.109 61457.820 41135.938 23318.934 10794.688 2207.714 280.904 43.390 7.049 1.304
3.036 17.869 107.892 667.407 3351.464 10738.395 21480.760 34083.168 47753.527 61344.840 72050.594 72354.109 64812.988 48956.445 32589.270 20134.900 14664.325 12539.679 11204.897 9967.095 8934.029 8232.160 7750.390 7321.458 7012.786 6797.836 6466.393 7965.525 10177.823 12229.005 14249.258 15660.825 23299.473 31602.166 38057.723 45942.785 65759.422 77926.680 83853.438 92478.445 93395.117 77858.633 58373.527 38582.305 24003.799 10148.857 1810.810 236.542 38.288 7.479
14.942 90.806 564.200 2659.305 8616.580 17088.932 26903.428 37849.648 49826.195 58579.238 58054.070 51191.188 36435.586 21571.736 10433.374 6618.957 5353.857 4673.935 4102.056 3558.349 3175.488 2956.882 2833.425 2777.539 2781.240 2738.449 2870.040 2909.781 3411.334 4844.334 6508.918 8231.077 9596.825 16174.091 23379.186 27936.791 41938.203 59385.617 69545.930 86976.297 93873.984 88985.258 73696.258 54089.555 38423.785 23104.191 8717.473 1340.539 194.379 38.709
78.206 463.503 2019.294 6489.445 12736.863 20005.510 28688.543 38847.762 44261.902 43646.684 38439.020 25601.994 13134.943 4952.340 2713.995 1996.680 1647.840 1418.580 1204.134 1023.997 916.702 864.748 833.217 829.465 854.719 904.488 963.537 1079.167 1182.202 1401.596 2122.290 3014.386 4170.181 5602.813 10422.874 16259.803 22293.256 38772.820 51844.762 69735.438 88718.633 89613.836 82738.727 68449.641 53893.387 37007.180 20164.686 6649.268 935.246 186.417
353.130 1394.591 4403.870 8873.739 14077.659 20889.709 28415.121 31503.488 31050.428 27109.498 16927.225 7771.587 2338.890 1058.323 670.774 501.176 411.721 346.576 286.908 240.461 216.198 206.875 201.542 203.689 212.367 233.340 272.318 323.913 387.603 448.403 587.995 928.052 1406.384 1956.307 3714.638 6967.457 11016.981 21537.945 35246.938 49027.656 73153.109 85408.352 84216.758 79665.180 68922.742 50602.180 31998.391 15991.801 4471.417 809.574
867.183 2741.969 5663.532 9544.258 14480.749 19327.320 21025.098 20670.768 17988.184 10822.870 4607.714 1205.174 426.009 215.026 138.272 101.865 81.926 67.039 54.341 44.910 41.535 40.631 40.393 40.907 43.047 49.470 63.140 81.917 103.867 134.045 160.050 281.596 490.976 747.946 1523.917 3124.785 5251.455 11325.465 21406.402 31444.359 55235.805 71816.438 81108.094 84431.617 80085.734 63397.555 43992.113 25248.219 11411.807 3468.487
1551.410 3363.367 6122.706 9100.245 11933.738 13150.479 12919.515 11144.411 6620.963 2697.796 656.755 197.640 73.119 36.482 22.699 16.114 12.568 10.117 8.206 6.946 6.564 6.532 6.605 6.869 7.562 9.457 12.377 17.208 25.345 34.814 47.702 95.526 187.186 317.717 759.681 1673.500 2944.067 6658.675 12725.260 20926.918 39604.840 57862.496 70187.055 84197.477 83368.297 73828.305 54062.027 34434.133 18739.479 9143.238
1908.485 3479.317 5084.811 6787.080 7554.026 7409.685 6335.875 3860.318 1624.053 365.827 103.297 32.176 10.836 4.927 2.903 1.977 1.506 1.233 1.053 0.934 0.898 0.905 0.946 1.061 1.272 1.550 2.077 3.262 5.344 9.252 15.954 35.417 82.389 154.120 428.454 1004.903 2048.573 4583.109 8504.755 15210.327 29016.070 45466.297 58841.559 78848.906 83515.398 78131.883 62019.363 42818.684 26123.693 16035.579
1712.984 2473.348 3409.360 3809.472 3723.108 3204.404 2069.361 980.174 224.865 54.251 16.083 4.769 1.376 0.529 0.296 0.200 0.000 0.000 0.000 0.000 0.000 0.000 0.000 0.000 0.000 0.246 0.350 0.591 1.152 2.511 5.431 13.765 39.377 82.366 264.593 638.304 1512.077 3489.907 6321.904 12455.306 23079.045 36258.621 49948.098 70873.797 79720.812 77406.562 66447.094 50060.273 35122.195 23880.650
1035.470 1405.557 1502.128 1473.226 1354.641 981.731 537.257 156.600 30.260 7.979 2.266 0.605 0.146 0.000 0.000 0.000 0.000 0.000 0.000 0.000 0.000 0.000 0.000 0.000 0.000 0.000 0.000 0.000 0.260 0.664 1.888 5.306 17.971 45.001 163.664 408.023 1063.796 2623.406 4854.775 10503.704 19412.828 29814.947 44161.965 63696.805 75189.859 74427.711 66932.805 56529.824 43870.449 31798.172
376.775 451.467 470.523 463.745 406.243 253.949 101.344 18.062 4.101 1.082 0.282 0.000 0.000 0.000 0.000 0.000 0.000 0.000 0.000 0.000 0.000 0.000 0.000 0.000 0.000 0.000 0.000 0.000 0.000 0.167 0.572 1.812 6.552 21.190 78.938 236.091 694.490 1852.180 3671.851 8690.162 16294.938 25285.717 40600.574 57758.395 69350.109 70508.789 66124.570 62390.797 51025.375 38478.242
109.260 128.633 131.410 126.925 99.117 51.813 12.227 2.067 0.495 0.000 0.000 0.000 0.000 0.000 0.000 0.000 0.000 0.000 0.000 0.000 0.000 0.000 0.000 0.000 0.000 0.000 0.000 0.000 0.000 0.000 0.124 0.514 2.013 7.463 32.998 117.736 444.910 1255.168 3008.568 7180.735 13578.281 22152.529 38229.102 53471.699 63948.520 66692.180 66842.094 66275.062 54915.137 43292.164
27.821 30.767 30.717 28.306 18.721 7.235 1.105 0.211 0.000 0.000 0.000 0.000 0.000 0.000 0.000 0.000 0.000 0.000 0.000 0.000 0.000 0.000 0.000 0.000 0.000 0.000 0.000 0.000 0.000 0.000 0.000 0.153 0.735 3.830 17.850 68.851 321.666 889.318 2589.710 6160.723 11489.822 21204.023 35796.223 49976.371 59194.391 62879.672 68971.133 68411.062 57137.137 45750.391
5.394 5.660 5.575 4.769 2.610 0.625 0.000 0.000 0.000 0.000 0.000 0.000 0.000 0.000 0.000 0.000 0.000 0.000 0.000 0.000 0.000 0.000 0.000 0.000 0.000 0.000 0.000 0.000 0.000 0.000 0.000 0.091 0.441 2.215 10.533 53.558 258.594 722.888 2286.167 5370.975 10170.418 20646.957 33813.102 46259.191 54952.723 65150.340 70677.898 68719.125 58257.402 46367.137
0.761 0.776 0.751 0.577 0.257 0.000 0.000 0.000 0.000 0.000 0.000 0.000 0.000 0.000 0.000 0.000 0.000 0.000 0.000 0.000 0.000 0.000 0.000 0.000 0.000 0.000 0.000 0.000 0.000 0.000 0.000 0.000 0.304 1.639 8.644 42.771 201.474 650.605 2038.156 4722.223 10036.637 20710.711 32746.859 43216.785 52705.297 66552.820 70391.562 68308.844 56344.332 46050.570
0.000 0.000 0.000 0.000 0.000 0.000 0.000 0.000 0.000 0.000 0.000 0.000 0.000 0.000 0.000 0.000 0.000 0.000 0.000 0.000 0.000 0.000 0.000 0.000 0.000 0.000 0.000 0.000 0.000 0.000 0.000 0.000 0.272 1.456 7.135 33.154 143.176 583.978 1840.947 4204.350 10337.199 20548.330 31639.807 41125.859 56147.543 67425.383 69908.820 65600.688 53821.895 44686.336
0.000 0.000 0.000 0.000 0.000 0.000 0.000 0.000 0.000 0.000 0.000 0.000 0.000 0.000 0.000 0.000 0.000 0.000 0.000 0.000 0.000 0.000 0.000 0.000 0.000 0.000 0.000 0.000 0.000 0.000 0.000 0.000 0.235 1.260 6.069 31.539 140.682 555.447 1658.837 4196.568 10823.843 20513.586 30398.074 42462.805 59762.527 67210.250 68654.094 62114.629 51596.574 48318.555
0.000 0.000 0.000 0.000 0.000 0.000 0.000 0.000 0.000 0.000 0.000 0.000 0.000 0.000 0.000 0.000 0.000 0.000 0.000 0.000 0.000 0.000 0.000 0.000 0.000 0.000 0.000 0.000 0.000 0.000 0.000 0.000 0.197 1.162 6.657 32.797 146.837 551.775 1545.397 4580.385 11203.728 20010.199 29190.725 46957.391 62054.156 67496.805 66145.523 59040.895 55875.855 50484.039
0.000 0.000 0.000 0.000 0.000 0.000 0.000 0.000 0.000 0.000 0.000 0.000 0.000 0.000 0.000 0.000 0.000 0.000 0.000 0.000 0.000 0.000 0.000 0.000 0.000 0.000 0.000 0.000 0.000 0.000 0.000 0.000 0.223 1.400 7.432 35.393 153.003 542.756 1774.655 5245.823 11662.564 19514.701 33088.367 50574.363 63262.469 66025.977 63832.402 61673.574 58609.426 49083.922
0.000 0.000 0.000 0.000 0.000 0.000 0.000 0.000 0.000 0.000 0.000 0.000 0.000 0.000 0.000 0.000 0.000 0.000 0.000 0.000 0.000 0.000 0.000 0.000 0.000 0.000 0.000 0.000 0.000 0.000 0.000 0.000 0.325 1.814 8.617 37.303 155.244 607.915 2091.496 5651.951 11778.205 21596.686 37738.395 52991.676 62785.363 64601.895 65713.688 67076.531 57751.473 47044.305
0.000 0.000 0.000 0.000 0.000 0.000 0.000 0.000 0.000 0.000 0.000 0.000 0.000 0.000 0.000 0.000 0.000 0.000 0.000 0.000 0.000 0.000 0.000 0.000 0.000 0.000 0.000 0.000 0.000 0.000 0.000 0.095 0.510 2.444 11.077 46.793 195.096 737.646 2349.299 6317.270 12640.938 26136.305 41652.633 54958.613 60734.055 67432.148 71926.258 68968.180 55551.652 42724.887
0.000 0.000 0.000 0.000 0.000 0.000 0.000 0.000 0.000 0.000 0.000 0.000 0.000 0.000 0.000 0.000 0.000 0.000 0.000 0.000 0.000 0.000 0.000 0.000 0.000 0.000 0.000 0.000 0.000 0.000 0.000 0.184 0.994 4.561 18.606 68.871 241.795 857.613 2656.160 6541.405 16326.309 30359.562 44961.562 54534.840 64661.957 74170.766 74343.305 66535.500 50598.797 37742.641
0.000 0.000 0.000 0.000 0.000 0.000 0.000 0.000 0.000 0.000 0.000 0.000 0.000 0.000 0.000 0.000 0.000 0.000 0.000 0.000 0.000 0.000 0.000 0.000 0.000 0.000 0.000 0.000 0.000 0.000 0.000 0.326 1.692 7.280 28.031 97.900 318.378 996.701 2904.965 8919.786 20333.641 33945.598 45260.520 58169.012 73631.906 77243.117 75072.789 60314.953 45457.922 36838.551
0.000 0.000 0.000 0.000 0.000 0.000 0.000 0.000 0.000 0.000 0.000 0.000 0.000 0.000 0.000 0.000 0.000 0.000 0.000 0.000 0.000 0.000 0.000 0.000 0.000 0.000 0.000 0.000 0.000 0.000 0.113 0.678 3.203 12.056 39.964 126.567 387.360 1254.844 4260.272 12061.069 23942.576 34850.801 49689.109 70687.492 77147.680 78770.766 67993.375 54934.066 45956.762 35509.266
0.000 0.000 0.000 0.000 0.000 0.000 0.000 0.000 0.000 0.000 0.000 0.000 0.000 0.000 0.000 0.000 0.000 0.000 0.000 0.000 0.000 0.000 0.000 0.000 0.000 0.000 0.000 0.000 0.000 0.000 0.203 1.177 5.770 22.823 76.072 230.372 676.791 2030.630 6108.973 15233.670 25293.881 41038.723 63154.676 75631.484 78882.164 73996.477 63429.477 57347.391 43183.504 29469.719
0.000 0.000 0.000 0.000 0.000 0.000 0.000 0.000 0.000 0.000 0.000 0.000 0.000 0.000 0.000 0.000 0.000 0.000 0.000 0.000 0.000 0.000 0.000 0.000 0.000 0.000 0.000 0.000 0.000 0.000 0.526 3.048 13.500 50.111 155.566 426.063 1140.613 3101.507 8396.033 16748.340 32817.023 53888.453 71561.523 77726.703 77058.039 72204.500 68439.656 52608.719 36738.398 21624.133
0.000 0.000 0.000 0.000 0.000 0.000 0.000 0.000 0.000 0.000 0.000 0.000 0.137 0.142 0.000 0.000 0.000 0.000 0.000 0.000 0.000 0.000 0.000 0.000 0.000 0.000 0.000 0.000 0.000 0.225 1.553 7.910 30.966 96.827 263.014 661.185 1647.023 4301.858 11230.550 25234.090 43867.301 62963.215 73721.156 76764.625 79308.812 78599.211 61786.789 44849.691 27348.248 14644.445
0.000 0.000 0.000 0.000 0.000 0.000 0.000 0.000 0.000 0.398 0.731 1.096 0.875 0.362 0.000 0.000 0.000 0.000 0.000 0.000 0.000 0.000 0.000 0.000 0.000 0.000 0.000 0.000 0.133 0.805 4.184 18.836 73.595 238.366 600.880 1344.420 3061.085 7988.897 19021.863 34905.191 51874.266 64735.844 77473.414 84617.555 83863.492 71709.094 52438.895 33799.508 18818.537 10451.323
0.000 0.000 0.000 0.000 0.000 0.000 0.000 0.198 1.383 3.759 5.071 3.315 2.396 0.923 0.279 0.096 0.000 0.000 0.000 0.000 0.000 0.000 0.000 0.000 0.000 0.000 0.076 0.184 0.753 4.084 17.788 69.764 223.836 577.687 1273.130 2705.536 5953.500 13774.444 26014.994 40088.758 56759.680 78231.906 86676.719 88961.055 78293.578 58705.359 40103.527 23910.156 13850.695 6454.141
0.000 0.000 0.000 0.000 0.000 0.000 0.230 2.162 7.575 9.534 11.138 10.159 5.467 2.144 0.931 0.328 0.091 0.000 0.000 0.000 0.000 0.000 0.000 0.094 0.188 0.369 0.742 1.869 5.734 19.202 57.378 177.383 585.237 1262.907 2312.922 4410.371 9554.902 18546.977 34072.477 55317.883 76144.258 86998.039 89181.945 81479.812 64092.910 45740.977 29588.385 17905.379 8489.043 3073.618
0.000 0.000 0.000 0.000 0.000 0.155 2.012 9.225 13.915 23.644 25.379 20.074 11.387 6.487 2.892 1.029 0.430 0.237 0.179 0.199 0.231 0.366 0.540 0.845 1.736 3.416 6.813 16.437 35.888 98.064 247.635 708.609 1663.822 3090.006 5333.853 9680.003 18114.572 32428.146 50691.289 71596.516 83716.359 85742.930 82451.023 68264.383 50727.902 35521.965 22255.459 11019.513 3734.342 1170.521
0.000 0.000 0.000 0.000 0.000 1.084 7.592 13.393 27.191 39.958 42.463 40.727 32.163 18.785 8.816 3.898 1.854 1.375 1.313 1.409 1.817 2.856 4.261 6.932 13.844 25.900 47.815 96.797 188.650 365.545 761.631 1720.596 3267.491 5649.502 9790.548 17188.422 29259.699 44686.539 61956.574 76716.070 82109.539 80619.344 74694.391 57439.445 41099.133 26364.221 13174.516 4445.821 1429.679 317.901
0.000 0.000 0.000 0.000 0.276 3.994 9.470 22.996 39.785 55.768 75.281 89.030 88.283 60.123 29.285 14.395 9.510 7.063 8.303 8.935 12.895 19.584 28.706 44.620 81.199 143.041 239.688 374.047 681.198 1309.335 2608.245 4694.314 7641.141 11700.270 17705.264 26876.322 40162.227 56550.574 73012.133 82945.883 84858.688 79371.305 62434.617 45589.574 29348.246 14447.925 4614.083 1320.214 284.087 33.240
0.000 0.000 0.000 0.000 0.927 5.614 12.781 27.142 42.784 71.675 114.003 154.677 171.298 157.474 105.018 55.983 46.935 43.055 48.110 50.886 72.824 107.429 153.523 205.329 335.567 565.815 893.926 1382.829 2153.271 3393.023 5860.982 9587.547 14562.003 21579.408 31384.922 43806.816 58163.406 72537.898 82545.008 84296.227 78947.781 63776.688 47162.691 30729.541 15705.303 5186.190 1435.882 236.076 32.098 4.914
0.000 0.000 0.000 0.149 1.764 4.921 13.203 25.125 43.381 84.531 150.066 219.963 262.068 307.837 324.534 272.638 240.700 219.608 245.035 260.386 319.793 465.980 646.004 854.019 1109.881 1665.780 2631.675 4009.635 6048.943 9068.999 12901.345 17284.883 22998.371 31752.184 42745.148 55067.078 67501.773 76128.844 77387.258 74452.609 61984.121 46352.211 30325.770 15622.187 5330.209 1332.950 211.882 31.342 4.796 0.759
