tests/test_03/output7/CloudLoad_005.00hrs.dat
NCOLS    50
NROWS    50
XLLCORNER    -2289770.000
YLLCORNER     2591270.000
CELLSIZE        2000.000       2000.000
NODATA_VALUE  0.000
[rows 0 to 39 of 50, columns 0 to 49 of 50]
0.000 0.000 0.000 0.000 0.000 0.000 0.000 0.527 3.455 21.484 128.129 731.844 4212.689 17786.576 37049.125 58435.426 79983.719 99443.555 115189.648 125659.227 131438.391 134065.922 134457.656 135519.891 136574.594 136541.516 134962.312 132366.797 129591.469 126962.086 119778.859 109863.500 99450.219 82265.219 59945.582 39244.914 23961.020 12592.091 5077.973 1066.788 146.882 22.049 3.457 0.548 0.000 0.000 0.000 0.000 0.000 0.000
0.000 0.000 0.000 0.000 0.000 0.000 0.492 3.244 20.376 124.496 737.733 4764.821 19847.229 41118.156 64081.957 87295.867 108841.867 126441.734 139558.828 146262.141 148744.078 147156.406 145364.328 144075.766 143156.266 143208.328 145305.281 146692.984 145863.594 142786.656 142856.844 139092.406 128705.852 116685.086 96778.789 72335.445 48359.020 29661.084 14994.213 5222.609 994.086 140.030 20.936 3.299 0.514 0.000 0.000 0.000 0.000 0.000
0.000 0.000 0.000 0.000 0.000 0.483 3.209 20.443 127.205 793.139 5197.867 21198.736 43566.758 68233.070 94545.555 120023.531 140344.125 152606.188 157581.797 156425.703 153214.734 150613.453 148794.141 147214.328 146540.703 146519.438 146994.859 148933.359 153844.266 157990.984 159283.234 158421.906 158700.203 151173.438 136768.672 114256.461 86482.766 59393.453 36242.566 17762.627 5448.492 925.157 131.693 19.830 3.091 0.471 0.000 0.000 0.000 0.000
0.000 0.000 0.000 0.000 0.467 3.116 20.084 127.290 826.467 5426.448 21442.426 44206.508 69922.898 97520.109 123845.148 143069.641 154296.516 157766.359 155792.328 148429.109 141891.047 138177.109 135917.000 134094.484 133601.906 134180.062 137477.906 141863.906 146531.594 152439.844 160768.828 167299.328 169940.094 175531.312 170606.781 156249.078 132699.906 100409.562 70084.023 42656.887 20060.982 5329.152 874.725 120.966 18.394 2.843 0.427 0.000 0.000 0.000
0.000 0.000 0.000 0.464 3.116 20.232 131.789 880.558 5502.676 20430.436 42403.816 67097.164 94128.547 120270.766 138783.750 149460.781 151393.156 145449.688 134324.156 123273.859 116441.805 113268.547 111387.094 110603.172 110532.086 111319.773 113924.086 119172.312 127807.477 137342.484 145118.719 155581.250 169553.531 178832.406 189059.578 187733.312 174056.547 149589.922 113516.234 80151.547 48204.402 20957.291 5255.288 791.405 110.729 16.958 2.618 0.394 0.000 0.000
0.000 0.000 0.512 3.419 22.193 140.438 908.682 5264.859 18366.680 37631.293 60351.004 86274.609 111360.016 129006.742 140152.469 137937.328 125550.805 108936.086 95157.789 86058.484 81839.086 79633.156 78708.266 78395.852 79722.766 82694.781 85911.891 90262.523 95913.930 105694.594 118611.062 131365.141 146787.188 167566.219 183991.875 200743.250 202169.219 191301.625 164239.984 124461.648 87691.969 51786.477 21479.557 4994.283 699.604 100.903 15.661 2.447 0.370 0.000
0.000 0.638 3.871 23.148 137.909 870.624 4744.194 15887.328 32059.385 52076.828 75178.938 97998.195 115217.422 123872.312 119024.562 102674.266 82583.750 66834.539 57576.012 53481.699 51015.961 49332.855 48482.777 48575.816 49330.461 51450.281 55399.496 60043.562 64922.527 72059.625 82412.641 97600.586 114194.711 134718.203 160525.062 185497.609 208273.578 212384.469 204530.203 172977.750 132302.078 91953.617 53042.234 21008.861 4578.406 612.095 92.024 14.591 2.313 0.384
0.606 3.596 21.215 126.531 788.325 4128.510 13277.089 26628.119 43445.801 62528.074 81957.180 98256.141 103945.406 97090.352 79024.484 57016.133 40582.039 32687.270 29148.402 27178.785 25827.078 25037.928 24940.186 25499.059 26418.496 27980.098 29856.480 32434.572 37550.250 43969.598 51426.984 61589.184 77404.969 95517.891 118635.867 150130.859 182572.422 210847.750 217227.297 212996.703 177612.422 135784.453 92126.477 52366.688 19999.016 3962.638 533.304 84.153 13.650 2.405
3.105 18.206 109.457 674.187 3378.623 10837.921 21808.379 35075.066 50171.121 66379.750 79905.430 82615.797 74938.805 57623.844 37468.695 22367.939 16133.676 13895.501 12563.313 11397.443 10548.716 10159.471 10099.317 10390.711 10887.357 11769.523 13062.604 15070.217 17636.535 21397.852 27166.520 34399.949 43372.398 57933.211 77289.992 101114.414 137580.516 176831.953 210061.531 219319.641 215059.031 178623.234 134362.516 88984.617 49559.867 18285.787 3318.135 468.181 76.028 13.994
15.016 91.169 565.875 2666.450 8644.681 17190.434 27248.184 38912.516 52203.668 62189.312 62715.203 55573.469 39942.258 23624.850 11280.877 7008.565 5647.052 4951.848 4380.228 3848.677 3508.999 3353.035 3327.452 3425.514 3639.147 3946.500 4510.684 5414.409 6804.400 8572.418 11212.377 14932.541 20732.516 29293.510 42591.605 60139.453 86557.383 125723.023 171425.984 208830.469 219546.906 211202.250 175349.281 128285.641 83056.195 45099.613 15912.496 2700.266 403.974 75.689
78.281 463.867 2020.972 6496.560 12764.688 20105.957 29059.426 39789.020 45783.730 45464.609 40124.281 27015.141 14009.546 5315.238 2837.980 2064.905 1701.426 1469.735 1255.341 1077.287 977.988 937.948 926.455 949.940 1017.985 1137.377 1322.611 1652.032 2120.068 2834.613 3821.829 5255.389 7804.372 11620.519 18369.193 30625.572 47471.203 77337.906 118427.117 168497.984 208889.109 218315.250 202340.156 166606.844 118575.547 75426.352 39345.594 13111.382 2129.371 384.817
353.199 1394.916 4405.300 8879.494 14099.556 20977.406 28693.436 32001.541 31605.857 27656.043 17432.547 8143.897 2521.782 1108.842 689.828 512.087 420.329 354.774 295.103 248.943 225.839 218.743 216.812 223.442 239.073 272.586 336.112 435.294 591.983 823.410 1168.037 1671.602 2549.572 4193.605 7107.527 12893.567 24100.414 42093.180 73649.484 117222.812 169747.219 207350.016 211388.844 190601.688 152808.781 107038.352 65624.180 32406.377 10021.034 1834.963
867.223 2742.146 5664.286 9547.354 14493.611 19378.211 21125.266 20808.383 18133.357 10967.866 4743.950 1296.482 458.491 222.314 141.015 103.398 83.110 68.159 55.458 46.061 42.828 42.255 42.520 43.690 46.862 55.318 72.830 99.801 143.042 214.516 322.561 512.376 880.994 1613.619 3016.176 5959.167 11949.120 22823.348 43572.812 75359.508 124255.430 171256.406 203596.125 200703.188 177159.672 136306.953 93389.898 54042.645 25309.982 7958.458
1551.421 3363.416 6122.909 9101.138 11938.458 13164.316 12943.539 11177.632 6656.483 2733.296 690.020 218.819 79.062 37.573 23.056 16.299 12.706 10.245 8.334 7.077 6.712 6.721 6.856 7.206 8.051 10.226 13.711 19.872 31.518 51.288 91.150 177.842 337.283 702.709 1492.205 3261.861 6866.802 13925.414 27052.105 50131.715 85505.148 133357.828 176782.688 196600.031 187876.328 159228.484 118593.820 76930.492 42594.109 19439.350
1908.487 3479.328 5084.855 6787.271 7554.934 7412.648 6341.148 3867.621 1631.834 373.614 110.696 37.067 12.104 5.095 2.944 1.995 1.519 1.245 1.065 0.947 0.912 0.924 0.972 1.097 1.328 1.645 2.257 3.663 6.446 12.994 28.664 67.085 148.549 347.740 827.127 2023.844 4535.126 9587.153 18933.859 35829.625 62125.422 101959.969 145374.969 179347.172 188113.703 171765.875 139199.859 98672.219 60844.508 33007.516
1712.985 2473.350 3409.369 3809.510 3723.292 3205.000 2070.412 981.608 226.380 55.769 17.552 5.827 1.673 0.556 0.300 0.202 0.000 0.000 0.000 0.000 0.000 0.000 0.000 0.000 0.000 0.258 0.375 0.661 1.394 3.526 9.642 26.624 70.947 187.574 497.308 1329.102 3222.508 7121.005 14597.458 27879.479 49235.445 81121.602 119095.766 157397.047 176933.250 175084.984 152022.031 117570.523 78536.062 48219.566
1035.470 1405.558 1502.129 1473.233 1354.677 981.840 537.444 156.848 30.519 8.239 2.520 0.803 0.203 0.000 0.000 0.000 0.000 0.000 0.000 0.000 0.000 0.000 0.000 0.000 0.000 0.000 0.000 0.000 0.325 0.980 3.370 10.664 33.095 103.935 301.959 849.039 2220.747 5282.792 11430.938 22566.777 41100.285 67843.547 101082.984 138041.859 163153.766 170836.344 156776.484 130022.219 94132.969 63660.168
376.775 451.467 470.524 463.746 406.249 253.967 101.373 18.100 4.140 1.120 0.320 0.000 0.000 0.000 0.000 0.000 0.000 0.000 0.000 0.000 0.000 0.000 0.000 0.000 0.000 0.000 0.000 0.000 0.000 0.271 1.079 3.855 13.097 47.613 156.579 486.842 1452.893 3777.613 8738.184 18217.156 34765.574 58581.457 88869.852 122914.859 149446.766 163260.000 156825.938 137221.672 105893.703 77324.398
109.260 128.633 131.410 126.925 99.118 51.815 12.231 2.071 0.500 0.000 0.000 0.000 0.000 0.000 0.000 0.000 0.000 0.000 0.000 0.000 0.000 0.000 0.000 0.000 0.000 0.000 0.000 0.000 0.000 0.000 0.304 1.213 4.629 19.093 72.851 270.411 935.805 2690.160 6742.879 14854.939 29485.240 51416.148 80248.031 112207.328 138700.234 155469.219 153728.750 140153.531 113676.445 87805.641
27.821 30.767 30.717 28.306 18.721 7.236 1.105 0.212 0.000 0.000 0.000 0.000 0.000 0.000 0.000 0.000 0.000 0.000 0.000 0.000 0.000 0.000 0.000 0.000 0.000 0.000 0.000 0.000 0.000 0.000 0.000 0.425 1.921 9.305 42.139 175.381 669.326 2072.340 5529.238 12524.565 25685.576 45822.621 73399.844 104210.922 131029.594 148829.672 150514.453 141255.641 118033.031 94445.680
5.394 5.660 5.575 4.769 2.610 0.625 0.000 0.000 0.000 0.000 0.000 0.000 0.000 0.000 0.000 0.000 0.000 0.000 0.000 0.000 0.000 0.000 0.000 0.000 0.000 0.000 0.000 0.000 0.000 0.000 0.000 0.231 1.119 5.760 28.846 132.088 538.931 1730.880 4733.604 11123.145 23423.385 42232.625 68948.039 98034.945 124971.992 143866.375 147255.328 141345.484 120755.375 99407.062
0.761 0.776 0.751 0.577 0.257 0.000 0.000 0.000 0.000 0.000 0.000 0.000 0.000 0.000 0.000 0.000 0.000 0.000 0.000 0.000 0.000 0.000 0.000 0.000 0.000 0.000 0.000 0.000 0.000 0.000 0.000 0.000 0.818 4.287 22.233 104.695 445.673 1469.252 4149.218 10155.994 21873.609 40597.867 66416.555 94055.867 120787.031 139661.344 144970.125 140575.109 120952.047 102653.672
0.000 0.000 0.000 0.000 0.000 0.000 0.000 0.000 0.000 0.000 0.000 0.000 0.000 0.000 0.000 0.000 0.000 0.000 0.000 0.000 0.000 0.000 0.000 0.000 0.000 0.000 0.000 0.000 0.000 0.000 0.000 0.000 0.658 3.468 17.741 86.498 362.929 1277.007 3746.955 9499.829 20962.148 40205.816 65781.016 92586.281 119358.844 136654.828 143582.078 139234.531 120296.758 102840.078
0.000 0.000 0.000 0.000 0.000 0.000 0.000 0.000 0.000 0.000 0.000 0.000 0.000 0.000 0.000 0.000 0.000 0.000 0.000 0.000 0.000 0.000 0.000 0.000 0.000 0.000 0.000 0.000 0.000 0.000 0.000 0.000 0.553 3.026 15.727 76.648 326.963 1177.945 3547.078 9188.430 20659.406 40481.547 65868.945 93257.961 120086.797 136030.016 143137.250 136622.859 119250.594 102352.234
0.000 0.000 0.000 0.000 0.000 0.000 0.000 0.000 0.000 0.000 0.000 0.000 0.000 0.000 0.000 0.000 0.000 0.000 0.000 0.000 0.000 0.000 0.000 0.000 0.000 0.000 0.000 0.000 0.000 0.000 0.000 0.000 0.502 2.932 15.749 74.986 322.108 1170.517 3548.776 9194.520 21089.508 41168.562 66300.297 95920.648 122477.383 136787.328 143755.406 134694.578 118673.555 100427.492
0.000 0.000 0.000 0.000 0.000 0.000 0.000 0.000 0.000 0.000 0.000 0.000 0.000 0.000 0.000 0.000 0.000 0.000 0.000 0.000 0.000 0.000 0.000 0.000 0.000 0.000 0.000 0.000 0.000 0.000 0.000 0.000 0.536 3.166 16.511 79.178 337.470 1233.276 3737.740 9776.864 22327.199 42692.992 68454.734 98940.047 125799.367 140178.625 144526.125 134296.875 117256.680 97390.633
0.000 0.000 0.000 0.000 0.000 0.000 0.000 0.000 0.000 0.000 0.000 0.000 0.000 0.000 0.000 0.000 0.000 0.000 0.000 0.000 0.000 0.000 0.000 0.000 0.000 0.000 0.000 0.000 0.000 0.000 0.000 0.000 0.704 3.874 18.956 87.296 367.402 1324.368 4041.222 10735.399 24578.270 45398.883 72913.992 104144.797 128818.227 145602.281 145771.281 135620.438 115895.938 93713.258
0.000 0.000 0.000 0.000 0.000 0.000 0.000 0.000 0.000 0.000 0.000 0.000 0.000 0.000 0.000 0.000 0.000 0.000 0.000 0.000 0.000 0.000 0.000 0.000 0.000 0.000 0.000 0.000 0.000 0.000 0.000 0.211 1.173 5.679 25.074 101.346 399.067 1451.004 4525.876 12286.046 27590.559 49895.668 80236.320 110152.344 134194.969 149441.875 147422.703 137342.391 113172.148 91002.742
0.000 0.000 0.000 0.000 0.000 0.000 0.000 0.000 0.000 0.000 0.000 0.000 0.000 0.000 0.000 0.000 0.000 0.000 0.000 0.000 0.000 0.000 0.000 0.000 0.000 0.000 0.000 0.000 0.000 0.000 0.000 0.392 1.999 8.894 35.452 131.647 477.560 1665.787 5186.580 14325.781 31009.070 57244.074 88324.070 117812.859 142441.375 152137.766 150006.781 135353.766 109821.531 84600.312
0.000 0.000 0.000 0.000 0.000 0.000 0.000 0.000 0.000 0.000 0.000 0.000 0.000 0.000 0.000 0.000 0.000 0.000 0.000 0.000 0.000 0.000 0.000 0.000 0.000 0.000 0.000 0.000 0.000 0.000 0.000 0.616 3.166 13.699 52.391 185.092 630.853 2068.667 6370.031 17000.836 37144.988 65667.586 97067.727 127906.922 149982.000 156656.953 153052.297 132074.984 103710.273 75606.852
0.000 0.000 0.000 0.000 0.000 0.000 0.000 0.000 0.000 0.000 0.000 0.000 0.000 0.000 0.000 0.000 0.000 0.000 0.000 0.000 0.000 0.000 0.000 0.000 0.000 0.000 0.000 0.000 0.000 0.000 0.208 1.251 6.097 24.405 85.779 278.444 868.490 2699.671 8230.711 21442.566 45144.527 75004.383 108979.484 141629.141 157578.703 162855.172 150236.656 126480.484 95225.992 67144.789
0.000 0.000 0.000 0.000 0.000 0.000 0.000 0.000 0.000 0.000 0.000 0.000 0.000 0.000 0.000 0.000 0.000 0.000 0.000 0.000 0.000 0.000 0.000 0.000 0.000 0.000 0.000 0.000 0.000 0.000 0.445 2.641 12.287 46.047 149.214 443.843 1285.968 3823.562 10937.529 28222.283 54548.305 87198.398 125092.727 153096.750 166927.391 165771.406 145895.109 118443.008 85184.234 58029.637
0.000 0.000 0.000 0.000 0.000 0.000 0.000 0.000 0.000 0.000 0.000 0.000 0.000 0.000 0.000 0.000 0.000 0.000 0.000 0.000 0.000 0.000 0.000 0.000 0.000 0.000 0.000 0.000 0.000 0.000 1.012 5.642 24.267 88.925 278.328 779.375 2121.754 5798.762 16092.666 36597.199 66504.188 105341.961 142124.375 166284.312 176692.062 164784.109 140960.562 106426.125 73678.562 47447.625
0.000 0.000 0.000 0.000 0.000 0.000 0.000 0.000 0.000 0.000 0.000 0.000 0.243 0.248 0.000 0.000 0.000 0.000 0.000 0.000 0.000 0.000 0.000 0.000 0.000 0.000 0.000 0.000 0.000 0.473 2.985 14.923 59.165 198.917 569.762 1458.086 3627.037 9299.674 23331.152 48511.074 85308.430 124427.016 159179.234 180231.078 179158.391 163194.750 128696.266 92821.016 60070.625 32312.494
0.000 0.000 0.000 0.000 0.000 0.000 0.000 0.000 0.000 0.663 1.284 1.901 1.665 0.642 0.000 0.000 0.000 0.000 0.000 0.000 0.000 0.000 0.000 0.000 0.000 0.000 0.000 0.000 0.375 1.993 9.634 40.599 147.545 455.001 1152.949 2653.773 6200.674 15342.854 35011.801 67360.617 105913.289 146382.750 178957.625 187998.016 179000.000 150643.812 113330.953 74677.156 41601.387 19913.428
0.000 0.000 0.000 0.000 0.000 0.000 0.000 0.288 2.099 6.136 8.927 7.280 4.136 1.665 0.624 0.218 0.000 0.000 0.000 0.000 0.000 0.000 0.000 0.000 0.000 0.000 0.228 0.659 2.394 9.435 36.093 129.323 413.901 1143.355 2580.122 5427.722 11722.579 26659.930 53228.902 88733.211 133852.250 172357.625 193916.328 194221.000 169259.266 132767.406 89577.750 52766.730 25743.457 10943.433
0.000 0.000 0.000 0.000 0.000 0.000 0.330 3.139 12.379 20.244 20.809 17.113 9.937 4.769 1.975 0.739 0.256 0.000 0.000 0.000 0.000 0.000 0.000 0.219 0.411 0.873 2.127 5.630 16.074 48.457 142.553 426.637 1277.120 2823.703 5415.147 10433.955 21750.568 42546.969 75766.672 121046.133 164918.750 194124.125 203550.312 184840.078 150031.500 104417.375 64041.086 32821.660 14094.183 5454.859
0.000 0.000 0.000 0.000 0.000 0.222 2.842 14.891 28.697 40.828 43.778 37.523 25.381 13.863 6.275 2.664 1.156 0.588 0.399 0.408 0.499 0.711 1.104 1.973 3.776 7.918 18.949 43.741 100.870 234.047 550.658 1426.035 3420.068 6438.018 11145.605 20383.781 37971.215 68340.445 109219.375 156185.891 194025.016 207331.734 196495.203 164151.469 118199.008 75118.742 40445.777 18283.572 6961.885 2574.924
0.000 0.000 0.000 0.000 0.000 1.524 11.614 27.712 48.059 71.956 88.465 90.506 73.163 45.787 21.854 10.514 5.399 3.421 2.812 3.078 3.870 5.669 8.943 16.140 30.642 58.251 122.385 235.444 442.996 880.280 1903.838 4243.158 7982.745 13521.832 22355.590 38114.844 64203.680 101191.867 147189.281 189967.812 207077.641 202676.234 176171.438 128700.625 84623.758 48238.164 22383.891 8602.165 3121.105 657.324
0.000 0.000 0.000 0.000 0.401 5.820 19.099 40.393 70.814 115.099 163.641 197.822 196.579 144.578 87.770 48.523 28.216 19.647 18.022 20.947 26.646 39.126 60.844 103.404 174.398 307.468 541.817 926.817 1587.100 2907.023 5563.219 10169.038 16866.311 26490.570 41387.594 64669.676 98104.828 141036.438 183762.453 202840.812 204039.969 182206.562 136238.438 93004.078 54964.527 26278.938 10077.190 2929.649 595.165 73.272
