tests/test_03/output7/CloudLoad_005.00hrs.dat
NCOLS    50
NROWS    50
XLLCORNER    -2289770.000
YLLCORNER     2591270.000
CELLSIZE        2000.000       2000.000
NODATA_VALUE  0.000
[rows 0 to 28 of 50, columns 0 to 49 of 50]
0.000000 0.000000 0.000000 0.000000 0.000000 0.000000 0.000000 0.527315 3.455439 21.484329 128.128693 731.843750 4212.686035 17786.566406 37049.105469 58435.398438 79983.679688 99443.523438 115189.617188 125659.195312 131438.359375 134065.890625 134457.625000 135519.859375 136574.578125 136541.500000 134962.296875 132366.781250 129591.445312 126962.054688 119778.828125 109863.460938 99450.187500 82265.187500 59945.558594 39244.898438 23961.007812 12592.084961 5077.971680 1066.787354 146.881744 22.049017 3.456835 0.548189 0.000000 0.000000 0.000000 0.000000 0.000000 0.000000
0.000000 0.000000 0.000000 0.000000 0.000000 0.000000 0.491882 3.243952 20.376364 124.495461 737.732361 4764.817383 19847.216797 41118.136719 64081.929688 87295.835938 108841.828125 126441.703125 139558.796875 146262.109375 148744.062500 147156.390625 145364.312500 144075.750000 143156.250000 143208.312500 145305.281250 146692.968750 145863.578125 142786.625000 142856.812500 139092.375000 128705.820312 116685.054688 96778.757812 72335.421875 48359.000000 29661.072266 14994.207031 5222.606934 994.085999 140.030029 20.935913 3.299093 0.514311 0.000000 0.000000 0.000000 0.000000 0.000000
0.000000 0.000000 0.000000 0.000000 0.000000 0.482745 3.208755 20.443247 127.204796 793.138611 5197.862793 21198.724609 43566.738281 68233.039062 94545.515625 120023.492188 140344.093750 152606.156250 157581.781250 156425.687500 153214.718750 150613.453125 148794.156250 147214.328125 146540.718750 146519.437500 146994.859375 148933.343750 153844.250000 157990.984375 159283.218750 158421.890625 158700.187500 151173.406250 136768.656250 114256.437500 86482.750000 59393.433594 36242.554688 17762.619141 5448.489258 925.156921 131.692795 19.830080 3.090940 0.470912 0.000000 0.000000 0.000000 0.000000
0.000000 0.000000 0.000000 0.000000 0.466809 3.116362 20.084362 127.290291 826.466309 5426.444336 21442.416016 44206.492188 69922.875000 97520.078125 123845.109375 143069.609375 154296.484375 157766.343750 155792.328125 148429.109375 141891.046875 138177.125000 135917.015625 134094.500000 133601.921875 134180.078125 137477.921875 141863.906250 146531.609375 152439.843750 160768.843750 167299.328125 169940.078125 175531.296875 170606.765625 156249.046875 132699.875000 100409.539062 70084.000000 42656.871094 20060.974609 5329.150391 874.725098 120.965637 18.394466 2.842861 0.427052 0.000000 0.000000 0.000000
0.000000 0.000000 0.000000 0.464416 3.116426 20.232100 131.789413 880.557373 5502.672852 20430.425781 42403.800781 67097.140625 94128.523438 120270.726562 138783.718750 149460.750000 151393.140625 145449.687500 134324.156250 123273.875000 116441.820312 113268.570312 111387.117188 110603.195312 110532.117188 111319.804688 113924.117188 119172.335938 127807.507812 137342.515625 145118.734375 155581.265625 169553.546875 178832.406250 189059.578125 187733.296875 174056.531250 149589.906250 113516.210938 80151.523438 48204.386719 20957.283203 5255.285645 791.404785 110.728798 16.957987 2.618078 0.394113 0.000000 0.000000
0.000000 0.000000 0.512414 3.419194 22.193077 140.438354 908.681885 5264.856445 18366.671875 37631.277344 60350.984375 86274.585938 111359.984375 129006.710938 140152.453125 137937.328125 125550.804688 108936.093750 95157.812500 86058.507812 81839.109375 79633.179688 78708.296875 78395.882812 79722.796875 82694.812500 85911.929688 90262.562500 95913.960938 105694.632812 118611.101562 131365.171875 146787.218750 167566.250000 183991.875000 200743.250000 202169.218750 191301.609375 164239.953125 124461.617188 87691.945312 51786.460938 21479.548828 4994.280762 699.603516 100.903137 15.661395 2.446570 0.370164 0.000000
0.000000 0.638197 3.870593 23.147923 137.908691 870.623413 4744.191406 15887.322266 32059.373047 52076.812500 75178.914062 97998.171875 115217.398438 123872.296875 119024.546875 102674.265625 82583.757812 66834.554688 57576.031250 53481.718750 51015.984375 49332.878906 48482.804688 48575.843750 49330.488281 51450.312500 55399.531250 60043.597656 64922.558594 72059.656250 82412.671875 97600.625000 114194.757812 134718.250000 160525.093750 185497.625000 208273.593750 212384.468750 204530.203125 172977.718750 132302.062500 91953.593750 53042.218750 21008.855469 4578.404297 612.095215 92.023750 14.591165 2.313131 0.383859
0.606426 3.596451 21.214622 126.530724 788.324646 4128.508301 13277.084961 26628.111328 43445.789062 62528.058594 81957.164062 98256.117188 103945.390625 97090.343750 79024.484375 57016.140625 40582.050781 32687.283203 29148.416016 27178.800781 25827.093750 25037.945312 24940.203125 25499.078125 26418.515625 27980.121094 29856.505859 32434.599609 37550.277344 43969.628906 51427.019531 61589.226562 77405.015625 95517.937500 118635.914062 150130.890625 182572.453125 210847.765625 217227.296875 212996.687500 177612.406250 135784.421875 92126.460938 52366.671875 19999.007812 3962.636230 533.303833 84.153183 13.649696 2.404848
3.105137 18.205765 109.457420 674.186279 3378.621826 10837.917969 21808.373047 35075.058594 50171.113281 66379.734375 79905.421875 82615.789062 74938.804688 57623.839844 37468.703125 22367.947266 16133.684570 13895.509766 12563.322266 11397.452148 10548.724609 10159.479492 10099.326172 10390.720703 10887.368164 11769.536133 13062.619141 15070.233398 17636.554688 21397.875000 27166.546875 34399.980469 43372.433594 57933.250000 77290.031250 101114.460938 137580.546875 176831.984375 210061.546875 219319.640625 215059.015625 178623.218750 134362.484375 88984.593750 49559.851562 18285.779297 3318.133789 468.181274 76.027794 13.993819
15.015691 91.168503 565.874512 2666.449463 8644.678711 17190.431641 27248.177734 38912.507812 52203.656250 62189.304688 62715.199219 55573.464844 39942.257812 23624.851562 11280.882812 7008.569336 5647.055664 4951.851562 4380.231445 3848.680176 3509.002930 3353.038574 3327.455322 3425.517578 3639.150879 3946.505127 4510.688965 5414.415527 6804.409180 8572.430664 11212.392578 14932.560547 20732.539062 29293.535156 42591.640625 60139.488281 86557.429688 125723.062500 171426.015625 208830.468750 219546.906250 211202.234375 175349.250000 128285.609375 83056.179688 45099.597656 15912.488281 2700.264160 403.973846 75.688583
78.280876 463.867004 2020.971191 6496.558105 12764.686523 20105.953125 29059.419922 39789.011719 45783.726562 45464.605469 40124.277344 27015.140625 14009.547852 5315.239746 2837.981445 2064.906738 1701.427124 1469.736694 1255.342529 1077.287964 977.988953 937.948853 926.456116 949.941223 1017.986389 1137.378174 1322.613281 1652.034424 2120.071289 2834.617188 3821.834717 5255.396973 7804.382812 11620.534180 18369.214844 30625.601562 47471.238281 77337.953125 118427.164062 168498.031250 208889.125000 218315.234375 202340.156250 166606.812500 118575.515625 75426.328125 39345.578125 13111.374023 2129.369385 384.816833
353.198700 1394.916138 4405.299316 8879.493164 14099.553711 20977.402344 28693.431641 32001.539062 31605.853516 27656.042969 17432.546875 8143.897949 2521.782471 1108.842285 689.828125 512.087585 420.329712 354.774231 295.103485 248.943588 225.839081 218.743088 216.812408 223.441895 239.073196 272.586731 336.112732 435.294769 591.984436 823.411865 1168.039062 1671.604736 2549.575684 4193.611816 7107.536621 12893.583984 24100.439453 42093.214844 73649.531250 117222.859375 169747.250000 207350.031250 211388.843750 190601.687500 152808.750000 107038.320312 65624.156250 32406.361328 10021.027344 1834.962158
867.222473 2742.145996 5664.285156 9547.353516 14493.609375 19378.208984 21125.263672 20808.382812 18133.357422 10967.866211 4743.950195 1296.481812 458.491028 222.314270 141.015167 103.398018 83.109970 68.158966 55.458496 46.061199 42.828476 42.254963 42.520256 43.690464 46.862034 55.318050 72.830162 99.800880 143.042053 214.516281 322.561218 512.377319 880.995605 1613.621704 3016.179932 5959.175293 11949.133789 22823.371094 43572.843750 75359.554688 124255.468750 171256.453125 203596.140625 200703.156250 177159.656250 136306.921875 93389.867188 54042.621094 25309.966797 7958.453125
1551.420776 3363.415283 6122.908203 9101.137695 11938.458008 13164.316406 12943.539062 11177.631836 6656.482422 2733.296143 690.019897 218.818924 79.062149 37.572674 23.055990 16.298988 12.705533 10.245355 8.333675 7.077474 6.711654 6.721370 6.856485 7.205716 8.051148 10.225596 13.711527 19.872210 31.518467 51.287918 91.150581 177.842285 337.283569 702.709839 1492.207031 3261.865234 6866.810547 13925.428711 27052.128906 50131.750000 85505.187500 133357.859375 176782.703125 196600.031250 187876.312500 159228.453125 118593.789062 76930.460938 42594.089844 19439.337891
1908.486816 3479.327393 5084.854980 6787.271484 7554.934082 7412.648438 6341.147949 3867.621338 1631.833618 373.613708 110.696182 37.067493 12.104050 5.094683 2.943962 1.995434 1.519250 1.245018 1.065373 0.946827 0.912208 0.924108 0.971565 1.097035 1.327788 1.645057 2.257173 3.663488 6.445877 12.993537 28.664295 67.085083 148.548996 347.740479 827.128357 2023.847290 4535.131348 9587.163086 18933.875000 35829.652344 62125.457031 101960.007812 145375.000000 179347.187500 188113.703125 171765.859375 139199.812500 98672.187500 60844.480469 33007.496094
1712.984863 2473.349609 3409.369141 3809.510742 3723.292480 3205.000488 2070.412109 981.607849 226.379730 55.768848 17.551506 5.826541 1.672995 0.555574 0.300281 0.201607 0.000000 0.000000 0.000000 0.000000 0.000000 0.000000 0.000000 0.000000 0.000000 0.257848 0.375335 0.660775 1.394332 3.526212 9.642242 26.624338 70.947350 187.574356 497.309021 1329.104126 3222.512207 7121.013184 14597.471680 27879.501953 49235.476562 81121.632812 119095.796875 157397.078125 176933.250000 175084.968750 152022.000000 117570.492188 78536.031250 48219.542969
1035.469971 1405.557739 1502.129517 1473.233398 1354.676636 981.839661 537.444031 156.848068 30.518803 8.239216 2.520034 0.803318 0.203237 0.000000 0.000000 0.000000 0.000000 0.000000 0.000000 0.000000 0.000000 0.000000 0.000000 0.000000 0.000000 0.000000 0.000000 0.000000 0.324820 0.979509 3.369792 10.664165 33.094967 103.934998 301.959351 849.040161 2220.749756 5282.798340 11430.949219 22566.796875 41100.312500 67843.578125 101083.015625 138041.890625 163153.781250 170836.328125 156776.453125 130022.187500 94132.937500 63660.140625
376.775513 451.467072 470.523834 463.746033 406.249390 253.966644 101.373306 18.099974 4.139866 1.120410 0.319552 0.000000 0.000000 0.000000 0.000000 0.000000 0.000000 0.000000 0.000000 0.000000 0.000000 0.000000 0.000000 0.000000 0.000000 0.000000 0.000000 0.000000 0.000000 0.270767 1.078810 3.855193 13.096563 47.613037 156.579285 486.842407 1452.894653 3777.617188 8738.192383 18217.171875 34765.597656 58581.488281 88869.882812 122914.882812 149446.781250 163260.000000 156825.921875 137221.640625 105893.664062 77324.359375
109.259995 128.633270 131.409607 126.924820 99.117699 51.815231 12.231287 2.071473 0.500255 0.000000 0.000000 0.000000 0.000000 0.000000 0.000000 0.000000 0.000000 0.000000 0.000000 0.000000 0.000000 0.000000 0.000000 0.000000 0.000000 0.000000 0.000000 0.000000 0.000000 0.000000 0.303641 1.212641 4.628895 19.092640 72.850883 270.410980 935.806274 2690.164062 6742.887207 14854.953125 29485.263672 51416.175781 80248.070312 112207.359375 138700.250000 155469.218750 153728.734375 140153.500000 113676.414062 87805.609375
27.821190 30.767239 30.717001 28.306108 18.721037 7.235739 1.105342 0.211805 0.000000 0.000000 0.000000 0.000000 0.000000 0.000000 0.000000 0.000000 0.000000 0.000000 0.000000 0.000000 0.000000 0.000000 0.000000 0.000000 0.000000 0.000000 0.000000 0.000000 0.000000 0.000000 0.000000 0.424804 1.920638 9.304586 42.139370 175.381485 669.326904 2072.342773 5529.244629 12524.578125 25685.595703 45822.648438 73399.875000 104210.945312 131029.617188 148829.687500 150514.437500 141255.609375 118032.992188 94445.648438
5.393623 5.659886 5.575233 4.769278 2.610398 0.625083 0.000000 0.000000 0.000000 0.000000 0.000000 0.000000 0.000000 0.000000 0.000000 0.000000 0.000000 0.000000 0.000000 0.000000 0.000000 0.000000 0.000000 0.000000 0.000000 0.000000 0.000000 0.000000 0.000000 0.000000 0.000000 0.231482 1.118692 5.760250 28.846447 132.088562 538.932251 1730.882812 4733.609863 11123.156250 23423.404297 42232.648438 68948.070312 98034.976562 124972.015625 143866.375000 147255.312500 141345.453125 120755.343750 99407.023438
0.760926 0.775915 0.750861 0.576724 0.257396 0.000000 0.000000 0.000000 0.000000 0.000000 0.000000 0.000000 0.000000 0.000000 0.000000 0.000000 0.000000 0.000000 0.000000 0.000000 0.000000 0.000000 0.000000 0.000000 0.000000 0.000000 0.000000 0.000000 0.000000 0.000000 0.000000 0.000000 0.818026 4.286700 22.232771 104.695404 445.674194 1469.254639 4149.223633 10156.004883 21873.626953 40597.894531 66416.585938 94055.890625 120787.054688 139661.343750 144970.109375 140575.078125 120952.015625 102653.640625
0.000000 0.000000 0.000000 0.000000 0.000000 0.000000 0.000000 0.000000 0.000000 0.000000 0.000000 0.000000 0.000000 0.000000 0.000000 0.000000 0.000000 0.000000 0.000000 0.000000 0.000000 0.000000 0.000000 0.000000 0.000000 0.000000 0.000000 0.000000 0.000000 0.000000 0.000000 0.000000 0.657875 3.468262 17.740690 86.498657 362.929749 1277.008911 3746.959473 9499.839844 20962.166016 40205.843750 65781.046875 92586.312500 119358.867188 136654.843750 143582.078125 139234.515625 120296.726562 102840.046875
0.000000 0.000000 0.000000 0.000000 0.000000 0.000000 0.000000 0.000000 0.000000 0.000000 0.000000 0.000000 0.000000 0.000000 0.000000 0.000000 0.000000 0.000000 0.000000 0.000000 0.000000 0.000000 0.000000 0.000000 0.000000 0.000000 0.000000 0.000000 0.000000 0.000000 0.000000 0.000000 0.552931 3.025723 15.727115 76.647919 326.963715 1177.947266 3547.083252 9188.440430 20659.423828 40481.578125 65868.976562 93257.992188 120086.820312 136030.015625 143137.250000 136622.828125 119250.570312 102352.195312
0.000000 0.000000 0.000000 0.000000 0.000000 0.000000 0.000000 0.000000 0.000000 0.000000 0.000000 0.000000 0.000000 0.000000 0.000000 0.000000 0.000000 0.000000 0.000000 0.000000 0.000000 0.000000 0.000000 0.000000 0.000000 0.000000 0.000000 0.000000 0.000000 0.000000 0.000000 0.000000 0.502187 2.931631 15.749287 74.985680 322.108856 1170.519165 3548.781250 9194.530273 21089.527344 41168.593750 66300.328125 95920.679688 122477.406250 136787.343750 143755.390625 134694.546875 118673.531250 100427.453125
0.000000 0.000000 0.000000 0.000000 0.000000 0.000000 0.000000 0.000000 0.000000 0.000000 0.000000 0.000000 0.000000 0.000000 0.000000 0.000000 0.000000 0.000000 0.000000 0.000000 0.000000 0.000000 0.000000 0.000000 0.000000 0.000000 0.000000 0.000000 0.000000 0.000000 0.000000 0.000000 0.536282 3.165636 16.510635 79.177765 337.470367 1233.277954 3737.744629 9776.875977 22327.218750 42693.023438 68454.765625 98940.078125 125799.390625 140178.640625 144526.109375 134296.859375 117256.648438 97390.593750
0.000000 0.000000 0.000000 0.000000 0.000000 0.000000 0.000000 0.000000 0.000000 0.000000 0.000000 0.000000 0.000000 0.000000 0.000000 0.000000 0.000000 0.000000 0.000000 0.000000 0.000000 0.000000 0.000000 0.000000 0.000000 0.000000 0.000000 0.000000 0.000000 0.000000 0.000000 0.000000 0.703728 3.873859 18.955656 87.295784 367.402313 1324.370361 4041.227539 10735.411133 24578.292969 45398.910156 72914.031250 104144.828125 128818.250000 145602.296875 145771.265625 135620.421875 115895.906250 93713.218750
0.000000 0.000000 0.000000 0.000000 0.000000 0.000000 0.000000 0.000000 0.000000 0.000000 0.000000 0.000000 0.000000 0.000000 0.000000 0.000000 0.000000 0.000000 0.000000 0.000000 0.000000 0.000000 0.000000 0.000000 0.000000 0.000000 0.000000 0.000000 0.000000 0.000000 0.000000 0.211416 1.173176 5.679096 25.073917 101.346321 399.067566 1451.006104 4525.881348 12286.058594 27590.582031 49895.699219 80236.351562 110152.375000 134194.984375 149441.890625 147422.687500 137342.359375 113172.117188 91002.710938
0.000000 0.000000 0.000000 0.000000 0.000000 0.000000 0.000000 0.000000 0.000000 0.000000 0.000000 0.000000 0.000000 0.000000 0.000000 0.000000 0.000000 0.000000 0.000000 0.000000 0.000000 0.000000 0.000000 0.000000 0.000000 0.000000 0.000000 0.000000 0.000000 0.000000 0.000000 0.392173 1.998617 8.894356 35.452316 131.646820 477.560303 1665.789673 5186.585938 14325.795898 31009.093750 57244.105469 88324.101562 117812.890625 142441.390625 152137.765625 150006.765625 135353.734375 109821.500000 84600.273438
