tests/test_03/output7/CloudConcentration_005.00hrs.dat
NCOLS    50
NROWS    50
XLLCORNER    -2289770.000
YLLCORNER     2591270.000
CELLSIZE        2000.000       2000.000
NODATA_VALUE -9999.
[rows 0 to 29 of 50, columns 0 to 49 of 50]
0.000000 0.000000 0.000000 0.000000 0.000000 0.000000 0.000000 0.378461 2.348596 13.543694 72.368065 365.370239 2111.333740 9197.765625 19205.695312 30384.330078 40814.894531 49770.378906 56423.246094 59315.824219 60020.210938 59158.320312 58943.500000 63856.425781 67983.421875 67985.890625 66954.304688 62235.281250 57432.527344 60163.546875 61007.472656 55362.597656 47705.363281 36890.023438 29670.441406 22402.861328 14741.576172 6562.791504 2460.227783 537.166992 68.935539 10.376606 1.653709 0.269946 0.000000 0.000000 0.000000 0.000000 0.000000 0.000000
0.000000 0.000000 0.000000 0.000000 0.000000 0.000000 0.369939 2.323617 13.707729 77.386047 412.521881 2416.487305 10117.864258 19981.658203 31140.287109 43066.238281 54695.960938 63381.714844 68425.281250 70798.351562 70090.828125 67335.398438 64476.371094 62463.988281 67289.484375 71195.468750 72804.617188 72466.585938 67579.718750 62304.535156 68571.945312 69950.492188 62972.109375 53143.781250 42753.617188 35694.957031 27581.384766 17786.968750 7005.866211 2545.659424 489.337311 66.787811 10.093451 1.622232 0.259609 0.000000 0.000000 0.000000 0.000000 0.000000
0.000000 0.000000 0.000000 0.000000 0.000000 0.392433 2.526565 15.299299 89.159988 517.910156 3225.986572 12919.420898 24874.630859 36461.070312 47258.273438 57364.308594 69036.500000 75074.750000 77036.609375 76169.187500 74458.773438 72502.312500 69520.445312 66068.031250 63549.121094 68219.343750 72451.937500 74188.625000 75648.171875 73094.085938 68768.171875 75095.289062 77541.640625 73222.765625 60431.707031 50689.171875 43174.718750 33277.699219 20366.734375 8033.606445 2710.249756 450.803070 64.330635 9.799520 1.553325 0.240479 0.000000 0.000000 0.000000 0.000000
0.000000 0.000000 0.000000 0.000000 0.404443 2.641963 16.508581 100.477776 616.831421 4000.747314 15436.743164 29678.589844 43772.449219 56097.273438 66430.351562 71469.234375 72331.515625 75296.226562 75971.015625 73892.671875 71764.867188 69860.437500 68140.500000 65890.617188 62690.421875 59454.691406 63982.976562 70190.890625 73381.242188 75150.257812 73358.343750 71768.671875 79562.953125 83313.718750 79925.101562 67191.937500 60474.714844 50374.691406 38063.757812 23150.037109 9210.630859 2675.256104 436.551331 60.637157 9.278804 1.445709 0.217748 0.000000 0.000000 0.000000
0.000000 0.000000 0.000000 0.413343 2.733887 17.434816 110.253601 722.659302 4657.642578 16926.626953 32690.949219 48522.933594 63966.996094 76648.781250 80140.132812 79438.007812 76084.195312 70273.851562 63646.917969 59766.824219 58078.281250 57847.480469 57868.785156 56681.187500 55835.140625 54130.609375 52122.789062 54957.992188 64133.988281 70034.226562 72582.101562 71172.312500 74193.890625 83053.773438 87413.828125 83884.781250 72785.187500 69630.539062 56823.203125 41593.316406 24237.103516 9812.951172 2727.797607 404.917267 56.701496 8.670015 1.336055 0.200979 0.000000 0.000000
0.000000 0.000000 0.445185 2.946994 19.007931 120.891022 805.488525 4812.905273 16628.808594 32661.023438 50000.171875 67786.664062 81137.187500 85432.039062 85552.398438 80693.000000 71507.539062 61730.531250 52891.058594 45900.500000 41164.972656 38979.730469 39953.089844 41072.613281 41967.589844 42585.558594 43143.132812 42655.164062 43368.863281 53100.519531 61492.125000 66373.953125 67160.601562 75529.507812 84798.476562 88716.257812 85983.960938 80918.125000 76986.679688 60633.398438 43669.031250 24307.820312 10404.907227 2672.404785 365.542206 52.371464 8.055926 1.256022 0.191494 0.000000
0.000000 0.536416 3.366197 20.640568 125.976486 818.014038 4530.988770 15124.412109 29772.062500 46909.554688 65065.820312 79994.757812 85975.500000 86655.742188 81673.218750 68722.109375 55641.375000 45067.601562 38082.007812 33665.804688 30049.255859 26936.992188 24427.312500 24310.623047 25879.765625 27925.654297 29676.373047 31247.880859 31526.742188 32338.083984 41736.585938 50920.273438 57511.695312 60913.761719 74635.617188 84889.578125 87501.156250 85816.132812 88801.296875 79876.093750 62845.746094 42866.339844 24249.630859 10815.914062 2521.028809 323.861359 47.888630 7.538764 1.199466 0.208817
0.557443 3.361745 20.103821 121.490395 766.674377 4042.511719 12975.166016 25718.455078 41058.148438 57424.074219 72076.507812 81993.984375 83274.093750 76138.000000 60207.976562 45237.554688 33478.226562 26744.974609 23238.052734 20846.464844 18641.941406 16833.171875 15488.626953 14302.703125 13281.856445 14309.558594 16224.616211 18358.511719 20367.011719 21992.671875 23312.269531 32062.595703 40895.031250 47938.738281 52924.460938 71908.453125 83884.429688 84987.109375 89041.945312 92589.187500 80710.109375 61457.820312 41135.933594 23318.931641 10794.686523 2207.712646 280.903656 43.390110 7.048684 1.304276
3.036269 17.869370 107.891556 667.406616 3351.463135 10738.390625 21480.753906 34083.156250 47753.511719 61344.824219 72050.578125 72354.093750 64812.980469 48956.441406 32589.269531 20134.902344 14664.327148 12539.681641 11204.900391 9967.097656 8934.033203 8232.164062 7750.393555 7321.462402 7012.789551 6797.840820 6466.396973 7965.529785 10177.829102 12229.011719 14249.267578 15660.833008 23299.482422 31602.179688 38057.734375 45942.800781 65759.437500 77926.695312 83853.445312 92478.453125 93395.125000 77858.632812 58373.523438 38582.300781 24003.792969 10148.854492 1810.809082 236.541412 38.288204 7.478902
14.941727 90.806358 564.199402 2659.304199 8616.577148 17088.925781 26903.419922 37849.636719 49826.183594 58579.226562 58054.058594 51191.179688 36435.582031 21571.734375 10433.375000 6618.958008 5353.857910 4673.935547 4102.056641 3558.350098 3175.489746 2956.884033 2833.427246 2777.540527 2781.242188 2738.450928 2870.041992 2909.783203 3411.337158 4844.338379 6508.924316 8231.083984 9596.832031 16174.099609 23379.195312 27936.802734 41938.218750 59385.632812 69545.945312 86976.312500 93874.000000 88985.265625 73696.257812 54089.550781 38423.777344 23104.185547 8717.468750 1340.537720 194.379211 38.709011
78.206406 463.503021 2019.293701 6489.442383 12736.858398 20005.503906 28688.535156 38847.750000 44261.894531 43646.675781 38439.015625 25601.992188 13134.942383 4952.340332 2713.995850 1996.680054 1647.840576 1418.580078 1204.134644 1023.997253 916.702698 864.748840 833.217896 829.466064 854.720093 904.488525 963.537964 1079.168091 1182.203491 1401.597290 2122.292480 3014.388916 4170.184570 5602.817871 10422.881836 16259.812500 22293.269531 38772.839844 51844.777344 69735.460938 88718.648438 89613.843750 82738.734375 68449.632812 53893.378906 37007.171875 20164.677734 6649.263672 935.244873 186.416702
353.129730 1394.590576 4403.868164 8873.736328 14077.654297 20889.703125 28415.113281 31503.482422 31050.421875 27109.492188 16927.220703 7771.586426 2338.889893 1058.323120 670.774292 501.176422 411.721375 346.575928 286.908539 240.460999 216.197906 206.874680 201.541809 203.688843 212.367447 233.340195 272.318634 323.912933 387.603088 448.403656 587.996216 928.052795 1406.385254 1956.309326 3714.641357 6967.463379 11016.990234 21537.962891 35246.957031 49027.679688 73153.132812 85408.367188 84216.765625 79665.179688 68922.734375 50602.171875 31998.380859 15991.791992 4471.412598 809.573486
867.182678 2741.968506 5663.530273 9544.254883 14480.745117 19327.314453 21025.093750 20670.763672 17988.179688 10822.868164 4607.713867 1205.173462 426.009033 215.025589 138.271698 101.865257 81.926292 67.039345 54.340824 44.910431 41.534954 40.630882 40.393116 40.906876 43.046650 49.469723 63.139774 81.917496 103.867188 134.045456 160.049850 281.596405 490.977081 747.947083 1523.919189 3124.788086 5251.461426 11325.477539 21406.419922 31444.376953 55235.828125 71816.460938 81108.109375 84431.617188 80085.726562 63397.542969 43992.097656 25248.207031 11411.797852 3468.483887
1551.409302 3363.366455 6122.704102 9100.243164 11933.735352 13150.476562 12919.511719 11144.409180 6620.961914 2697.795410 656.754456 197.639847 73.118668 36.481998 22.699505 16.114319 12.568279 10.116887 8.205642 6.946034 6.564162 6.532184 6.605262 6.868611 7.561623 9.457368 12.377062 17.207554 25.345531 34.814346 47.702362 95.525902 187.186386 317.717773 759.682007 1673.502197 2944.070557 6658.682617 12725.271484 20926.933594 39604.863281 57862.519531 70187.070312 84197.484375 83368.296875 73828.296875 54062.015625 34434.117188 18739.466797 9143.230469
1908.484131 3479.316650 5084.810059 6787.078613 7554.024414 7409.683594 6335.874023 3860.317383 1624.052734 365.826965 103.297447 32.175720 10.835753 4.926680 2.902710 1.976556 1.505880 1.232622 1.053024 0.934092 0.897613 0.904893 0.945780 1.060608 1.271914 1.550254 2.076910 3.262182 5.343759 9.252128 15.953826 35.417141 82.389549 154.120026 428.454620 1004.904175 2048.575684 4583.114746 8504.762695 15210.341797 29016.091797 45466.320312 58841.578125 78848.921875 83515.406250 78131.882812 62019.347656 42818.667969 26123.679688 16035.567383
1712.984009 2473.346924 3409.359619 3809.471436 3723.107178 3204.403320 2069.360352 980.173828 224.865448 54.251442 16.082710 4.769456 1.375526 0.529396 0.296018 0.199964 0.000000 0.000000 0.000000 0.000000 0.000000 0.000000 0.000000 0.000000 0.000000 0.246261 0.349687 0.590558 1.151591 2.510647 5.431028 13.765068 39.377239 82.366447 264.593597 638.304626 1512.079468 3489.911133 6321.910645 12455.318359 23079.064453 36258.640625 49948.117188 70873.812500 79720.812500 77406.562500 66447.078125 50060.257812 35122.179688 23880.634766
1035.469604 1405.557007 1502.127563 1473.225830 1354.640503 981.730652 537.256714 156.600021 30.259518 7.979397 2.266382 0.604925 0.146079 0.000000 0.000000 0.000000 0.000000 0.000000 0.000000 0.000000 0.000000 0.000000 0.000000 0.000000 0.000000 0.000000 0.000000 0.000000 0.259904 0.664330 1.888147 5.305694 17.970793 45.000645 163.663940 408.024017 1063.797974 2623.409180 4854.780762 10503.715820 19412.845703 29814.966797 44161.988281 63696.828125 75189.867188 74427.710938 66932.796875 56529.804688 43870.429688 31798.152344
376.775391 451.466888 470.523438 463.744720 406.243256 253.949066 101.343521 18.062492 4.101232 1.081791 0.281917 0.000000 0.000000 0.000000 0.000000 0.000000 0.000000 0.000000 0.000000 0.000000 0.000000 0.000000 0.000000 0.000000 0.000000 0.000000 0.000000 0.000000 0.000000 0.167467 0.572028 1.811615 6.552514 21.190294 78.938385 236.090942 694.491577 1852.182495 3671.856201 8690.171875 16294.953125 25285.734375 40600.593750 57758.417969 69350.125000 70508.796875 66124.570312 62390.781250 51025.355469 38478.222656
109.259949 128.633224 131.409531 126.924614 99.116814 51.812763 12.227166 2.066608 0.495312 0.000000 0.000000 0.000000 0.000000 0.000000 0.000000 0.000000 0.000000 0.000000 0.000000 0.000000 0.000000 0.000000 0.000000 0.000000 0.000000 0.000000 0.000000 0.000000 0.000000 0.000000 0.124003 0.514229 2.013380 7.463004 32.997627 117.735863 444.911133 1255.169922 3008.572266 7180.744629 13578.294922 22152.546875 38229.121094 53471.722656 63948.535156 66692.187500 66842.085938 66275.046875 54915.117188 43292.144531
27.821180 30.767229 30.716988 28.306078 18.720928 7.235446 1.104870 0.211275 0.000000 0.000000 0.000000 0.000000 0.000000 0.000000 0.000000 0.000000 0.000000 0.000000 0.000000 0.000000 0.000000 0.000000 0.000000 0.000000 0.000000 0.000000 0.000000 0.000000 0.000000 0.000000 0.000000 0.153083 0.734958 3.830389 17.849642 68.851257 321.666748 889.319519 2589.714355 6160.731445 11489.834961 21204.042969 35796.246094 49976.398438 59194.406250 62879.671875 68971.125000 68411.046875 57137.117188 45750.371094
5.393621 5.659884 5.575231 4.769274 2.610387 0.625055 0.000000 0.000000 0.000000 0.000000 0.000000 0.000000 0.000000 0.000000 0.000000 0.000000 0.000000 0.000000 0.000000 0.000000 0.000000 0.000000 0.000000 0.000000 0.000000 0.000000 0.000000 0.000000 0.000000 0.000000 0.000000 0.090578 0.441059 2.214623 10.532744 53.557915 258.594299 722.889771 2286.171387 5370.982422 10170.429688 20646.974609 33813.121094 46259.214844 54952.738281 65150.343750 70677.890625 68719.109375 58257.382812 46367.113281
0.760926 0.775915 0.750860 0.576723 0.257395 0.000000 0.000000 0.000000 0.000000 0.000000 0.000000 0.000000 0.000000 0.000000 0.000000 0.000000 0.000000 0.000000 0.000000 0.000000 0.000000 0.000000 0.000000 0.000000 0.000000 0.000000 0.000000 0.000000 0.000000 0.000000 0.000000 0.000000 0.303849 1.639044 8.643645 42.771431 201.474762 650.606934 2038.159302 4722.229980 10036.649414 20710.730469 32746.880859 43216.808594 52705.308594 66552.828125 70391.562500 68308.828125 56344.316406 46050.550781
0.000000 0.000000 0.000000 0.000000 0.000000 0.000000 0.000000 0.000000 0.000000 0.000000 0.000000 0.000000 0.000000 0.000000 0.000000 0.000000 0.000000 0.000000 0.000000 0.000000 0.000000 0.000000 0.000000 0.000000 0.000000 0.000000 0.000000 0.000000 0.000000 0.000000 0.000000 0.000000 0.271701 1.455555 7.134747 33.153847 143.176025 583.979919 1840.950684 4204.355957 10337.212891 20548.347656 31639.830078 41125.882812 56147.558594 67425.390625 69908.820312 65600.671875 53821.878906 44686.312500
0.000000 0.000000 0.000000 0.000000 0.000000 0.000000 0.000000 0.000000 0.000000 0.000000 0.000000 0.000000 0.000000 0.000000 0.000000 0.000000 0.000000 0.000000 0.000000 0.000000 0.000000 0.000000 0.000000 0.000000 0.000000 0.000000 0.000000 0.000000 0.000000 0.000000 0.000000 0.000000 0.235060 1.260188 6.068663 31.538733 140.682190 555.448547 1658.839844 4196.574707 10823.856445 20513.605469 30398.097656 42462.824219 59762.546875 67210.250000 68654.093750 62114.617188 51596.558594 48318.527344
0.000000 0.000000 0.000000 0.000000 0.000000 0.000000 0.000000 0.000000 0.000000 0.000000 0.000000 0.000000 0.000000 0.000000 0.000000 0.000000 0.000000 0.000000 0.000000 0.000000 0.000000 0.000000 0.000000 0.000000 0.000000 0.000000 0.000000 0.000000 0.000000 0.000000 0.000000 0.000000 0.197312 1.162336 6.656862 32.797001 146.837631 551.776306 1545.400146 4580.393066 11203.741211 20010.218750 29190.748047 46957.414062 62054.171875 67496.812500 66145.523438 59040.882812 55875.832031 50484.011719
0.000000 0.000000 0.000000 0.000000 0.000000 0.000000 0.000000 0.000000 0.000000 0.000000 0.000000 0.000000 0.000000 0.000000 0.000000 0.000000 0.000000 0.000000 0.000000 0.000000 0.000000 0.000000 0.000000 0.000000 0.000000 0.000000 0.000000 0.000000 0.000000 0.000000 0.000000 0.000000 0.223457 1.400021 7.431838 35.392670 153.003235 542.757568 1774.657959 5245.831055 11662.580078 19514.720703 33088.390625 50574.390625 63262.488281 66025.984375 63832.402344 61673.558594 58609.398438 49083.894531
0.000000 0.000000 0.000000 0.000000 0.000000 0.000000 0.000000 0.000000 0.000000 0.000000 0.000000 0.000000 0.000000 0.000000 0.000000 0.000000 0.000000 0.000000 0.000000 0.000000 0.000000 0.000000 0.000000 0.000000 0.000000 0.000000 0.000000 0.000000 0.000000 0.000000 0.000000 0.000000 0.325127 1.813726 8.616639 37.303539 155.244354 607.916748 2091.499756 5651.959961 11778.219727 21596.705078 37738.417969 52991.703125 62785.382812 64601.902344 65713.671875 67076.507812 57751.449219 47044.281250
0.000000 0.000000 0.000000 0.000000 0.000000 0.000000 0.000000 0.000000 0.000000 0.000000 0.000000 0.000000 0.000000 0.000000 0.000000 0.000000 0.000000 0.000000 0.000000 0.000000 0.000000 0.000000 0.000000 0.000000 0.000000 0.000000 0.000000 0.000000 0.000000 0.000000 0.000000 0.094937 0.509568 2.443869 11.076916 46.793217 195.096695 737.647217 2349.302734 6317.279297 12640.952148 26136.328125 41652.656250 54958.636719 60734.070312 67432.140625 71926.250000 68968.164062 55551.632812 42724.867188
0.000000 0.000000 0.000000 0.000000 0.000000 0.000000 0.000000 0.000000 0.000000 0.000000 0.000000 0.000000 0.000000 0.000000 0.000000 0.000000 0.000000 0.000000 0.000000 0.000000 0.000000 0.000000 0.000000 0.000000 0.000000 0.000000 0.000000 0.000000 0.000000 0.000000 0.000000 0.184483 0.993584 4.561303 18.605997 68.870804 241.795120 857.614990 2656.164551 6541.414551 16326.326172 30359.587891 44961.589844 54534.863281 64661.964844 74170.757812 74343.296875 66535.484375 50598.777344 37742.621094
0.000000 0.000000 0.000000 0.000000 0.000000 0.000000 0.000000 0.000000 0.000000 0.000000 0.000000 0.000000 0.000000 0.000000 0.000000 0.000000 0.000000 0.000000 0.000000 0.000000 0.000000 0.000000 0.000000 0.000000 0.000000 0.000000 0.000000 0.000000 0.000000 0.000000 0.000000 0.326325 1.691697 7.280407 28.031162 97.899910 318.379028 996.703186 2904.969727 8919.798828 20333.662109 33945.625000 45260.550781 58169.027344 73631.906250 77243.125000 75072.781250 60314.937500 45457.902344 36838.519531
