tests/test_03/output7/CloudConcentration_010.00hrs.dat
NCOLS    50
NROWS    50
XLLCORNER    -2289770.000
YLLCORNER     2591270.000
CELLSIZE        2000.000       2000.000
NODATA_VALUE  0.000
[rows 0 to 45 of 50, columns 0 to 49 of 50]
381.249 413.911 456.738 506.631 563.747 628.219 700.606 781.322 871.450 973.372 1090.037 1224.638 1381.404 1563.110 1773.509 2019.500 2305.660 2634.494 3013.577 3457.459 3980.389 4585.176 5268.484 6035.905 6901.298 7877.214 8961.584 10126.999 11342.638 12567.133 13722.600 14634.941 15059.329 14861.456 14189.364 13006.242 11700.586 10850.076 10831.276 9811.950 8512.808 6996.325 6303.498 5456.271 4283.356 2898.340 2270.488 1644.353 875.309 177.953
209.048 230.521 258.526 290.610 326.793 367.541 413.790 466.965 528.944 602.169 689.366 793.124 916.134 1062.436 1238.219 1448.795 1696.407 1987.036 2335.687 2757.000 3253.387 3820.656 4470.919 5232.039 6122.745 7135.760 8245.352 9450.600 10751.504 12096.034 13375.752 14416.538 14921.476 14873.205 14324.059 13195.934 11943.336 11151.768 11169.895 10212.455 8938.051 7402.342 6719.512 5839.596 4614.858 3155.559 2489.201 1809.690 976.398 210.570
148.725 165.574 187.404 212.251 240.217 271.929 308.478 351.604 403.326 465.863 541.441 632.198 740.951 872.760 1033.390 1226.441 1455.368 1729.314 2063.658 2468.641 2941.363 3482.314 4113.743 4863.658 5744.984 6751.277 7865.127 9080.980 10397.442 11778.426 13127.956 14250.277 14853.581 14886.869 14495.660 13456.810 12287.360 11578.206 11640.161 10748.280 9504.699 7947.574 7271.603 6354.193 5062.956 3503.512 2780.829 2026.634 1104.374 253.887
79.260 90.392 104.609 120.689 138.865 159.985 185.347 216.781 256.311 305.863 366.994 441.517 533.179 647.662 789.002 959.818 1166.204 1419.865 1734.375 2114.903 2556.676 3066.972 3676.599 4413.762 5288.519 6292.824 7412.939 8643.314 9983.254 11405.401 12836.298 14084.292 14792.538 14904.865 14675.887 13729.871 12656.676 12053.351 12159.752 11318.007 10097.940 8527.348 7872.811 6921.209 5559.515 3891.630 3113.468 2269.449 1246.999 307.726
44.139 51.031 59.754 69.909 81.908 96.619 115.472 139.557 170.232 209.083 257.669 318.815 397.408 497.058 620.329 771.526 957.885 1191.358 1480.576 1826.381 2233.374 2720.176 3312.042 4029.615 4886.629 5885.750 7013.615 8258.359 9614.904 11063.929 12542.502 13901.339 14766.640 14951.542 14882.435 14018.855 13033.926 12552.217 12719.046 11922.560 10712.369 9133.557 8517.701 7538.745 6102.697 4321.729 3489.237 2537.568 1404.826 370.510
17.685 20.969 25.537 31.483 39.383 49.643 62.807 80.146 102.624 131.243 168.777 219.107 284.888 368.170 473.538 605.583 770.151 976.159 1232.872 1548.142 1931.815 2397.831 2965.374 3657.687 4495.009 5485.183 6623.019 7894.579 9277.747 10744.347 12250.497 13675.129 14699.698 15040.680 15086.842 14329.945 13414.760 13035.459 13290.925 12578.416 11346.258 9761.855 9197.546 8204.507 6691.876 4789.521 3915.866 2834.771 1580.968 447.630
7.073 8.460 10.613 13.849 18.557 25.286 34.461 46.364 61.993 83.625 113.839 154.676 208.535 278.872 368.858 481.690 622.707 801.793 1031.248 1321.690 1682.817 2126.887 2670.168 3334.711 4143.886 5116.987 6259.660 7555.160 8973.413 10473.720 12003.680 13445.865 14574.692 15083.567 15274.034 14646.535 13800.746 13525.161 13831.501 13275.263 11998.398 10410.176 9909.217 8912.066 7330.068 5297.638 4396.701 3167.121 1777.742 542.203
2.693 3.336 4.455 6.230 8.910 12.711 18.048 25.913 37.770 54.814 78.312 110.346 153.747 211.135 285.067 378.992 499.055 655.182 860.216 1126.668 1465.780 1889.277 2410.549 3048.743 3829.828 4779.114 5912.837 7224.937 8680.965 10226.622 11793.582 13259.688 14418.085 15059.403 15379.032 14930.786 14184.646 14017.797 14367.730 13975.965 12664.921 11076.036 10649.843 9652.681 8013.879 5853.177 4939.990 3539.436 1997.170 656.692
0.979 1.323 1.939 2.879 4.309 6.502 10.028 15.833 24.839 37.678 55.375 79.816 113.401 158.686 218.587 297.170 400.942 538.979 723.081 966.524 1281.986 1682.526 2183.422 2802.828 3562.385 4486.638 5598.289 6903.861 8377.917 9963.374 11578.247 13081.339 14254.491 14989.362 15413.968 15126.465 14534.249 14509.829 14888.341 14661.967 13336.943 11753.327 11414.317 10417.469 8733.809 6456.294 5545.642 3956.684 2246.363 793.728
0.344 0.557 0.877 1.333 2.125 3.638 6.250 10.517 16.900 26.115 39.339 57.830 83.083 117.816 166.178 233.210 324.800 448.490 614.370 834.820 1123.759 1497.538 1976.591 2580.991 3327.163 4233.186 5318.867 6600.704 8070.642 9678.748 11337.306 12889.122 14079.030 14870.270 15364.429 15190.390 14757.245 15015.494 15401.677 15305.661 14000.871 12432.924 12203.821 11197.095 9479.478 7098.988 6220.629 4420.439 2523.455 952.041
0.000 0.235 0.400 0.652 1.157 2.292 4.428 7.314 11.320 17.600 27.194 40.699 59.421 86.372 126.225 184.381 266.113 377.495 526.935 726.100 990.235 1337.714 1789.626 2369.773 3099.686 3994.212 5066.285 6327.137 7776.808 9381.883 11057.131 12644.357 13864.519 14736.715 15218.155 15159.440 14855.530 15373.889 15898.690 15888.923 14627.103 13095.326 13005.218 11991.529 10236.616 7767.452 6949.596 4926.689 2830.209 1133.822
0.000 0.000 0.000 0.363 0.753 1.568 2.757 4.455 6.994 10.972 17.345 27.284 42.133 64.111 97.133 146.822 219.207 319.639 454.733 635.408 878.136 1201.837 1627.621 2179.196 2881.300 3755.420 4816.278 6066.101 7497.676 9081.453 10742.393 12330.132 13559.238 14545.018 15039.548 15046.208 14876.198 15509.399 16242.368 16391.708 15180.543 13704.408 13785.654 12805.477 10992.367 8449.023 7718.549 5473.577 3167.114 1341.517
0.000 0.000 0.000 0.232 0.476 0.767 1.327 2.473 4.253 6.817 11.134 18.818 31.290 50.069 77.953 119.582 181.022 269.010 391.036 557.317 782.643 1085.768 1486.630 2008.041 2676.252 3519.211 4557.064 5792.325 7208.457 8765.098 10391.297 11951.954 13152.931 14224.772 14795.878 14862.655 14793.305 15530.424 16369.311 16711.468 15665.795 14234.546 14514.614 13633.489 11727.840 9131.712 8521.124 6054.274 3530.294 1570.152
0.000 0.000 0.000 0.000 0.000 0.368 0.701 1.330 2.574 4.675 7.994 13.578 23.380 39.714 64.313 99.567 150.392 224.531 332.228 484.988 696.148 981.246 1359.592 1853.557 2489.335 3295.414 4297.574 5505.811 6899.417 8423.561 9996.866 11473.591 12680.078 13768.479 14393.949 14599.574 14626.655 15531.742 16365.913 16787.872 16109.166 14700.476 15123.322 14419.511 12420.600 9796.452 9331.351 6659.641 3922.666 1824.209
0.000 0.000 0.000 0.000 0.000 0.000 0.342 0.710 1.492 3.102 5.820 10.192 17.693 30.786 51.662 82.196 126.010 189.771 283.303 419.450 612.542 877.862 1233.602 1703.142 2311.662 3084.956 4045.753 5208.052 6560.075 8044.968 9565.656 10950.866 12148.220 13233.739 13817.034 14175.155 14309.556 15445.412 16283.949 16647.753 16238.058 15095.740 15612.528 15125.994 13049.539 10423.939 10139.872 7287.010 4341.115 2097.597
0.000 0.000 0.000 0.000 0.000 0.000 0.208 0.456 0.964 2.050 4.238 7.954 13.974 23.940 40.237 65.727 103.969 160.518 243.998 365.164 537.151 777.180 1106.063 1547.688 2128.246 2870.439 3792.614 4904.611 6195.836 7617.812 9073.887 10372.373 11556.866 12610.290 13143.886 13583.563 13897.207 15232.465 16066.948 16347.733 16162.724 15406.919 15964.161 15710.653 13591.728 10991.123 10923.709 7923.077 4783.606 2386.517
0.000 0.000 0.000 0.000 0.000 0.000 0.000 0.323 0.680 1.411 3.001 6.003 10.838 18.452 30.894 51.288 84.149 134.920 209.627 316.790 469.672 685.473 985.196 1393.707 1938.230 2642.073 3520.948 4580.024 5802.577 7144.498 8516.106 9717.160 10876.874 11844.515 12390.387 12861.865 13442.507 14818.991 15708.880 15909.582 15833.101 15563.032 16126.593 16107.431 14024.820 11622.832 11644.848 8554.986 5249.083 2691.106
0.000 0.000 0.000 0.000 0.000 0.000 0.000 0.210 0.448 0.921 1.889 4.002 7.898 13.981 23.769 40.272 67.406 110.220 175.401 270.810 407.805 601.856 873.477 1247.303 1748.493 2401.915 3226.935 4224.584 5371.501 6610.579 7864.150 8990.299 10095.096 10968.278 11562.124 12035.583 12870.890 14224.067 15183.152 15352.510 15336.231 15434.069 16154.447 16265.055 14324.547 12212.475 12269.325 9153.610 5734.619 2994.988
0.000 0.000 0.000 0.000 0.000 0.000 0.000 0.000 0.257 0.659 1.347 2.637 5.298 10.378 18.891 32.414 54.005 88.777 142.958 224.671 345.571 520.027 765.729 1104.590 1560.525 2156.887 2911.465 3831.030 4892.954 6035.619 7161.749 8209.397 9239.798 10005.484 10636.953 11148.457 12181.088 13479.900 14359.216 14668.345 14714.447 15205.200 15870.751 16196.589 14445.658 12722.049 12707.430 9680.559 6236.344 3304.518
0.000 0.000 0.000 0.000 0.000 0.000 0.000 0.000 0.000 0.377 0.937 2.045 3.825 7.201 13.903 25.329 43.389 71.354 115.142 182.785 285.211 436.444 653.702 956.818 1367.452 1906.653 2588.598 3419.431 4382.239 5418.647 6425.916 7393.050 8331.283 8992.466 9622.150 10161.042 11374.471 12619.345 13376.126 13825.791 13966.931 14844.605 15504.989 15736.212 14446.408 13150.045 13016.442 10079.152 6749.158 3630.815
0.000 0.000 0.000 0.000 0.000 0.000 0.000 0.000 0.000 0.232 0.560 1.322 2.690 5.172 9.807 17.984 32.080 55.239 91.540 147.504 232.509 358.432 542.608 804.478 1166.609 1647.250 2256.522 2996.921 3852.144 4773.591 5661.411 6544.989 7363.974 7962.111 8549.197 9223.095 10504.452 11624.668 12306.353 12834.618 13077.905 14278.873 14987.141 15103.538 14209.850 13358.322 13222.816 10388.086 7264.307 3958.566
0.000 0.000 0.000 0.000 0.000 0.000 0.000 0.000 0.000 0.000 0.275 0.642 1.484 3.428 6.722 12.291 22.517 40.165 68.881 114.549 184.994 289.265 441.563 660.226 967.427 1382.160 1914.758 2565.417 3311.818 4111.699 4884.553 5674.357 6371.533 6939.576 7461.850 8344.381 9539.412 10471.319 11183.013 11739.754 12325.957 13573.726 14306.437 14358.422 13813.405 13437.824 13292.156 10600.437 7771.691 4302.377
0.000 0.000 0.000 0.000 0.000 0.000 0.000 0.000 0.000 0.000 0.000 0.308 0.745 1.787 4.151 8.253 15.343 27.589 48.766 83.493 138.476 223.759 351.040 531.295 782.723 1124.871 1574.691 2133.677 2775.897 3453.460 4121.560 4807.591 5383.803 5912.922 6410.068 7440.038 8512.172 9305.683 10021.947 10598.911 11561.053 12715.866 13373.671 13524.443 13260.820 13239.039 13305.560 10698.018 8254.080 4618.563
0.000 0.000 0.000 0.000 0.000 0.000 0.000 0.000 0.000 0.000 0.000 0.000 0.365 0.885 2.022 4.517 9.824 18.970 33.798 58.357 99.129 163.683 261.945 408.795 617.012 895.160 1260.227 1719.277 2254.519 2819.127 3390.550 3974.339 4438.564 4915.023 5526.590 6523.419 7412.302 8147.193 8834.931 9480.547 10744.916 11752.468 12331.718 12606.555 12572.430 12913.442 13119.179 10701.380 8698.633 4869.914
0.000 0.000 0.000 0.000 0.000 0.000 0.000 0.000 0.000 0.000 0.000 0.000 0.000 0.383 0.944 2.229 4.939 10.599 21.272 39.524 69.114 115.406 186.782 295.565 455.877 683.930 986.516 1354.765 1775.168 2222.319 2699.722 3171.347 3578.565 3983.543 4719.629 5605.444 6334.731 7029.701 7670.984 8678.679 9823.012 10657.867 11250.919 11603.587 11882.416 12431.707 12714.376 10615.663 9096.209 5094.123
0.000 0.000 0.000 0.000 0.000 0.000 0.000 0.000 0.000 0.000 0.000 0.000 0.000 0.000 0.404 0.999 2.485 5.589 11.523 22.857 43.093 76.088 128.600 208.586 325.612 496.279 729.520 1021.386 1356.807 1706.166 2078.043 2440.311 2802.538 3227.085 3959.676 4681.059 5338.281 5960.928 6697.611 7833.517 8794.213 9570.102 10195.258 10566.052 11323.136 11904.688 12070.576 10420.814 9401.712 5305.206
0.000 0.000 0.000 0.000 0.000 0.000 0.000 0.000 0.000 0.000 0.000 0.000 0.000 0.000 0.000 0.449 1.106 2.705 6.581 13.465 25.045 45.635 81.241 139.119 227.884 355.796 525.196 736.270 985.268 1261.299 1559.067 1832.414 2117.818 2632.574 3257.974 3828.048 4415.433 4998.160 5974.396 6951.141 7766.921 8506.256 9132.246 9719.012 10711.478 11265.827 11287.413 10114.383 9567.361 5503.339
0.000 0.000 0.000 0.000 0.000 0.000 0.000 0.000 0.000 0.000 0.000 0.000 0.000 0.000 0.000 0.200 0.507 1.265 3.013 6.850 14.114 27.366 50.634 88.539 148.145 237.936 363.013 520.770 697.467 893.222 1106.365 1334.128 1625.701 2093.672 2593.589 3095.234 3591.661 4335.823 5232.682 6031.492 6786.919 7471.600 8094.245 9090.474 9975.720 10425.592 10484.075 9730.304 9649.626 5690.404
0.000 0.000 0.000 0.000 0.000 0.000 0.000 0.000 0.000 0.000 0.000 0.000 0.000 0.000 0.000 0.000 0.216 0.537 1.311 3.126 7.165 14.908 29.118 53.848 94.106 154.631 236.673 340.424 467.182 618.375 771.561 933.867 1258.067 1639.659 2022.366 2435.570 2962.238 3706.725 4443.128 5149.501 5828.490 6446.167 7327.898 8277.540 9043.337 9536.119 9646.071 9175.855 9454.922 5858.446
0.000 0.000 0.000 0.000 0.000 0.000 0.000 0.000 0.000 0.000 0.000 0.000 0.000 0.000 0.000 0.000 0.000 0.223 0.539 1.307 3.120 7.229 15.448 30.655 55.239 93.217 147.660 218.823 304.529 400.719 509.589 696.355 951.231 1226.739 1539.037 1879.408 2437.239 3046.754 3647.044 4246.526 4824.487 5538.267 6465.080 7276.424 7949.267 8504.967 8699.240 8776.201 9066.725 6015.188
0.000 0.000 0.000 0.000 0.000 0.000 0.000 0.000 0.000 0.000 0.000 0.000 0.000 0.000 0.000 0.000 0.000 0.000 0.224 0.529 1.242 2.911 6.844 14.883 28.981 52.301 87.349 131.106 186.087 250.818 346.342 498.652 683.124 894.141 1118.930 1469.379 1902.710 2366.404 2846.948 3335.047 3848.622 4660.466 5452.073 6140.535 6746.128 7333.617 7631.168 8177.051 8503.467 6031.632
0.000 0.000 0.000 0.000 0.000 0.000 0.000 0.000 0.000 0.000 0.000 0.000 0.000 0.000 0.000 0.000 0.000 0.000 0.000 0.224 0.515 1.191 2.738 6.157 13.610 27.011 46.802 73.510 107.392 151.946 231.801 337.382 461.370 599.108 793.895 1063.353 1376.360 1708.591 2070.378 2462.162 3072.308 3711.328 4347.150 4973.403 5529.423 6060.354 6682.083 7383.362 7731.752 5863.813
0.000 0.000 0.000 0.000 0.000 0.000 0.000 0.000 0.000 0.000 0.000 0.000 0.000 0.000 0.000 0.000 0.000 0.000 0.000 0.000 0.209 0.465 1.051 2.405 5.586 11.913 22.243 37.173 55.914 92.033 142.047 203.122 273.123 375.594 520.734 693.990 892.269 1117.294 1426.530 1832.651 2278.430 2771.096 3289.988 3813.790 4336.562 5060.723 5764.674 6401.060 6677.279 5660.658
0.000 0.000 0.000 0.000 0.000 0.000 0.000 0.000 0.000 0.000 0.000 0.000 0.000 0.000 0.000 0.000 0.000 0.000 0.000 0.000 0.000 0.191 0.412 0.904 2.037 4.555 8.843 15.859 28.491 46.249 68.687 105.002 153.649 213.208 290.667 395.397 549.235 743.096 981.757 1263.437 1585.840 1949.623 2377.976 2955.079 3571.248 4161.378 4706.355 5254.701 5576.827 5478.583
0.000 0.000 0.000 0.000 0.000 0.000 0.000 0.000 0.000 0.000 0.000 0.000 0.000 0.000 0.000 0.000 0.000 0.000 0.000 0.000 0.000 0.080 0.166 0.393 0.901 1.986 4.006 7.475 13.110 21.949 35.381 56.180 87.273 128.315 181.785 253.703 349.021 472.707 630.010 838.652 1129.347 1471.647 1837.475 2254.101 2728.946 3223.543 3702.724 4154.695 4500.930 5063.491
0.000 0.000 0.000 0.000 0.000 0.000 0.000 0.000 0.000 0.000 0.000 0.000 0.000 0.000 0.000 0.000 0.000 0.000 0.000 0.000 0.000 0.000 0.124 0.294 0.642 1.322 2.584 4.753 8.354 14.043 22.757 35.692 54.391 80.389 115.087 168.693 241.765 334.456 451.648 608.247 810.222 1053.969 1327.898 1638.960 2006.388 2403.396 2811.943 3315.553 3760.066 4435.000
0.000 0.000 0.000 0.000 0.000 0.000 0.000 0.000 0.000 0.000 0.000 0.000 0.000 0.000 0.000 0.000 0.000 0.000 0.000 0.000 0.000 0.000 0.093 0.226 0.503 1.010 1.902 3.362 5.552 9.222 15.321 24.600 38.031 57.018 84.252 121.954 171.263 235.038 317.850 424.759 561.771 733.027 955.506 1234.770 1560.085 1932.792 2329.871 2731.883 3092.761 3687.417
0.000 0.000 0.000 0.000 0.000 0.000 0.000 0.000 0.000 0.000 0.000 0.000 0.000 0.000 0.000 0.000 0.000 0.000 0.000 0.000 0.000 0.000 0.073 0.168 0.345 0.671 1.304 2.453 4.369 7.262 11.602 17.982 27.203 40.491 59.520 85.168 119.278 171.232 243.595 333.266 445.893 590.931 757.652 964.603 1212.569 1507.229 1826.840 2145.261 2416.706 2877.473
0.000 0.000 0.000 0.000 0.000 0.000 0.000 0.000 0.000 0.000 0.000 0.000 0.000 0.000 0.000 0.000 0.000 0.000 0.000 0.000 0.000 0.000 0.000 0.127 0.274 0.542 1.008 1.833 3.214 5.323 8.458 13.608 21.305 32.511 48.515 70.248 98.199 137.867 192.592 260.763 345.969 452.538 570.641 717.981 894.169 1100.786 1322.037 1551.099 1756.201 2132.838
0.000 0.000 0.000 0.000 0.000 0.000 0.000 0.000 0.000 0.000 0.000 0.000 0.000 0.000 0.000 0.000 0.000 0.000 0.000 0.000 0.000 0.000 0.000 0.098 0.206 0.407 0.798 1.442 2.677 4.604 7.346 11.470 17.518 26.387 38.965 55.214 75.911 104.332 142.267 190.065 248.942 318.280 403.280 508.462 633.490 777.142 933.391 1105.358 1279.405 1624.854
0.000 0.000 0.000 0.000 0.000 0.000 0.000 0.000 0.000 0.000 0.000 0.000 0.000 0.000 0.000 0.000 0.000 0.000 0.000 0.000 0.000 0.000 0.000 0.000 0.181 0.380 0.718 1.266 2.198 3.684 5.844 8.972 13.383 19.649 28.326 39.192 53.820 72.722 98.504 131.985 177.606 230.085 298.765 383.102 485.039 605.761 746.715 908.511 1052.067 1322.214
0.000 0.000 0.000 0.000 0.000 0.000 0.000 0.000 0.000 0.000 0.000 0.000 0.000 0.000 0.000 0.000 0.000 0.000 0.000 0.000 0.000 0.000 0.000 0.000 0.154 0.309 0.575 1.012 1.662 2.647 4.154 6.367 9.716 14.626 21.645 30.671 42.131 57.174 78.472 107.353 142.196 184.130 238.591 303.999 380.414 469.559 570.238 681.705 780.372 961.667
0.000 0.000 0.000 0.000 0.000 0.000 0.000 0.000 0.000 0.000 0.000 0.000 0.000 0.000 0.000 0.000 0.000 0.000 0.000 0.000 0.000 0.000 0.000 0.000 0.121 0.231 0.433 0.794 1.368 2.266 3.566 5.516 8.170 11.893 17.128 24.100 33.047 44.674 60.408 80.214 103.313 130.970 167.755 210.083 261.655 321.393 386.118 457.765 523.483 628.508
0.000 0.000 0.000 0.000 0.000 0.000 0.000 0.000 0.000 0.000 0.000 0.000 0.000 0.000 0.000 0.000 0.000 0.000 0.000 0.000 0.000 0.000 0.000 0.000 0.116 0.229 0.426 0.742 1.197 1.816 2.759 4.101 5.981 8.617 12.193 16.919 22.908 30.632 40.533 52.299 65.858 81.877 101.380 125.647 156.138 191.392 230.446 274.910 324.468 397.832
0.000 0.000 0.000 0.000 0.000 0.000 0.000 0.000 0.000 0.000 0.000 0.000 0.000 0.000 0.000 0.000 0.000 0.000 0.000 0.000 0.000 0.000 0.000 0.000 0.108 0.192 0.326 0.538 0.856 1.304 1.884 2.619 3.750 5.326 7.398 10.236 14.148 19.280 25.872 34.070 43.506 53.790 65.710 81.918 100.756 122.850 148.525 183.582 219.012 281.175
0.000 0.000 0.000 0.000 0.000 0.000 0.000 0.000 0.000 0.000 0.000 0.000 0.000 0.000 0.000 0.000 0.000 0.000 0.000 0.000 0.000 0.000 0.000 0.000 0.000 0.131 0.222 0.378 0.628 0.971 1.446 2.102 2.961 4.091 5.689 7.807 10.564 14.053 18.308 23.317 29.128 36.103 44.733 55.488 68.192 82.663 98.634 118.663 138.931 170.097
