tests/test_03/output7/CloudConcentration_005.00hrs.dat
NCOLS    50
NROWS    50
XLLCORNER    -2289770.000
YLLCORNER     2591270.000
CELLSIZE        2000.000       2000.000
NODATA_VALUE  0.000
[rows 0 to 49 of 50, columns 0 to 49 of 50]
0.000 0.000 0.000 0.000 0.000 0.000 0.000 0.000 0.000 0.000 0.000 0.230 0.359 0.517 0.714 0.966 1.295 1.736 2.306 2.997 3.827 4.790 5.902 7.259 8.833 10.246 10.910 11.028 10.374 9.635 8.430 7.027 5.321 3.696 2.213 1.281 0.640 0.339 0.142 0.000 0.000 0.000 0.000 0.000 0.000 0.000 0.000 0.000 0.000 0.000
0.000 0.000 0.000 0.000 0.000 0.000 0.000 0.000 0.000 0.000 0.312 0.520 0.785 1.099 1.511 2.034 2.702 3.529 4.524 5.843 7.520 9.437 12.064 15.890 20.281 23.608 24.927 25.358 24.445 22.539 17.878 14.460 11.108 7.232 4.283 2.676 1.443 0.708 0.338 0.147 0.000 0.000 0.000 0.000 0.000 0.000 0.000 0.000 0.000 0.000
0.000 0.000 0.000 0.000 0.000 0.000 0.000 0.000 0.289 0.536 0.899 1.375 1.967 2.755 3.837 5.192 6.765 8.626 11.501 15.704 20.695 27.304 36.608 47.549 57.029 61.994 64.693 65.224 57.497 47.509 37.326 27.457 21.097 13.719 8.488 5.322 2.850 1.386 0.722 0.309 0.000 0.000 0.000 0.000 0.000 0.000 0.000 0.000 0.000 0.000
0.000 0.000 0.000 0.000 0.000 0.000 0.226 0.419 0.811 1.565 2.604 3.887 5.591 7.752 10.573 13.915 17.896 23.351 30.923 41.099 53.953 69.872 88.065 105.588 119.848 131.336 137.537 130.163 113.068 92.065 72.327 51.132 38.833 27.323 17.615 9.745 5.540 2.674 1.276 0.561 0.209 0.000 0.000 0.000 0.000 0.000 0.000 0.000 0.000 0.000
0.000 0.000 0.000 0.000 0.000 0.330 0.643 1.607 3.358 5.329 7.540 10.091 13.432 17.811 23.087 29.651 38.200 50.185 65.774 85.432 110.459 138.337 166.742 192.681 216.636 237.092 243.781 230.709 203.985 171.252 132.065 96.708 70.620 53.715 34.368 18.425 10.444 5.187 2.323 1.047 0.380 0.000 0.000 0.000 0.000 0.000 0.000 0.000 0.000 0.000
0.000 0.000 0.000 0.249 0.513 1.393 3.452 6.039 8.958 12.192 16.080 20.956 27.208 35.274 44.955 57.487 74.336 96.350 124.751 159.493 199.719 241.630 282.166 320.807 360.020 385.407 392.443 382.725 353.454 300.442 235.109 176.201 125.763 92.097 60.974 33.812 18.625 10.438 4.682 1.903 0.684 0.186 0.000 0.000 0.000 0.000 0.000 0.000 0.000 0.000
0.000 0.000 0.369 1.069 2.948 5.613 8.896 12.768 17.297 22.637 29.208 37.909 49.007 62.919 80.567 103.641 133.796 170.889 216.569 270.033 326.765 383.827 441.674 501.410 554.844 582.795 598.960 607.743 571.216 492.806 400.820 302.793 218.510 141.461 99.259 61.685 35.610 18.121 9.006 3.868 1.398 0.354 0.000 0.000 0.000 0.000 0.000 0.000 0.000 0.000
0.230 0.672 2.065 4.405 7.502 11.336 15.953 21.418 28.008 36.151 46.401 60.170 78.046 100.463 129.873 167.870 215.112 271.724 337.902 410.485 485.403 564.309 648.545 733.694 798.989 838.481 882.495 906.933 873.986 775.550 639.385 491.674 349.345 231.724 162.147 106.416 58.695 29.937 15.266 6.443 2.243 0.661 0.155 0.000 0.000 0.000 0.000 0.000 0.000 0.000
1.271 2.930 5.402 8.678 12.857 17.951 23.903 31.087 40.088 51.339 65.894 85.600 111.431 144.489 187.657 241.921 307.562 385.187 473.064 567.440 669.213 781.401 897.789 1004.881 1087.162 1178.873 1276.225 1307.179 1275.916 1165.799 993.274 780.132 554.350 376.605 262.193 175.240 93.924 50.592 23.190 9.707 3.367 1.019 0.275 0.000 0.000 0.000 0.000 0.000 0.000 0.000
3.421 5.775 9.137 13.262 17.972 23.482 30.155 38.686 49.748 64.211 83.981 110.861 145.713 190.703 248.928 318.970 400.953 498.113 607.536 731.038 873.105 1024.154 1172.311 1303.074 1456.861 1664.183 1826.242 1860.551 1845.611 1751.320 1557.439 1240.348 880.338 603.282 416.669 278.324 149.768 78.982 36.119 15.397 5.490 1.601 0.448 0.144 0.000 0.000 0.000 0.000 0.000 0.000
5.978 8.465 11.638 15.378 19.749 25.001 31.728 40.555 52.050 67.800 90.124 120.251 160.566 215.623 288.602 376.311 475.283 590.274 729.094 894.048 1081.642 1279.052 1475.320 1695.483 1989.970 2342.080 2633.933 2743.709 2786.497 2690.208 2422.771 1961.543 1400.339 949.979 649.139 429.697 234.443 120.190 58.419 24.811 9.359 2.783 0.757 0.248 0.092 0.000 0.000 0.000 0.000 0.000
7.299 9.389 12.195 15.728 19.875 24.812 31.260 39.733 51.161 67.652 90.720 121.178 162.555 220.261 295.701 388.640 504.996 653.826 838.168 1050.642 1291.616 1567.193 1888.437 2276.932 2751.439 3295.784 3849.257 4194.495 4315.365 4196.109 3691.132 3016.679 2187.717 1461.759 989.013 646.959 362.411 189.501 92.774 39.651 15.374 4.863 1.317 0.418 0.158 0.000 0.000 0.000 0.000 0.000
7.573 9.492 11.553 13.325 15.470 18.713 23.439 29.711 39.450 55.107 75.881 104.606 149.471 211.321 284.402 376.223 509.716 699.169 939.874 1219.340 1548.372 1957.528 2468.627 3091.804 3831.642 4672.374 5567.784 6310.583 6564.245 6418.152 5469.127 4438.402 3254.688 2165.655 1459.631 945.998 544.279 286.160 146.463 63.255 24.948 8.123 2.248 0.696 0.261 0.102 0.000 0.000 0.000 0.000
6.345 6.864 7.226 7.673 8.822 10.981 14.125 18.578 26.150 37.809 53.084 77.165 116.635 170.412 238.764 337.329 491.927 721.795 1032.517 1423.118 1897.660 2490.273 3246.208 4183.656 5290.679 6525.725 7824.869 9015.022 9453.573 9299.612 7783.440 6237.295 4581.096 3058.345 2057.767 1330.764 780.475 413.882 220.604 97.631 40.316 14.085 3.927 1.124 0.415 0.162 0.000 0.000 0.000 0.000
3.372 2.979 2.805 2.803 2.977 3.802 5.200 7.857 13.015 20.471 31.412 50.680 82.805 128.955 195.541 300.727 469.409 731.889 1119.476 1650.320 2326.122 3165.745 4221.886 5529.140 7070.856 8771.802 10517.931 12112.241 12774.235 12616.211 10525.453 8371.123 6116.360 4098.355 2757.481 1788.222 1060.518 566.715 314.506 143.849 62.140 22.819 7.197 1.754 0.617 0.240 0.092 0.000 0.000 0.000
1.037 0.742 0.712 0.715 0.753 0.905 1.279 2.037 3.612 6.437 11.984 24.043 47.575 89.897 161.639 277.433 460.766 751.177 1203.795 1874.863 2791.980 3941.931 5336.188 7025.119 9027.102 11238.399 13476.217 15393.029 16251.933 16142.313 13500.482 10714.422 7774.302 5224.591 3512.456 2290.448 1368.857 735.426 420.415 200.750 88.808 34.511 12.144 3.173 0.888 0.339 0.128 0.000 0.000 0.000
0.228 0.000 0.000 0.000 0.000 0.000 0.275 0.470 0.901 1.879 4.186 9.740 23.140 56.869 133.281 262.072 463.791 778.873 1277.083 2072.530 3242.447 4745.172 6500.507 8566.370 11035.914 13786.657 16543.194 18708.060 19740.348 19707.435 16554.540 13138.198 9475.970 6390.916 4285.572 2814.062 1686.533 910.349 529.346 261.390 119.112 48.866 18.806 5.458 1.397 0.469 0.175 0.000 0.000 0.000
0.000 0.000 0.000 0.000 0.000 0.000 0.000 0.000 0.244 0.652 1.835 5.195 14.331 38.226 102.948 241.629 461.697 798.772 1321.828 2148.832 3413.556 5140.669 7217.247 9589.098 12354.916 15490.855 18667.751 20987.352 22061.846 22074.615 18705.499 14818.238 10592.159 7263.765 4908.193 3271.398 1972.328 1083.010 637.035 321.402 151.359 63.703 26.445 8.607 2.366 0.702 0.255 0.093 0.000 0.000
0.000 0.000 0.000 0.000 0.000 0.000 0.000 0.000 0.000 0.303 1.028 3.342 10.246 29.092 76.413 198.514 432.136 793.927 1330.288 2160.044 3434.466 5203.612 7360.960 9817.822 12650.973 15877.387 19159.033 21551.125 22583.085 22606.962 19229.699 15227.507 10874.323 7492.679 5084.146 3406.522 2080.702 1160.893 700.833 369.439 180.747 78.661 34.180 12.187 3.645 0.999 0.350 0.126 0.000 0.000
0.000 0.000 0.000 0.000 0.000 0.000 0.000 0.000 0.000 0.000 0.674 2.371 7.553 21.802 57.428 141.354 332.518 679.456 1226.161 2022.886 3204.328 4894.114 7054.132 9551.574 12360.015 15500.403 18753.402 21048.431 21963.399 22041.290 18935.769 15041.089 10759.731 7439.404 5066.692 3403.897 2088.313 1171.208 713.586 380.534 190.728 89.950 40.928 15.630 5.088 1.349 0.442 0.161 0.000 0.000
0.000 0.000 0.000 0.000 0.000 0.000 0.000 0.000 0.000 0.000 0.422 1.499 4.828 14.173 38.401 97.818 239.079 504.252 939.059 1594.968 2555.408 3923.584 5735.932 7895.352 10302.704 12932.874 15700.564 17839.226 18571.511 18586.881 16028.511 12807.803 9232.636 6436.396 4491.309 3027.295 1918.874 1124.172 691.740 379.449 191.070 92.654 43.896 18.322 6.322 1.751 0.521 0.191 0.000 0.000
0.000 0.000 0.000 0.000 0.000 0.000 0.000 0.000 0.000 0.000 0.000 0.610 2.125 6.811 20.100 55.345 145.510 329.182 646.357 1144.278 1879.997 2930.444 4337.289 6047.684 7970.573 10049.841 12230.941 14052.631 14686.895 14673.676 12617.819 10083.672 7258.779 5032.268 3607.257 2420.188 1544.397 934.728 582.329 333.530 177.680 92.254 44.313 19.291 7.058 2.251 0.599 0.208 0.000 0.000
0.000 0.000 0.000 0.000 0.000 0.000 0.000 0.000 0.000 0.000 0.000 0.000 0.672 2.294 7.301 21.646 60.283 164.550 365.689 692.181 1191.851 1923.280 2915.056 4146.883 5554.550 7071.330 8633.191 10075.604 10645.924 10650.560 9124.829 7285.387 5255.609 3640.465 2692.370 1808.202 1168.274 742.144 460.874 268.639 145.027 81.041 41.478 19.109 7.443 2.805 0.749 0.216 0.000 0.000
0.000 0.000 0.000 0.000 0.000 0.000 0.000 0.000 0.000 0.000 0.000 0.000 0.201 0.711 2.362 7.279 20.736 55.528 141.634 306.387 587.006 1017.850 1622.149 2400.544 3319.429 4318.903 5335.886 6283.570 6761.042 6811.735 5808.143 4620.504 3337.122 2345.761 1785.115 1220.450 804.219 542.249 344.289 205.601 117.747 66.466 34.513 16.674 7.552 2.981 0.946 0.253 0.078 0.000
0.000 0.000 0.000 0.000 0.000 0.000 0.000 0.000 0.000 0.000 0.000 0.000 0.000 0.000 0.684 2.225 6.675 18.387 48.143 116.238 232.809 415.587 694.558 1101.930 1626.989 2212.992 2814.403 3388.270 3673.017 3722.618 3194.443 2556.443 1859.930 1391.734 1053.038 745.826 526.838 366.158 238.156 144.737 90.246 51.174 27.166 13.125 6.728 2.953 1.050 0.297 0.085 0.000
0.000 0.000 0.000 0.000 0.000 0.000 0.000 0.000 0.000 0.000 0.000 0.000 0.000 0.000 0.000 0.607 1.932 5.648 15.163 38.915 85.877 164.232 283.019 453.063 689.064 984.493 1301.682 1592.068 1738.760 1755.878 1530.055 1232.593 924.301 762.384 576.165 422.688 324.613 230.158 153.029 102.125 64.787 37.490 19.643 10.765 5.357 2.496 1.015 0.320 0.088 0.000
0.000 0.000 0.000 0.000 0.000 0.000 0.000 0.000 0.000 0.000 0.000 0.000 0.000 0.000 0.000 0.000 0.489 1.522 4.356 11.691 27.870 57.360 106.439 179.729 279.793 409.165 560.001 702.674 761.986 757.320 670.723 543.656 456.814 383.868 299.790 241.815 186.730 135.526 94.961 66.055 42.527 25.283 14.906 8.035 4.018 1.884 0.804 0.325 0.093 0.000
0.000 0.000 0.000 0.000 0.000 0.000 0.000 0.000 0.000 0.000 0.000 0.000 0.000 0.000 0.000 0.000 0.000 0.355 1.085 3.056 8.165 18.362 35.617 64.122 106.300 159.352 218.859 277.757 301.185 297.450 266.456 217.719 203.864 174.223 149.896 127.979 99.351 74.967 57.444 40.278 26.354 17.100 10.407 5.729 2.867 1.334 0.645 0.274 0.092 0.000
0.000 0.000 0.000 0.000 0.000 0.000 0.000 0.000 0.000 0.000 0.000 0.000 0.000 0.000 0.000 0.000 0.000 0.000 0.234 0.711 1.981 5.180 11.138 20.670 35.014 55.005 78.629 97.498 105.456 107.139 93.047 89.770 84.228 74.993 71.097 61.908 50.636 42.481 32.823 23.470 16.251 10.953 6.722 3.853 1.979 1.041 0.471 0.198 0.000 0.000
0.000 0.000 0.000 0.000 0.000 0.000 0.000 0.000 0.000 0.000 0.000 0.000 0.000 0.000 0.000 0.000 0.000 0.000 0.000 0.000 0.431 1.208 2.930 6.050 10.850 17.184 24.687 31.631 33.838 33.393 32.551 33.970 32.849 34.082 31.806 29.523 26.815 22.297 17.583 13.548 9.954 6.598 4.170 2.390 1.434 0.745 0.341 0.125 0.000 0.000
0.000 0.000 0.000 0.000 0.000 0.000 0.000 0.000 0.000 0.000 0.000 0.000 0.000 0.000 0.000 0.000 0.000 0.000 0.000 0.000 0.000 0.243 0.672 1.485 2.885 4.924 7.203 8.778 9.805 9.827 11.583 12.146 14.008 14.687 14.662 14.827 13.309 11.299 9.748 7.726 5.644 3.821 2.396 1.586 0.905 0.482 0.217 0.090 0.000 0.000
0.000 0.000 0.000 0.000 0.000 0.000 0.000 0.000 0.000 0.000 0.000 0.000 0.000 0.000 0.000 0.000 0.000 0.000 0.000 0.000 0.000 0.000 0.000 0.319 0.665 1.187 1.842 2.325 2.477 3.173 3.664 4.746 5.548 6.465 7.175 7.254 6.822 6.283 5.356 4.260 3.015 2.139 1.490 0.899 0.526 0.268 0.136 0.000 0.000 0.000
0.000 0.000 0.000 0.000 0.000 0.000 0.000 0.000 0.000 0.000 0.000 0.000 0.000 0.000 0.000 0.000 0.000 0.000 0.000 0.000 0.000 0.000 0.000 0.000 0.000 0.247 0.399 0.525 0.636 0.898 1.247 1.722 2.256 2.958 3.343 3.635 3.744 3.396 2.909 2.180 1.732 1.231 0.794 0.497 0.254 0.149 0.000 0.000 0.000 0.000
0.000 0.000 0.000 0.000 0.000 0.000 0.000 0.000 0.000 0.000 0.000 0.000 0.000 0.000 0.000 0.000 0.000 0.000 0.000 0.000 0.000 0.000 0.000 0.000 0.000 0.000 0.000 0.100 0.159 0.249 0.413 0.633 0.952 1.262 1.613 1.879 1.951 1.783 1.506 1.297 0.943 0.646 0.416 0.238 0.138 0.000 0.000 0.000 0.000 0.000
0.000 0.000 0.000 0.000 0.000 0.000 0.000 0.000 0.000 0.000 0.000 0.000 0.000 0.000 0.000 0.000 0.000 0.000 0.000 0.000 0.000 0.000 0.000 0.000 0.000 0.000 0.000 0.000 0.000 0.074 0.147 0.253 0.386 0.584 0.787 0.942 0.958 0.951 0.863 0.678 0.497 0.320 0.204 0.119 0.000 0.000 0.000 0.000 0.000 0.000
0.000 0.000 0.000 0.000 0.000 0.000 0.000 0.000 0.000 0.000 0.000 0.000 0.000 0.000 0.000 0.000 0.000 0.000 0.000 0.000 0.000 0.000 0.000 0.000 0.000 0.000 0.000 0.000 0.000 0.000 0.000 0.106 0.182 0.275 0.369 0.438 0.517 0.513 0.448 0.354 0.232 0.162 0.100 0.000 0.000 0.000 0.000 0.000 0.000 0.000
0.000 0.000 0.000 0.000 0.000 0.000 0.000 0.000 0.000 0.000 0.000 0.000 0.000 0.000 0.000 0.000 0.000 0.000 0.000 0.000 0.000 0.000 0.000 0.000 0.000 0.000 0.000 0.000 0.000 0.000 0.000 0.000 0.084 0.124 0.176 0.230 0.259 0.255 0.226 0.163 0.124 0.000 0.000 0.000 0.000 0.000 0.000 0.000 0.000 0.000
0.000 0.000 0.000 0.000 0.000 0.000 0.000 0.000 0.000 0.000 0.000 0.000 0.000 0.000 0.000 0.000 0.000 0.000 0.000 0.000 0.000 0.000 0.000 0.000 0.000 0.000 0.000 0.000 0.000 0.000 0.000 0.000 0.000 0.000 0.091 0.111 0.123 0.120 0.106 0.000 0.000 0.000 0.000 0.000 0.000 0.000 0.000 0.000 0.000 0.000
0.000 0.000 0.000 0.000 0.000 0.000 0.000 0.000 0.000 0.000 0.000 0.000 0.000 0.000 0.000 0.000 0.000 0.000 0.000 0.000 0.000 0.000 0.000 0.000 0.000 0.000 0.000 0.000 0.000 0.000 0.000 0.000 0.000 0.000 0.000 0.000 0.000 0.000 0.000 0.000 0.000 0.000 0.000 0.000 0.000 0.000 0.000 0.000 0.000 0.000
0.000 0.000 0.000 0.000 0.000 0.000 0.000 0.000 0.000 0.000 0.000 0.000 0.000 0.000 0.000 0.000 0.000 0.000 0.000 0.000 0.000 0.000 0.000 0.000 0.000 0.000 0.000 0.000 0.000 0.000 0.000 0.000 0.000 0.000 0.000 0.000 0.000 0.000 0.000 0.000 0.000 0.000 0.000 0.000 0.000 0.000 0.000 0.000 0.000 0.000
0.000 0.000 0.000 0.000 0.000 0.000 0.000 0.000 0.000 0.000 0.000 0.000 0.000 0.000 0.000 0.000 0.000 0.000 0.000 0.000 0.000 0.000 0.000 0.000 0.000 0.000 0.000 0.000 0.000 0.000 0.000 0.000 0.000 0.000 0.000 0.000 0.000 0.000 0.000 0.000 0.000 0.000 0.000 0.000 0.000 0.000 0.000 0.000 0.000 0.000
0.000 0.000 0.000 0.000 0.000 0.000 0.000 0.000 0.000 0.000 0.000 0.000 0.000 0.000 0.000 0.000 0.000 0.000 0.000 0.000 0.000 0.000 0.000 0.000 0.000 0.000 0.000 0.000 0.000 0.000 0.000 0.000 0.000 0.000 0.000 0.000 0.000 0.000 0.000 0.000 0.000 0.000 0.000 0.000 0.000 0.000 0.000 0.000 0.000 0.000
0.000 0.000 0.000 0.000 0.000 0.000 0.000 0.000 0.000 0.000 0.000 0.000 0.000 0.000 0.000 0.000 0.000 0.000 0.000 0.000 0.000 0.000 0.000 0.000 0.000 0.000 0.000 0.000 0.000 0.000 0.000 0.000 0.000 0.000 0.000 0.000 0.000 0.000 0.000 0.000 0.000 0.000 0.000 0.000 0.000 0.000 0.000 0.000 0.000 0.000
0.000 0.000 0.000 0.000 0.000 0.000 0.000 0.000 0.000 0.000 0.000 0.000 0.000 0.000 0.000 0.000 0.000 0.000 0.000 0.000 0.000 0.000 0.000 0.000 0.000 0.000 0.000 0.000 0.000 0.000 0.000 0.000 0.000 0.000 0.000 0.000 0.000 0.000 0.000 0.000 0.000 0.000 0.000 0.000 0.000 0.000 0.000 0.000 0.000 0.000
0.000 0.000 0.000 0.000 0.000 0.000 0.000 0.000 0.000 0.000 0.000 0.000 0.000 0.000 0.000 0.000 0.000 0.000 0.000 0.000 0.000 0.000 0.000 0.000 0.000 0.000 0.000 0.000 0.000 0.000 0.000 0.000 0.000 0.000 0.000 0.000 0.000 0.000 0.000 0.000 0.000 0.000 0.000 0.000 0.000 0.000 0.000 0.000 0.000 0.000
0.000 0.000 0.000 0.000 0.000 0.000 0.000 0.000 0.000 0.000 0.000 0.000 0.000 0.000 0.000 0.000 0.000 0.000 0.000 0.000 0.000 0.000 0.000 0.000 0.000 0.000 0.000 0.000 0.000 0.000 0.000 0.000 0.000 0.000 0.000 0.000 0.000 0.000 0.000 0.000 0.000 0.000 0.000 0.000 0.000 0.000 0.000 0.000 0.000 0.000
0.000 0.000 0.000 0.000 0.000 0.000 0.000 0.000 0.000 0.000 0.000 0.000 0.000 0.000 0.000 0.000 0.000 0.000 0.000 0.000 0.000 0.000 0.000 0.000 0.000 0.000 0.000 0.000 0.000 0.000 0.000 0.000 0.000 0.000 0.000 0.000 0.000 0.000 0.000 0.000 0.000 0.000 0.000 0.000 0.000 0.000 0.000 0.000 0.000 0.000
0.000 0.000 0.000 0.000 0.000 0.000 0.000 0.000 0.000 0.000 0.000 0.000 0.000 0.000 0.000 0.000 0.000 0.000 0.000 0.000 0.000 0.000 0.000 0.000 0.000 0.000 0.000 0.000 0.000 0.000 0.000 0.000 0.000 0.000 0.000 0.000 0.000 0.000 0.000 0.000 0.000 0.000 0.000 0.000 0.000 0.000 0.000 0.000 0.000 0.000
0.000 0.000 0.000 0.000 0.000 0.000 0.000 0.000 0.000 0.000 0.000 0.000 0.000 0.000 0.000 0.000 0.000 0.000 0.000 0.000 0.000 0.000 0.000 0.000 0.000 0.000 0.000 0.000 0.000 0.000 0.000 0.000 0.000 0.000 0.000 0.000 0.000 0.000 0.000 0.000 0.000 0.000 0.000 0.000 0.000 0.000 0.000 0.000 0.000 0.000
0.000 0.000 0.000 0.000 0.000 0.000 0.000 0.000 0.000 0.000 0.000 0.000 0.000 0.000 0.000 0.000 0.000 0.000 0.000 0.000 0.000 0.000 0.000 0.000 0.000 0.000 0.000 0.000 0.000 0.000 0.000 0.000 0.000 0.000 0.000 0.000 0.000 0.000 0.000 0.000 0.000 0.000 0.000 0.000 0.000 0.000 0.000 0.000 0.000 0.000
