tests/test_03/output7/CloudLoad_005.00hrs.dat
NCOLS    50
NROWS    50
XLLCORNER    -2289770.000
YLLCORNER     2591270.000
CELLSIZE        2000.000       2000.000
NODATA_VALUE  0.000
[rows 0 to 39 of 50, columns 0 to 49 of 50]
0.000 0.000 0.000 0.000 0.000 0.000 0.000 0.527 3.455 21.484 128.129 731.844 4212.686 17786.566 37049.105 58435.398 79983.684 99443.520 115189.617 125659.199 131438.365 134065.893 134457.630 135519.863 136574.579 136541.494 134962.294 132366.776 129591.445 126962.054 119778.830 109863.464 99450.187 82265.191 59945.558 39244.897 23961.008 12592.085 5077.972 1066.787 146.882 22.049 3.457 0.548 0.000 0.000 0.000 0.000 0.000 0.000
0.000 0.000 0.000 0.000 0.000 0.000 0.492 3.244 20.376 124.495 737.732 4764.817 19847.216 41118.137 64081.929 87295.834 108841.832 126441.701 139558.793 146262.113 148744.059 147156.393 145364.309 144075.757 143156.247 143208.318 145305.274 146692.968 145863.579 142786.632 142856.819 139092.380 128705.820 116685.056 96778.759 72335.423 48359.001 29661.071 14994.207 5222.607 994.086 140.030 20.936 3.299 0.514 0.000 0.000 0.000 0.000 0.000
0.000 0.000 0.000 0.000 0.000 0.483 3.209 20.443 127.205 793.139 5197.863 21198.725 43566.739 68233.040 94545.516 120023.489 140344.092 152606.161 157581.776 156425.680 153214.721 150613.454 148794.151 147214.326 146540.711 146519.438 146994.863 148933.348 153844.256 157990.986 159283.221 158421.894 158700.185 151173.402 136768.649 114256.435 86482.746 59393.434 36242.553 17762.619 5448.489 925.157 131.693 19.830 3.091 0.471 0.000 0.000 0.000 0.000
0.000 0.000 0.000 0.000 0.467 3.116 20.084 127.290 826.466 5426.444 21442.416 44206.492 69922.875 97520.077 123845.108 143069.605 154296.489 157766.342 155792.324 148429.114 141891.052 138177.121 135917.014 134094.495 133601.928 134180.076 137477.920 141863.912 146531.605 152439.851 160768.842 167299.331 169940.086 175531.294 170606.771 156249.050 132699.881 100409.541 70084.001 42656.871 20060.975 5329.150 874.725 120.966 18.394 2.843 0.427 0.000 0.000 0.000
0.000 0.000 0.000 0.464 3.116 20.232 131.789 880.557 5502.673 20430.425 42403.801 67097.144 94128.522 120270.728 138783.714 149460.748 151393.143 145449.687 134324.156 123273.871 116441.823 113268.566 111387.114 110603.198 110532.114 111319.805 113924.115 119172.338 127807.504 137342.514 145118.737 155581.269 169553.550 178832.402 189059.571 187733.295 174056.524 149589.903 113516.209 80151.524 48204.387 20957.284 5255.286 791.405 110.729 16.958 2.618 0.394 0.000 0.000
0.000 0.000 0.512 3.419 22.193 140.438 908.682 5264.856 18366.673 37631.279 60350.986 86274.585 111359.988 129006.710 140152.446 137937.321 125550.802 108936.096 95157.809 86058.504 81839.107 79633.181 78708.296 78395.883 79722.793 82694.813 85911.929 90262.564 95913.962 105694.633 118611.099 131365.174 146787.220 167566.249 183991.878 200743.256 202169.220 191301.612 164239.959 124461.620 87691.944 51786.460 21479.549 4994.281 699.603 100.903 15.661 2.447 0.370 0.000
0.000 0.638 3.871 23.148 137.909 870.623 4744.191 15887.322 32059.373 52076.812 75178.917 97998.175 115217.397 123872.295 119024.549 102674.264 82583.760 66834.559 57576.032 53481.718 51015.983 49332.878 48482.804 48575.842 49330.490 51450.313 55399.530 60043.599 64922.561 72059.660 82412.675 97600.626 114194.760 134718.253 160525.092 185497.628 208273.593 212384.473 204530.197 172977.717 132302.058 91953.597 53042.220 21008.855 4578.404 612.095 92.024 14.591 2.313 0.384
0.606 3.596 21.215 126.531 788.325 4128.508 13277.085 26628.111 43445.790 62528.060 81957.160 98256.118 103945.391 97090.344 79024.484 57016.139 40582.052 32687.284 29148.416 27178.801 25827.094 25037.945 24940.203 25499.078 26418.516 27980.121 29856.506 32434.600 37550.278 43969.629 51427.019 61589.226 77405.012 95517.934 118635.912 150130.896 182572.450 210847.761 217227.298 212996.693 177612.399 135784.424 92126.458 52366.673 19999.009 3962.636 533.304 84.153 13.650 2.405
3.105 18.206 109.457 674.186 3378.622 10837.918 21808.374 35075.058 50171.112 66379.736 79905.419 82615.787 74938.803 57623.842 37468.702 22367.948 16133.685 13895.510 12563.322 11397.452 10548.724 10159.479 10099.326 10390.721 10887.369 11769.536 13062.619 15070.234 17636.554 21397.874 27166.547 34399.980 43372.434 57933.251 77290.032 101114.463 137580.550 176831.989 210061.540 219319.635 215059.021 178623.211 134362.486 88984.595 49559.852 18285.780 3318.134 468.181 76.028 13.994
15.016 91.169 565.875 2666.449 8644.679 17190.431 27248.178 38912.509 52203.658 62189.306 62715.198 55573.465 39942.259 23624.852 11280.882 7008.569 5647.056 4951.852 4380.231 3848.680 3509.003 3353.038 3327.455 3425.518 3639.151 3946.505 4510.689 5414.416 6804.409 8572.430 11212.392 14932.561 20732.538 29293.536 42591.639 60139.490 86557.428 125723.063 171426.014 208830.476 219546.911 211202.230 175349.250 128285.611 83056.177 45099.599 15912.489 2700.264 403.974 75.689
78.281 463.867 2020.971 6496.558 12764.686 20105.954 29059.420 39789.013 45783.726 45464.607 40124.279 27015.140 14009.548 5315.240 2837.982 2064.907 1701.427 1469.737 1255.343 1077.288 977.989 937.949 926.456 949.941 1017.986 1137.378 1322.613 1652.034 2120.071 2834.617 3821.835 5255.397 7804.383 11620.534 18369.214 30625.601 47471.239 77337.954 118427.160 168498.023 208889.119 218315.242 202340.153 166606.812 118575.515 75426.329 39345.577 13111.374 2129.369 384.817
353.199 1394.916 4405.299 8879.493 14099.554 20977.402 28693.432 32001.539 31605.854 27656.043 17432.547 8143.898 2521.782 1108.842 689.828 512.088 420.330 354.774 295.103 248.944 225.839 218.743 216.812 223.442 239.073 272.587 336.113 435.295 591.984 823.412 1168.039 1671.605 2549.576 4193.612 7107.537 12893.584 24100.439 42093.214 73649.530 117222.856 169747.253 207350.034 211388.839 190601.680 152808.756 107038.323 65624.158 32406.361 10021.027 1834.962
867.222 2742.146 5664.285 9547.354 14493.610 19378.209 21125.263 20808.382 18133.357 10967.867 4743.950 1296.482 458.491 222.314 141.015 103.398 83.110 68.159 55.458 46.061 42.828 42.255 42.520 43.690 46.862 55.318 72.830 99.801 143.042 214.516 322.561 512.377 880.996 1613.622 3016.180 5959.175 11949.134 22823.370 43572.845 75359.551 124255.472 171256.446 203596.133 200703.163 177159.651 136306.918 93389.870 54042.622 25309.967 7958.453
1551.421 3363.415 6122.908 9101.138 11938.458 13164.316 12943.539 11177.631 6656.483 2733.296 690.020 218.819 79.062 37.573 23.056 16.299 12.706 10.245 8.334 7.077 6.712 6.721 6.856 7.206 8.051 10.226 13.712 19.872 31.518 51.288 91.151 177.842 337.284 702.710 1492.207 3261.865 6866.811 13925.429 27052.129 50131.749 85505.189 133357.866 176782.705 196600.027 187876.311 159228.452 118593.788 76930.461 42594.088 19439.337
1908.487 3479.327 5084.855 6787.271 7554.934 7412.648 6341.148 3867.621 1631.834 373.614 110.696 37.067 12.104 5.095 2.944 1.995 1.519 1.245 1.065 0.947 0.912 0.924 0.972 1.097 1.328 1.645 2.257 3.663 6.446 12.994 28.664 67.085 148.549 347.740 827.128 2023.847 4535.132 9587.163 18933.876 35829.651 62125.459 101960.008 145375.003 179347.183 188113.699 171765.853 139199.820 98672.191 60844.482 33007.497
1712.985 2473.350 3409.369 3809.511 3723.292 3205.001 2070.412 981.608 226.380 55.769 17.552 5.827 1.673 0.556 0.300 0.202 0.000 0.000 0.000 0.000 0.000 0.000 0.000 0.000 0.000 0.258 0.375 0.661 1.394 3.526 9.642 26.624 70.947 187.574 497.309 1329.104 3222.512 7121.013 14597.472 27879.501 49235.478 81121.636 119095.800 157397.073 176933.253 175084.963 152022.002 117570.491 78536.035 48219.544
1035.470 1405.558 1502.130 1473.233 1354.677 981.840 537.444 156.848 30.519 8.239 2.520 0.803 0.203 0.000 0.000 0.000 0.000 0.000 0.000 0.000 0.000 0.000 0.000 0.000 0.000 0.000 0.000 0.000 0.325 0.980 3.370 10.664 33.095 103.935 301.959 849.040 2220.750 5282.798 11430.949 22566.797 41100.312 67843.579 101083.019 138041.889 163153.775 170836.325 156776.459 130022.189 94132.939 63660.140
376.776 451.467 470.524 463.746 406.249 253.967 101.373 18.100 4.140 1.120 0.320 0.000 0.000 0.000 0.000 0.000 0.000 0.000 0.000 0.000 0.000 0.000 0.000 0.000 0.000 0.000 0.000 0.000 0.000 0.271 1.079 3.855 13.097 47.613 156.579 486.842 1452.895 3777.617 8738.193 18217.173 34765.598 58581.489 88869.884 122914.886 149446.774 163259.999 156825.920 137221.644 105893.668 77324.362
109.260 128.633 131.410 126.925 99.118 51.815 12.231 2.071 0.500 0.000 0.000 0.000 0.000 0.000 0.000 0.000 0.000 0.000 0.000 0.000 0.000 0.000 0.000 0.000 0.000 0.000 0.000 0.000 0.000 0.000 0.304 1.213 4.629 19.093 72.851 270.411 935.806 2690.164 6742.887 14854.953 29485.263 51416.176 80248.067 112207.360 138700.256 155469.218 153728.741 140153.502 113676.411 87805.605
27.821 30.767 30.717 28.306 18.721 7.236 1.105 0.212 0.000 0.000 0.000 0.000 0.000 0.000 0.000 0.000 0.000 0.000 0.000 0.000 0.000 0.000 0.000 0.000 0.000 0.000 0.000 0.000 0.000 0.000 0.000 0.425 1.921 9.305 42.139 175.381 669.327 2072.343 5529.245 12524.578 25685.596 45822.647 73399.877 104210.949 131029.616 148829.682 150514.441 141255.609 118032.994 94445.649
5.394 5.660 5.575 4.769 2.610 0.625 0.000 0.000 0.000 0.000 0.000 0.000 0.000 0.000 0.000 0.000 0.000 0.000 0.000 0.000 0.000 0.000 0.000 0.000 0.000 0.000 0.000 0.000 0.000 0.000 0.000 0.231 1.119 5.760 28.846 132.089 538.932 1730.883 4733.610 11123.156 23423.404 42232.649 68948.068 98034.978 124972.013 143866.380 147255.316 141345.460 120755.345 99407.027
0.761 0.776 0.751 0.577 0.257 0.000 0.000 0.000 0.000 0.000 0.000 0.000 0.000 0.000 0.000 0.000 0.000 0.000 0.000 0.000 0.000 0.000 0.000 0.000 0.000 0.000 0.000 0.000 0.000 0.000 0.000 0.000 0.818 4.287 22.233 104.695 445.674 1469.255 4149.224 10156.005 21873.627 40597.895 66416.589 94055.895 120787.051 139661.346 144970.116 140575.081 120952.014 102653.637
0.000 0.000 0.000 0.000 0.000 0.000 0.000 0.000 0.000 0.000 0.000 0.000 0.000 0.000 0.000 0.000 0.000 0.000 0.000 0.000 0.000 0.000 0.000 0.000 0.000 0.000 0.000 0.000 0.000 0.000 0.000 0.000 0.658 3.468 17.741 86.499 362.930 1277.009 3746.960 9499.840 20962.167 40205.844 65781.048 92586.313 119358.866 136654.838 143582.078 139234.514 120296.730 102840.045
0.000 0.000 0.000 0.000 0.000 0.000 0.000 0.000 0.000 0.000 0.000 0.000 0.000 0.000 0.000 0.000 0.000 0.000 0.000 0.000 0.000 0.000 0.000 0.000 0.000 0.000 0.000 0.000 0.000 0.000 0.000 0.000 0.553 3.026 15.727 76.648 326.964 1177.947 3547.083 9188.440 20659.425 40481.576 65868.975 93257.989 120086.817 136030.022 143137.244 136622.835 119250.567 102352.199
0.000 0.000 0.000 0.000 0.000 0.000 0.000 0.000 0.000 0.000 0.000 0.000 0.000 0.000 0.000 0.000 0.000 0.000 0.000 0.000 0.000 0.000 0.000 0.000 0.000 0.000 0.000 0.000 0.000 0.000 0.000 0.000 0.502 2.932 15.749 74.986 322.109 1170.519 3548.781 9194.530 21089.527 41168.592 66300.331 95920.679 122477.404 136787.339 143755.394 134694.554 118673.528 100427.455
0.000 0.000 0.000 0.000 0.000 0.000 0.000 0.000 0.000 0.000 0.000 0.000 0.000 0.000 0.000 0.000 0.000 0.000 0.000 0.000 0.000 0.000 0.000 0.000 0.000 0.000 0.000 0.000 0.000 0.000 0.000 0.000 0.536 3.166 16.511 79.178 337.470 1233.278 3737.745 9776.876 22327.219 42693.024 68454.769 98940.081 125799.387 140178.639 144526.116 134296.854 117256.646 97390.595
0.000 0.000 0.000 0.000 0.000 0.000 0.000 0.000 0.000 0.000 0.000 0.000 0.000 0.000 0.000 0.000 0.000 0.000 0.000 0.000 0.000 0.000 0.000 0.000 0.000 0.000 0.000 0.000 0.000 0.000 0.000 0.000 0.704 3.874 18.956 87.296 367.402 1324.370 4041.228 10735.411 24578.292 45398.911 72914.030 104144.831 128818.249 145602.295 145771.272 135620.421 115895.906 93713.221
0.000 0.000 0.000 0.000 0.000 0.000 0.000 0.000 0.000 0.000 0.000 0.000 0.000 0.000 0.000 0.000 0.000 0.000 0.000 0.000 0.000 0.000 0.000 0.000 0.000 0.000 0.000 0.000 0.000 0.000 0.000 0.211 1.173 5.679 25.074 101.346 399.068 1451.006 4525.881 12286.059 27590.582 49895.699 80236.355 110152.378 134194.984 149441.885 147422.692 137342.360 113172.120 91002.712
0.000 0.000 0.000 0.000 0.000 0.000 0.000 0.000 0.000 0.000 0.000 0.000 0.000 0.000 0.000 0.000 0.000 0.000 0.000 0.000 0.000 0.000 0.000 0.000 0.000 0.000 0.000 0.000 0.000 0.000 0.000 0.392 1.999 8.894 35.452 131.647 477.560 1665.790 5186.586 14325.796 31009.095 57244.106 88324.103 117812.890 142441.394 152137.768 150006.764 135353.738 109821.499 84600.276
0.000 0.000 0.000 0.000 0.000 0.000 0.000 0.000 0.000 0.000 0.000 0.000 0.000 0.000 0.000 0.000 0.000 0.000 0.000 0.000 0.000 0.000 0.000 0.000 0.000 0.000 0.000 0.000 0.000 0.000 0.000 0.616 3.166 13.699 52.391 185.092 630.854 2068.670 6370.038 17000.853 37145.017 65667.619 97067.769 127906.957 149982.015 156656.949 153052.278 132074.960 103710.240 75606.813
0.000 0.000 0.000 0.000 0.000 0.000 0.000 0.000 0.000 0.000 0.000 0.000 0.000 0.000 0.000 0.000 0.000 0.000 0.000 0.000 0.000 0.000 0.000 0.000 0.000 0.000 0.000 0.000 0.000 0.000 0.208 1.251 6.097 24.405 85.779 278.444 868.492 2699.674 8230.721 21442.586 45144.559 75004.418 108979.523 141629.164 157578.718 162855.170 150236.637 126480.450 95225.957 67144.752
0.000 0.000 0.000 0.000 0.000 0.000 0.000 0.000 0.000 0.000 0.000 0.000 0.000 0.000 0.000 0.000 0.000 0.000 0.000 0.000 0.000 0.000 0.000 0.000 0.000 0.000 0.000 0.000 0.000 0.000 0.445 2.641 12.287 46.047 149.214 443.844 1285.970 3823.566 10937.541 28222.306 54548.336 87198.439 125092.767 153096.772 166927.402 165771.391 145895.083 118442.968 85184.201 58029.607
0.000 0.000 0.000 0.000 0.000 0.000 0.000 0.000 0.000 0.000 0.000 0.000 0.000 0.000 0.000 0.000 0.000 0.000 0.000 0.000 0.000 0.000 0.000 0.000 0.000 0.000 0.000 0.000 0.000 0.000 1.012 5.642 24.267 88.926 278.328 779.376 2121.756 5798.768 16092.682 36597.228 66504.225 105342.003 142124.405 166284.333 176692.060 164784.089 140960.526 106426.088 73678.528 47447.597
0.000 0.000 0.000 0.000 0.000 0.000 0.000 0.000 0.000 0.000 0.000 0.000 0.243 0.248 0.000 0.000 0.000 0.000 0.000 0.000 0.000 0.000 0.000 0.000 0.000 0.000 0.000 0.000 0.000 0.473 2.985 14.923 59.165 198.917 569.763 1458.088 3627.041 9299.683 23331.171 48511.108 85308.472 124427.055 159179.265 180231.087 179158.389 163194.727 128696.231 92820.981 60070.596 32312.476
0.000 0.000 0.000 0.000 0.000 0.000 0.000 0.000 0.000 0.663 1.284 1.901 1.665 0.642 0.000 0.000 0.000 0.000 0.000 0.000 0.000 0.000 0.000 0.000 0.000 0.000 0.000 0.000 0.375 1.993 9.634 40.599 147.545 455.001 1152.950 2653.775 6200.680 15342.868 35011.827 67360.659 105913.333 146382.785 178957.639 187998.008 178999.975 150643.779 113330.916 74677.127 41601.366 19913.415
0.000 0.000 0.000 0.000 0.000 0.000 0.000 0.288 2.099 6.136 8.927 7.280 4.136 1.665 0.624 0.218 0.000 0.000 0.000 0.000 0.000 0.000 0.000 0.000 0.000 0.000 0.228 0.659 2.394 9.435 36.093 129.323 413.901 1143.356 2580.124 5427.726 11722.589 26659.951 53228.931 88733.253 133852.283 172357.657 193916.334 194220.990 169259.233 132767.365 89577.719 52766.705 25743.444 10943.426
0.000 0.000 0.000 0.000 0.000 0.000 0.330 3.139 12.379 20.243 20.809 17.113 9.937 4.769 1.975 0.739 0.256 0.000 0.000 0.000 0.000 0.000 0.000 0.219 0.411 0.873 2.127 5.630 16.074 48.457 142.553 426.638 1277.121 2823.705 5415.151 10433.963 21750.583 42546.992 75766.704 121046.177 164918.779 194124.143 203550.316 184840.049 150031.464 104417.347 64041.058 32821.642 14094.172 5454.854
0.000 0.000 0.000 0.000 0.000 0.222 2.842 14.891 28.697 40.828 43.778 37.523 25.381 13.863 6.275 2.664 1.156 0.588 0.399 0.408 0.499 0.711 1.104 1.973 3.776 7.918 18.949 43.741 100.870 234.047 550.658 1426.036 3420.069 6438.022 11145.613 20383.794 37971.238 68340.470 109219.408 156185.923 194025.044 207331.732 196495.190 164151.443 118198.974 75118.715 40445.756 18283.562 6961.880 2574.922
0.000 0.000 0.000 0.000 0.000 1.524 11.614 27.712 48.059 71.956 88.465 90.506 73.163 45.787 21.854 10.514 5.399 3.421 2.812 3.078 3.870 5.669 8.943 16.140 30.642 58.251 122.385 235.444 442.996 880.281 1903.839 4243.160 7982.748 13521.838 22355.600 38114.860 64203.704 101191.892 147189.306 189967.834 207077.639 202676.223 176171.409 128700.594 84623.734 48238.141 22383.877 8602.160 3121.104 657.324
0.000 0.000 0.000 0.000 0.401 5.820 19.099 40.393 70.813 115.099 163.641 197.822 196.579 144.578 87.770 48.523 28.216 19.647 18.022 20.947 26.646 39.126 60.844 103.404 174.398 307.468 541.817 926.817 1587.101 2907.024 5563.221 10169.041 16866.315 26490.579 41387.610 64669.694 98104.851 141036.462 183762.459 202840.806 204039.954 182206.534 136238.410 93004.056 54964.507 26278.924 10077.184 2929.647 595.165 73.272
