tests/test_03/output7/CloudConcentration_010.00hrs.dat
NCOLS    50
NROWS    50
XLLCORNER    -2289770.000
YLLCORNER     2591270.000
CELLSIZE        2000.000       2000.000
NODATA_VALUE  0.000
[rows 0 to 31 of 50, columns 0 to 49 of 50]
381.249451 413.910858 456.738312 506.631226 563.746521 628.219360 700.605774 781.321533 871.450134 973.371704 1090.036621 1224.638550 1381.404053 1563.109985 1773.508789 2019.500000 2305.660156 2634.494385 3013.576904 3457.458984 3980.388916 4585.176270 5268.483398 6035.905273 6901.298340 7877.213867 8961.583984 10126.999023 11342.638672 12567.132812 13722.599609 14634.941406 15059.329102 14861.456055 14189.364258 13006.242188 11700.585938 10850.076172 10831.275391 9811.950195 8512.807617 6996.324707 6303.497559 5456.270508 4283.356445 2898.339600 2270.488281 1644.353271 875.308899 177.953476
209.048218 230.521225 258.526093 290.609711 326.792633 367.541168 413.789917 466.965271 528.944336 602.168640 689.366394 793.124146 916.133789 1062.435913 1238.218994 1448.795166 1696.406738 1987.036377 2335.687500 2757.000000 3253.386719 3820.655518 4470.918945 5232.038574 6122.745605 7135.760254 8245.351562 9450.599609 10751.503906 12096.033203 13375.751953 14416.538086 14921.476562 14873.205078 14324.059570 13195.933594 11943.335938 11151.767578 11169.894531 10212.455078 8938.051758 7402.341797 6719.511719 5839.595703 4614.857422 3155.558838 2489.200928 1809.690430 976.398193 210.570312
148.724930 165.574310 187.404007 212.251007 240.217407 271.929382 308.478455 351.604340 403.326141 465.862579 541.441284 632.197754 740.951233 872.759644 1033.389526 1226.441040 1455.367676 1729.313721 2063.657959 2468.641113 2941.363037 3482.314209 4113.743164 4863.658203 5744.983887 6751.276855 7865.126953 9080.980469 10397.441406 11778.425781 13127.956055 14250.277344 14853.581055 14886.869141 14495.660156 13456.810547 12287.360352 11578.206055 11640.161133 10748.279297 9504.698242 7947.574219 7271.602539 6354.193359 5062.955566 3503.511475 2780.828857 2026.634033 1104.374268 253.886993
79.259941 90.392433 104.609436 120.688950 138.864929 159.985214 185.347031 216.781311 256.310547 305.863434 366.993683 441.517151 533.179504 647.661499 789.001709 959.817566 1166.204224 1419.865479 1734.375366 2114.902832 2556.676270 3066.971924 3676.598877 4413.761719 5288.519043 6292.823730 7412.938477 8643.313477 9983.253906 11405.401367 12836.297852 14084.291992 14792.538086 14904.865234 14675.887695 13729.871094 12656.675781 12053.350586 12159.751953 11318.006836 10097.939453 8527.347656 7872.811035 6921.208984 5559.515137 3891.629883 3113.467529 2269.448730 1246.998901 307.725586
44.138729 51.031246 59.753513 69.908897 81.908066 96.619377 115.472076 139.556519 170.232391 209.083267 257.668549 318.815186 397.408203 497.058411 620.329407 771.525574 957.885193 1191.358276 1480.575684 1826.380981 2233.374023 2720.176514 3312.042236 4029.614990 4886.628906 5885.750000 7013.615234 8258.358398 9614.904297 11063.929688 12542.501953 13901.338867 14766.639648 14951.541992 14882.434570 14018.855469 13033.925781 12552.217773 12719.045898 11922.559570 10712.369141 9133.557617 8517.700195 7538.744629 6102.697266 4321.728516 3489.236816 2537.567627 1404.825928 370.509766
17.685431 20.968956 25.537449 31.482531 39.383144 49.643372 62.806946 80.146194 102.623718 131.243179 168.777206 219.106735 284.888092 368.170319 473.538452 605.583374 770.151245 976.158508 1232.872192 1548.141602 1931.814819 2397.831299 2965.374023 3657.687012 4495.008789 5485.183105 6623.018555 7894.578613 9277.747070 10744.346680 12250.497070 13675.129883 14699.697266 15040.680664 15086.841797 14329.945312 13414.759766 13035.458984 13290.924805 12578.416016 11346.257812 9761.855469 9197.545898 8204.506836 6691.876465 4789.520508 3915.865479 2834.771484 1580.968018 447.629761
7.072802 8.460174 10.613232 13.848759 18.557119 25.286325 34.461052 46.364342 61.992661 83.624886 113.839302 154.675735 208.535446 278.872162 368.858063 481.690063 622.707153 801.793274 1031.247803 1321.689575 1682.817139 2126.886963 2670.167725 3334.710693 4143.886230 5116.987305 6259.659668 7555.159668 8973.413086 10473.720703 12003.679688 13445.864258 14574.691406 15083.567383 15274.034180 14646.535156 13800.746094 13525.161133 13831.500977 13275.262695 11998.397461 10410.175781 9909.217773 8912.065430 7330.068359 5297.638672 4396.701172 3167.120850 1777.742065 542.203491
2.693316 3.336033 4.455057 6.230186 8.909814 12.710746 18.047703 25.913383 37.769859 54.814133 78.311592 110.346283 153.747330 211.134705 285.067383 378.992096 499.054962 655.182312 860.215637 1126.668091 1465.779663 1889.276978 2410.549561 3048.743164 3829.828125 4779.113770 5912.836914 7224.936523 8680.965820 10226.622070 11793.582031 13259.688477 14418.084961 15059.403320 15379.032227 14930.785156 14184.646484 14017.796875 14367.729492 13975.964844 12664.920898 11076.035156 10649.842773 9652.680664 8013.879395 5853.176758 4939.990234 3539.435791 1997.170410 656.692078
0.978925 1.323497 1.938788 2.879391 4.309468 6.502222 10.027519 15.833290 24.838589 37.677834 55.374931 79.815620 113.400787 158.686020 218.586609 297.169525 400.942322 538.978638 723.080994 966.524353 1281.986450 1682.525879 2183.421631 2802.827881 3562.384766 4486.637695 5598.289062 6903.861328 8377.916992 9963.374023 11578.247070 13081.338867 14254.491211 14989.361328 15413.967773 15126.465820 14534.249023 14509.829102 14888.340820 14661.966797 13336.943359 11753.326172 11414.317383 10417.469727 8733.808594 6456.294434 5545.641602 3956.683838 2246.363525 793.728210
0.343967 0.557427 0.876986 1.333229 2.124716 3.637523 6.250460 10.517241 16.900427 26.115046 39.339203 57.829926 83.083176 117.815720 166.177994 233.209503 324.800293 448.489563 614.369751 834.819885 1123.758789 1497.538086 1976.591309 2580.990967 3327.163086 4233.186035 5318.866699 6600.703613 8070.642090 9678.748047 11337.305664 12889.122070 14079.030273 14870.269531 15364.428711 15190.389648 14757.245117 15015.494141 15401.676758 15305.661133 14000.871094 12432.923828 12203.820312 11197.095703 9479.477539 7098.987793 6220.628906 4420.438965 2523.455322 952.041260
0.000000 0.235276 0.400059 0.652468 1.157098 2.291860 4.427701 7.314092 11.320494 17.599634 27.193521 40.698757 59.420757 86.372490 126.224716 184.380737 266.113098 377.495148 526.935303 726.100220 990.235107 1337.713989 1789.626343 2369.772949 3099.686279 3994.211426 5066.285156 6327.137207 7776.808105 9381.882812 11057.130859 12644.357422 13864.519531 14736.714844 15218.154297 15159.440430 14855.529297 15373.888672 15898.689453 15888.922852 14627.102539 13095.326172 13005.218750 11991.529297 10236.616211 7767.452148 6949.595703 4926.688965 2830.208984 1133.822510
0.000000 0.000000 0.000000 0.363323 0.753466 1.568342 2.757391 4.454830 6.994318 10.971832 17.344591 27.284344 42.133224 64.111023 97.132721 146.821747 219.206696 319.639160 454.732849 635.408264 878.135498 1201.837402 1627.621338 2179.196289 2881.300293 3755.419678 4816.278320 6066.101562 7497.675781 9081.453125 10742.393555 12330.131836 13559.238281 14545.017578 15039.547852 15046.208008 14876.198242 15509.399414 16242.368164 16391.707031 15180.542969 13704.408203 13785.653320 12805.476562 10992.367188 8449.023438 7718.548340 5473.577148 3167.113525 1341.516479
0.000000 0.000000 0.000000 0.231886 0.476173 0.766829 1.326504 2.473371 4.252522 6.817120 11.134272 18.817751 31.290190 50.068748 77.952919 119.582130 181.021866 269.009705 391.035645 557.317017 782.643066 1085.768433 1486.630493 2008.040771 2676.252197 3519.210449 4557.063477 5792.324707 7208.457031 8765.097656 10391.296875 11951.953125 13152.930664 14224.772461 14795.877930 14862.655273 14793.304688 15530.424805 16369.310547 16711.468750 15665.794922 14234.545898 14514.614258 13633.489258 11727.839844 9131.711914 8521.124023 6054.273926 3530.293701 1570.151489
0.000000 0.000000 0.000000 0.000000 0.000000 0.368183 0.700816 1.329840 2.574349 4.675244 7.994399 13.578230 23.380474 39.713585 64.313072 99.566612 150.391830 224.531174 332.227539 484.987640 696.148376 981.246460 1359.591553 1853.557373 2489.334961 3295.413574 4297.573730 5505.811523 6899.416992 8423.561523 9996.866211 11473.590820 12680.078125 13768.479492 14393.949219 14599.573242 14626.655273 15531.742188 16365.913086 16787.873047 16109.166016 14700.475586 15123.322266 14419.510742 12420.600586 9796.452148 9331.350586 6659.640625 3922.666260 1824.208740
0.000000 0.000000 0.000000 0.000000 0.000000 0.000000 0.342163 0.709523 1.491564 3.102469 5.820413 10.192152 17.693193 30.785650 51.661728 82.195778 126.010101 189.770874 283.302704 419.450287 612.541504 877.861938 1233.602295 1703.141724 2311.662354 3084.955566 4045.753418 5208.051758 6560.075195 8044.968262 9565.656250 10950.866211 12148.220703 13233.739258 13817.034180 14175.154297 14309.555664 15445.412109 16283.949219 16647.753906 16238.057617 15095.740234 15612.527344 15125.993164 13049.539062 10423.939453 10139.872070 7287.010254 4341.114746 2097.596680
0.000000 0.000000 0.000000 0.000000 0.000000 0.000000 0.208356 0.456332 0.964185 2.050059 4.238496 7.954408 13.973511 23.940277 40.236904 65.726898 103.969345 160.517654 243.997742 365.163605 537.151367 777.180176 1106.062988 1547.687622 2128.246338 2870.438965 3792.614258 4904.610840 6195.835938 7617.812012 9073.886719 10372.373047 11556.866211 12610.290039 13143.885742 13583.563477 13897.207031 15232.464844 16066.948242 16347.733398 16162.723633 15406.918945 15964.161133 15710.653320 13591.727539 10991.123047 10923.708984 7923.076660 4783.605469 2386.517090
0.000000 0.000000 0.000000 0.000000 0.000000 0.000000 0.000000 0.323273 0.680472 1.410991 3.001316 6.003425 10.837956 18.451775 30.893667 51.288048 84.148918 134.919693 209.626541 316.789642 469.672302 685.473206 985.196289 1393.706665 1938.230103 2642.072510 3520.948486 4580.023926 5802.577148 7144.498047 8516.105469 9717.160156 10876.874023 11844.514648 12390.387695 12861.865234 13442.506836 14818.991211 15708.879883 15909.582031 15833.100586 15563.031250 16126.592773 16107.430664 14024.820312 11622.832031 11644.847656 8554.986328 5249.083008 2691.106201
0.000000 0.000000 0.000000 0.000000 0.000000 0.000000 0.000000 0.209677 0.448136 0.920555 1.889008 4.001897 7.898223 13.981359 23.768835 40.271996 67.405693 110.219795 175.400864 270.810181 407.805023 601.855713 873.477112 1247.302856 1748.493042 2401.914551 3226.934814 4224.583984 5371.500488 6610.579102 7864.150391 8990.298828 10095.095703 10968.278320 11562.124023 12035.583008 12870.889648 14224.066406 15183.152344 15352.509766 15336.230469 15434.069336 16154.447266 16265.054688 14324.546875 12212.474609 12269.325195 9153.610352 5734.618652 2994.987549
0.000000 0.000000 0.000000 0.000000 0.000000 0.000000 0.000000 0.000000 0.256881 0.658597 1.347484 2.637102 5.297950 10.378036 18.890528 32.414177 54.004650 88.777054 142.957962 224.671234 345.571289 520.026733 765.729309 1104.589722 1560.525024 2156.886475 2911.465088 3831.029541 4892.954102 6035.618652 7161.748535 8209.396484 9239.797852 10005.484375 10636.953125 11148.457031 12181.087891 13479.900391 14359.215820 14668.344727 14714.447266 15205.200195 15870.750977 16196.588867 14445.658203 12722.048828 12707.429688 9680.558594 6236.343750 3304.517578
0.000000 0.000000 0.000000 0.000000 0.000000 0.000000 0.000000 0.000000 0.000000 0.377039 0.937459 2.045387 3.824729 7.200759 13.903270 25.328777 43.389214 71.354019 115.142433 182.785294 285.211090 436.443756 653.702393 956.818359 1367.451660 1906.653442 2588.597900 3419.430664 4382.238770 5418.646973 6425.916016 7393.049805 8331.283203 8992.465820 9622.150391 10161.041992 11374.470703 12619.344727 13376.125977 13825.791016 13966.930664 14844.604492 15504.989258 15736.211914 14446.408203 13150.044922 13016.441406 10079.152344 6749.157715 3630.814697
0.000000 0.000000 0.000000 0.000000 0.000000 0.000000 0.000000 0.000000 0.000000 0.231763 0.559541 1.322026 2.690296 5.172151 9.806803 17.984413 32.079987 55.238678 91.539955 147.503723 232.509155 358.432251 542.607910 804.477600 1166.608887 1647.249634 2256.522217 2996.920898 3852.143799 4773.590820 5661.410645 6544.989258 7363.974121 7962.111328 8549.197266 9223.094727 10504.452148 11624.667969 12306.352539 12834.618164 13077.904297 14278.873047 14987.141602 15103.538086 14209.850586 13358.322266 13222.816406 10388.085938 7264.306641 3958.565674
0.000000 0.000000 0.000000 0.000000 0.000000 0.000000 0.000000 0.000000 0.000000 0.000000 0.274700 0.642352 1.484495 3.427681 6.721649 12.291404 22.517389 40.164604 68.881401 114.549057 184.993744 289.265106 441.563446 660.225769 967.426514 1382.159790 1914.757568 2565.416504 3311.818359 4111.699219 4884.553223 5674.356934 6371.532715 6939.576172 7461.850098 8344.380859 9539.412109 10471.319336 11183.013672 11739.754883 12325.957031 13573.726562 14306.436523 14358.421875 13813.405273 13437.824219 13292.156250 10600.437500 7771.690918 4302.376953
0.000000 0.000000 0.000000 0.000000 0.000000 0.000000 0.000000 0.000000 0.000000 0.000000 0.000000 0.307602 0.745474 1.787483 4.150813 8.252914 15.343166 27.588566 48.766026 83.492851 138.476364 223.758926 351.039551 531.295166 782.723328 1124.871216 1574.691284 2133.677246 2775.897461 3453.460205 4121.560059 4807.590820 5383.803223 5912.921387 6410.067871 7440.038086 8512.171875 9305.682617 10021.947266 10598.911133 11561.052734 12715.866211 13373.670898 13524.442383 13260.820312 13239.039062 13305.559570 10698.018555 8254.080078 4618.562988
0.000000 0.000000 0.000000 0.000000 0.000000 0.000000 0.000000 0.000000 0.000000 0.000000 0.000000 0.000000 0.365343 0.884594 2.022120 4.517371 9.823571 18.970432 33.797813 58.356812 99.129303 163.682999 261.945038 408.794708 617.012451 895.160461 1260.227173 1719.276489 2254.519043 2819.127197 3390.550537 3974.338867 4438.563477 4915.023438 5526.589844 6523.418945 7412.302246 8147.193359 8834.931641 9480.546875 10744.916016 11752.468750 12331.717773 12606.555664 12572.429688 12913.442383 13119.178711 10701.379883 8698.633789 4869.914551
0.000000 0.000000 0.000000 0.000000 0.000000 0.000000 0.000000 0.000000 0.000000 0.000000 0.000000 0.000000 0.000000 0.382703 0.943904 2.229448 4.939265 10.599348 21.271851 39.523636 69.113686 115.406334 186.782272 295.564667 455.877014 683.930176 986.515991 1354.764771 1775.168091 2222.318848 2699.721924 3171.347168 3578.564697 3983.542725 4719.628906 5605.444336 6334.730957 7029.700684 7670.983887 8678.678711 9823.012695 10657.866211 11250.918945 11603.586914 11882.416016 12431.707031 12714.375977 10615.663086 9096.208984 5094.123535
0.000000 0.000000 0.000000 0.000000 0.000000 0.000000 0.000000 0.000000 0.000000 0.000000 0.000000 0.000000 0.000000 0.000000 0.403667 0.998928 2.484728 5.589025 11.522695 22.856987 43.092785 76.088280 128.599640 208.586029 325.611908 496.278595 729.519714 1021.386414 1356.807129 1706.166138 2078.042725 2440.311035 2802.537842 3227.084717 3959.675781 4681.059082 5338.280762 5960.927734 6697.610840 7833.516602 8794.212891 9570.101562 10195.257812 10566.051758 11323.135742 11904.687500 12070.576172 10420.814453 9401.711914 5305.206543
0.000000 0.000000 0.000000 0.000000 0.000000 0.000000 0.000000 0.000000 0.000000 0.000000 0.000000 0.000000 0.000000 0.000000 0.000000 0.448778 1.106424 2.705229 6.580814 13.464666 25.045261 45.635193 81.240906 139.118530 227.883652 355.795746 525.196411 736.270325 985.268127 1261.299316 1559.067383 1832.414062 2117.817871 2632.574219 3257.974365 3828.047607 4415.433105 4998.160156 5974.395996 6951.140625 7766.921387 8506.255859 9132.246094 9719.011719 10711.477539 11265.827148 11287.412109 10114.382812 9567.360352 5503.339355
0.000000 0.000000 0.000000 0.000000 0.000000 0.000000 0.000000 0.000000 0.000000 0.000000 0.000000 0.000000 0.000000 0.000000 0.000000 0.200469 0.507309 1.265446 3.013449 6.850057 14.113807 27.365673 50.633972 88.539017 148.144531 237.936050 363.013489 520.769775 697.466736 893.222229 1106.365234 1334.127563 1625.701538 2093.672119 2593.588623 3095.233887 3591.660889 4335.822754 5232.682129 6031.492188 6786.918945 7471.599609 8094.245117 9090.473633 9975.720703 10425.591797 10484.075195 9730.303711 9649.625977 5690.404297
0.000000 0.000000 0.000000 0.000000 0.000000 0.000000 0.000000 0.000000 0.000000 0.000000 0.000000 0.000000 0.000000 0.000000 0.000000 0.000000 0.216106 0.536523 1.310589 3.126061 7.164637 14.908053 29.118416 53.847931 94.106216 154.631104 236.672516 340.423981 467.181610 618.374878 771.561035 933.867065 1258.066650 1639.659424 2022.365723 2435.569824 2962.238037 3706.724609 4443.127930 5149.500977 5828.489746 6446.167480 7327.897949 8277.540039 9043.336914 9536.119141 9646.071289 9175.854492 9454.921875 5858.446289
0.000000 0.000000 0.000000 0.000000 0.000000 0.000000 0.000000 0.000000 0.000000 0.000000 0.000000 0.000000 0.000000 0.000000 0.000000 0.000000 0.000000 0.222576 0.539433 1.307005 3.119992 7.228524 15.447997 30.655481 55.238998 93.216515 147.660400 218.822540 304.529358 400.718658 509.588898 696.354614 951.230591 1226.739380 1539.036865 1879.408081 2437.238770 3046.754150 3647.043945 4246.525879 4824.487305 5538.267578 6465.080566 7276.424316 7949.266602 8504.966797 8699.239258 8776.201172 9066.724609 6015.187988
0.000000 0.000000 0.000000 0.000000 0.000000 0.000000 0.000000 0.000000 0.000000 0.000000 0.000000 0.000000 0.000000 0.000000 0.000000 0.000000 0.000000 0.000000 0.224451 0.528558 1.241994 2.910972 6.844036 14.882891 28.980635 52.300606 87.348785 131.105942 186.086746 250.818207 346.341705 498.652039 683.124207 894.140564 1118.929688 1469.379272 1902.710083 2366.403809 2846.948486 3335.047119 3848.621826 4660.466309 5452.073242 6140.535156 6746.127930 7333.617188 7631.167969 8177.051270 8503.466797 6031.631836
0.000000 0.000000 0.000000 0.000000 0.000000 0.000000 0.000000 0.000000 0.000000 0.000000 0.000000 0.000000 0.000000 0.000000 0.000000 0.000000 0.000000 0.000000 0.000000 0.223652 0.514715 1.191232 2.737715 6.157369 13.610197 27.011410 46.802315 73.509941 107.392242 151.945557 231.800873 337.381744 461.370392 599.107727 793.895203 1063.352661 1376.359863 1708.590576 2070.378174 2462.161621 3072.307861 3711.328125 4347.150391 4973.403320 5529.423340 6060.353516 6682.082520 7383.362305 7731.751953 5863.812988
