tests/test_03/output7/CloudConcentration_010.00hrs.dat
NCOLS    50
NROWS    50
XLLCORNER    -2289770.000
YLLCORNER     2591270.000
CELLSIZE        2000.000       2000.000
NODATA_VALUE  0.000
[rows 0 to 45 of 50, columns 0 to 49 of 50]
381.249 413.911 456.738 506.631 563.747 628.219 700.606 781.322 871.450 973.372 1090.037 1224.639 1381.404 1563.110 1773.509 2019.500 2305.660 2634.494 3013.577 3457.459 3980.389 4585.177 5268.484 6035.906 6901.299 7877.215 8961.585 10127.000 11342.640 12567.135 13722.602 14634.942 15059.331 14861.457 14189.365 13006.243 11700.588 10850.078 10831.278 9811.953 8512.811 6996.327 6303.500 5456.273 4283.358 2898.341 2270.490 1644.354 875.309 177.954
209.048 230.521 258.526 290.610 326.793 367.541 413.790 466.965 528.944 602.169 689.366 793.124 916.134 1062.436 1238.219 1448.795 1696.406 1987.036 2335.687 2757.000 3253.386 3820.656 4470.919 5232.039 6122.746 7135.760 8245.353 9450.600 10751.504 12096.034 13375.753 14416.539 14921.478 14873.206 14324.061 13195.935 11943.337 11151.771 11169.897 10212.458 8938.054 7402.344 6719.514 5839.598 4614.859 3155.560 2489.202 1809.691 976.399 210.570
148.725 165.574 187.404 212.251 240.217 271.929 308.478 351.604 403.326 465.862 541.441 632.198 740.951 872.759 1033.389 1226.441 1455.367 1729.313 2063.658 2468.641 2941.363 3482.314 4113.743 4863.658 5744.983 6751.277 7865.127 9080.980 10397.441 11778.426 13127.956 14250.277 14853.581 14886.869 14495.660 13456.811 12287.361 11578.209 11640.163 10748.282 9504.700 7947.576 7271.605 6354.195 5062.957 3503.513 2780.830 2026.635 1104.375 253.887
79.260 90.392 104.609 120.689 138.865 159.985 185.347 216.781 256.310 305.863 366.994 441.517 533.179 647.661 789.001 959.817 1166.204 1419.865 1734.375 2114.902 2556.676 3066.971 3676.598 4413.761 5288.519 6292.823 7412.938 8643.313 9983.254 11405.400 12836.297 14084.291 14792.538 14904.864 14675.887 13729.871 12656.677 12053.353 12159.754 11318.009 10097.941 8527.350 7872.813 6921.211 5559.517 3891.631 3113.469 2269.450 1247.000 307.726
44.139 51.031 59.753 69.909 81.908 96.619 115.472 139.556 170.232 209.083 257.668 318.815 397.408 497.058 620.329 771.525 957.885 1191.358 1480.575 1826.380 2233.374 2720.176 3312.042 4029.614 4886.628 5885.749 7013.614 8258.357 9614.903 11063.929 12542.500 13901.337 14766.639 14951.540 14882.435 14018.854 13033.926 12552.219 12719.048 11922.562 10712.370 9133.559 8517.703 7538.747 6102.699 4321.730 3489.239 2537.569 1404.827 370.510
17.685 20.969 25.537 31.483 39.383 49.643 62.807 80.146 102.624 131.243 168.777 219.107 284.888 368.170 473.538 605.583 770.151 976.158 1232.872 1548.141 1931.814 2397.831 2965.373 3657.686 4495.007 5485.182 6623.017 7894.577 9277.745 10744.345 12250.495 13675.127 14699.695 15040.679 15086.841 14329.943 13414.760 13035.460 13290.926 12578.418 11346.259 9761.856 9197.548 8204.509 6691.878 4789.522 3915.867 2834.773 1580.969 447.630
7.073 8.460 10.613 13.849 18.557 25.286 34.461 46.364 61.993 83.625 113.839 154.676 208.535 278.872 368.858 481.690 622.707 801.793 1031.247 1321.689 1682.817 2126.886 2670.167 3334.709 4143.885 5116.986 6259.658 7555.158 8973.411 10473.718 12003.678 13445.862 14574.688 15083.564 15274.032 14646.533 13800.744 13525.161 13831.502 13275.264 11998.398 10410.177 9909.220 8912.067 7330.070 5297.640 4396.704 3167.122 1777.743 542.204
2.693 3.336 4.455 6.230 8.910 12.711 18.048 25.913 37.770 54.814 78.312 110.346 153.747 211.135 285.067 378.992 499.055 655.182 860.215 1126.667 1465.779 1889.276 2410.548 3048.742 3829.827 4779.112 5912.835 7224.934 8680.963 10226.619 11793.579 13259.685 14418.082 15059.400 15379.029 14930.783 14184.645 14017.797 14367.729 13975.965 12664.922 11076.036 10649.845 9652.682 8013.881 5853.178 4939.993 3539.437 1997.171 656.693
0.979 1.323 1.939 2.879 4.309 6.502 10.028 15.833 24.839 37.678 55.375 79.816 113.401 158.686 218.586 297.169 400.942 538.978 723.081 966.524 1281.986 1682.525 2183.420 2802.826 3562.383 4486.636 5598.287 6903.858 8377.914 9963.370 11578.243 13081.335 14254.486 14989.357 15413.964 15126.462 14534.246 14509.829 14888.341 14661.967 13336.943 11753.327 11414.319 10417.471 8733.810 6456.295 5545.644 3956.685 2246.365 793.729
0.344 0.557 0.877 1.333 2.125 3.638 6.250 10.517 16.900 26.115 39.339 57.830 83.083 117.816 166.178 233.209 324.800 448.489 614.369 834.819 1123.758 1497.537 1976.590 2580.990 3327.161 4233.184 5318.865 6600.701 8070.639 9678.744 11337.302 12889.118 14079.025 14870.265 15364.425 15190.386 14757.241 15015.493 15401.676 15305.660 14000.870 12432.924 12203.822 11197.097 9479.479 7098.989 6220.631 4420.440 2523.457 952.042
0.000 0.235 0.400 0.652 1.157 2.292 4.428 7.314 11.320 17.600 27.193 40.699 59.421 86.372 126.225 184.381 266.113 377.495 526.935 726.100 990.234 1337.713 1789.625 2369.771 3099.685 3994.209 5066.283 6327.134 7776.805 9381.879 11057.126 12644.352 13864.514 14736.709 15218.149 15159.436 14855.525 15373.887 15898.688 15888.922 14627.102 13095.325 13005.220 11991.530 10236.617 7767.453 6949.598 4926.690 2830.210 1133.823
0.000 0.000 0.000 0.363 0.753 1.568 2.757 4.455 6.994 10.972 17.345 27.284 42.133 64.111 97.133 146.822 219.206 319.639 454.732 635.408 878.135 1201.837 1627.620 2179.195 2881.298 3755.417 4816.275 6066.098 7497.672 9081.448 10742.389 12330.126 13559.232 14545.012 15039.542 15046.203 14876.193 15509.396 16242.365 16391.705 15180.541 13704.406 13785.654 12805.479 10992.368 8449.024 7718.551 5473.579 3167.115 1341.517
0.000 0.000 0.000 0.232 0.476 0.767 1.327 2.473 4.253 6.817 11.134 18.818 31.290 50.069 77.953 119.582 181.022 269.009 391.035 557.317 782.642 1085.768 1486.629 2008.039 2676.250 3519.208 4557.061 5792.322 7208.453 8765.094 10391.291 11951.947 13152.924 14224.766 14795.872 14862.649 14793.300 15530.421 16369.308 16711.465 15665.793 14234.545 14514.615 13633.490 11727.840 9131.713 8521.126 6054.276 3530.295 1570.152
0.000 0.000 0.000 0.000 0.000 0.368 0.701 1.330 2.574 4.675 7.994 13.578 23.380 39.714 64.313 99.566 150.392 224.531 332.227 484.987 696.148 981.246 1359.590 1853.556 2489.333 3295.411 4297.571 5505.808 6899.413 8423.557 9996.860 11473.584 12680.071 13768.473 14393.942 14599.567 14626.649 15531.738 16365.908 16787.869 16109.163 14700.474 15123.322 14419.512 12420.601 9796.452 9331.354 6659.643 3922.668 1824.210
0.000 0.000 0.000 0.000 0.000 0.000 0.342 0.710 1.492 3.102 5.820 10.192 17.693 30.786 51.662 82.196 126.010 189.771 283.302 419.450 612.541 877.861 1233.601 1703.140 2311.661 3084.953 4045.750 5208.048 6560.071 8044.963 9565.650 10950.859 12148.214 13233.732 13817.026 14175.147 14309.550 15445.408 16283.945 16647.748 16238.054 15095.738 15612.527 15125.994 13049.539 10423.939 10139.875 7287.013 4341.116 2097.598
0.000 0.000 0.000 0.000 0.000 0.000 0.208 0.456 0.964 2.050 4.238 7.954 13.973 23.940 40.237 65.727 103.969 160.517 243.997 365.163 537.151 777.179 1106.062 1547.686 2128.245 2870.437 3792.612 4904.607 6195.832 7617.807 9073.881 10372.367 11556.859 12610.282 13143.878 13583.557 13897.202 15232.460 16066.944 16347.729 16162.720 15406.918 15964.160 15710.653 13591.728 10991.123 10923.712 7923.079 4783.607 2386.518
0.000 0.000 0.000 0.000 0.000 0.000 0.000 0.323 0.680 1.411 3.001 6.003 10.838 18.452 30.894 51.288 84.149 134.920 209.626 316.789 469.672 685.472 985.195 1393.705 1938.228 2642.070 3520.946 4580.021 5802.573 7144.493 8516.100 9717.153 10876.867 11844.508 12390.380 12861.857 13442.502 14818.985 15708.875 15909.577 15833.097 15563.030 16126.592 16107.431 14024.820 11622.834 11644.851 8554.988 5249.085 2691.107
0.000 0.000 0.000 0.000 0.000 0.000 0.000 0.210 0.448 0.921 1.889 4.002 7.898 13.981 23.769 40.272 67.406 110.220 175.401 270.810 407.805 601.855 873.476 1247.302 1748.491 2401.912 3226.932 4224.581 5371.497 6610.574 7864.145 8990.292 10095.089 10968.271 11562.117 12035.576 12870.885 14224.062 15183.147 15352.506 15336.227 15434.068 16154.445 16265.055 14324.547 12212.477 12269.327 9153.612 5734.621 2994.989
0.000 0.000 0.000 0.000 0.000 0.000 0.000 0.000 0.257 0.659 1.347 2.637 5.298 10.378 18.891 32.414 54.005 88.777 142.958 224.671 345.571 520.026 765.729 1104.589 1560.523 2156.885 2911.462 3831.026 4892.950 6035.614 7161.743 8209.391 9239.791 10005.478 10636.946 11148.450 12181.083 13479.896 14359.211 14668.340 14714.443 15205.198 15870.749 16196.588 14445.658 12722.051 12707.432 9680.561 6236.346 3304.519
0.000 0.000 0.000 0.000 0.000 0.000 0.000 0.000 0.000 0.377 0.937 2.045 3.825 7.201 13.903 25.329 43.389 71.354 115.142 182.785 285.211 436.443 653.702 956.817 1367.450 1906.651 2588.596 3419.428 4382.235 5418.643 6425.911 7393.044 8331.277 8992.460 9622.144 10161.036 11374.466 12619.340 13376.121 13825.786 13966.927 14844.603 15504.987 15736.211 14446.408 13150.047 13016.443 10079.153 6749.160 3630.816
0.000 0.000 0.000 0.000 0.000 0.000 0.000 0.000 0.000 0.232 0.560 1.322 2.690 5.172 9.807 17.984 32.080 55.239 91.540 147.504 232.509 358.432 542.607 804.477 1166.608 1647.248 2256.520 2996.918 3852.140 4773.587 5661.406 6544.984 7363.968 7962.105 8549.191 9223.090 10504.447 11624.663 12306.348 12834.614 13077.900 14278.871 14987.140 15103.536 14209.851 13358.324 13222.818 10388.087 7264.309 3958.567
0.000 0.000 0.000 0.000 0.000 0.000 0.000 0.000 0.000 0.000 0.275 0.642 1.484 3.428 6.722 12.291 22.517 40.165 68.881 114.549 184.993 289.265 441.563 660.225 967.425 1382.158 1914.756 2565.414 3311.815 4111.695 4884.549 5674.353 6371.527 6939.571 7461.845 8344.377 9539.407 10471.314 11183.009 11739.750 12325.954 13573.724 14306.435 14358.420 13813.405 13437.826 13292.157 10600.438 7771.694 4302.378
0.000 0.000 0.000 0.000 0.000 0.000 0.000 0.000 0.000 0.000 0.000 0.308 0.745 1.787 4.151 8.253 15.343 27.589 48.766 83.493 138.476 223.759 351.039 531.295 782.722 1124.870 1574.690 2133.675 2775.895 3453.457 4121.557 4807.586 5383.799 5912.917 6410.063 7440.034 8512.167 9305.679 10021.942 10598.907 11561.051 12715.864 13373.669 13524.441 13260.819 13239.040 13305.562 10698.020 8254.083 4618.564
0.000 0.000 0.000 0.000 0.000 0.000 0.000 0.000 0.000 0.000 0.000 0.000 0.365 0.885 2.022 4.517 9.824 18.970 33.798 58.357 99.129 163.683 261.945 408.794 617.012 895.159 1260.226 1719.275 2254.517 2819.125 3390.547 3974.335 4438.560 4915.019 5526.586 6523.415 7412.298 8147.189 8834.927 9480.545 10744.913 11752.466 12331.716 12606.554 12572.429 12913.443 13119.181 10701.381 8698.637 4869.916
0.000 0.000 0.000 0.000 0.000 0.000 0.000 0.000 0.000 0.000 0.000 0.000 0.000 0.383 0.944 2.229 4.939 10.599 21.272 39.524 69.114 115.406 186.782 295.564 455.876 683.929 986.515 1354.763 1775.166 2222.317 2699.719 3171.344 3578.561 3983.539 4719.626 5605.441 6334.728 7029.697 7670.980 8678.676 9823.010 10657.864 11250.917 11603.586 11882.417 12431.708 12714.377 10615.665 9096.213 5094.125
0.000 0.000 0.000 0.000 0.000 0.000 0.000 0.000 0.000 0.000 0.000 0.000 0.000 0.000 0.404 0.999 2.485 5.589 11.523 22.857 43.093 76.088 128.599 208.586 325.611 496.278 729.519 1021.385 1356.806 1706.164 2078.041 2440.309 2802.535 3227.082 3959.673 4681.056 5338.278 5960.924 6697.609 7833.515 8794.210 9570.100 10195.256 10566.051 11323.137 11904.688 12070.576 10420.816 9401.716 5305.208
0.000 0.000 0.000 0.000 0.000 0.000 0.000 0.000 0.000 0.000 0.000 0.000 0.000 0.000 0.000 0.449 1.106 2.705 6.581 13.465 25.045 45.635 81.241 139.118 227.883 355.795 525.196 736.269 985.267 1261.298 1559.066 1832.412 2117.816 2632.572 3257.972 3828.045 4415.430 4998.157 5974.394 6951.138 7766.919 8506.254 9132.245 9719.012 10711.479 11265.828 11287.413 10114.385 9567.364 5503.341
0.000 0.000 0.000 0.000 0.000 0.000 0.000 0.000 0.000 0.000 0.000 0.000 0.000 0.000 0.000 0.200 0.507 1.265 3.013 6.850 14.114 27.366 50.634 88.539 148.144 237.936 363.013 520.769 697.466 893.221 1106.364 1334.126 1625.700 2093.670 2593.587 3095.232 3591.659 4335.821 5232.681 6031.490 6786.917 7471.598 8094.244 9090.474 9975.721 10425.593 10484.076 9730.306 9649.629 5690.407
0.000 0.000 0.000 0.000 0.000 0.000 0.000 0.000 0.000 0.000 0.000 0.000 0.000 0.000 0.000 0.000 0.216 0.537 1.311 3.126 7.165 14.908 29.118 53.848 94.106 154.631 236.672 340.423 467.181 618.374 771.560 933.866 1258.066 1639.658 2022.364 2435.568 2962.237 3706.723 4443.126 5149.500 5828.488 6446.166 7327.898 8277.540 9043.337 9536.120 9646.072 9175.857 9454.925 5858.449
0.000 0.000 0.000 0.000 0.000 0.000 0.000 0.000 0.000 0.000 0.000 0.000 0.000 0.000 0.000 0.000 0.000 0.223 0.539 1.307 3.120 7.229 15.448 30.655 55.239 93.216 147.660 218.822 304.529 400.718 509.588 696.354 951.230 1226.738 1539.036 1879.407 2437.238 3046.753 3647.042 4246.525 4824.486 5538.268 6465.081 7276.424 7949.267 8504.968 8699.240 8776.204 9066.728 6015.190
0.000 0.000 0.000 0.000 0.000 0.000 0.000 0.000 0.000 0.000 0.000 0.000 0.000 0.000 0.000 0.000 0.000 0.000 0.224 0.529 1.242 2.911 6.844 14.883 28.981 52.301 87.349 131.106 186.086 250.818 346.341 498.652 683.124 894.140 1118.929 1469.379 1902.709 2366.403 2846.948 3335.046 3848.622 4660.466 5452.073 6140.535 6746.128 7333.618 7631.169 8177.054 8503.470 6031.634
0.000 0.000 0.000 0.000 0.000 0.000 0.000 0.000 0.000 0.000 0.000 0.000 0.000 0.000 0.000 0.000 0.000 0.000 0.000 0.224 0.515 1.191 2.738 6.157 13.610 27.011 46.802 73.510 107.392 151.945 231.801 337.381 461.370 599.107 793.895 1063.352 1376.359 1708.590 2070.377 2462.161 3072.308 3711.328 4347.150 4973.403 5529.423 6060.354 6682.084 7383.365 7731.754 5863.815
0.000 0.000 0.000 0.000 0.000 0.000 0.000 0.000 0.000 0.000 0.000 0.000 0.000 0.000 0.000 0.000 0.000 0.000 0.000 0.000 0.209 0.465 1.051 2.405 5.586 11.913 22.243 37.173 55.914 92.033 142.047 203.122 273.122 375.594 520.734 693.990 892.269 1117.293 1426.530 1832.651 2278.430 2771.096 3289.988 3813.790 4336.562 5060.724 5764.676 6401.062 6677.281 5660.661
0.000 0.000 0.000 0.000 0.000 0.000 0.000 0.000 0.000 0.000 0.000 0.000 0.000 0.000 0.000 0.000 0.000 0.000 0.000 0.000 0.000 0.191 0.412 0.904 2.037 4.555 8.843 15.859 28.491 46.249 68.687 105.002 153.649 213.208 290.666 395.397 549.235 743.095 981.757 1263.437 1585.839 1949.624 2377.976 2955.080 3571.249 4161.379 4706.356 5254.703 5576.829 5478.586
0.000 0.000 0.000 0.000 0.000 0.000 0.000 0.000 0.000 0.000 0.000 0.000 0.000 0.000 0.000 0.000 0.000 0.000 0.000 0.000 0.000 0.080 0.166 0.393 0.901 1.986 4.006 7.475 13.109 21.949 35.381 56.180 87.273 128.315 181.785 253.703 349.021 472.707 630.010 838.652 1129.348 1471.647 1837.476 2254.102 2728.947 3223.543 3702.725 4154.696 4500.931 5063.494
0.000 0.000 0.000 0.000 0.000 0.000 0.000 0.000 0.000 0.000 0.000 0.000 0.000 0.000 0.000 0.000 0.000 0.000 0.000 0.000 0.000 0.000 0.124 0.294 0.642 1.322 2.584 4.753 8.354 14.043 22.757 35.692 54.391 80.389 115.087 168.693 241.765 334.457 451.648 608.247 810.222 1053.969 1327.898 1638.960 2006.389 2403.397 2811.944 3315.554 3760.068 4435.002
0.000 0.000 0.000 0.000 0.000 0.000 0.000 0.000 0.000 0.000 0.000 0.000 0.000 0.000 0.000 0.000 0.000 0.000 0.000 0.000 0.000 0.000 0.093 0.226 0.503 1.010 1.902 3.362 5.552 9.222 15.321 24.600 38.031 57.018 84.252 121.954 171.263 235.038 317.850 424.759 561.771 733.027 955.506 1234.771 1560.086 1932.793 2329.872 2731.884 3092.763 3687.419
0.000 0.000 0.000 0.000 0.000 0.000 0.000 0.000 0.000 0.000 0.000 0.000 0.000 0.000 0.000 0.000 0.000 0.000 0.000 0.000 0.000 0.000 0.073 0.168 0.345 0.671 1.304 2.453 4.369 7.262 11.602 17.982 27.203 40.491 59.520 85.168 119.278 171.232 243.595 333.266 445.894 590.932 757.652 964.604 1212.570 1507.229 1826.841 2145.262 2416.707 2877.474
0.000 0.000 0.000 0.000 0.000 0.000 0.000 0.000 0.000 0.000 0.000 0.000 0.000 0.000 0.000 0.000 0.000 0.000 0.000 0.000 0.000 0.000 0.000 0.127 0.274 0.542 1.008 1.833 3.214 5.323 8.458 13.608 21.305 32.511 48.515 70.248 98.199 137.867 192.592 260.763 345.969 452.538 570.642 717.981 894.169 1100.787 1322.038 1551.100 1756.202 2132.839
0.000 0.000 0.000 0.000 0.000 0.000 0.000 0.000 0.000 0.000 0.000 0.000 0.000 0.000 0.000 0.000 0.000 0.000 0.000 0.000 0.000 0.000 0.000 0.098 0.206 0.407 0.798 1.442 2.677 4.604 7.346 11.470 17.518 26.387 38.965 55.214 75.911 104.332 142.267 190.066 248.942 318.280 403.280 508.462 633.491 777.142 933.392 1105.358 1279.406 1624.855
0.000 0.000 0.000 0.000 0.000 0.000 0.000 0.000 0.000 0.000 0.000 0.000 0.000 0.000 0.000 0.000 0.000 0.000 0.000 0.000 0.000 0.000 0.000 0.000 0.181 0.380 0.718 1.266 2.198 3.684 5.844 8.972 13.383 19.649 28.326 39.192 53.820 72.722 98.504 131.985 177.606 230.085 298.766 383.102 485.039 605.761 746.715 908.512 1052.067 1322.215
0.000 0.000 0.000 0.000 0.000 0.000 0.000 0.000 0.000 0.000 0.000 0.000 0.000 0.000 0.000 0.000 0.000 0.000 0.000 0.000 0.000 0.000 0.000 0.000 0.154 0.309 0.575 1.012 1.662 2.647 4.154 6.367 9.716 14.626 21.645 30.671 42.131 57.174 78.472 107.353 142.197 184.130 238.591 303.999 380.414 469.559 570.238 681.705 780.373 961.668
0.000 0.000 0.000 0.000 0.000 0.000 0.000 0.000 0.000 0.000 0.000 0.000 0.000 0.000 0.000 0.000 0.000 0.000 0.000 0.000 0.000 0.000 0.000 0.000 0.121 0.231 0.433 0.794 1.368 2.266 3.566 5.516 8.170 11.893 17.128 24.100 33.047 44.674 60.408 80.214 103.313 130.970 167.756 210.083 261.655 321.393 386.119 457.766 523.483 628.508
0.000 0.000 0.000 0.000 0.000 0.000 0.000 0.000 0.000 0.000 0.000 0.000 0.000 0.000 0.000 0.000 0.000 0.000 0.000 0.000 0.000 0.000 0.000 0.000 0.116 0.229 0.426 0.742 1.197 1.816 2.759 4.101 5.981 8.617 12.193 16.919 22.908 30.632 40.533 52.299 65.858 81.877 101.380 125.647 156.139 191.392 230.446 274.911 324.468 397.832
0.000 0.000 0.000 0.000 0.000 0.000 0.000 0.000 0.000 0.000 0.000 0.000 0.000 0.000 0.000 0.000 0.000 0.000 0.000 0.000 0.000 0.000 0.000 0.000 0.108 0.192 0.326 0.538 0.856 1.304 1.884 2.619 3.750 5.326 7.398 10.236 14.148 19.280 25.872 34.070 43.506 53.790 65.710 81.918 100.756 122.850 148.526 183.582 219.013 281.175
0.000 0.000 0.000 0.000 0.000 0.000 0.000 0.000 0.000 0.000 0.000 0.000 0.000 0.000 0.000 0.000 0.000 0.000 0.000 0.000 0.000 0.000 0.000 0.000 0.000 0.131 0.222 0.378 0.628 0.971 1.446 2.102 2.961 4.091 5.689 7.807 10.564 14.053 18.308 23.317 29.128 36.103 44.733 55.488 68.193 82.664 98.635 118.663 138.932 170.097
