tests/test_03/output7/CloudLoad_005.00hrs.dat
NCOLS    50
NROWS    50
XLLCORNER    -2289770.000
YLLCORNER     2591270.000
CELLSIZE        2000.000       2000.000
NODATA_VALUE  0.000
[rows 0 to 49 of 50, columns 0 to 49 of 50]
0.000 0.000 0.000 0.000 0.000 0.000 0.000 0.000 0.000 0.000 0.000 0.230 0.360 0.520 0.719 0.974 1.308 1.757 2.340 3.056 3.931 4.966 6.196 7.797 9.881 12.192 14.160 16.210 17.813 18.691 18.081 15.176 11.700 8.206 5.222 2.812 1.428 0.748 0.302 0.000 0.000 0.000 0.000 0.000 0.000 0.000 0.000 0.000 0.000 0.000
0.000 0.000 0.000 0.000 0.000 0.000 0.000 0.000 0.000 0.000 0.313 0.521 0.788 1.105 1.523 2.057 2.740 3.586 4.614 6.007 7.797 9.884 12.854 17.575 23.714 29.729 34.708 39.343 41.957 41.592 37.441 30.508 23.330 16.022 9.754 5.786 3.263 1.501 0.751 0.327 0.000 0.000 0.000 0.000 0.000 0.000 0.000 0.000 0.000 0.000
0.000 0.000 0.000 0.000 0.000 0.000 0.000 0.000 0.289 0.537 0.900 1.378 1.972 2.765 3.856 5.230 6.832 8.744 11.716 16.119 21.431 28.646 39.191 52.473 65.069 74.618 84.324 91.219 88.851 81.752 71.247 58.704 44.631 30.382 19.027 12.030 6.468 2.951 1.552 0.631 0.000 0.000 0.000 0.000 0.000 0.000 0.000 0.000 0.000 0.000
0.000 0.000 0.000 0.000 0.000 0.000 0.226 0.419 0.811 1.565 2.605 3.890 5.596 7.763 10.594 13.956 17.972 23.498 31.212 41.661 55.050 72.020 92.074 112.291 130.426 147.882 162.783 167.729 159.705 146.291 130.776 106.056 80.871 58.028 38.562 22.651 12.124 6.165 2.758 1.281 0.470 0.000 0.000 0.000 0.000 0.000 0.000 0.000 0.000 0.000
0.000 0.000 0.000 0.000 0.000 0.330 0.643 1.607 3.359 5.329 7.541 10.094 13.438 17.822 23.108 29.691 38.277 50.336 66.074 86.014 111.637 140.638 170.920 199.766 228.370 256.410 274.086 276.276 271.688 256.022 224.857 185.304 147.226 110.638 72.822 40.752 22.940 12.020 5.134 2.289 0.818 0.000 0.000 0.000 0.000 0.000 0.000 0.000 0.000 0.000
0.000 0.000 0.000 0.249 0.513 1.393 3.452 6.039 8.959 12.193 16.081 20.958 27.212 35.282 44.972 57.521 74.403 96.489 125.039 160.073 200.908 243.869 286.194 328.114 373.058 406.923 426.548 439.178 441.139 418.914 367.615 315.609 257.622 189.839 125.476 74.045 43.203 22.411 10.551 4.190 1.632 0.424 0.000 0.000 0.000 0.000 0.000 0.000 0.000 0.000
0.000 0.000 0.369 1.069 2.948 5.613 8.896 12.768 17.297 22.638 29.209 37.911 49.010 62.924 80.579 103.666 133.850 171.005 216.820 270.588 327.853 385.825 445.542 509.262 568.799 605.855 637.941 673.261 673.714 640.018 580.433 507.223 409.545 302.574 205.311 132.568 77.943 40.448 19.945 8.609 3.124 0.876 0.000 0.000 0.000 0.000 0.000 0.000 0.000 0.000
0.230 0.672 2.065 4.405 7.502 11.336 15.953 21.419 28.008 36.151 46.401 60.171 78.048 100.467 129.881 167.889 215.153 271.818 338.114 410.959 486.350 566.179 652.530 741.754 813.102 862.859 926.864 983.793 991.446 946.991 883.289 766.665 621.125 475.817 340.042 227.581 130.185 70.725 34.691 14.918 5.225 1.562 0.374 0.000 0.000 0.000 0.000 0.000 0.000 0.000
1.271 2.930 5.402 8.678 12.857 17.951 23.903 31.087 40.088 51.339 65.895 85.601 111.432 144.491 187.663 241.933 307.592 385.258 473.229 567.815 670.032 783.247 901.985 1012.777 1100.971 1205.792 1330.540 1395.059 1408.496 1389.756 1329.392 1161.114 968.616 756.827 564.391 374.996 214.501 118.793 55.175 23.429 8.256 2.516 0.678 0.000 0.000 0.000 0.000 0.000 0.000 0.000
3.421 5.775 9.137 13.262 17.972 23.482 30.155 38.686 49.748 64.211 83.982 110.861 145.714 190.704 248.931 318.977 400.972 498.161 607.657 731.332 873.830 1026.073 1176.420 1310.667 1471.257 1698.839 1894.498 1967.612 2022.450 2071.185 2066.175 1853.819 1544.616 1211.432 917.369 608.560 348.814 191.950 88.065 37.708 13.899 4.112 1.152 0.357 0.000 0.000 0.000 0.000 0.000 0.000
5.978 8.465 11.638 15.378 19.749 25.001 31.728 40.555 52.050 67.800 90.125 120.251 160.566 215.624 288.603 376.314 475.292 590.302 729.177 894.286 1082.336 1280.910 1479.254 1703.504 2007.855 2388.549 2729.573 2906.895 3065.322 3189.050 3249.819 2987.535 2508.454 1932.165 1445.555 962.555 552.563 303.106 142.675 60.845 23.612 7.375 2.002 0.632 0.226 0.000 0.000 0.000 0.000 0.000
7.299 9.389 12.195 15.728 19.875 24.812 31.260 39.733 51.161 67.652 90.720 121.178 162.555 220.261 295.701 388.642 505.001 653.845 838.236 1050.865 1292.292 1568.998 1892.802 2287.380 2776.771 3359.188 3993.002 4462.180 4775.983 5002.287 5014.188 4667.117 3984.771 3019.048 2206.823 1475.072 857.803 467.234 225.523 99.173 38.797 13.253 3.573 1.095 0.399 0.000 0.000 0.000 0.000 0.000
7.573 9.492 11.553 13.325 15.470 18.713 23.439 29.711 39.450 55.107 75.881 104.606 149.471 211.321 284.402 376.224 509.720 699.186 939.939 1219.564 1549.098 1959.703 2474.525 3106.548 3867.692 4761.257 5779.113 6730.431 7302.116 7678.279 7475.412 6931.037 6000.716 4530.019 3243.891 2169.031 1284.727 702.432 349.630 158.697 63.196 22.875 6.315 1.870 0.676 0.255 0.000 0.000 0.000 0.000
6.345 6.864 7.226 7.673 8.822 10.981 14.125 18.578 26.150 37.809 53.084 77.165 116.635 170.412 238.764 337.330 491.931 721.812 1032.584 1423.369 1898.527 2493.022 3254.091 4204.183 5341.185 6648.819 8120.039 9620.277 10537.108 11132.135 10655.760 9766.117 8497.321 6445.834 4559.748 3048.047 1836.447 1017.925 519.794 241.942 101.966 38.384 11.234 3.099 1.088 0.411 0.000 0.000 0.000 0.000
3.372 2.979 2.805 2.803 2.977 3.802 5.200 7.857 13.015 20.471 31.412 50.680 82.805 128.955 195.541 300.727 469.413 731.907 1119.550 1650.603 2327.137 3169.119 4232.069 5556.551 7138.420 8935.141 10908.826 12912.877 14223.809 15093.725 14380.150 13070.664 11358.687 8655.731 6111.826 4093.120 2493.470 1405.360 740.232 354.546 156.075 60.404 19.752 5.187 1.643 0.620 0.232 0.000 0.000 0.000
1.037 0.742 0.712 0.715 0.753 0.905 1.279 2.037 3.612 6.437 11.984 24.043 47.575 89.897 161.640 277.434 460.770 751.195 1203.871 1875.163 2793.093 3945.805 5348.517 7059.693 9112.876 11445.218 13967.996 16386.444 18066.658 19294.769 18376.166 16633.745 14415.973 11023.120 7802.283 5244.852 3222.419 1841.465 992.322 491.150 222.144 90.128 32.559 9.134 2.478 0.899 0.334 0.000 0.000 0.000
0.228 0.000 0.000 0.000 0.000 0.000 0.275 0.470 0.901 1.879 4.186 9.740 23.140 56.869 133.281 262.072 463.795 778.891 1277.159 2072.833 3243.578 4749.163 6513.534 8604.290 11133.811 14033.061 17132.832 19867.562 21888.712 23524.034 22418.398 20247.765 17523.791 13449.387 9539.896 6437.713 3977.834 2301.544 1252.855 636.007 297.425 127.219 49.121 15.227 4.049 1.310 0.474 0.000 0.000 0.000
0.000 0.000 0.000 0.000 0.000 0.000 0.000 0.000 0.244 0.652 1.835 5.195 14.331 38.226 102.948 241.629 461.700 798.787 1321.896 2149.118 3414.661 5144.641 7230.326 9627.495 12455.242 15750.184 19296.907 22197.668 24347.949 26242.639 25045.287 22602.142 19515.970 15246.874 11046.625 7503.709 4678.698 2757.902 1514.319 779.617 376.350 166.424 67.985 23.476 6.727 1.924 0.672 0.231 0.000 0.000
0.000 0.000 0.000 0.000 0.000 0.000 0.000 0.000 0.000 0.303 1.028 3.342 10.246 29.092 76.413 198.514 432.138 793.938 1330.342 2160.278 3435.404 5207.120 7372.996 9854.604 12750.113 16137.669 19792.501 22763.307 24887.605 26849.461 25677.705 23184.098 20050.272 15810.320 11581.768 7907.514 5005.917 3004.552 1689.559 898.626 450.246 206.097 87.387 32.686 10.258 2.798 0.926 0.318 0.000 0.000
0.000 0.000 0.000 0.000 0.000 0.000 0.000 0.000 0.000 0.000 0.674 2.371 7.553 21.802 57.428 141.354 332.520 679.464 1226.201 2023.067 3205.070 4896.936 7063.993 9582.573 12446.752 15736.553 19343.796 22171.143 24112.773 26074.007 25111.093 22808.289 19826.582 15786.854 11627.102 7961.639 5086.474 3083.641 1735.438 944.838 484.673 234.465 104.153 41.258 14.135 3.943 1.194 0.414 0.000 0.000
0.000 0.000 0.000 0.000 0.000 0.000 0.000 0.000 0.000 0.000 0.422 1.499 4.828 14.173 38.401 97.818 239.080 504.256 939.086 1595.096 2555.958 3925.731 5743.615 7920.176 10373.764 13123.004 16192.587 18817.033 20411.579 22020.474 21420.496 19606.150 17156.560 13949.737 10500.492 7254.044 4792.798 3002.942 1715.544 953.439 495.307 242.633 112.391 47.421 17.437 5.238 1.440 0.493 0.000 0.000
0.000 0.000 0.000 0.000 0.000 0.000 0.000 0.000 0.000 0.000 0.000 0.610 2.125 6.811 20.100 55.346 145.510 329.184 646.372 1144.356 1880.358 2931.924 4342.792 6066.181 8025.435 10195.295 12618.815 14863.710 16187.385 17493.397 17206.873 15737.197 13742.107 11205.808 8563.702 5991.569 3995.156 2544.116 1506.467 869.405 473.339 239.679 113.982 50.101 19.704 6.527 1.755 0.556 0.000 0.000
0.000 0.000 0.000 0.000 0.000 0.000 0.000 0.000 0.000 0.000 0.000 0.000 0.672 2.294 7.301 21.646 60.283 164.551 365.695 692.219 1192.048 1924.162 2918.527 4159.212 5593.238 7176.776 8912.387 10698.829 11807.464 12816.276 12708.345 11690.426 10288.723 8418.439 6554.923 4638.250 3125.705 2006.814 1218.332 718.237 401.461 211.228 106.477 49.650 20.636 7.505 2.161 0.614 0.000 0.000
0.000 0.000 0.000 0.000 0.000 0.000 0.000 0.000 0.000 0.000 0.000 0.000 0.201 0.711 2.362 7.279 20.736 55.529 141.637 306.402 587.094 1018.291 1624.040 2407.669 3343.598 4389.296 5517.816 6722.530 7616.497 8344.907 8346.103 7763.176 6901.032 5720.220 4514.640 3281.007 2254.940 1471.663 931.811 559.741 320.380 174.636 90.718 44.425 20.083 7.892 2.565 0.702 0.206 0.000
0.000 0.000 0.000 0.000 0.000 0.000 0.000 0.000 0.000 0.000 0.000 0.000 0.000 0.000 0.684 2.225 6.675 18.387 48.144 116.245 232.848 415.788 695.471 1105.541 1640.203 2255.575 2926.091 3665.600 4263.859 4764.838 4842.833 4615.466 4146.433 3474.911 2780.246 2063.807 1478.678 991.189 650.629 406.180 239.249 134.314 71.638 36.115 17.276 7.491 2.731 0.810 0.220 0.000
0.000 0.000 0.000 0.000 0.000 0.000 0.000 0.000 0.000 0.000 0.000 0.000 0.000 0.000 0.000 0.607 1.932 5.648 15.164 38.918 85.894 164.325 283.465 454.935 695.850 1008.044 1370.973 1751.234 2095.813 2419.392 2514.538 2470.948 2274.928 1964.534 1590.298 1223.443 895.540 632.567 424.066 273.441 167.823 97.658 53.122 27.410 13.441 6.243 2.536 0.856 0.239 0.000
0.000 0.000 0.000 0.000 0.000 0.000 0.000 0.000 0.000 0.000 0.000 0.000 0.000 0.000 0.000 0.000 0.489 1.522 4.357 11.693 27.877 57.402 106.648 180.676 283.480 421.228 599.095 797.774 958.126 1124.829 1201.812 1220.015 1164.336 1031.062 859.337 686.443 520.192 377.588 263.584 174.084 111.471 66.934 37.491 19.784 9.851 4.661 2.070 0.799 0.241 0.000
0.000 0.000 0.000 0.000 0.000 0.000 0.000 0.000 0.000 0.000 0.000 0.000 0.000 0.000 0.000 0.000 0.000 0.355 1.085 3.057 8.169 18.381 35.712 64.551 108.069 165.614 237.576 328.513 405.076 479.508 532.423 554.783 543.180 500.763 435.234 361.495 283.907 214.726 154.225 106.987 69.936 43.908 25.540 13.795 6.947 3.329 1.514 0.635 0.218 0.000
0.000 0.000 0.000 0.000 0.000 0.000 0.000 0.000 0.000 0.000 0.000 0.000 0.000 0.000 0.000 0.000 0.000 0.000 0.234 0.711 1.982 5.188 11.179 20.861 35.788 57.829 87.549 121.068 157.331 192.983 216.918 238.441 239.164 227.266 205.880 180.835 148.524 116.785 88.426 62.934 42.320 27.055 16.323 9.285 4.880 2.359 1.059 0.446 0.000 0.000
0.000 0.000 0.000 0.000 0.000 0.000 0.000 0.000 0.000 0.000 0.000 0.000 0.000 0.000 0.000 0.000 0.000 0.000 0.000 0.000 0.432 1.211 2.947 6.131 11.189 18.410 28.863 42.461 56.453 72.259 85.426 95.126 100.981 100.222 95.228 86.793 75.518 62.077 48.394 35.792 24.820 16.104 10.106 5.908 3.281 1.663 0.748 0.297 0.000 0.000
0.000 0.000 0.000 0.000 0.000 0.000 0.000 0.000 0.000 0.000 0.000 0.000 0.000 0.000 0.000 0.000 0.000 0.000 0.000 0.000 0.000 0.244 0.679 1.517 3.020 5.417 8.837 13.269 18.919 25.214 31.244 36.712 40.998 43.692 43.781 42.012 37.870 32.227 25.690 19.445 13.938 9.393 5.843 3.577 2.008 1.064 0.504 0.205 0.000 0.000
0.000 0.000 0.000 0.000 0.000 0.000 0.000 0.000 0.000 0.000 0.000 0.000 0.000 0.000 0.000 0.000 0.000 0.000 0.000 0.000 0.000 0.000 0.000 0.331 0.714 1.372 2.467 3.899 5.841 8.391 10.917 13.859 16.433 19.076 20.385 20.573 19.240 16.608 13.549 10.602 7.610 5.149 3.334 1.969 1.147 0.622 0.315 0.000 0.000 0.000
0.000 0.000 0.000 0.000 0.000 0.000 0.000 0.000 0.000 0.000 0.000 0.000 0.000 0.000 0.000 0.000 0.000 0.000 0.000 0.000 0.000 0.000 0.000 0.000 0.000 0.310 0.617 1.065 1.732 2.669 3.754 5.170 6.705 8.301 9.501 10.079 9.767 8.700 7.280 5.604 4.076 2.768 1.767 1.084 0.609 0.334 0.000 0.000 0.000 0.000
0.000 0.000 0.000 0.000 0.000 0.000 0.000 0.000 0.000 0.000 0.000 0.000 0.000 0.000 0.000 0.000 0.000 0.000 0.000 0.000 0.000 0.000 0.000 0.000 0.000 0.000 0.000 0.278 0.500 0.836 1.319 1.950 2.758 3.626 4.422 4.902 5.000 4.549 3.770 2.978 2.128 1.440 0.923 0.541 0.301 0.000 0.000 0.000 0.000 0.000
0.000 0.000 0.000 0.000 0.000 0.000 0.000 0.000 0.000 0.000 0.000 0.000 0.000 0.000 0.000 0.000 0.000 0.000 0.000 0.000 0.000 0.000 0.000 0.000 0.000 0.000 0.000 0.000 0.000 0.278 0.492 0.783 1.152 1.603 2.059 2.413 2.520 2.351 1.992 1.530 1.106 0.732 0.453 0.261 0.000 0.000 0.000 0.000 0.000 0.000
0.000 0.000 0.000 0.000 0.000 0.000 0.000 0.000 0.000 0.000 0.000 0.000 0.000 0.000 0.000 0.000 0.000 0.000 0.000 0.000 0.000 0.000 0.000 0.000 0.000 0.000 0.000 0.000 0.000 0.000 0.000 0.322 0.505 0.733 0.962 1.157 1.252 1.200 1.018 0.793 0.547 0.358 0.216 0.000 0.000 0.000 0.000 0.000 0.000 0.000
0.000 0.000 0.000 0.000 0.000 0.000 0.000 0.000 0.000 0.000 0.000 0.000 0.000 0.000 0.000 0.000 0.000 0.000 0.000 0.000 0.000 0.000 0.000 0.000 0.000 0.000 0.000 0.000 0.000 0.000 0.000 0.000 0.228 0.338 0.454 0.553 0.609 0.592 0.511 0.389 0.270 0.000 0.000 0.000 0.000 0.000 0.000 0.000 0.000 0.000
0.000 0.000 0.000 0.000 0.000 0.000 0.000 0.000 0.000 0.000 0.000 0.000 0.000 0.000 0.000 0.000 0.000 0.000 0.000 0.000 0.000 0.000 0.000 0.000 0.000 0.000 0.000 0.000 0.000 0.000 0.000 0.000 0.000 0.000 0.216 0.263 0.287 0.281 0.247 0.000 0.000 0.000 0.000 0.000 0.000 0.000 0.000 0.000 0.000 0.000
0.000 0.000 0.000 0.000 0.000 0.000 0.000 0.000 0.000 0.000 0.000 0.000 0.000 0.000 0.000 0.000 0.000 0.000 0.000 0.000 0.000 0.000 0.000 0.000 0.000 0.000 0.000 0.000 0.000 0.000 0.000 0.000 0.000 0.000 0.000 0.000 0.000 0.000 0.000 0.000 0.000 0.000 0.000 0.000 0.000 0.000 0.000 0.000 0.000 0.000
0.000 0.000 0.000 0.000 0.000 0.000 0.000 0.000 0.000 0.000 0.000 0.000 0.000 0.000 0.000 0.000 0.000 0.000 0.000 0.000 0.000 0.000 0.000 0.000 0.000 0.000 0.000 0.000 0.000 0.000 0.000 0.000 0.000 0.000 0.000 0.000 0.000 0.000 0.000 0.000 0.000 0.000 0.000 0.000 0.000 0.000 0.000 0.000 0.000 0.000
0.000 0.000 0.000 0.000 0.000 0.000 0.000 0.000 0.000 0.000 0.000 0.000 0.000 0.000 0.000 0.000 0.000 0.000 0.000 0.000 0.000 0.000 0.000 0.000 0.000 0.000 0.000 0.000 0.000 0.000 0.000 0.000 0.000 0.000 0.000 0.000 0.000 0.000 0.000 0.000 0.000 0.000 0.000 0.000 0.000 0.000 0.000 0.000 0.000 0.000
0.000 0.000 0.000 0.000 0.000 0.000 0.000 0.000 0.000 0.000 0.000 0.000 0.000 0.000 0.000 0.000 0.000 0.000 0.000 0.000 0.000 0.000 0.000 0.000 0.000 0.000 0.000 0.000 0.000 0.000 0.000 0.000 0.000 0.000 0.000 0.000 0.000 0.000 0.000 0.000 0.000 0.000 0.000 0.000 0.000 0.000 0.000 0.000 0.000 0.000
0.000 0.000 0.000 0.000 0.000 0.000 0.000 0.000 0.000 0.000 0.000 0.000 0.000 0.000 0.000 0.000 0.000 0.000 0.000 0.000 0.000 0.000 0.000 0.000 0.000 0.000 0.000 0.000 0.000 0.000 0.000 0.000 0.000 0.000 0.000 0.000 0.000 0.000 0.000 0.000 0.000 0.000 0.000 0.000 0.000 0.000 0.000 0.000 0.000 0.000
0.000 0.000 0.000 0.000 0.000 0.000 0.000 0.000 0.000 0.000 0.000 0.000 0.000 0.000 0.000 0.000 0.000 0.000 0.000 0.000 0.000 0.000 0.000 0.000 0.000 0.000 0.000 0.000 0.000 0.000 0.000 0.000 0.000 0.000 0.000 0.000 0.000 0.000 0.000 0.000 0.000 0.000 0.000 0.000 0.000 0.000 0.000 0.000 0.000 0.000
0.000 0.000 0.000 0.000 0.000 0.000 0.000 0.000 0.000 0.000 0.000 0.000 0.000 0.000 0.000 0.000 0.000 0.000 0.000 0.000 0.000 0.000 0.000 0.000 0.000 0.000 0.000 0.000 0.000 0.000 0.000 0.000 0.000 0.000 0.000 0.000 0.000 0.000 0.000 0.000 0.000 0.000 0.000 0.000 0.000 0.000 0.000 0.000 0.000 0.000
0.000 0.000 0.000 0.000 0.000 0.000 0.000 0.000 0.000 0.000 0.000 0.000 0.000 0.000 0.000 0.000 0.000 0.000 0.000 0.000 0.000 0.000 0.000 0.000 0.000 0.000 0.000 0.000 0.000 0.000 0.000 0.000 0.000 0.000 0.000 0.000 0.000 0.000 0.000 0.000 0.000 0.000 0.000 0.000 0.000 0.000 0.000 0.000 0.000 0.000
0.000 0.000 0.000 0.000 0.000 0.000 0.000 0.000 0.000 0.000 0.000 0.000 0.000 0.000 0.000 0.000 0.000 0.000 0.000 0.000 0.000 0.000 0.000 0.000 0.000 0.000 0.000 0.000 0.000 0.000 0.000 0.000 0.000 0.000 0.000 0.000 0.000 0.000 0.000 0.000 0.000 0.000 0.000 0.000 0.000 0.000 0.000 0.000 0.000 0.000
0.000 0.000 0.000 0.000 0.000 0.000 0.000 0.000 0.000 0.000 0.000 0.000 0.000 0.000 0.000 0.000 0.000 0.000 0.000 0.000 0.000 0.000 0.000 0.000 0.000 0.000 0.000 0.000 0.000 0.000 0.000 0.000 0.000 0.000 0.000 0.000 0.000 0.000 0.000 0.000 0.000 0.000 0.000 0.000 0.000 0.000 0.000 0.000 0.000 0.000
0.000 0.000 0.000 0.000 0.000 0.000 0.000 0.000 0.000 0.000 0.000 0.000 0.000 0.000 0.000 0.000 0.000 0.000 0.000 0.000 0.000 0.000 0.000 0.000 0.000 0.000 0.000 0.000 0.000 0.000 0.000 0.000 0.000 0.000 0.000 0.000 0.000 0.000 0.000 0.000 0.000 0.000 0.000 0.000 0.000 0.000 0.000 0.000 0.000 0.000
0.000 0.000 0.000 0.000 0.000 0.000 0.000 0.000 0.000 0.000 0.000 0.000 0.000 0.000 0.000 0.000 0.000 0.000 0.000 0.000 0.000 0.000 0.000 0.000 0.000 0.000 0.000 0.000 0.000 0.000 0.000 0.000 0.000 0.000 0.000 0.000 0.000 0.000 0.000 0.000 0.000 0.000 0.000 0.000 0.000 0.000 0.000 0.000 0.000 0.000
