tests/test_03/output7/CloudLoad_010.00hrs.dat
NCOLS    50
NROWS    50
XLLCORNER    -2289770.000
YLLCORNER     2591270.000
CELLSIZE        2000.000       2000.000
NODATA_VALUE  0.000
[rows 0 to 30 of 50, columns 0 to 49 of 50]
381.250916 413.912720 456.740845 506.634735 563.751587 628.227051 700.617798 781.340271 871.479431 973.417664 1090.110352 1224.762573 1381.624878 1563.507690 1774.216064 2020.844849 2308.270508 2639.075928 3021.225586 3470.434326 4003.015869 4623.542480 5330.244629 6133.158203 7055.168945 8120.877930 9341.747070 10708.150391 12217.067383 13872.964844 15668.538086 17527.599609 19322.066406 20998.560547 22258.039062 23241.171875 23461.791016 23247.656250 22549.416016 20862.933594 18893.115234 16182.558594 13674.053711 10969.690430 8747.345703 6446.298828 4415.389160 2963.227783 1756.205811 299.550873
209.048248 230.521255 258.526154 290.609802 326.792755 367.541412 413.790344 466.966064 528.945923 602.171814 689.373169 793.139038 916.167053 1062.510376 1238.387573 1449.194580 1697.400024 1988.991455 2339.385254 2764.492432 3268.199707 3846.390381 4513.077148 5301.913086 6240.824707 7333.510254 8564.879883 9949.371094 11519.133789 13276.956055 15193.367188 17191.378906 19099.488281 20979.455078 22449.216797 23603.408203 24009.777344 23924.406250 23324.027344 21743.310547 19898.585938 17176.341797 14606.058594 11798.949219 9466.096680 7030.450195 4842.696289 3266.915283 1967.047974 353.466400
148.724930 165.574326 187.404022 212.251022 240.217438 271.929443 308.478546 351.604584 403.326660 465.863800 541.444214 632.204956 740.968872 872.802185 1033.491333 1226.691040 1455.996094 1730.666870 2066.427002 2474.694580 2953.629639 3503.563232 4149.143066 4924.346680 5850.657227 6931.996582 8161.957520 9550.718750 11129.766602 12920.312500 14908.290039 17001.693359 19035.517578 21037.111328 22741.355469 24104.541016 24784.800781 24877.679688 24402.566406 22926.550781 21226.355469 18510.650391 15858.786133 12917.137695 10429.926758 7813.884766 5419.166504 3665.075928 2240.219971 425.872650
79.259941 90.392433 104.609444 120.688957 138.864929 159.985229 185.347046 216.781387 256.310730 305.863983 366.995178 441.521240 533.190308 647.689392 789.072021 959.991638 1166.624634 1420.820679 1736.433716 2119.599365 2566.082520 3083.389893 3705.333740 4465.135742 5380.706055 6454.575195 7684.799316 9083.347656 10683.942383 12517.095703 14592.879883 16830.203125 18999.351562 21142.220703 23078.990234 24642.910156 25618.541016 25936.531250 25596.275391 24204.943359 22618.171875 19939.580078 17230.472656 14162.019531 11501.469727 8689.222656 6077.041992 4112.519531 2547.167480 515.603516
44.138729 51.031246 59.753513 69.908897 81.908066 96.619377 115.472084 139.556549 170.232483 209.083557 257.669403 318.817780 397.415649 497.078918 620.383240 771.660767 958.211731 1192.113403 1482.232300 1830.016846 2240.792480 2734.153076 3337.767090 4076.383057 4970.896973 6035.504883 7271.256348 8685.409180 10306.799805 12171.136719 14298.143555 16658.097656 19026.751953 21303.753906 23479.197266 25237.392578 26479.408203 27057.849609 26885.474609 25583.587891 24073.083984 21446.054688 18709.886719 15536.567383 12685.101562 9661.667969 6817.733398 4608.391602 2887.324707 620.227051
17.685431 20.968956 25.537449 31.482531 39.383144 49.643372 62.806950 80.146202 102.623764 131.243332 168.777771 219.108551 284.893646 368.186066 473.580231 605.687683 770.399048 976.722595 1234.098022 1550.708618 1937.445923 2409.835693 2988.258057 3699.649170 4571.368164 5623.284180 6867.259766 8312.789062 9967.972656 11854.478516 14020.652344 16475.398438 19045.052734 21529.101562 23906.099609 25895.062500 27371.208984 28166.806641 28224.160156 27076.878906 25601.796875 23022.744141 20279.283203 17042.818359 13983.637695 10718.333984 7649.368164 5160.803711 3267.737793 747.574890
7.072802 8.460174 10.613232 13.848759 18.557119 25.286327 34.461056 46.364349 61.992683 83.624985 113.839661 154.676956 208.539215 278.882935 368.886871 481.763092 622.884399 802.207092 1032.182739 1323.750732 1687.382446 2137.370361 2691.553223 3374.536133 4215.999512 5247.326660 6494.766113 7966.368652 9665.974609 11605.335938 13812.857422 16304.948242 19023.705078 21724.908203 24337.275391 26586.513672 28304.130859 29302.947266 29551.169922 28659.015625 27211.966797 24666.957031 21930.650391 18666.759766 15407.576172 11878.653320 8583.133789 5781.907715 3693.795410 902.475830
2.693316 3.336033 4.455057 6.230186 8.909814 12.710746 18.047705 25.913387 37.769875 54.814182 78.311775 110.346909 153.749298 211.140533 285.083618 379.035370 499.165894 655.460266 860.897400 1128.300293 1469.569214 1898.036865 2429.884033 3086.846436 3900.262695 4906.333008 6141.366211 7630.172363 9376.423828 11381.760742 13656.680664 16204.876953 18992.744141 21865.505859 24701.261719 27273.226562 29274.154297 30464.826172 30896.322266 30277.472656 28902.529297 26377.970703 23649.888672 20391.357422 16955.652344 13160.352539 9636.574219 6480.738281 4171.252930 1088.127441
0.978925 1.323497 1.938788 2.879391 4.309468 6.502222 10.027520 15.833292 24.838596 37.677860 55.375019 79.815941 113.401848 158.689377 218.596802 297.199036 401.024292 539.197754 723.648682 967.941223 1285.355225 1690.164307 2200.460938 2838.611328 3631.626221 4613.343262 5825.254883 7305.978027 9076.548828 11141.912109 13503.143555 16140.688477 18992.408203 21974.640625 25001.320312 27889.263672 30228.365234 31657.792969 32237.755859 31907.304688 30657.078125 28150.763672 25428.101562 22195.851562 18616.888672 14561.537109 10813.101562 7267.624023 4713.452148 1310.479736
0.343967 0.557427 0.876986 1.333229 2.124716 3.637523 6.250460 10.517242 16.900431 26.115061 39.339264 57.830143 83.083939 117.818237 166.185974 233.233566 324.869537 448.679871 614.870789 836.085510 1126.809937 1504.503174 1991.799438 2613.925781 3394.026123 4359.676270 5546.429199 7002.895996 8773.625977 10879.783203 13325.533203 16074.618164 19013.742188 22080.031250 25219.878906 28351.429688 31003.080078 32907.824219 33596.160156 33508.835938 32446.177734 29983.806641 27263.150391 24049.191406 20368.900391 16074.322266 12130.522461 8148.046875 5316.443848 1568.142456
0.000000 0.235276 0.400059 0.652468 1.157098 2.291860 4.427701 7.314093 11.320497 17.599646 27.193567 40.698929 59.421371 86.374596 126.231583 184.401917 266.174957 377.666412 527.386780 727.239258 992.994568 1344.129150 1803.887329 2400.118408 3162.900635 4118.781250 5297.534668 6738.445801 8492.681641 10609.893555 13108.758789 15959.478516 19013.734375 22197.628906 25396.886719 28711.007812 31606.287109 33971.496094 34986.613281 35053.214844 34207.964844 31840.818359 29130.031250 25934.767578 22187.744141 17672.343750 13559.006836 9120.688477 5983.317871 1864.683716
0.000000 0.000000 0.000000 0.363323 0.753466 1.568343 2.757391 4.454831 6.994320 10.971842 17.344629 27.284487 42.133743 64.112808 97.138550 146.839844 219.259995 319.788391 455.130005 636.416199 880.600525 1207.713501 1641.263428 2208.532959 2941.403564 3875.907471 5048.916016 6490.151855 8239.833008 10351.334961 12862.453125 15777.131836 18934.728516 22277.222656 25568.490234 28980.382812 32120.328125 34692.285156 36201.457031 36507.050781 35872.207031 33656.082031 30984.179688 27847.613281 24052.292969 19337.199219 15069.261719 10191.750000 6713.026367 2207.350098
0.000000 0.000000 0.000000 0.231886 0.476173 0.766829 1.326504 2.473371 4.252524 6.817127 11.134300 18.817862 31.290594 50.070156 77.957588 119.596870 181.066177 269.136475 391.380341 558.209290 784.859863 1091.122437 1499.356567 2036.812622 2735.701660 3637.621094 4787.464844 6223.630371 7978.781738 10090.944336 12601.101562 15526.465820 18741.878906 22223.546875 25694.490234 29167.244141 32477.291016 35251.640625 37109.242188 37763.050781 37443.582031 35394.578125 32806.636719 29758.816406 25908.953125 21046.931641 16653.748047 11346.997070 7496.544922 2586.315918
0.000000 0.000000 0.000000 0.000000 0.000000 0.368183 0.700816 1.329840 2.574350 4.675249 7.994419 13.578308 23.380768 39.714634 64.316650 99.578247 150.427917 224.637711 332.526459 485.784607 698.173523 986.189392 1371.325439 1881.038208 2548.699951 3414.153320 4527.366699 5940.667480 7692.179199 9806.608398 12314.891602 15213.589844 18450.201172 22009.371094 25635.029297 29263.894531 32722.349609 35655.761719 37728.667969 38729.039062 38931.023438 37035.089844 34519.269531 31621.484375 27724.437500 22767.646484 18268.033203 12567.487305 8337.151367 3013.950684
0.000000 0.000000 0.000000 0.000000 0.000000 0.000000 0.342163 0.709524 1.491565 3.102473 5.820427 10.192209 17.693411 30.786444 51.664520 82.205139 126.039978 189.861481 283.563904 420.165680 614.404419 882.484558 1244.613770 1728.904297 2370.178223 3205.063965 4279.114746 5646.377930 7365.117188 9473.526367 11984.356445 14860.132812 18067.869141 21632.216797 25352.125000 29112.162109 32718.687500 35855.218750 38115.902344 39399.972656 39933.878906 38554.960938 36142.125000 33415.582031 29482.039062 24476.257812 19909.460938 13859.572266 9224.944336 3488.186279
0.000000 0.000000 0.000000 0.000000 0.000000 0.000000 0.208356 0.456332 0.964186 2.050062 4.238508 7.954456 13.973694 23.940950 40.239277 65.734886 103.995049 160.596405 244.228027 365.806030 538.859802 781.506470 1116.511963 1571.861572 2183.720947 2989.902588 4029.563965 5353.835449 7015.771484 9073.195312 11562.176758 14401.541992 17586.433594 21114.382812 24822.234375 28685.533203 32400.187500 35785.269531 38151.117188 39748.164062 40592.246094 39660.921875 37522.429688 35065.058594 31128.138672 26119.636719 21540.410156 15200.180664 10149.988281 3996.989014
0.000000 0.000000 0.000000 0.000000 0.000000 0.000000 0.000000 0.323273 0.680473 1.410994 3.001327 6.003467 10.838115 18.452353 30.895699 51.294903 84.171097 134.988388 209.829956 317.365387 471.227386 689.478149 995.047852 1416.906860 1990.562134 2757.191895 3756.714111 5035.954102 6641.980469 8626.550781 11040.487305 13824.125000 16978.779297 20422.656250 24090.871094 27961.248047 31759.781250 35323.359375 37839.992188 39643.679688 40769.730469 40425.035156 38548.964844 36431.414062 32635.404297 27667.820312 23107.802734 16577.605469 11113.120117 4566.145508
0.000000 0.000000 0.000000 0.000000 0.000000 0.000000 0.000000 0.209677 0.448137 0.920557 1.889017 4.001931 7.898352 13.981828 23.770483 40.277611 67.424164 110.278168 175.577240 271.318359 409.200562 605.508911 882.615540 1269.228149 1799.119995 2511.991699 3455.386963 4676.753906 6219.084473 8114.820801 10416.169922 13087.032227 16162.789062 19542.597656 23170.373047 26964.304688 30777.328125 34416.550781 37159.945312 39152.535156 40542.308594 40555.792969 39297.625000 37451.593750 33960.140625 29088.916016 24606.960938 17967.062500 12107.926758 5181.523926
0.000000 0.000000 0.000000 0.000000 0.000000 0.000000 0.000000 0.000000 0.256882 0.658598 1.347491 2.637129 5.298052 10.378405 18.891832 32.418659 54.019634 88.825363 143.107178 225.110321 346.799591 523.298767 774.050293 1124.877808 1608.334961 2263.708252 3131.203613 4265.156250 5717.738281 7527.646484 9705.951172 12250.410156 15201.958008 18456.132812 22031.007812 25733.767578 29467.027344 33085.695312 35983.671875 38272.574219 39851.144531 40307.316406 39394.871094 38136.527344 34999.531250 30335.335938 25928.015625 19317.615234 13119.626953 5836.622070
0.000000 0.000000 0.000000 0.000000 0.000000 0.000000 0.000000 0.000000 0.000000 0.377040 0.937465 2.045408 3.824812 7.201063 13.904341 25.332449 43.401466 71.393700 115.266388 183.156357 286.269989 439.318756 661.142700 975.231201 1411.296509 2007.313232 2799.780518 3835.354492 5172.764160 6863.556152 8914.091797 11318.507812 14107.908203 17203.488281 20640.958984 24250.857422 27902.716797 31425.636719 34457.535156 36913.761719 38739.328125 39644.109375 39066.046875 38272.414062 35754.570312 31362.685547 27122.589844 20602.378906 14135.349609 6553.581055
0.000000 0.000000 0.000000 0.000000 0.000000 0.000000 0.000000 0.000000 0.000000 0.231764 0.559546 1.322045 2.690367 5.172413 9.807725 17.987535 32.090240 55.271488 91.642090 147.811661 233.402145 360.907532 549.142944 820.913208 1206.160522 1739.020264 2454.593018 3393.050537 4604.820801 6150.429199 8049.074707 10301.030273 12904.214844 15815.166016 19061.394531 22519.269531 26081.720703 29463.800781 32474.087891 35134.367188 37167.621094 38482.640625 38338.085938 37919.593750 36013.449219 32105.884766 28091.833984 21800.203125 15132.036133 7300.646484
0.000000 0.000000 0.000000 0.000000 0.000000 0.000000 0.000000 0.000000 0.000000 0.000000 0.274704 0.642367 1.484553 3.427899 6.722425 12.294036 22.525974 40.191769 68.965256 114.801773 185.733719 291.353088 447.193787 674.658569 1002.608521 1464.290527 2095.271973 2935.554688 4026.660400 5414.205078 7134.746094 9210.700195 11608.087891 14328.133789 17340.171875 20613.482422 23996.220703 27242.289062 30241.349609 33006.546875 35209.886719 36831.621094 37253.750000 37137.289062 35901.597656 32493.970703 28832.250000 22880.339844 16093.335938 8071.122070
0.000000 0.000000 0.000000 0.000000 0.000000 0.000000 0.000000 0.000000 0.000000 0.000000 0.000000 0.307614 0.745519 1.787657 4.151443 8.255081 15.350278 27.611061 48.835178 83.700623 139.086273 225.497406 355.803833 543.736023 813.562256 1197.634277 1736.728882 2471.277100 3440.330078 4681.516602 6212.548828 8074.667969 10253.328125 12760.057617 15560.826172 18587.656250 21741.626953 24823.466797 27786.367188 30583.480469 32893.429688 34757.398438 35714.902344 35987.914062 35268.894531 32493.623047 29322.910156 23772.337891 17002.242188 8875.691406
0.000000 0.000000 0.000000 0.000000 0.000000 0.000000 0.000000 0.000000 0.000000 0.000000 0.000000 0.000000 0.365378 0.884733 2.022633 4.519171 9.829569 18.989536 33.856499 58.532082 99.640419 165.135895 265.941437 419.338379 643.547424 958.666931 1404.578857 2022.980225 2857.997803 3946.949219 5302.413086 6946.733887 8883.209961 11165.652344 13726.990234 16484.849609 19387.683594 22278.400391 25204.828125 27991.687500 30327.496094 32363.976562 33821.906250 34436.945312 34301.187500 32118.591797 29427.080078 24471.107422 17841.519531 9663.195312
0.000000 0.000000 0.000000 0.000000 0.000000 0.000000 0.000000 0.000000 0.000000 0.000000 0.000000 0.000000 0.000000 0.382815 0.944329 2.230975 4.944453 10.616090 21.323458 39.676781 69.554619 116.642647 190.148911 304.419495 478.307159 738.553162 1113.885376 1626.542480 2316.016113 3233.365479 4408.101562 5853.471680 7566.999023 9581.459961 11914.465820 14412.745117 17023.437500 19724.144531 22523.300781 25231.476562 27659.675781 29819.853516 31538.664062 32609.880859 32969.890625 31336.560547 29228.220703 24933.556641 18565.355469 10448.992188
0.000000 0.000000 0.000000 0.000000 0.000000 0.000000 0.000000 0.000000 0.000000 0.000000 0.000000 0.000000 0.000000 0.000000 0.404018 1.000208 2.489144 5.603446 11.567472 22.990088 43.474026 77.145332 131.443573 216.014069 344.460541 542.837585 840.242188 1262.214111 1837.845215 2597.077881 3572.663574 4806.561035 6315.810059 8099.579102 10144.029297 12393.114258 14763.154297 17273.634766 19886.851562 22434.660156 24968.693359 27178.527344 29106.888672 30504.615234 31295.697266 30310.888672 28692.070312 25086.648438 19162.197266 11211.302734
0.000000 0.000000 0.000000 0.000000 0.000000 0.000000 0.000000 0.000000 0.000000 0.000000 0.000000 0.000000 0.000000 0.000000 0.000000 0.449838 1.110108 2.717361 6.618703 13.577333 25.366278 46.518444 83.607109 145.325485 243.820862 395.480133 619.287048 942.037292 1404.294800 2034.841675 2849.413330 3876.716797 5158.399414 6735.673340 8507.221680 10472.028320 12629.176758 14972.855469 17371.521484 19761.841797 22243.863281 24567.769531 26612.205078 28210.404297 29380.626953 29046.310547 27809.273438 24961.769531 19510.957031 11916.615234
0.000000 0.000000 0.000000 0.000000 0.000000 0.000000 0.000000 0.000000 0.000000 0.000000 0.000000 0.000000 0.000000 0.000000 0.000000 0.201354 0.510409 1.275698 3.045506 6.945132 14.382810 28.099031 52.585720 93.664391 161.403015 271.100006 442.024811 695.041138 1051.781616 1541.310059 2206.233643 3076.868408 4163.114746 5468.755859 7004.451172 8744.651367 10678.575195 12780.913086 14989.270508 17264.486328 19608.720703 21913.300781 24073.861328 25785.732422 27222.527344 27456.246094 26684.921875 24595.025391 19747.814453 12574.116211
0.000000 0.000000 0.000000 0.000000 0.000000 0.000000 0.000000 0.000000 0.000000 0.000000 0.000000 0.000000 0.000000 0.000000 0.000000 0.000000 0.218694 0.545216 1.338057 3.207846 7.395403 15.531792 30.753567 58.053139 104.847778 181.816910 302.608704 485.965515 761.554626 1155.942627 1687.659180 2381.766357 3286.402344 4386.962891 5653.483398 7169.098145 8857.926758 10692.745117 12672.920898 14798.711914 17003.115234 19203.537109 21343.187500 23211.082031 24775.402344 25554.179688 25358.875000 23862.779297 19663.865234 13129.791992
0.000000 0.000000 0.000000 0.000000 0.000000 0.000000 0.000000 0.000000 0.000000 0.000000 0.000000 0.000000 0.000000 0.000000 0.000000 0.000000 0.000000 0.229783 0.562561 1.376504 3.316003 7.751568 16.791552 34.046509 63.810486 114.665512 199.808319 337.574127 544.203003 838.604187 1253.254395 1822.643677 2538.332520 3407.432373 4469.444824 5711.024902 7119.604980 8713.413086 10461.201172 12358.588867 14366.103516 16458.556641 18480.746094 20424.632812 22128.716797 23270.880859 23553.619141 22777.400391 19272.806641 13560.823242
0.000000 0.000000 0.000000 0.000000 0.000000 0.000000 0.000000 0.000000 0.000000 0.000000 0.000000 0.000000 0.000000 0.000000 0.000000 0.000000 0.000000 0.000000 0.243449 0.586154 1.405403 3.346740 7.948976 17.603165 35.582638 68.535538 128.456314 225.935226 374.846008 598.079285 914.793518 1338.992798 1886.720459 2564.382812 3399.131104 4373.864746 5524.378906 6866.071777 8356.084961 9996.410156 11769.784180 13689.874023 15594.725586 17459.757812 19179.519531 20606.996094 21334.140625 21255.564453 18514.730469 13718.166992
