tests/test_03/output7/DepositFile_010.00hrs.dat
NCOLS    50
NROWS    50
XLLCORNER    -2289770.000
YLLCORNER     2591270.000
CELLSIZE        2000.000       2000.000
NODATA_VALUE  0.000
[rows 0 to 49 of 50, columns 0 to 49 of 50]
16.235 19.560 23.823 28.928 35.054 42.242 50.642 60.207 70.728 81.964 93.424 104.800 115.459 124.590 131.370 134.915 135.099 133.546 130.672 127.093 123.327 119.895 116.839 114.056 111.472 109.158 106.681 103.813 100.630 96.372 91.487 85.545 78.550 70.702 61.901 52.402 42.464 29.866 17.596 11.309 3.515 1.073 0.412 0.092 0.020 0.003 0.000 0.000 0.000 0.000
15.733 18.917 23.069 28.067 34.039 41.115 49.400 58.854 69.313 80.509 91.931 103.128 113.726 122.811 129.205 131.629 130.349 127.685 123.389 118.677 114.494 110.994 108.268 106.114 104.451 103.135 102.031 100.646 98.888 96.301 92.809 88.192 81.934 74.736 66.080 56.327 46.034 32.478 19.192 12.416 3.947 1.182 0.457 0.103 0.022 0.004 0.000 0.000 0.000 0.000
16.509 19.839 24.238 29.477 35.783 43.300 52.080 62.164 73.420 85.358 97.489 109.285 120.324 129.723 136.135 137.559 134.344 129.410 122.937 116.707 111.457 107.167 103.969 101.778 100.247 99.539 99.158 98.762 97.916 96.342 93.798 90.056 84.739 77.994 69.682 60.115 49.693 35.357 21.043 13.702 4.449 1.319 0.518 0.117 0.026 0.005 0.001 0.000 0.000 0.000
16.634 20.006 24.460 29.832 36.320 43.960 53.007 63.475 75.180 87.664 100.262 112.370 123.462 132.822 138.868 138.753 132.905 125.462 116.132 108.464 102.091 96.906 93.422 91.428 90.664 90.734 91.259 92.048 92.643 92.411 91.335 88.787 84.627 78.841 71.283 62.116 51.938 37.341 22.379 14.699 4.758 1.423 0.564 0.129 0.029 0.005 0.001 0.000 0.000 0.000
16.646 20.024 24.487 29.936 36.471 44.304 53.610 64.248 76.331 89.302 102.479 114.687 125.854 134.902 140.549 139.074 130.174 119.069 107.247 97.538 89.874 84.095 80.363 78.625 78.365 79.115 80.530 82.440 84.306 85.679 86.035 85.063 82.252 77.662 70.975 62.572 52.868 38.382 23.166 15.401 4.973 1.499 0.600 0.138 0.031 0.006 0.001 0.000 0.000 0.000
16.303 19.612 24.096 29.525 36.048 43.938 53.244 64.152 76.504 89.899 103.415 115.897 126.996 135.718 140.818 138.216 125.450 111.024 96.008 84.195 74.981 68.732 64.973 63.355 63.476 64.895 67.354 70.468 73.520 76.371 78.311 78.907 77.675 74.476 68.950 61.559 52.517 38.508 23.379 15.697 5.037 1.548 0.628 0.146 0.033 0.006 0.001 0.000 0.000 0.000
15.766 18.979 23.330 28.603 35.074 42.857 52.130 62.981 75.427 89.141 103.103 116.009 126.997 135.614 140.580 137.226 120.383 101.515 83.779 68.901 59.133 53.177 49.516 48.039 48.489 50.380 53.380 57.257 61.506 65.629 68.956 71.043 71.382 69.755 65.521 59.311 51.067 37.746 23.021 15.645 4.963 1.565 0.644 0.151 0.035 0.007 0.001 0.000 0.000 0.000
15.023 18.100 22.292 27.429 33.670 41.179 50.230 60.983 73.405 87.163 101.438 114.887 125.978 134.549 139.437 136.116 116.008 92.303 71.800 53.269 44.195 38.297 34.831 33.683 34.405 36.616 39.983 44.411 49.389 54.364 58.954 62.291 64.040 63.908 61.052 56.062 48.590 36.311 22.216 15.219 4.748 1.547 0.645 0.153 0.036 0.007 0.001 0.000 0.000 0.000
14.077 16.982 20.970 25.856 31.822 39.062 47.864 58.223 70.336 84.054 98.725 112.577 124.134 132.762 137.604 134.925 112.811 84.918 60.936 39.764 30.798 25.694 22.910 21.994 22.852 25.145 28.692 33.228 38.487 44.093 49.271 53.585 56.459 57.548 55.937 52.085 45.401 34.303 21.066 14.507 4.452 1.499 0.631 0.152 0.036 0.007 0.001 0.000 0.000 0.000
12.849 15.549 19.263 23.838 29.452 36.322 44.631 54.578 66.392 79.851 94.351 108.921 121.016 130.229 135.078 133.335 111.701 79.383 52.410 29.058 20.651 16.294 14.259 13.738 14.661 16.839 20.173 24.557 29.731 35.300 40.810 45.582 49.250 51.223 50.635 47.793 41.785 31.844 19.707 13.649 4.100 1.432 0.608 0.149 0.036 0.007 0.001 0.000 0.000 0.000
11.350 13.790 17.160 21.307 26.452 32.791 40.503 49.905 61.021 73.897 88.387 103.133 115.981 125.865 131.171 130.981 111.336 75.161 46.569 21.206 13.266 9.888 8.615 8.556 9.584 11.637 14.634 18.570 23.310 28.586 33.879 38.756 42.824 45.303 45.530 43.434 37.988 29.151 18.212 12.672 3.725 1.354 0.581 0.143 0.035 0.007 0.001 0.000 0.000 0.000
9.596 11.736 14.667 18.328 22.864 28.500 35.425 43.931 54.142 66.347 80.113 94.792 108.572 119.108 125.263 126.993 110.807 73.012 42.677 15.881 8.452 5.799 5.120 5.493 6.636 8.571 11.288 14.803 19.072 23.854 28.729 33.347 37.359 40.026 40.794 39.206 34.259 26.402 16.669 11.632 3.353 1.268 0.549 0.137 0.034 0.007 0.001 0.000 0.000 0.000
7.710 9.482 11.939 15.018 18.869 23.642 29.629 36.984 46.058 56.908 69.681 83.909 98.135 109.686 117.391 120.717 111.324 71.607 40.559 12.917 5.624 3.427 3.197 3.822 5.023 6.814 9.244 12.364 16.162 20.452 24.830 29.088 32.835 35.535 36.499 35.225 30.663 23.623 15.133 10.522 3.006 1.180 0.516 0.130 0.033 0.007 0.001 0.000 0.000 0.000
5.784 7.188 9.128 11.567 14.644 18.512 23.376 29.471 37.028 46.301 57.463 70.296 84.150 96.805 106.192 110.531 109.919 72.529 40.683 10.908 4.261 2.277 2.252 2.951 4.101 5.725 7.894 10.675 14.066 17.903 21.815 25.682 29.163 31.725 32.672 31.540 27.223 20.915 13.611 9.365 2.645 1.085 0.478 0.122 0.031 0.006 0.001 0.000 0.000 0.000
4.011 5.035 6.465 8.282 10.581 13.508 17.235 21.944 27.865 35.294 44.421 55.423 67.902 80.561 90.786 97.164 99.748 74.858 41.997 10.247 3.666 1.704 1.753 2.427 3.477 4.933 6.871 9.357 12.391 15.821 19.319 22.820 26.034 28.369 29.225 28.048 23.959 18.314 12.077 8.200 2.290 0.986 0.440 0.114 0.030 0.006 0.001 0.000 0.000 0.000
2.473 3.152 4.110 5.336 6.918 8.962 11.584 14.921 19.207 24.627 31.518 40.020 50.207 61.597 72.330 80.434 84.365 76.001 42.309 11.353 3.458 1.425 1.450 2.052 2.986 4.282 6.014 8.239 10.947 13.992 17.114 20.270 23.185 25.267 25.972 24.678 20.805 15.772 10.566 7.005 1.946 0.885 0.399 0.105 0.028 0.006 0.001 0.000 0.000 0.000
1.283 1.672 2.226 2.953 3.907 5.162 6.789 8.924 11.685 15.282 19.917 25.795 33.191 42.080 51.835 60.253 65.834 68.418 40.914 13.806 3.288 1.266 1.230 1.753 2.576 3.726 5.271 7.259 9.669 12.347 15.128 17.945 20.529 22.369 22.847 21.385 17.778 13.331 9.079 5.803 1.616 0.781 0.355 0.095 0.026 0.005 0.001 0.000 0.000 0.000
0.528 0.707 0.965 1.312 1.784 2.417 3.256 4.384 5.890 7.886 10.511 13.974 18.481 24.223 31.222 38.785 45.075 48.700 37.610 15.274 3.312 1.193 1.047 1.493 2.214 3.228 4.598 6.364 8.497 10.835 13.303 15.786 18.052 19.609 19.826 18.188 14.892 11.047 7.589 4.642 1.311 0.674 0.310 0.085 0.024 0.005 0.001 0.000 0.000 0.000
0.175 0.240 0.336 0.468 0.651 0.902 1.247 1.720 2.366 3.244 4.433 6.048 8.211 11.081 14.813 19.414 24.263 28.114 29.180 16.058 3.856 1.117 0.887 1.258 1.883 2.770 3.971 5.520 7.386 9.407 11.577 13.741 15.698 16.948 16.890 15.119 12.210 8.921 6.160 3.560 1.036 0.568 0.264 0.074 0.021 0.005 0.001 0.000 0.000 0.000
0.044 0.062 0.090 0.129 0.185 0.264 0.376 0.535 0.759 1.072 1.512 2.127 2.982 4.159 5.776 7.916 10.606 13.419 15.504 12.058 3.443 0.957 0.744 1.044 1.577 2.342 3.381 4.721 6.326 8.055 9.933 11.797 13.454 14.387 14.060 12.255 9.744 6.996 4.832 2.584 0.805 0.466 0.218 0.064 0.019 0.004 0.001 0.000 0.000 0.000
0.008 0.012 0.017 0.026 0.038 0.055 0.081 0.118 0.172 0.251 0.364 0.529 0.765 1.103 1.588 2.272 3.199 4.377 5.552 6.426 2.820 0.705 0.590 0.846 1.294 1.940 2.822 3.960 5.312 6.781 8.370 9.954 11.312 11.923 11.375 9.643 7.518 5.322 3.616 1.758 0.630 0.370 0.174 0.053 0.016 0.004 0.001 0.000 0.000 0.000
0.001 0.002 0.002 0.004 0.006 0.008 0.012 0.018 0.027 0.041 0.060 0.090 0.134 0.199 0.296 0.438 0.646 0.933 1.291 1.650 1.203 0.452 0.451 0.668 1.034 1.566 2.298 3.243 4.358 5.587 6.903 8.226 9.262 9.601 8.888 7.319 5.573 3.885 2.557 1.102 0.479 0.282 0.133 0.042 0.014 0.003 0.000 0.000 0.000 0.000
0.000 0.000 0.000 0.000 0.001 0.001 0.001 0.002 0.003 0.004 0.007 0.010 0.015 0.023 0.036 0.055 0.085 0.130 0.194 0.273 0.325 0.223 0.319 0.506 0.799 1.224 1.811 2.573 3.467 4.473 5.541 6.613 7.346 7.447 6.652 5.322 3.952 2.732 1.639 0.641 0.347 0.204 0.096 0.032 0.011 0.003 0.000 0.000 0.000 0.000
0.000 0.000 0.000 0.000 0.000 0.000 0.000 0.000 0.000 0.000 0.000 0.001 0.001 0.002 0.003 0.006 0.011 0.019 0.033 0.056 0.093 0.134 0.222 0.367 0.592 0.921 1.379 1.972 2.664 3.461 4.305 5.132 5.614 5.510 4.732 3.672 2.652 1.776 0.908 0.368 0.239 0.139 0.065 0.024 0.009 0.002 0.000 0.000 0.000 0.000
0.000 0.000 0.000 0.000 0.000 0.000 0.000 0.000 0.000 0.000 0.000 0.000 0.000 0.000 0.001 0.001 0.003 0.006 0.012 0.025 0.047 0.085 0.149 0.253 0.416 0.659 1.004 1.452 1.973 2.579 3.225 3.811 4.085 3.835 3.162 2.388 1.693 1.016 0.440 0.240 0.156 0.089 0.041 0.017 0.007 0.002 0.000 0.000 0.000 0.000
0.000 0.000 0.000 0.000 0.000 0.000 0.000 0.000 0.000 0.000 0.000 0.000 0.000 0.000 0.000 0.000 0.001 0.003 0.006 0.013 0.026 0.051 0.093 0.164 0.276 0.446 0.690 1.009 1.392 1.836 2.314 2.693 2.792 2.491 1.964 1.458 0.978 0.477 0.215 0.148 0.094 0.052 0.025 0.012 0.005 0.001 0.000 0.000 0.000 0.000
0.000 0.000 0.000 0.000 0.000 0.000 0.000 0.000 0.000 0.000 0.000 0.000 0.000 0.000 0.000 0.000 0.001 0.001 0.003 0.007 0.014 0.029 0.055 0.099 0.174 0.289 0.455 0.670 0.937 1.245 1.574 1.793 1.760 1.490 1.132 0.836 0.472 0.198 0.128 0.085 0.052 0.029 0.015 0.008 0.003 0.001 0.000 0.000 0.000 0.000
0.000 0.000 0.000 0.000 0.000 0.000 0.000 0.000 0.000 0.000 0.000 0.000 0.000 0.000 0.000 0.000 0.000 0.001 0.001 0.003 0.007 0.016 0.031 0.059 0.105 0.179 0.286 0.427 0.605 0.811 1.006 1.100 1.011 0.812 0.610 0.408 0.176 0.102 0.071 0.045 0.026 0.015 0.009 0.005 0.002 0.001 0.000 0.000 0.000 0.000
0.000 0.000 0.000 0.000 0.000 0.000 0.000 0.000 0.000 0.000 0.000 0.000 0.000 0.000 0.000 0.000 0.000 0.000 0.001 0.001 0.003 0.008 0.016 0.032 0.060 0.106 0.172 0.260 0.372 0.501 0.602 0.607 0.522 0.402 0.293 0.146 0.073 0.054 0.036 0.022 0.013 0.008 0.005 0.003 0.001 0.000 0.000 0.000 0.000 0.000
0.000 0.000 0.000 0.000 0.000 0.000 0.000 0.000 0.000 0.000 0.000 0.000 0.000 0.000 0.000 0.000 0.000 0.000 0.000 0.001 0.001 0.003 0.008 0.016 0.032 0.058 0.097 0.151 0.220 0.290 0.323 0.296 0.239 0.182 0.099 0.047 0.037 0.026 0.017 0.010 0.007 0.005 0.003 0.002 0.001 0.000 0.000 0.000 0.000 0.000
0.000 0.000 0.000 0.000 0.000 0.000 0.000 0.000 0.000 0.000 0.000 0.000 0.000 0.000 0.000 0.000 0.000 0.000 0.000 0.000 0.001 0.001 0.003 0.007 0.015 0.029 0.050 0.081 0.121 0.150 0.146 0.124 0.099 0.058 0.028 0.022 0.017 0.012 0.008 0.005 0.004 0.002 0.002 0.001 0.000 0.000 0.000 0.000 0.000 0.000
0.000 0.000 0.000 0.000 0.000 0.000 0.000 0.000 0.000 0.000 0.000 0.000 0.000 0.000 0.000 0.000 0.000 0.000 0.000 0.000 0.000 0.001 0.001 0.003 0.006 0.013 0.023 0.039 0.058 0.063 0.056 0.046 0.030 0.015 0.012 0.009 0.007 0.005 0.003 0.003 0.002 0.001 0.001 0.000 0.000 0.000 0.000 0.000 0.000 0.000
0.000 0.000 0.000 0.000 0.000 0.000 0.000 0.000 0.000 0.000 0.000 0.000 0.000 0.000 0.000 0.000 0.000 0.000 0.000 0.000 0.000 0.000 0.000 0.001 0.002 0.005 0.009 0.017 0.021 0.021 0.018 0.013 0.007 0.005 0.005 0.003 0.003 0.002 0.002 0.001 0.001 0.001 0.000 0.000 0.000 0.000 0.000 0.000 0.000 0.000
0.000 0.000 0.000 0.000 0.000 0.000 0.000 0.000 0.000 0.000 0.000 0.000 0.000 0.000 0.000 0.000 0.000 0.000 0.000 0.000 0.000 0.000 0.000 0.000 0.001 0.002 0.003 0.005 0.005 0.005 0.003 0.002 0.002 0.002 0.001 0.001 0.001 0.001 0.001 0.000 0.000 0.000 0.000 0.000 0.000 0.000 0.000 0.000 0.000 0.000
0.000 0.000 0.000 0.000 0.000 0.000 0.000 0.000 0.000 0.000 0.000 0.000 0.000 0.000 0.000 0.000 0.000 0.000 0.000 0.000 0.000 0.000 0.000 0.000 0.000 0.000 0.001 0.001 0.001 0.000 0.000 0.000 0.000 0.000 0.000 0.000 0.000 0.000 0.000 0.000 0.000 0.000 0.000 0.000 0.000 0.000 0.000 0.000 0.000 0.000
0.000 0.000 0.000 0.000 0.000 0.000 0.000 0.000 0.000 0.000 0.000 0.000 0.000 0.000 0.000 0.000 0.000 0.000 0.000 0.000 0.000 0.000 0.000 0.000 0.000 0.000 0.000 0.000 0.000 0.000 0.000 0.000 0.000 0.000 0.000 0.000 0.000 0.000 0.000 0.000 0.000 0.000 0.000 0.000 0.000 0.000 0.000 0.000 0.000 0.000
0.000 0.000 0.000 0.000 0.000 0.000 0.000 0.000 0.000 0.000 0.000 0.000 0.000 0.000 0.000 0.000 0.000 0.000 0.000 0.000 0.000 0.000 0.000 0.000 0.000 0.000 0.000 0.000 0.000 0.000 0.000 0.000 0.000 0.000 0.000 0.000 0.000 0.000 0.000 0.000 0.000 0.000 0.000 0.000 0.000 0.000 0.000 0.000 0.000 0.000
0.000 0.000 0.000 0.000 0.000 0.000 0.000 0.000 0.000 0.000 0.000 0.000 0.000 0.000 0.000 0.000 0.000 0.000 0.000 0.000 0.000 0.000 0.000 0.000 0.000 0.000 0.000 0.000 0.000 0.000 0.000 0.000 0.000 0.000 0.000 0.000 0.000 0.000 0.000 0.000 0.000 0.000 0.000 0.000 0.000 0.000 0.000 0.000 0.000 0.000
0.000 0.000 0.000 0.000 0.000 0.000 0.000 0.000 0.000 0.000 0.000 0.000 0.000 0.000 0.000 0.000 0.000 0.000 0.000 0.000 0.000 0.000 0.000 0.000 0.000 0.000 0.000 0.000 0.000 0.000 0.000 0.000 0.000 0.000 0.000 0.000 0.000 0.000 0.000 0.000 0.000 0.000 0.000 0.000 0.000 0.000 0.000 0.000 0.000 0.000
0.000 0.000 0.000 0.000 0.000 0.000 0.000 0.000 0.000 0.000 0.000 0.000 0.000 0.000 0.000 0.000 0.000 0.000 0.000 0.000 0.000 0.000 0.000 0.000 0.000 0.000 0.000 0.000 0.000 0.000 0.000 0.000 0.000 0.000 0.000 0.000 0.000 0.000 0.000 0.000 0.000 0.000 0.000 0.000 0.000 0.000 0.000 0.000 0.000 0.000
0.000 0.000 0.000 0.000 0.000 0.000 0.000 0.000 0.000 0.000 0.000 0.000 0.000 0.000 0.000 0.000 0.000 0.000 0.000 0.000 0.000 0.000 0.000 0.000 0.000 0.000 0.000 0.000 0.000 0.000 0.000 0.000 0.000 0.000 0.000 0.000 0.000 0.000 0.000 0.000 0.000 0.000 0.000 0.000 0.000 0.000 0.000 0.000 0.000 0.000
0.000 0.000 0.000 0.000 0.000 0.000 0.000 0.000 0.000 0.000 0.000 0.000 0.000 0.000 0.000 0.000 0.000 0.000 0.000 0.000 0.000 0.000 0.000 0.000 0.000 0.000 0.000 0.000 0.000 0.000 0.000 0.000 0.000 0.000 0.000 0.000 0.000 0.000 0.000 0.000 0.000 0.000 0.000 0.000 0.000 0.000 0.000 0.000 0.000 0.000
0.000 0.000 0.000 0.000 0.000 0.000 0.000 0.000 0.000 0.000 0.000 0.000 0.000 0.000 0.000 0.000 0.000 0.000 0.000 0.000 0.000 0.000 0.000 0.000 0.000 0.000 0.000 0.000 0.000 0.000 0.000 0.000 0.000 0.000 0.000 0.000 0.000 0.000 0.000 0.000 0.000 0.000 0.000 0.000 0.000 0.000 0.000 0.000 0.000 0.000
0.000 0.000 0.000 0.000 0.000 0.000 0.000 0.000 0.000 0.000 0.000 0.000 0.000 0.000 0.000 0.000 0.000 0.000 0.000 0.000 0.000 0.000 0.000 0.000 0.000 0.000 0.000 0.000 0.000 0.000 0.000 0.000 0.000 0.000 0.000 0.000 0.000 0.000 0.000 0.000 0.000 0.000 0.000 0.000 0.000 0.000 0.000 0.000 0.000 0.000
0.000 0.000 0.000 0.000 0.000 0.000 0.000 0.000 0.000 0.000 0.000 0.000 0.000 0.000 0.000 0.000 0.000 0.000 0.000 0.000 0.000 0.000 0.000 0.000 0.000 0.000 0.000 0.000 0.000 0.000 0.000 0.000 0.000 0.000 0.000 0.000 0.000 0.000 0.000 0.000 0.000 0.000 0.000 0.000 0.000 0.000 0.000 0.000 0.000 0.000
0.000 0.000 0.000 0.000 0.000 0.000 0.000 0.000 0.000 0.000 0.000 0.000 0.000 0.000 0.000 0.000 0.000 0.000 0.000 0.000 0.000 0.000 0.000 0.000 0.000 0.000 0.000 0.000 0.000 0.000 0.000 0.000 0.000 0.000 0.000 0.000 0.000 0.000 0.000 0.000 0.000 0.000 0.000 0.000 0.000 0.000 0.000 0.000 0.000 0.000
0.000 0.000 0.000 0.000 0.000 0.000 0.000 0.000 0.000 0.000 0.000 0.000 0.000 0.000 0.000 0.000 0.000 0.000 0.000 0.000 0.000 0.000 0.000 0.000 0.000 0.000 0.000 0.000 0.000 0.000 0.000 0.000 0.000 0.000 0.000 0.000 0.000 0.000 0.000 0.000 0.000 0.000 0.000 0.000 0.000 0.000 0.000 0.000 0.000 0.000
0.000 0.000 0.000 0.000 0.000 0.000 0.000 0.000 0.000 0.000 0.000 0.000 0.000 0.000 0.000 0.000 0.000 0.000 0.000 0.000 0.000 0.000 0.000 0.000 0.000 0.000 0.000 0.000 0.000 0.000 0.000 0.000 0.000 0.000 0.000 0.000 0.000 0.000 0.000 0.000 0.000 0.000 0.000 0.000 0.000 0.000 0.000 0.000 0.000 0.000
0.000 0.000 0.000 0.000 0.000 0.000 0.000 0.000 0.000 0.000 0.000 0.000 0.000 0.000 0.000 0.000 0.000 0.000 0.000 0.000 0.000 0.000 0.000 0.000 0.000 0.000 0.000 0.000 0.000 0.000 0.000 0.000 0.000 0.000 0.000 0.000 0.000 0.000 0.000 0.000 0.000 0.000 0.000 0.000 0.000 0.000 0.000 0.000 0.000 0.000
0.000 0.000 0.000 0.000 0.000 0.000 0.000 0.000 0.000 0.000 0.000 0.000 0.000 0.000 0.000 0.000 0.000 0.000 0.000 0.000 0.000 0.000 0.000 0.000 0.000 0.000 0.000 0.000 0.000 0.000 0.000 0.000 0.000 0.000 0.000 0.000 0.000 0.000 0.000 0.000 0.000 0.000 0.000 0.000 0.000 0.000 0.000 0.000 0.000 0.000
