tests/test_03/output7/DepositFile_010.00hrs.dat
NCOLS    50
NROWS    50
XLLCORNER    -2289770.000
YLLCORNER     2591270.000
CELLSIZE        2000.000       2000.000
NODATA_VALUE  0.000
[rows 0 to 34 of 50, columns 0 to 49 of 50]
16.234856 19.560276 23.822807 28.928291 35.053940 42.241558 50.641541 60.207352 70.727715 81.963646 93.424500 104.800262 115.459122 124.589851 131.369583 134.915070 135.098892 133.545868 130.671829 127.093109 123.326714 119.895256 116.839424 114.056435 111.471962 109.158409 106.681244 103.812538 100.629639 96.372498 91.487129 85.545334 78.550323 70.701668 61.901005 52.401741 42.463619 29.866438 17.596151 11.309278 3.515267 1.073305 0.412205 0.091599 0.019845 0.000000 0.000000 0.000000 0.000000 0.000000
15.733012 18.916739 23.069021 28.066919 34.039211 41.115242 49.399784 58.854095 69.313377 80.509293 91.931107 103.127937 113.726303 122.810913 129.204666 131.629044 130.348907 127.685280 123.389160 118.676880 114.494301 110.993622 108.268089 106.113579 104.450783 103.134499 102.031021 100.645958 98.888145 96.300964 92.809242 88.192299 81.934273 74.736092 66.079865 56.326530 46.034344 32.478306 19.192223 12.415783 3.946956 1.181917 0.457376 0.103008 0.022378 0.000000 0.000000 0.000000 0.000000 0.000000
16.508942 19.838623 24.238266 29.477001 35.783173 43.300190 52.080070 62.164459 73.420181 85.357513 97.488678 109.285385 120.324257 129.722519 136.135376 137.559143 134.344009 129.409805 122.936829 116.706833 111.457115 107.167168 103.968529 101.777908 100.246758 99.538902 99.157715 98.762276 97.916122 96.341782 93.798279 90.055573 84.739128 77.994255 69.682159 60.115219 49.693134 35.356522 21.043333 13.701902 4.449257 1.319093 0.517804 0.117398 0.025651 0.000000 0.000000 0.000000 0.000000 0.000000
16.634024 20.005720 24.460133 29.831524 36.319790 43.960388 53.006695 63.474659 75.180328 87.663696 100.262207 112.370239 123.461891 132.821747 138.868210 138.753250 132.904724 125.461723 116.132431 108.463768 102.091286 96.906372 93.422455 91.428474 90.664032 90.734039 91.258644 92.048454 92.643196 92.411316 91.335205 88.786865 84.627022 78.841370 71.282944 62.115677 51.937561 37.340992 22.378611 14.698567 4.757874 1.423160 0.564388 0.128981 0.028630 0.000000 0.000000 0.000000 0.000000 0.000000
16.645769 20.024231 24.486933 29.936314 36.471142 44.303810 53.610073 64.248146 76.331009 89.302002 102.478958 114.687408 125.853943 134.901962 140.549026 139.073975 130.173767 119.069168 107.247093 97.538025 89.873817 84.095276 80.362724 78.625198 78.365211 79.114952 80.530273 82.440292 84.306244 85.678581 86.035103 85.062897 82.252396 77.662300 70.975067 62.571785 52.868404 38.381748 23.166325 15.400538 4.973377 1.499467 0.599866 0.138136 0.031360 0.000000 0.000000 0.000000 0.000000 0.000000
16.302670 19.611788 24.095518 29.524960 36.048298 43.938236 53.243999 64.152321 76.503738 89.898537 103.415138 115.897026 126.995781 135.717529 140.817673 138.216019 125.450478 111.024155 96.007698 84.194633 74.980644 68.732094 64.972557 63.354736 63.475842 64.895432 67.353577 70.467720 73.520386 76.371223 78.310631 78.906822 77.675095 74.475815 68.950462 61.559204 52.517254 38.507561 23.378639 15.697000 5.036927 1.548451 0.627833 0.145873 0.033444 0.000000 0.000000 0.000000 0.000000 0.000000
15.765519 18.979469 23.330374 28.603174 35.073734 42.856827 52.130219 62.981480 75.427193 89.140617 103.102943 116.009117 126.997345 135.613541 140.579742 137.226089 120.382530 101.515182 83.779129 68.900879 59.132523 53.177135 49.515507 48.039391 48.489262 50.380268 53.379570 57.256527 61.506161 65.628670 68.955956 71.042862 71.382477 69.754768 65.520973 59.311199 51.067112 37.745529 23.020966 15.645002 4.962902 1.565093 0.644163 0.151068 0.034947 0.000000 0.000000 0.000000 0.000000 0.000000
15.022791 18.099680 22.292454 27.428831 33.669762 41.178528 50.229996 60.983345 73.405426 87.163040 101.437523 114.887138 125.977760 134.549423 139.436829 136.116104 116.008415 92.303421 71.800499 53.269333 44.195190 38.296844 34.831009 33.683002 34.405094 36.615864 39.982658 44.410892 49.389027 54.363823 58.953632 62.291126 64.040237 63.907768 61.052166 56.061604 48.589947 36.310616 22.216377 15.219362 4.747644 1.547195 0.644711 0.153376 0.035989 0.000000 0.000000 0.000000 0.000000 0.000000
14.077210 16.981556 20.970383 25.855520 31.821972 39.061852 47.863518 58.223480 70.335632 84.053703 98.725220 112.576950 124.133720 132.761520 137.604492 134.925323 112.810997 84.918022 60.935612 39.764408 30.798260 25.694338 22.910421 21.993774 22.851879 25.145132 28.692158 33.228333 38.487186 44.093391 49.270786 53.585205 56.458874 57.547764 55.937229 52.085003 45.400940 34.303230 21.066046 14.506627 4.451533 1.499192 0.631425 0.152318 0.036409 0.000000 0.000000 0.000000 0.000000 0.000000
12.849448 15.548717 19.262705 23.837908 29.452175 36.322025 44.631138 54.577705 66.392365 79.851158 94.351349 108.920860 121.015778 130.228928 135.078400 133.334579 111.701469 79.383308 52.410484 29.057781 20.650894 16.293825 14.258784 13.738051 14.661323 16.838652 20.172501 24.556654 29.731424 35.299580 40.809875 45.581886 49.249737 51.222900 50.635086 47.793060 41.784992 31.843739 19.707474 13.649246 4.100394 1.431536 0.608249 0.148575 0.036141 0.000000 0.000000 0.000000 0.000000 0.000000
11.350381 13.790416 17.159857 21.307041 26.451836 32.790558 40.503086 49.905331 61.021458 73.897179 88.386719 103.133224 115.981361 125.865059 131.171280 130.980957 111.335571 75.161430 46.568977 21.205709 13.266459 9.888036 8.614861 8.555999 9.583606 11.636968 14.633870 18.570190 23.309660 28.585978 33.879417 38.755936 42.824108 45.303463 45.530258 43.433517 37.988300 29.151112 18.211567 12.672045 3.724874 1.353678 0.580514 0.143406 0.035409 0.000000 0.000000 0.000000 0.000000 0.000000
9.595932 11.735667 14.666636 18.328314 22.863789 28.499949 35.425148 43.931217 54.141872 66.346581 80.112617 94.792160 108.572365 119.107697 125.263145 126.992943 110.807350 73.012009 42.676628 15.881016 8.452119 5.799131 5.120381 5.492795 6.635674 8.571470 11.287978 14.803391 19.072145 23.853586 28.729044 33.347466 37.358696 40.026268 40.794174 39.206150 34.259438 26.401890 16.669407 11.632250 3.352672 1.268120 0.549234 0.137295 0.034326 0.000000 0.000000 0.000000 0.000000 0.000000
7.710160 9.482109 11.938694 15.018159 18.869078 23.642147 29.628563 36.984245 46.058006 56.907898 69.681015 83.908714 98.135216 109.685669 117.390892 120.717415 111.324051 71.606590 40.558979 12.917124 5.624393 3.426576 3.197267 3.822090 5.022604 6.813580 9.243775 12.364337 16.161987 20.452360 24.829741 29.087833 32.834698 35.535225 36.499386 35.224743 30.662916 23.623108 15.133127 10.522346 3.006238 1.179646 0.515546 0.130028 0.033014 0.000000 0.000000 0.000000 0.000000 0.000000
5.783658 7.187792 9.127979 11.567202 14.644383 18.512447 23.376057 29.471100 37.027943 46.301060 57.462574 70.295784 84.149651 96.804832 106.192238 110.531227 109.918861 72.529366 40.682827 10.907825 4.260601 2.276924 2.251514 2.950716 4.101317 5.724802 7.893936 10.674630 14.065725 17.902563 21.814713 25.682362 29.162624 31.725466 32.671608 31.540495 27.223042 20.915218 13.611275 9.365013 2.644794 1.085093 0.478382 0.122479 0.031500 0.000000 0.000000 0.000000 0.000000 0.000000
4.011090 5.034640 6.464952 8.281796 10.581255 13.508293 17.234882 21.944477 27.864916 35.293816 44.421200 55.422523 67.902138 80.561020 90.785698 97.164154 99.747734 74.858452 41.996548 10.247479 3.666336 1.704218 1.752845 2.426598 3.476862 4.932706 6.870604 9.357077 12.391398 15.821038 19.318914 22.819803 26.034204 28.368797 29.224621 28.047504 23.959305 18.313511 12.077385 8.199871 2.290307 0.986211 0.439514 0.114333 0.029807 0.000000 0.000000 0.000000 0.000000 0.000000
2.472782 3.151659 4.110268 5.336432 6.918415 8.961946 11.584488 14.920561 19.207029 24.626713 31.517530 40.020420 50.207432 61.597481 72.330231 80.433708 84.365082 76.001022 42.309380 11.353325 3.457863 1.424981 1.449734 2.052066 2.985957 4.282358 6.014320 8.238574 10.947027 13.991844 17.114166 20.269760 23.184919 25.267418 25.971657 24.678431 20.805288 15.772447 10.566372 7.005103 1.945637 0.885356 0.398664 0.105352 0.027892 0.000000 0.000000 0.000000 0.000000 0.000000
1.282958 1.671862 2.225802 2.952894 3.907195 5.162072 6.789471 8.923899 11.685077 15.282324 19.917217 25.795446 33.191357 42.079819 51.834763 60.252728 65.833908 68.417900 40.913834 13.806032 3.287915 1.266025 1.229794 1.752665 2.575636 3.726194 5.271420 7.258867 9.668617 12.347392 15.128325 17.944927 20.528574 22.368526 22.846916 21.385298 17.778011 13.330524 9.079067 5.803488 1.615747 0.780858 0.355411 0.095397 0.025870 0.000000 0.000000 0.000000 0.000000 0.000000
0.528171 0.706987 0.965188 1.312284 1.783798 2.416690 3.255587 4.384167 5.889935 7.886093 10.511272 13.973632 18.480692 24.222710 31.221888 38.784737 45.075424 48.699608 37.609901 15.274360 3.311548 1.192898 1.046991 1.492794 2.213596 3.228189 4.597900 6.363636 8.496712 10.835034 13.303068 15.786371 18.051809 19.609266 19.826210 18.187716 14.892344 11.047070 7.588677 4.641668 1.311048 0.674464 0.310118 0.085116 0.023686 0.000000 0.000000 0.000000 0.000000 0.000000
0.175399 0.240441 0.335983 0.468003 0.651136 0.902330 1.247294 1.719633 2.365801 3.243950 4.433332 6.048040 8.210894 11.080528 14.813164 19.413971 24.263033 28.114048 29.180117 16.057516 3.855604 1.116886 0.886811 1.257895 1.883356 2.770195 3.970820 5.519890 7.385593 9.406849 11.576696 13.740681 15.698054 16.947861 16.889526 15.119268 12.209558 8.921017 6.160333 3.560192 1.036347 0.567711 0.263741 0.074468 0.021371 0.000000 0.000000 0.000000 0.000000 0.000000
0.044415 0.062458 0.089837 0.129068 0.184612 0.263742 0.375668 0.534660 0.758591 1.071831 1.511932 2.126845 2.981732 4.158668 5.775689 7.916227 10.606393 13.419425 15.503611 12.058493 3.443138 0.956563 0.744407 1.043862 1.577479 2.342267 3.381431 4.721151 6.326062 8.055159 9.932513 11.796689 13.453533 14.387465 14.060193 12.254505 9.743653 6.995555 4.831985 2.584481 0.805381 0.465504 0.217970 0.063529 0.018926 0.000000 0.000000 0.000000 0.000000 0.000000
0.000000 0.011825 0.017410 0.025564 0.037526 0.055092 0.080625 0.117953 0.172301 0.250658 0.364490 0.528754 0.765052 1.103388 1.587647 2.272007 3.198666 4.377412 5.552124 6.426309 2.819575 0.705303 0.590138 0.846228 1.293571 1.939572 2.822266 3.960047 5.312485 6.780553 8.369968 9.954158 11.311588 11.923171 11.375274 9.643200 7.518000 5.321577 3.616388 1.758332 0.629892 0.370130 0.174499 0.052607 0.016375 0.000000 0.000000 0.000000 0.000000 0.000000
0.000000 0.000000 0.000000 0.000000 0.000000 0.000000 0.012271 0.018297 0.027247 0.040567 0.060409 0.089871 0.133707 0.199087 0.295789 0.438377 0.645876 0.933305 1.291019 1.650349 1.202539 0.451654 0.450915 0.667593 1.034052 1.566003 2.297769 3.242800 4.358060 5.586541 6.903254 8.226005 9.262258 9.601206 8.888377 7.318688 5.572599 3.885058 2.557029 1.101647 0.478822 0.282335 0.133301 0.042095 0.013878 0.000000 0.000000 0.000000 0.000000 0.000000
0.000000 0.000000 0.000000 0.000000 0.000000 0.000000 0.000000 0.000000 0.000000 0.000000 0.000000 0.010026 0.015267 0.023334 0.035931 0.055425 0.085383 0.130488 0.194195 0.272755 0.325110 0.223384 0.318500 0.506243 0.798639 1.223522 1.811427 2.572969 3.467123 4.472917 5.540825 6.612632 7.346047 7.447418 6.651814 5.321708 3.951603 2.732344 1.639344 0.640928 0.347400 0.204444 0.096423 0.032454 0.011361 0.000000 0.000000 0.000000 0.000000 0.000000
0.000000 0.000000 0.000000 0.000000 0.000000 0.000000 0.000000 0.000000 0.000000 0.000000 0.000000 0.000000 0.000000 0.000000 0.000000 0.000000 0.010516 0.018947 0.033306 0.056465 0.093272 0.133703 0.221699 0.367141 0.591679 0.921136 1.379139 1.972264 2.664116 3.461203 4.304797 5.131922 5.613523 5.509802 4.732075 3.672014 2.651543 1.776261 0.907932 0.368077 0.239467 0.139021 0.065086 0.024233 0.000000 0.000000 0.000000 0.000000 0.000000 0.000000
0.000000 0.000000 0.000000 0.000000 0.000000 0.000000 0.000000 0.000000 0.000000 0.000000 0.000000 0.000000 0.000000 0.000000 0.000000 0.000000 0.000000 0.000000 0.012420 0.024857 0.047215 0.085238 0.149205 0.253069 0.415599 0.659492 1.004208 1.451519 1.972632 2.579012 3.225277 3.810660 4.084658 3.834537 3.162342 2.387851 1.692507 1.015518 0.439889 0.239803 0.155734 0.088693 0.040748 0.017492 0.000000 0.000000 0.000000 0.000000 0.000000 0.000000
0.000000 0.000000 0.000000 0.000000 0.000000 0.000000 0.000000 0.000000 0.000000 0.000000 0.000000 0.000000 0.000000 0.000000 0.000000 0.000000 0.000000 0.000000 0.000000 0.013009 0.026344 0.050674 0.093030 0.163539 0.275671 0.446305 0.690371 1.008958 1.391782 1.835697 2.314130 2.693350 2.791590 2.490706 1.963980 1.458358 0.978492 0.476976 0.215390 0.147653 0.094050 0.052489 0.024545 0.012103 0.000000 0.000000 0.000000 0.000000 0.000000 0.000000
0.000000 0.000000 0.000000 0.000000 0.000000 0.000000 0.000000 0.000000 0.000000 0.000000 0.000000 0.000000 0.000000 0.000000 0.000000 0.000000 0.000000 0.000000 0.000000 0.000000 0.014495 0.028722 0.054548 0.099447 0.173684 0.289207 0.455158 0.670010 0.936879 1.244831 1.574287 1.792511 1.760403 1.490040 1.131796 0.835830 0.471727 0.198277 0.127931 0.084926 0.051872 0.028590 0.015150 0.000000 0.000000 0.000000 0.000000 0.000000 0.000000 0.000000
0.000000 0.000000 0.000000 0.000000 0.000000 0.000000 0.000000 0.000000 0.000000 0.000000 0.000000 0.000000 0.000000 0.000000 0.000000 0.000000 0.000000 0.000000 0.000000 0.000000 0.000000 0.015639 0.031069 0.058564 0.104959 0.178626 0.286226 0.426532 0.604914 0.810505 1.005810 1.100000 1.011329 0.811777 0.610316 0.407532 0.176103 0.101595 0.070992 0.045196 0.026218 0.015029 0.000000 0.000000 0.000000 0.000000 0.000000 0.000000 0.000000 0.000000
0.000000 0.000000 0.000000 0.000000 0.000000 0.000000 0.000000 0.000000 0.000000 0.000000 0.000000 0.000000 0.000000 0.000000 0.000000 0.000000 0.000000 0.000000 0.000000 0.000000 0.000000 0.000000 0.016278 0.032242 0.060254 0.105708 0.171983 0.260339 0.372134 0.501135 0.602085 0.607357 0.522070 0.402406 0.293474 0.146017 0.073173 0.053616 0.036144 0.022032 0.012896 0.000000 0.000000 0.000000 0.000000 0.000000 0.000000 0.000000 0.000000 0.000000
0.000000 0.000000 0.000000 0.000000 0.000000 0.000000 0.000000 0.000000 0.000000 0.000000 0.000000 0.000000 0.000000 0.000000 0.000000 0.000000 0.000000 0.000000 0.000000 0.000000 0.000000 0.000000 0.000000 0.016322 0.032035 0.058203 0.097108 0.151344 0.219720 0.289519 0.322840 0.295588 0.239384 0.181534 0.099117 0.047460 0.036503 0.025949 0.016766 0.010325 0.000000 0.000000 0.000000 0.000000 0.000000 0.000000 0.000000 0.000000 0.000000 0.000000
0.000000 0.000000 0.000000 0.000000 0.000000 0.000000 0.000000 0.000000 0.000000 0.000000 0.000000 0.000000 0.000000 0.000000 0.000000 0.000000 0.000000 0.000000 0.000000 0.000000 0.000000 0.000000 0.000000 0.000000 0.014710 0.028522 0.050127 0.080937 0.120652 0.149620 0.146383 0.124125 0.099409 0.057908 0.027603 0.022092 0.016624 0.011640 0.000000 0.000000 0.000000 0.000000 0.000000 0.000000 0.000000 0.000000 0.000000 0.000000 0.000000 0.000000
0.000000 0.000000 0.000000 0.000000 0.000000 0.000000 0.000000 0.000000 0.000000 0.000000 0.000000 0.000000 0.000000 0.000000 0.000000 0.000000 0.000000 0.000000 0.000000 0.000000 0.000000 0.000000 0.000000 0.000000 0.000000 0.012550 0.023414 0.039376 0.058146 0.062715 0.056219 0.046235 0.030067 0.015162 0.011896 0.000000 0.000000 0.000000 0.000000 0.000000 0.000000 0.000000 0.000000 0.000000 0.000000 0.000000 0.000000 0.000000 0.000000 0.000000
0.000000 0.000000 0.000000 0.000000 0.000000 0.000000 0.000000 0.000000 0.000000 0.000000 0.000000 0.000000 0.000000 0.000000 0.000000 0.000000 0.000000 0.000000 0.000000 0.000000 0.000000 0.000000 0.000000 0.000000 0.000000 0.000000 0.000000 0.016711 0.021399 0.020747 0.018431 0.012941 0.000000 0.000000 0.000000 0.000000 0.000000 0.000000 0.000000 0.000000 0.000000 0.000000 0.000000 0.000000 0.000000 0.000000 0.000000 0.000000 0.000000 0.000000
0.000000 0.000000 0.000000 0.000000 0.000000 0.000000 0.000000 0.000000 0.000000 0.000000 0.000000 0.000000 0.000000 0.000000 0.000000 0.000000 0.000000 0.000000 0.000000 0.000000 0.000000 0.000000 0.000000 0.000000 0.000000 0.000000 0.000000 0.000000 0.000000 0.000000 0.000000 0.000000 0.000000 0.000000 0.000000 0.000000 0.000000 0.000000 0.000000 0.000000 0.000000 0.000000 0.000000 0.000000 0.000000 0.000000 0.000000 0.000000 0.000000 0.000000
0.000000 0.000000 0.000000 0.000000 0.000000 0.000000 0.000000 0.000000 0.000000 0.000000 0.000000 0.000000 0.000000 0.000000 0.000000 0.000000 0.000000 0.000000 0.000000 0.000000 0.000000 0.000000 0.000000 0.000000 0.000000 0.000000 0.000000 0.000000 0.000000 0.000000 0.000000 0.000000 0.000000 0.000000 0.000000 0.000000 0.000000 0.000000 0.000000 0.000000 0.000000 0.000000 0.000000 0.000000 0.000000 0.000000 0.000000 0.000000 0.000000 0.000000
