tests/test_03/output7/DepositFile_____final.dat
NCOLS    50
NROWS    50
XLLCORNER    -2289770.000
YLLCORNER     2591270.000
CELLSIZE        2000.000       2000.000
NODATA_VALUE  0.000
[rows 0 to 34 of 50, columns 0 to 49 of 50]
17.023701 20.444838 24.829695 30.075966 36.363514 43.737320 52.351521 62.164017 72.968689 84.532372 96.370804 108.181053 119.338989 129.041916 136.476364 140.768951 141.802780 141.214325 139.431168 137.079803 134.684814 132.774551 131.392883 130.433975 129.809143 129.560028 129.198151 128.411331 127.146721 124.439842 120.429688 114.351791 106.214798 96.429893 85.043076 72.800575 58.753811 40.000046 23.373920 14.753648 4.128767 1.280059 0.481413 0.103512 0.022156 0.000000 0.000000 0.000000 0.000000 0.000000
16.271914 19.532660 23.784710 28.899324 35.008263 42.244404 50.716625 60.390907 71.107788 82.604935 94.378349 105.984726 117.059166 126.695930 133.728088 136.888123 136.453339 134.758194 131.566208 128.104843 125.330818 123.407234 122.434418 122.205284 122.623993 123.514000 124.690208 125.572395 125.929619 125.087975 122.647499 118.032585 110.713600 101.641258 90.374596 77.845093 63.296238 43.301434 25.374619 16.136444 4.616007 1.407080 0.533271 0.116119 0.024934 0.000000 0.000000 0.000000 0.000000 0.000000
16.961897 20.361975 24.853506 30.200703 36.635025 44.303558 53.262562 63.558498 75.063652 87.294449 99.770111 111.970406 123.481071 133.429337 140.481232 142.645157 140.284912 136.334488 130.987625 126.038773 122.239113 119.582108 118.207733 118.030876 118.688744 120.316177 122.365822 124.410507 125.870598 126.243614 124.945137 121.358154 115.067520 106.524048 95.576782 83.182686 68.315552 47.154049 27.786800 17.820438 5.204494 1.570843 0.603379 0.132222 0.028554 0.000000 0.000000 0.000000 0.000000 0.000000
16.986500 20.420246 24.956657 30.426125 37.031761 44.812798 54.026958 64.695107 76.638863 89.404579 102.337074 114.839287 126.394951 136.299133 142.981964 143.608810 138.622314 132.176605 123.994568 117.638390 112.760948 109.270493 107.690651 107.810173 109.356232 111.906441 115.030678 118.451996 121.563263 123.499115 123.879837 121.649605 116.609047 109.102913 98.899452 86.843483 72.023972 50.192593 29.727840 19.254393 5.611289 1.704599 0.660816 0.145731 0.031925 0.000000 0.000000 0.000000 0.000000 0.000000
16.946678 20.381699 24.919769 30.460081 37.104588 45.069439 54.534687 65.363525 77.674721 90.918335 104.420013 117.014191 128.637314 138.223877 144.504211 143.771637 135.738846 125.642891 114.987579 106.622231 100.498741 96.475777 94.725594 95.200249 97.372742 100.748482 104.932449 109.665009 114.258537 118.021660 120.055420 119.574989 115.988144 109.745232 100.414215 89.054909 74.512894 52.363377 31.163624 20.431652 5.936336 1.813682 0.708335 0.157037 0.035094 0.000000 0.000000 0.000000 0.000000 0.000000
16.560389 19.921103 24.474300 29.988337 36.614437 44.628925 54.085384 65.175636 77.746193 91.404404 105.236763 118.095749 129.643280 138.897537 144.627518 142.768402 130.875290 117.469711 103.641884 93.206055 85.579079 81.147255 79.449768 80.145973 82.825882 87.022911 92.424179 98.554863 104.546104 110.010406 113.849213 115.118156 113.237930 108.450752 100.285049 89.872757 75.794640 53.685936 32.062408 21.240986 6.119368 1.898498 0.749566 0.167155 0.037665 0.000000 0.000000 0.000000 0.000000 0.000000
16.002701 19.264959 23.681166 29.033838 35.601887 43.503693 52.921326 63.947586 76.605225 90.574631 104.845093 118.120972 129.551407 138.694839 144.287766 141.676987 125.711357 107.877373 91.351486 77.882446 69.745285 65.665352 64.142296 65.078743 68.211899 73.031746 79.149956 86.238823 93.635887 100.587555 106.027824 108.964615 108.802986 105.669678 98.790894 89.504990 76.033829 54.175426 32.422176 21.736547 6.173826 1.953966 0.780457 0.174974 0.039707 0.000000 0.000000 0.000000 0.000000 0.000000
15.246529 18.369268 22.624104 27.836552 34.170605 41.793221 50.983658 61.906292 74.534050 88.540855 103.116508 116.929092 128.455887 137.550125 143.061951 140.485336 121.261688 98.602623 79.330750 62.239857 54.839966 50.874081 49.620789 50.980221 54.505489 59.792992 66.454010 74.291176 82.626335 90.642235 97.548805 101.896126 103.294823 101.758476 96.261536 88.154297 75.275558 54.032822 32.356178 21.887003 6.095269 1.977469 0.796874 0.180202 0.041341 0.000000 0.000000 0.000000 0.000000 0.000000
14.292609 17.241133 21.289743 26.248241 32.304642 39.654694 48.591122 59.115566 71.428001 85.389450 100.356155 114.565094 126.552986 135.699738 141.165726 139.232330 118.007706 91.171761 68.438904 48.736088 41.484066 38.366615 37.865322 39.544720 43.316757 48.823654 55.830231 63.966385 72.790329 81.648438 89.342896 94.816048 97.484352 97.282845 93.041641 86.058853 73.808830 53.337612 31.953728 21.769575 5.942328 1.972748 0.800450 0.182443 0.042409 0.000000 0.000000 0.000000 0.000000 0.000000
13.057999 15.800118 19.572104 24.218521 29.920174 36.897144 45.337399 55.444256 67.454559 81.151741 95.941895 110.863434 123.384911 133.113708 138.584702 137.587494 116.848053 85.595284 59.886478 38.025330 31.367474 29.045925 29.358305 31.515461 35.453548 40.967701 47.910393 56.070946 65.007103 74.030685 82.252708 88.324509 91.924042 92.728416 89.535622 83.574341 71.888908 52.196465 31.339430 21.515774 5.734976 1.949447 0.794791 0.182321 0.042837 0.000000 0.000000 0.000000 0.000000 0.000000
11.552200 14.033794 17.459538 21.675915 26.905704 33.348721 41.189045 50.747772 62.055351 75.164948 89.939690 105.033386 118.303513 128.698990 134.623993 135.179138 116.428467 81.324043 54.005142 30.150471 23.987148 22.683748 23.813200 26.504940 30.637888 36.137379 42.873379 50.738293 59.412182 68.328743 76.513657 82.826416 86.962769 88.387840 86.051888 80.879745 69.716682 50.813099 30.569031 21.137884 5.500422 1.916227 0.784924 0.180991 0.042837 0.000000 0.000000 0.000000 0.000000 0.000000
9.790874 11.970828 14.956269 18.684929 23.302734 29.040012 36.089344 44.747734 55.145157 67.578636 81.624481 96.645653 110.842194 121.883812 128.653198 131.124847 115.832115 79.107109 50.049553 24.772169 19.136347 18.585520 20.349171 23.527634 27.849850 33.324169 39.888870 47.459450 55.804787 64.381927 72.304626 78.491211 82.710159 84.433464 82.696121 78.095718 67.467117 49.311409 29.712547 20.679771 5.266793 1.874751 0.771494 0.178846 0.042516 0.000000 0.000000 0.000000 0.000000 0.000000
7.897794 9.708589 12.217807 15.362009 19.292542 24.163523 30.270292 37.773808 47.029053 58.101601 71.147591 85.709137 100.343277 112.390427 120.699509 124.758057 116.248932 77.595230 47.821739 21.698410 16.204609 16.122162 18.358175 21.824898 26.256178 31.654154 38.016983 45.289520 53.272003 61.479084 69.030022 74.980431 79.075218 80.952209 79.495819 75.285622 65.144463 47.683594 28.797987 20.121307 5.067490 1.829229 0.755289 0.175507 0.041978 0.000000 0.000000 0.000000 0.000000 0.000000
5.962353 7.403736 9.394456 11.895912 15.049738 19.012161 23.991905 30.229803 37.962234 47.451015 58.877186 72.034775 86.285469 99.424965 109.402168 114.457733 114.713585 78.372162 47.784954 19.515020 14.655470 14.779754 17.218313 20.766558 25.166506 30.429781 36.579323 43.571602 51.215500 59.045681 66.219528 71.897598 75.868828 77.745255 76.405128 72.436783 62.719803 45.968365 27.803648 19.465200 4.874233 1.776164 0.734989 0.171670 0.041230 0.000000 0.000000 0.000000 0.000000 0.000000
4.178856 5.237663 6.715874 8.591807 10.964163 13.981104 17.818537 22.664736 28.753412 36.389320 45.771179 57.084976 69.947708 83.075317 93.872063 100.947044 104.376526 80.511124 48.883209 18.613317 13.793933 13.914640 16.403784 19.905796 24.188614 29.273640 35.189980 41.896259 49.201012 56.646912 63.441784 68.849617 72.697296 74.486626 73.224884 69.356483 60.115486 44.157509 26.679022 18.711592 4.718578 1.716398 0.711923 0.166913 0.040276 0.000000 0.000000 0.000000 0.000000 0.000000
2.628352 3.340161 4.343561 5.625063 7.275414 9.403395 12.130224 15.595036 20.040358 25.655920 32.788025 41.587830 52.139755 63.977535 75.258430 84.031235 88.777618 81.402649 48.906322 19.387442 13.209408 13.213442 15.631807 19.014824 23.132835 28.009470 33.672134 40.072773 47.013557 54.041737 60.441471 65.563148 69.239319 70.893318 69.659470 65.863213 57.172710 42.115646 25.429720 17.804106 4.598718 1.649843 0.685130 0.160930 0.039048 0.000000 0.000000 0.000000 0.000000 0.000000
1.425125 1.844399 2.439711 3.218004 4.235668 5.568944 7.293317 9.547653 12.457034 16.237354 21.098190 27.254940 34.993816 44.304050 54.576752 63.628765 69.984016 73.509651 47.146549 21.414698 12.546283 12.487764 14.766528 17.987202 21.907646 26.548204 31.930912 38.001415 44.557102 51.147804 57.153587 61.987034 65.438293 66.952515 65.703911 61.943401 53.842525 39.753925 24.032911 16.713795 4.488682 1.572171 0.652875 0.153581 0.037643 0.000000 0.000000 0.000000 0.000000 0.000000
0.655821 0.862186 1.157984 1.551701 2.081022 2.785578 3.713293 4.951909 6.593949 8.758785 11.592622 15.312815 20.138042 26.272221 33.754032 41.909477 48.925674 53.434986 43.420631 22.385275 11.985388 11.731858 13.791223 16.813850 20.500780 24.864622 29.921885 35.613491 41.734600 47.843075 53.438309 57.967964 61.209057 62.574272 61.307877 57.596672 50.117630 37.136623 22.478168 15.507818 4.351470 1.482425 0.615564 0.145552 0.035992 0.000000 0.000000 0.000000 0.000000 0.000000
0.287778 0.377354 0.506450 0.680165 0.915114 1.230682 1.655601 2.227213 2.996590 4.027567 5.406415 7.255830 9.709104 12.937531 17.112686 22.258257 27.776257 32.446014 34.510098 22.597933 11.855199 10.862349 12.701604 15.496625 18.918980 22.970961 27.663118 32.932430 38.574409 44.160458 49.302109 53.484257 56.476215 57.650242 56.389366 52.794559 46.041519 34.312279 20.817064 14.220461 4.165035 1.380489 0.574469 0.137154 0.034117 0.000000 0.000000 0.000000 0.000000 0.000000
0.141118 0.180560 0.237266 0.313034 0.414092 0.549906 0.732407 0.979233 1.312436 1.761561 2.370517 3.195095 4.310102 5.809370 7.825056 10.457599 13.753532 17.310293 20.304115 17.966164 10.690022 9.810907 11.509596 14.052956 17.181313 20.887785 25.177349 29.984341 35.107731 40.152798 44.809772 48.634346 51.349274 52.309963 51.043304 47.627548 41.561584 31.234541 19.132540 12.876133 3.956942 1.271125 0.530667 0.128581 0.032033 0.000000 0.000000 0.000000 0.000000 0.000000
0.089240 0.111075 0.141685 0.181103 0.232122 0.298469 0.384901 0.498228 0.647385 0.843955 1.105105 1.452789 1.917265 2.539157 3.375237 4.495284 5.960079 7.801444 9.789116 11.655951 9.254120 8.591456 10.207962 12.504092 15.316414 18.648237 22.501774 26.810339 31.378757 35.871494 40.015678 43.470047 45.884827 46.620808 45.388386 42.227028 36.837967 27.920008 17.357813 11.466022 3.747218 1.155873 0.484155 0.119272 0.029717 0.000000 0.000000 0.000000 0.000000 0.000000
0.066989 0.082594 0.104174 0.131420 0.165865 0.209440 0.264664 0.334764 0.423890 0.537501 0.682707 0.868784 1.108101 1.417137 1.817164 2.336713 3.011544 3.876563 4.945369 6.175954 6.789208 7.321016 8.856092 10.888512 13.366535 16.302048 19.695210 23.480013 27.472130 31.400404 35.022064 38.091972 40.164394 40.724472 39.558430 36.699699 32.009769 24.464809 15.476256 10.003775 3.501989 1.034148 0.435162 0.109507 0.027314 0.000000 0.000000 0.000000 0.000000 0.000000
0.051745 0.063880 0.080644 0.101762 0.128357 0.161849 0.204016 0.257095 0.323926 0.408058 0.513975 0.647394 0.815466 1.027298 1.294449 1.631422 2.056554 2.592132 3.262269 4.086981 5.051814 6.057199 7.481984 9.247042 11.380096 13.906434 16.824858 20.071754 23.477028 26.837269 29.944214 32.609371 34.333145 34.757744 33.689068 31.173698 27.178446 20.967386 13.499120 8.547464 3.200631 0.907889 0.383746 0.099238 0.024732 0.000000 0.000000 0.000000 0.000000 0.000000
0.038745 0.048062 0.060970 0.077289 0.097915 0.123971 0.156865 0.198382 0.250744 0.316746 0.399924 0.504672 0.636543 0.802442 1.011044 1.273171 1.602240 2.014873 2.531227 3.175009 3.974428 4.944397 6.153832 7.634091 9.420147 11.536653 13.980012 16.690645 19.515759 22.317493 24.927578 27.167282 28.570742 28.871973 27.918936 25.765169 22.438416 17.512199 11.516582 7.130021 2.869564 0.787592 0.330402 0.088137 0.021999 0.000000 0.000000 0.000000 0.000000 0.000000
0.027508 0.034351 0.043863 0.055959 0.071333 0.090857 0.115644 0.147080 0.186921 0.237392 0.301277 0.382104 0.484272 0.613331 0.776250 0.981691 1.240474 1.565995 1.974692 2.486619 3.125626 3.919135 4.899391 6.099353 7.549371 9.268929 11.252609 13.446136 15.722003 17.992271 20.130266 21.931631 23.043001 23.245373 22.423676 20.625650 17.946283 14.181923 9.587329 5.795608 2.524293 0.680871 0.277735 0.076663 0.019126 0.000000 0.000000 0.000000 0.000000 0.000000
0.018221 0.022957 0.029571 0.038045 0.048892 0.062767 0.080496 0.103125 0.131994 0.168781 0.215635 0.275246 0.351023 0.447293 0.569457 0.724334 0.920405 1.168255 1.480983 1.874487 2.367913 2.983633 3.746750 4.683645 5.818109 7.164771 8.716974 10.427261 12.203027 13.986838 15.683989 17.079380 17.923029 18.050629 17.361490 15.936564 13.858847 11.085209 7.725135 4.578599 2.167338 0.584253 0.227573 0.065234 0.016240 0.000000 0.000000 0.000000 0.000000 0.000000
0.010993 0.014026 0.018285 0.023798 0.030927 0.040131 0.051997 0.067282 0.086946 0.112213 0.144640 0.186208 0.239448 0.307540 0.394550 0.505565 0.646994 0.826892 1.055178 1.344077 1.708246 2.164923 2.733499 3.434072 4.284703 5.295501 6.458879 7.734745 9.068176 10.417074 11.699283 12.732685 13.342174 13.403021 12.861042 11.786819 10.267191 8.318920 5.968201 3.551930 1.792688 0.496075 0.180939 0.054049 0.013420 0.000000 0.000000 0.000000 0.000000 0.000000
0.000000 0.000000 0.010071 0.013304 0.017541 0.023084 0.030324 0.039764 0.052051 0.068022 0.088746 0.115597 0.150333 0.195199 0.253058 0.327547 0.423275 0.546032 0.703048 0.903211 1.157254 1.477858 1.879227 2.376199 2.981765 3.702760 4.531838 5.436973 6.392838 7.365610 8.271132 8.989850 9.396096 9.404635 9.003149 8.253662 7.212809 5.922944 4.393235 2.712029 1.414692 0.426515 0.140155 0.043800 0.010768 0.000000 0.000000 0.000000 0.000000 0.000000
0.000000 0.000000 0.000000 0.000000 0.000000 0.011663 0.015579 0.020766 0.027624 0.036671 0.048581 0.064233 0.084754 0.111613 0.146689 0.192403 0.251842 0.328922 0.428573 0.556901 0.721347 0.930695 1.194841 1.524042 1.927214 2.408697 2.962344 3.569188 4.215487 4.871835 5.469320 5.923599 6.154801 6.130088 5.864136 5.383125 4.730048 3.948647 3.025284 1.995552 1.051648 0.367762 0.106225 0.034128 0.000000 0.000000 0.000000 0.000000 0.000000 0.000000
0.000000 0.000000 0.000000 0.000000 0.000000 0.000000 0.000000 0.000000 0.012666 0.017121 0.023092 0.031077 0.041730 0.055915 0.074743 0.099681 0.132600 0.175921 0.232722 0.306863 0.403075 0.527027 0.685090 0.883878 1.129082 1.423134 1.761363 2.136482 2.539166 2.941801 3.295438 3.543841 3.655815 3.624689 3.457587 3.185112 2.812927 2.373707 1.876969 1.314619 0.737034 0.293760 0.076667 0.024895 0.000000 0.000000 0.000000 0.000000 0.000000 0.000000
0.000000 0.000000 0.000000 0.000000 0.000000 0.000000 0.000000 0.000000 0.000000 0.000000 0.000000 0.012889 0.017635 0.024073 0.032785 0.044532 0.060323 0.081477 0.109672 0.147078 0.196379 0.260811 0.344113 0.450139 0.582171 0.741405 0.924955 1.131111 1.353741 1.566744 1.739190 1.849075 1.889837 1.858239 1.760484 1.611739 1.413893 1.189940 0.949813 0.695585 0.432172 0.191662 0.051085 0.015846 0.000000 0.000000 0.000000 0.000000 0.000000 0.000000
0.000000 0.000000 0.000000 0.000000 0.000000 0.000000 0.000000 0.000000 0.000000 0.000000 0.000000 0.000000 0.000000 0.000000 0.012183 0.016872 0.023297 0.032069 0.043977 0.060036 0.081538 0.110057 0.147448 0.195691 0.256416 0.330098 0.415601 0.511944 0.613714 0.701093 0.763376 0.794390 0.794247 0.762698 0.701612 0.618678 0.518679 0.416770 0.318739 0.222863 0.135055 0.061830 0.018733 0.000000 0.000000 0.000000 0.000000 0.000000 0.000000 0.000000
0.000000 0.000000 0.000000 0.000000 0.000000 0.000000 0.000000 0.000000 0.000000 0.000000 0.000000 0.000000 0.000000 0.000000 0.000000 0.000000 0.000000 0.010592 0.014758 0.020472 0.028229 0.038649 0.052465 0.070474 0.093389 0.121395 0.154295 0.191068 0.225225 0.249830 0.262230 0.260630 0.244869 0.218959 0.185550 0.150155 0.116006 0.085184 0.056873 0.033242 0.016466 0.000000 0.000000 0.000000 0.000000 0.000000 0.000000 0.000000 0.000000 0.000000
0.000000 0.000000 0.000000 0.000000 0.000000 0.000000 0.000000 0.000000 0.000000 0.000000 0.000000 0.000000 0.000000 0.000000 0.000000 0.000000 0.000000 0.000000 0.000000 0.000000 0.000000 0.011356 0.015458 0.020788 0.027529 0.035765 0.045416 0.055064 0.062181 0.065611 0.063116 0.056583 0.048408 0.039062 0.029513 0.022291 0.016246 0.010895 0.000000 0.000000 0.000000 0.000000 0.000000 0.000000 0.000000 0.000000 0.000000 0.000000 0.000000 0.000000
0.000000 0.000000 0.000000 0.000000 0.000000 0.000000 0.000000 0.000000 0.000000 0.000000 0.000000 0.000000 0.000000 0.000000 0.000000 0.000000 0.000000 0.000000 0.000000 0.000000 0.000000 0.000000 0.000000 0.000000 0.000000 0.000000 0.010246 0.011517 0.011932 0.011082 0.000000 0.000000 0.000000 0.000000 0.000000 0.000000 0.000000 0.000000 0.000000 0.000000 0.000000 0.000000 0.000000 0.000000 0.000000 0.000000 0.000000 0.000000 0.000000 0.000000
