tests/test_03/output3/CloudLoad_010.00hrs.dat
NCOLS    50
NROWS    50
XLLCORNER    -2289770.000
YLLCORNER     2591270.000
CELLSIZE        2000.000       2000.000
NODATA_VALUE -9999.
[rows 0 to 29 of 50, columns 0 to 49 of 50]
0.000000 0.000000 0.000000 0.000000 0.000000 0.000000 0.000000 0.000000 0.000000 0.000000 0.000000 0.000000 0.000000 0.000000 0.000000 0.000000 0.000000 0.000000 0.293716 0.666830 1.538995 3.490973 7.427007 14.301221 25.999537 45.074005 73.909546 113.574570 166.387177 234.620529 316.166931 410.970154 521.990479 638.412903 759.746094 878.169739 970.725952 1036.334717 1042.555664 1043.975830 996.966980 936.911011 848.662964 737.201599 540.667480 372.398224 240.519897 141.457611 71.107338 29.227013
0.000000 0.000000 0.000000 0.000000 0.000000 0.000000 0.000000 0.000000 0.000000 0.000000 0.000000 0.000000 0.000000 0.000000 0.000000 0.000000 0.000000 0.281497 0.642462 1.500392 3.602368 8.049204 16.248671 30.117182 53.165882 89.013023 140.315399 210.205643 300.893677 416.355774 556.956909 717.273071 887.409363 1070.870605 1260.947754 1451.409302 1592.021118 1689.549438 1721.766479 1713.528076 1620.299927 1537.967529 1403.876831 1207.298950 994.456116 712.282776 475.793823 289.647919 141.287537 53.228485
0.000000 0.000000 0.000000 0.000000 0.000000 0.000000 0.000000 0.000000 0.000000 0.000000 0.000000 0.000000 0.000000 0.000000 0.000000 0.000000 0.303399 0.703233 1.741691 4.354124 9.487110 18.651611 35.065536 62.784573 105.920479 169.941147 260.705597 382.965118 540.833069 738.844543 975.993530 1238.319946 1517.365601 1814.101074 2112.551514 2416.835205 2637.117676 2794.215088 2900.708008 2835.047119 2709.510742 2551.609863 2291.164307 2019.917358 1699.764526 1291.077393 901.739563 566.831116 274.570282 100.868004
0.000000 0.000000 0.000000 0.000000 0.000000 0.000000 0.000000 0.000000 0.000000 0.000000 0.000000 0.000000 0.000000 0.000000 0.000000 0.310732 0.742583 1.901950 4.850672 10.261526 20.092381 38.641090 70.447548 121.718376 197.567291 306.517792 460.132629 666.354797 932.043274 1255.648804 1633.684448 2060.530273 2523.890137 2983.299805 3446.843018 3890.467529 4227.699707 4495.218262 4673.275879 4552.502930 4393.665039 4109.270996 3699.080811 3286.856934 2750.145996 2210.695312 1591.257690 1002.473877 489.387054 178.494171
0.000000 0.000000 0.000000 0.000000 0.000000 0.000000 0.000000 0.000000 0.000000 0.000000 0.000000 0.000000 0.000000 0.000000 0.330125 0.792738 2.046829 5.251658 10.839744 21.091608 40.274731 75.530907 132.599197 219.461533 346.843506 526.444092 775.181824 1110.632935 1537.197388 2053.485107 2643.320801 3310.468750 4024.741455 4739.404297 5424.162598 6039.118164 6589.413574 7017.361816 7172.024414 7148.811523 6896.774902 6417.302734 5848.255859 5178.651367 4390.931641 3596.700684 2665.040527 1687.356934 838.372620 308.139984
0.000000 0.000000 0.000000 0.000000 0.000000 0.000000 0.000000 0.000000 0.000000 0.000000 0.000000 0.000000 0.000000 0.337191 0.812408 2.111732 5.344492 11.074438 21.124075 40.308239 75.585945 136.107635 231.033585 371.469971 575.387451 862.497437 1256.164673 1777.530151 2440.441406 3223.794434 4113.261230 5099.811035 6178.883301 7245.506836 8230.575195 9118.796875 9990.609375 10518.583008 10783.481445 10871.642578 10448.159180 9755.410156 8982.462891 7920.360352 6820.396484 5558.075684 4248.315918 2698.002441 1363.548706 510.036011
0.000000 0.000000 0.000000 0.000000 0.000000 0.000000 0.000000 0.000000 0.000000 0.000000 0.000000 0.000000 0.338185 0.814275 2.094189 5.269755 10.803174 20.483078 38.827015 72.839584 131.666443 228.008820 376.057648 595.015747 910.237854 1355.481079 1952.997925 2725.420166 3696.457520 4841.449219 6155.204590 7585.162598 9146.193359 10654.406250 12095.035156 13396.525391 14617.479492 15305.147461 15769.772461 15913.496094 15336.643555 14467.906250 13361.719727 11803.448242 10237.441406 8357.549805 6516.249512 4185.100586 2161.812500 830.138916
0.000000 0.000000 0.000000 0.000000 0.000000 0.000000 0.000000 0.000000 0.000000 0.000000 0.000000 0.331879 0.802765 2.010005 4.973778 10.203286 19.230644 36.018749 67.699074 123.364082 214.150711 357.733673 578.072144 906.791382 1381.806030 2035.762451 2903.619873 4004.468994 5358.532227 6985.439941 8861.433594 10908.002930 13054.182617 15144.596680 17214.240234 19076.330078 20681.097656 21615.447266 22353.644531 22548.509766 21889.925781 20799.855469 19193.662109 17066.333984 14877.947266 12226.097656 9612.475586 6237.327637 3307.414551 1305.100952
0.000000 0.000000 0.000000 0.000000 0.000000 0.000000 0.000000 0.000000 0.000000 0.000000 0.334900 0.784723 1.858846 4.428855 9.265088 17.402977 32.379581 60.634007 110.874382 194.373734 325.957062 532.467529 848.983948 1322.437988 1999.517090 2919.023438 4118.987793 5627.022949 7474.188477 9719.562500 12308.839844 15125.990234 17959.953125 20842.699219 23672.373047 26269.259766 28264.867188 29715.130859 30784.683594 30943.726562 30338.423828 28949.009766 26747.058594 24031.917969 20961.527344 17361.792969 13629.619141 9060.204102 4884.215332 1976.143677
0.000000 0.000000 0.000000 0.000000 0.000000 0.000000 0.000000 0.000000 0.000000 0.310409 0.709341 1.612733 3.747446 7.986218 15.139078 28.081110 52.234295 95.946503 169.210464 286.678680 470.607544 756.915649 1196.924194 1845.896851 2760.991211 3990.814453 5584.762695 7612.581055 10087.401367 13037.314453 16469.472656 20173.980469 23939.996094 27826.925781 31511.515625 34977.535156 37477.222656 39790.593750 41058.449219 41312.613281 40812.175781 39075.847656 36247.746094 32975.226562 28729.453125 23960.419922 18737.244141 12813.446289 6990.629883 2893.576660
0.000000 0.000000 0.000000 0.000000 0.000000 0.000000 0.000000 0.000000 0.262162 0.594261 1.330540 2.982299 6.489717 12.615047 23.362068 43.287151 79.654877 141.815430 242.370605 401.485107 650.911316 1036.556396 1620.177612 2463.879395 3636.231201 5227.542969 7300.064941 9925.029297 13109.529297 16852.910156 21244.029297 26034.390625 30982.564453 35969.300781 40618.765625 45042.300781 48472.828125 51654.738281 53144.828125 53683.222656 53290.531250 51181.386719 47864.039062 43873.988281 38309.945312 32079.753906 25094.257812 17591.085938 9713.538086 4116.291504
0.000000 0.000000 0.000000 0.000000 0.000000 0.000000 0.000000 0.200663 0.454515 1.010309 2.245907 4.920982 9.821044 18.523193 34.370289 63.161018 113.619522 196.727859 329.709747 539.572632 865.757629 1363.469849 2097.519775 3147.534912 4609.046387 6604.868164 9200.698242 12462.841797 16420.871094 21102.216797 26528.824219 32573.384766 38765.207031 44997.570312 50759.660156 56379.109375 61080.558594 64973.890625 66956.109375 67878.953125 67580.531250 65268.710938 61569.148438 56687.171875 49731.187500 41841.410156 32937.007812 23503.189453 13186.682617 5718.783691
0.000000 0.000000 0.000000 0.000000 0.000000 0.000000 0.000000 0.316355 0.704119 1.545571 3.418724 7.113081 13.702513 25.704706 47.682434 86.276932 151.367371 257.520935 427.008301 693.229248 1102.520752 1718.473999 2609.260742 3868.598145 5645.455566 8067.578125 11215.312500 15139.380859 19930.337891 25597.406250 32119.845703 39452.054688 46996.183594 54617.812500 61735.828125 68710.820312 74716.703125 79358.250000 82146.835938 83468.101562 83569.960938 81140.945312 77059.984375 71256.976562 62982.398438 53230.968750 42237.421875 30527.101562 17416.656250 7730.954102
0.000000 0.000000 0.000000 0.000000 0.000000 0.000000 0.200980 0.452066 0.992763 2.159080 4.686886 9.412024 17.976521 33.789845 62.134300 110.480263 190.028320 319.789490 526.963440 851.334473 1345.765015 2075.796631 3129.875977 4626.920898 6736.101562 9577.978516 13255.650391 17841.958984 23501.925781 30170.708984 37780.406250 46440.941406 55448.035156 64559.316406 73181.828125 81537.109375 88809.773438 94410.843750 98141.953125 100080.054688 100799.257812 98291.210938 93951.492188 87330.875000 77747.390625 66182.156250 53012.714844 38806.320312 22597.898438 10252.910156
0.000000 0.000000 0.000000 0.000000 0.000000 0.000000 0.268787 0.597394 1.298011 2.810209 5.972550 11.759135 22.489048 42.243721 76.809174 133.843048 227.244095 380.727875 625.676025 1007.090210 1584.473145 2424.718262 3624.469971 5349.961914 7784.566895 11051.112305 15250.268555 20488.193359 27015.111328 34653.792969 43398.781250 53381.039062 63908.625000 74543.265625 84732.945312 94480.976562 103081.585938 109799.679688 114588.609375 117334.578125 118635.695312 116283.843750 111812.289062 104454.039062 93888.335938 80492.312500 65067.929688 48196.593750 28651.201172 13298.288086
0.000000 0.000000 0.000000 0.000000 0.000000 0.000000 0.334972 0.740539 1.599440 3.432320 7.127611 13.998726 27.029181 50.699966 90.644920 154.932602 262.256409 438.139679 719.156067 1155.388794 1801.727905 2726.353516 4050.996094 5973.840820 8663.525391 12304.159180 17014.951172 22963.257812 30305.732422 38869.480469 48749.531250 59977.917969 72025.351562 84137.851562 95993.500000 107101.687500 117143.585938 125126.773438 131097.656250 134701.187500 136689.968750 134716.640625 130275.375000 122413.507812 110856.640625 95794.500000 78338.570312 58723.078125 35655.324219 16942.650391
0.000000 0.000000 0.000000 0.000000 0.000000 0.000000 0.361578 0.802184 1.735052 3.690051 7.546859 14.874945 28.971642 55.014210 98.795914 170.570480 289.095215 481.571472 787.765869 1261.914429 1961.702759 2966.694336 4418.821777 6472.744629 9346.041016 13265.694336 18443.382812 25001.601562 33048.851562 42582.324219 53490.019531 65893.296875 79321.898438 92825.320312 106268.718750 118802.562500 130336.289062 139653.843750 146885.484375 151432.781250 154445.281250 153111.078125 148764.906250 140572.718750 128488.601562 111971.421875 92605.593750 70254.796875 43562.820312 21199.732422
0.000000 0.000000 0.000000 0.000000 0.000000 0.000000 0.366033 0.813417 1.761587 3.741468 7.624375 15.004639 29.315107 55.840504 100.706093 174.795685 296.549316 493.409363 806.228699 1288.927368 2008.667969 3061.409668 4579.648438 6722.819336 9714.658203 13826.475586 19274.154297 26193.123047 34743.457031 45005.726562 56841.250000 70365.867188 85177.671875 100166.390625 115095.546875 129018.906250 142066.281250 152607.515625 161112.250000 166669.203125 170947.109375 170743.765625 166648.390625 158677.484375 146226.281250 128486.867188 107443.257812 82522.476562 52422.527344 26096.222656
0.000000 0.000000 0.000000 0.000000 0.000000 0.000000 0.350794 0.784824 1.725500 3.721408 7.621847 14.942036 29.039461 55.389618 100.464951 174.923630 296.710388 493.567474 805.868103 1285.380859 2004.509277 3056.701416 4571.411133 6723.915527 9747.697266 13936.391602 19496.175781 26570.064453 35317.761719 45954.230469 58287.609375 72463.828125 88141.921875 104278.273438 120585.445312 136150.015625 150968.937500 162907.546875 173089.093750 179562.187500 185006.578125 186720.125000 183176.062500 175540.750000 163469.828125 145123.578125 122602.015625 95379.296875 62264.027344 31682.251953
0.000000 0.000000 0.000000 0.000000 0.000000 0.000000 0.277807 0.630679 1.419342 3.152038 6.785800 13.415551 25.594061 48.501236 90.009628 161.219025 277.452179 463.017426 755.421204 1211.830566 1909.314087 2946.220215 4444.140625 6576.514160 9579.814453 13732.410156 19330.564453 26508.755859 35372.542969 46187.597656 58776.488281 73323.375000 89456.890625 106293.796875 123313.593750 139787.171875 155818.421875 169200.390625 181734.140625 189879.562500 196265.359375 199513.828125 197500.156250 190727.796875 179356.578125 161039.171875 137624.343750 108432.390625 72656.476562 37843.972656
0.000000 0.000000 0.000000 0.000000 0.000000 0.000000 0.202071 0.468159 1.058974 2.367054 5.268294 11.009777 21.267349 40.274174 75.605705 137.062088 239.203766 404.031830 663.850525 1072.755127 1708.618896 2671.857178 4085.653809 6109.243164 8960.928711 12901.826172 18274.216797 25355.195312 34200.750000 44946.285156 57640.160156 72561.296875 89220.179688 106688.265625 124113.898438 141434.390625 158185.421875 172530.484375 186385.562500 196565.562500 204641.968750 208991.828125 209320.218750 203646.000000 193239.140625 175716.343750 151943.109375 121458.515625 83682.679688 44632.289062
0.000000 0.000000 0.000000 0.000000 0.000000 0.000000 0.000000 0.311986 0.726355 1.644113 3.680591 8.218248 16.688074 32.317795 60.749054 110.776604 196.344177 338.160675 563.825195 919.224365 1474.906738 2329.819580 3610.431396 5468.709961 8105.201172 11762.979492 16741.949219 23386.259766 31864.611328 42287.007812 54602.382812 69166.046875 85607.921875 103054.945312 120727.085938 139052.359375 156955.906250 172074.531250 187098.937500 198959.796875 208646.265625 214213.437500 216520.718750 213091.421875 204451.750000 188387.562500 165221.625000 134082.250000 94901.414062 51907.652344
0.000000 0.000000 0.000000 0.000000 0.000000 0.000000 0.000000 0.000000 0.438803 1.039318 2.366396 5.348305 11.932305 24.303942 45.968884 84.648216 153.074585 269.469849 459.293701 760.208923 1230.661743 1963.038208 3081.845947 4738.029785 7121.845703 10462.575195 15013.613281 21117.687500 29071.261719 39007.703125 50808.808594 64779.210938 80783.796875 98005.421875 115276.367188 133829.609375 152242.218750 168308.609375 184664.875000 198230.046875 209632.484375 216806.937500 220581.484375 219107.750000 212729.609375 198505.609375 176637.343750 145706.093750 106070.773438 59612.390625
0.000000 0.000000 0.000000 0.000000 0.000000 0.000000 0.000000 0.000000 0.210611 0.559582 1.362917 3.145255 7.239356 16.207636 31.858555 60.303097 111.807419 201.282745 353.392609 600.254333 987.291016 1595.450195 2535.410156 3955.292236 6041.835938 9026.812500 13120.173828 18610.919922 25848.736328 35083.027344 46222.957031 59519.613281 74630.898438 91280.187500 108223.664062 126584.015625 144990.062500 162015.421875 178678.843750 193525.000000 206259.687500 215183.703125 220181.093750 220930.453125 217157.562500 205605.765625 186069.296875 156069.750000 116743.195312 67522.781250
0.000000 0.000000 0.000000 0.000000 0.000000 0.000000 0.000000 0.000000 0.000000 0.234301 0.638828 1.617014 3.808648 8.725378 19.418766 39.461617 75.413841 139.496033 252.518311 444.051727 755.769348 1244.001343 2001.306763 3169.577393 4934.030762 7523.537109 11125.482422 15990.443359 22426.412109 30708.369141 41026.464844 53523.472656 67567.875000 83170.734375 99729.203125 117697.968750 135861.187500 153532.859375 170452.156250 186281.656250 200505.984375 211059.328125 217341.781250 220614.593750 219048.156250 209301.921875 192548.390625 164447.312500 126314.109375 75465.210938
0.000000 0.000000 0.000000 0.000000 0.000000 0.000000 0.000000 0.000000 0.000000 0.000000 0.247380 0.672634 1.726050 4.136866 9.519521 21.861450 46.258743 89.884430 167.430954 305.158356 542.290588 922.144836 1519.290527 2444.358154 3863.931152 6009.270508 9082.058594 13325.577148 18979.275391 26246.474609 35498.109375 46998.921875 59970.214844 74421.273438 90120.796875 107591.117188 125226.695312 143146.937500 160517.453125 177056.328125 192009.296875 204314.828125 211513.265625 216455.921875 216903.578125 210043.843750 196397.953125 170749.406250 134707.875000 83232.617188
0.000000 0.000000 0.000000 0.000000 0.000000 0.000000 0.000000 0.000000 0.000000 0.000000 0.000000 0.253497 0.678364 1.733428 4.215226 9.881570 23.000193 52.278133 104.448242 195.949753 355.295319 635.269165 1098.048950 1812.620117 2919.949463 4616.837891 7125.194336 10702.676758 15578.538086 21913.511719 29975.404297 40177.785156 52012.851562 65335.019531 80232.234375 96600.031250 113823.460938 131526.718750 149634.609375 166349.203125 181938.546875 195332.546875 204023.921875 210296.687500 212492.890625 208126.359375 196918.718750 175264.937500 141511.312500 90652.406250
0.000000 0.000000 0.000000 0.000000 0.000000 0.000000 0.000000 0.000000 0.000000 0.000000 0.000000 0.000000 0.256115 0.675858 1.746944 4.373006 10.482346 24.412771 56.753036 118.230423 223.511124 407.899078 725.500244 1260.365112 2116.220947 3436.166260 5413.779297 8261.246094 12309.222656 17788.662109 24820.906250 33517.683594 43923.054688 56291.000000 70295.703125 85369.132812 101892.500000 119587.953125 137274.812500 154922.031250 170367.625000 184840.609375 195455.484375 202491.843750 205929.984375 204077.906250 195697.734375 177063.171875 145969.187500 97402.851562
0.000000 0.000000 0.000000 0.000000 0.000000 0.000000 0.000000 0.000000 0.000000 0.000000 0.000000 0.000000 0.000000 0.266041 0.687882 1.760150 4.443612 10.928959 25.921162 60.346130 129.805908 253.302872 461.937714 820.974182 1432.096436 2434.882568 3983.474365 6230.550781 9462.961914 13915.605469 20002.707031 27473.830078 36462.625000 47495.773438 60098.792969 74284.109375 89726.156250 106469.343750 123736.812500 141718.000000 157598.125000 172614.390625 184315.625000 192841.812500 197772.875000 198166.546875 192508.640625 177167.921875 149197.328125 103389.585938
0.000000 0.000000 0.000000 0.000000 0.000000 0.000000 0.000000 0.000000 0.000000 0.000000 0.000000 0.000000 0.000000 0.000000 0.284117 0.716617 1.796099 4.491951 11.147650 27.155340 63.294636 136.368454 272.709961 514.746948 933.044617 1637.912720 2775.505127 4536.155273 7141.469727 10752.973633 15619.685547 21851.578125 29616.859375 39070.507812 50092.183594 62699.566406 76790.203125 92491.289062 108603.906250 126009.875000 142549.281250 157900.843750 170963.765625 181146.000000 188114.796875 190139.796875 187137.296875 175589.171875 150884.062500 108570.046875
