tests/test_03/output3/CloudConcentration_010.00hrs.dat
NCOLS    50
NROWS    50
XLLCORNER    -2289770.000
YLLCORNER     2591270.000
CELLSIZE        2000.000       2000.000
NODATA_VALUE  0.000
[rows 0 to 42 of 50, columns 0 to 49 of 50]
0.000 0.000 0.000 0.000 0.000 0.000 0.000 0.000 0.000 0.000 0.000 0.000 0.000 0.000 0.000 0.000 0.000 0.000 0.264 0.572 1.225 2.458 4.570 7.739 12.614 21.320 35.258 53.739 78.293 106.216 139.567 178.610 226.982 297.986 367.197 412.637 445.876 455.305 457.600 454.716 478.005 470.297 400.611 312.669 231.826 163.948 109.866 72.297 41.608 16.248
0.000 0.000 0.000 0.000 0.000 0.000 0.000 0.000 0.000 0.000 0.000 0.000 0.000 0.000 0.000 0.000 0.000 0.261 0.576 1.275 2.815 5.505 9.909 16.446 26.730 42.577 68.489 102.983 145.273 197.892 254.044 316.217 382.728 468.277 586.707 681.689 734.978 752.358 756.246 744.755 722.615 742.896 673.107 563.656 416.600 312.628 212.387 141.996 82.359 31.841
0.000 0.000 0.000 0.000 0.000 0.000 0.000 0.000 0.000 0.000 0.000 0.000 0.000 0.000 0.000 0.000 0.288 0.649 1.525 3.571 7.144 12.848 21.991 35.973 56.364 84.166 125.401 187.495 264.912 354.968 457.320 554.917 658.161 769.529 945.185 1128.152 1216.282 1280.705 1268.354 1215.449 1148.806 1176.706 1101.580 942.120 753.827 554.521 403.753 265.023 158.566 61.773
0.000 0.000 0.000 0.000 0.000 0.000 0.000 0.000 0.000 0.000 0.000 0.000 0.000 0.000 0.000 0.295 0.687 1.707 4.225 8.488 15.529 27.568 46.917 74.721 111.635 159.903 222.259 322.514 456.029 608.350 775.538 944.505 1105.921 1273.174 1468.577 1764.679 1951.947 2042.400 2054.665 1967.497 1868.587 1795.293 1717.677 1544.693 1283.888 959.075 702.780 453.243 277.485 110.175
0.000 0.000 0.000 0.000 0.000 0.000 0.000 0.000 0.000 0.000 0.000 0.000 0.000 0.000 0.316 0.749 1.912 4.847 9.708 18.175 33.034 57.472 93.774 144.283 208.567 290.308 394.113 526.436 744.868 997.321 1259.933 1548.420 1786.404 2028.582 2263.614 2651.478 2998.023 3157.828 3242.875 3083.516 2904.220 2665.726 2624.278 2427.116 2034.693 1614.042 1161.912 754.584 467.548 190.170
0.000 0.000 0.000 0.000 0.000 0.000 0.000 0.000 0.000 0.000 0.000 0.000 0.000 0.330 0.789 2.038 5.124 10.448 19.454 36.081 65.045 110.263 173.318 257.763 369.390 502.906 672.372 876.406 1163.348 1556.055 1967.713 2394.924 2802.222 3139.084 3458.917 3840.003 4434.397 4729.061 4846.459 4663.757 4393.192 4060.036 3893.845 3620.966 3149.091 2589.806 1859.615 1207.020 747.707 314.848
0.000 0.000 0.000 0.000 0.000 0.000 0.000 0.000 0.000 0.000 0.000 0.000 0.335 0.804 2.060 5.166 10.498 19.635 36.594 67.156 117.431 193.437 298.898 435.225 615.146 839.065 1098.152 1399.148 1745.433 2311.885 2944.836 3569.587 4228.474 4663.811 5084.810 5465.386 6319.637 6830.653 6982.606 6852.917 6457.832 5985.343 5574.380 5252.170 4711.817 3901.747 2893.299 1872.718 1165.156 510.813
0.000 0.000 0.000 0.000 0.000 0.000 0.000 0.000 0.000 0.000 0.000 0.331 0.798 1.996 4.930 10.070 18.846 34.958 64.890 116.142 196.061 314.269 479.599 699.468 981.139 1328.798 1717.419 2151.205 2636.852 3292.876 4227.587 5147.990 6037.852 6711.516 7302.025 7832.027 8693.948 9477.995 9753.082 9849.938 9195.425 8535.402 7790.560 7408.591 6804.451 5684.505 4323.436 2794.683 1746.769 800.701
0.000 0.000 0.000 0.000 0.000 0.000 0.000 0.000 0.000 0.000 0.334 0.783 1.853 4.411 9.211 17.240 31.913 59.356 107.487 185.621 304.037 480.123 730.661 1068.264 1489.361 1992.705 2564.683 3155.374 3823.990 4575.389 5809.837 7115.501 8296.298 9398.925 10130.099 10793.983 11522.152 12760.718 13313.334 13507.144 12716.313 11870.225 10855.442 10190.517 9499.516 8024.592 6235.243 4055.546 2533.340 1205.516
0.000 0.000 0.000 0.000 0.000 0.000 0.000 0.000 0.000 0.310 0.709 1.611 3.741 7.965 15.074 27.887 51.683 94.439 165.222 276.431 445.145 696.107 1057.945 1545.611 2150.346 2842.286 3634.529 4475.550 5380.601 6345.619 7684.643 9478.978 11052.508 12650.076 13586.368 14414.421 14955.417 16689.684 17599.275 17853.476 17090.224 16001.945 14660.191 13683.721 12824.422 11025.957 8712.020 5725.914 3573.646 1752.117
0.000 0.000 0.000 0.000 0.000 0.000 0.000 0.000 0.262 0.594 1.330 2.980 6.482 12.590 23.286 43.062 79.015 140.061 237.725 389.601 621.605 967.163 1461.850 2120.266 2931.731 3868.827 4940.626 6114.639 7247.461 8427.322 9807.660 12179.048 14279.489 16305.395 17647.867 18659.924 19353.821 21172.044 22517.634 22911.197 22274.533 20913.199 19243.641 17839.627 16858.246 14718.201 11808.692 7853.198 4909.735 2462.902
0.000 0.000 0.000 0.000 0.000 0.000 0.000 0.201 0.454 1.010 2.245 4.919 9.813 18.497 34.289 62.914 112.900 194.725 324.372 525.914 832.262 1284.744 1918.806 2760.556 3820.049 5068.321 6446.048 7967.208 9391.193 10894.294 12472.948 15081.299 17810.327 20294.314 22202.882 23402.403 24340.822 26073.902 28000.244 28585.552 28178.660 26542.347 24562.995 22623.734 21597.047 19119.140 15551.246 10478.222 6605.117 3371.143
0.000 0.000 0.000 0.000 0.000 0.000 0.000 0.316 0.704 1.545 3.418 7.111 13.695 25.679 47.600 86.024 150.623 255.412 421.288 678.373 1065.603 1630.764 2412.679 3450.799 4787.787 6378.930 8081.354 9938.179 11790.676 13591.388 15447.782 18094.540 21507.482 24496.701 27077.359 28516.208 29657.791 31269.316 33865.718 34662.795 34738.807 32763.703 30578.161 28014.182 27021.423 24191.572 19905.018 13593.757 8653.419 4474.452
0.000 0.000 0.000 0.000 0.000 0.000 0.201 0.452 0.993 2.159 4.686 9.410 17.969 33.764 62.052 110.228 189.282 317.668 521.186 836.260 1307.966 1984.629 2920.275 4170.301 5781.038 7699.281 9777.974 11992.547 14305.927 16379.686 18477.130 21132.788 25251.989 28776.992 32088.245 33790.530 35130.394 36645.862 39865.149 41055.285 41647.411 39388.558 37050.294 34142.932 32991.284 29855.912 24877.156 17222.607 11168.665 5828.616
0.000 0.000 0.000 0.000 0.000 0.000 0.269 0.597 1.298 2.810 5.972 11.757 22.482 42.221 76.734 133.605 226.524 378.648 619.953 992.062 1546.631 2332.836 3409.409 4867.267 6760.809 9016.938 11475.285 14051.625 16839.031 19151.324 21568.620 24125.008 28961.786 33038.754 37060.235 39071.662 40687.843 42098.093 45887.746 47625.250 48586.845 46207.304 43762.302 40563.338 39448.217 35981.386 30365.385 21295.401 14106.073 7434.331
0.000 0.000 0.000 0.000 0.000 0.000 0.335 0.741 1.599 3.432 7.127 13.997 27.023 50.680 90.579 154.721 261.608 436.236 713.811 1141.068 1764.915 2635.050 3835.171 5490.283 7639.997 10237.476 13096.308 16055.087 19172.661 21855.726 24611.720 27305.202 32469.248 37116.867 41766.720 44156.633 46063.147 47495.254 51841.850 54154.014 55343.719 53044.577 50515.383 47091.001 46131.988 42434.567 36293.527 25813.011 17563.889 9305.163
0.000 0.000 0.000 0.000 0.000 0.000 0.362 0.802 1.735 3.690 7.547 14.874 28.967 54.998 98.739 170.387 288.524 479.869 782.905 1248.645 1926.963 2878.849 4203.989 6003.813 8363.665 11277.815 14546.415 17811.484 21226.615 24380.992 27368.625 30255.817 35574.893 40756.789 45968.324 48729.782 50947.806 52584.800 57430.708 60265.784 61699.445 59694.446 57107.145 53549.030 52882.402 49104.380 42491.577 30706.351 21502.796 11471.930
0.000 0.000 0.000 0.000 0.000 0.000 0.366 0.813 1.762 3.741 7.624 15.004 29.311 55.827 100.660 174.641 296.061 491.933 801.954 1277.078 1977.136 2980.192 4377.318 6272.907 8768.413 11868.876 15380.105 18953.210 22663.439 26278.700 29460.543 32534.801 37884.635 43720.586 49465.388 52609.402 55104.034 57079.392 62375.432 65679.763 67280.144 65858.528 63189.611 59932.332 59582.823 55796.915 48657.841 35849.574 25964.971 13868.150
0.000 0.000 0.000 0.000 0.000 0.000 0.351 0.785 1.725 3.721 7.622 14.941 29.037 55.379 100.428 174.799 296.306 492.324 802.220 1275.142 1976.923 2984.981 4392.492 6306.973 8835.732 12002.491 15613.382 19322.832 23143.231 26946.666 30237.552 33438.426 38765.801 44969.332 51227.515 55021.982 58064.495 60697.704 66575.543 70261.721 71753.011 71201.011 68555.032 65992.275 65951.997 62444.753 54726.107 41119.574 30960.158 16481.164
0.000 0.000 0.000 0.000 0.000 0.000 0.278 0.631 1.419 3.152 6.786 13.415 25.592 48.494 89.982 161.122 277.129 462.001 752.389 1203.194 1885.737 2884.384 4288.324 6201.929 8731.997 11907.869 15577.079 19357.114 23200.892 27053.132 30368.049 33599.830 38984.699 45392.583 51705.382 55664.482 59057.791 62722.797 69536.657 74035.905 75264.699 75146.023 73152.456 71303.335 71703.627 68582.714 60441.601 46367.245 36260.303 19151.153
0.000 0.000 0.000 0.000 0.000 0.000 0.202 0.468 1.059 2.367 5.268 11.009 21.266 40.269 75.585 136.988 238.952 403.218 661.361 1065.519 1688.525 2618.369 3949.000 5774.510 8182.907 11215.062 14794.155 18625.089 22497.019 26331.088 29580.864 32922.153 38588.736 45234.920 51355.903 55622.381 59146.459 63574.641 70635.341 75923.211 77384.693 77509.873 76505.404 75919.116 76626.548 73880.689 65556.132 51400.975 41854.471 21927.805
0.000 0.000 0.000 0.000 0.000 0.000 0.000 0.312 0.726 1.644 3.681 8.218 16.687 32.314 60.734 110.722 196.153 337.525 561.819 913.231 1457.890 2283.657 3490.512 5171.059 7400.650 10204.644 13508.993 17077.944 20761.527 24416.666 27538.221 30727.355 36591.033 43232.385 48995.434 53651.167 57668.856 63710.976 71146.578 76286.190 78050.668 78419.962 77952.168 79589.666 80778.163 78126.624 69887.953 56007.523 47520.911 24870.201
0.000 0.000 0.000 0.000 0.000 0.000 0.000 0.000 0.439 1.039 2.366 5.348 11.932 24.301 45.958 84.608 152.934 268.994 457.753 755.460 1216.777 1924.425 2979.277 4478.219 6495.638 9046.873 12046.840 15284.221 18692.499 22107.473 25111.413 28088.966 34132.697 40641.220 45921.185 50649.934 54946.955 62215.354 70195.589 75054.668 77855.880 78376.183 79125.548 81852.446 83481.206 80868.914 73329.400 59936.151 53092.012 27915.807
0.000 0.000 0.000 0.000 0.000 0.000 0.000 0.000 0.211 0.560 1.363 3.145 7.239 16.205 31.850 60.272 111.701 200.924 352.220 596.561 976.185 1563.727 2449.250 3732.453 5494.679 7760.982 10433.341 13290.973 16319.869 19362.615 22235.617 25285.551 31099.630 37311.963 42190.787 46814.149 51247.911 59892.239 67541.281 72067.482 75492.852 76858.640 79995.215 83004.284 84741.423 81657.252 75472.449 63657.946 58230.665 30987.553
0.000 0.000 0.000 0.000 0.000 0.000 0.000 0.000 0.000 0.234 0.639 1.617 3.808 8.723 19.412 39.436 75.327 139.210 251.600 441.169 746.997 1218.392 1930.139 2981.661 4463.642 6411.102 8728.953 11209.680 13842.021 16398.567 19035.795 22498.009 27841.079 33312.211 37994.006 42362.207 48412.293 56852.623 63679.615 68381.130 72057.318 74347.940 79884.103 83479.009 84625.260 81619.212 76431.252 67726.227 62676.054 34134.955
0.000 0.000 0.000 0.000 0.000 0.000 0.000 0.000 0.000 0.000 0.247 0.673 1.726 4.135 9.513 21.840 46.185 89.644 166.678 302.855 535.376 901.867 1461.878 2289.081 3466.246 5052.213 6987.026 9095.108 11374.381 13484.932 15690.061 19472.300 24384.048 29011.803 33432.567 37756.748 45067.790 52927.751 59014.330 63904.250 67743.852 73131.537 78729.504 81936.619 82213.685 80253.537 76210.304 70586.938 65846.909 37217.806
0.000 0.000 0.000 0.000 0.000 0.000 0.000 0.000 0.000 0.000 0.000 0.253 0.678 1.732 4.210 9.863 22.937 52.071 103.804 194.023 349.684 619.173 1052.617 1688.193 2594.226 3809.452 5319.718 7028.774 8951.980 10729.742 12588.914 16358.255 20776.497 24752.145 28725.284 33768.461 41357.780 48148.842 54018.697 59059.515 63231.672 71078.066 76669.571 78922.729 79420.824 78016.535 74740.470 72383.774 67970.389 40338.038
0.000 0.000 0.000 0.000 0.000 0.000 0.000 0.000 0.000 0.000 0.000 0.000 0.256 0.675 1.743 4.358 10.429 24.236 56.200 116.579 218.772 394.630 688.875 1161.199 1855.557 2774.682 3899.997 5181.671 6650.477 8164.720 10156.721 13418.054 17016.277 20666.984 24312.789 30392.786 37262.343 43200.868 48868.016 53967.201 60674.568 68329.773 73435.649 75512.015 76190.285 75184.058 73100.752 73060.269 69026.229 43060.386
0.000 0.000 0.000 0.000 0.000 0.000 0.000 0.000 0.000 0.000 0.000 0.000 0.000 0.265 0.685 1.748 4.399 10.781 25.452 58.941 125.779 242.159 431.768 740.312 1221.062 1902.529 2746.979 3697.422 4746.665 5881.753 8010.570 10795.654 13619.310 16705.868 20885.202 26810.911 32598.871 38099.236 43335.307 49089.567 57384.230 64498.185 68972.823 71376.925 72320.350 71905.073 73228.933 73074.063 69399.038 45297.174
0.000 0.000 0.000 0.000 0.000 0.000 0.000 0.000 0.000 0.000 0.000 0.000 0.000 0.000 0.282 0.707 1.760 4.369 10.754 25.976 59.946 127.253 248.536 451.248 765.498 1205.309 1779.801 2499.748 3267.364 4295.626 6101.457 8271.982 10687.692 13255.994 17758.495 22774.635 27660.071 32569.281 37354.205 44582.724 52419.277 58587.713 63318.760 66244.600 68031.130 70393.839 72356.626 72432.332 68481.417 46951.615
0.000 0.000 0.000 0.000 0.000 0.000 0.000 0.000 0.000 0.000 0.000 0.000 0.000 0.000 0.000 0.302 0.740 1.801 4.364 10.500 24.939 57.898 123.927 242.022 440.409 732.099 1102.008 1562.162 2089.920 3103.939 4538.022 6171.115 7989.673 10689.081 14366.741 18323.047 22413.001 26555.539 31696.046 38777.188 45581.968 51453.721 56277.896 59531.217 63515.008 67899.728 70345.545 70255.960 66306.463 49439.707
0.000 0.000 0.000 0.000 0.000 0.000 0.000 0.000 0.000 0.000 0.000 0.000 0.000 0.000 0.000 0.000 0.321 0.768 1.819 4.293 10.109 23.532 53.794 117.360 227.735 398.729 628.948 919.853 1374.957 2153.732 3132.278 4309.941 5763.943 8106.834 10884.387 13852.525 17062.962 20601.044 26247.029 32062.084 37645.182 43176.053 48030.552 52228.547 58636.190 63652.017 66189.724 65946.196 62778.508 51949.567
0.000 0.000 0.000 0.000 0.000 0.000 0.000 0.000 0.000 0.000 0.000 0.000 0.000 0.000 0.000 0.000 0.000 0.330 0.758 1.723 3.935 9.105 21.131 49.096 106.209 195.607 323.958 508.870 871.274 1358.606 1972.829 2710.920 3987.823 5609.343 7451.593 9587.966 12074.655 15979.290 20294.673 24879.521 29662.688 34368.706 39614.959 46352.792 52329.555 57059.259 59550.958 60373.595 58259.784 53083.797
0.000 0.000 0.000 0.000 0.000 0.000 0.000 0.000 0.000 0.000 0.000 0.000 0.000 0.000 0.000 0.000 0.000 0.000 0.324 0.720 1.582 3.483 7.785 17.943 40.330 79.895 148.229 281.307 473.646 725.501 1120.259 1704.435 2431.847 3344.476 4503.984 6330.365 8613.533 11373.834 14563.980 18121.572 22077.260 27264.917 33424.094 39371.677 44401.417 48553.933 51821.192 53439.619 52776.215 52948.425
0.000 0.000 0.000 0.000 0.000 0.000 0.000 0.000 0.000 0.000 0.000 0.000 0.000 0.000 0.000 0.000 0.000 0.000 0.136 0.295 0.630 1.327 2.808 6.443 15.241 34.334 69.113 130.134 230.711 384.962 611.565 944.146 1449.833 2108.468 2976.965 4127.493 5625.525 7506.292 9902.769 13379.732 17426.557 21717.463 26328.015 31337.162 36073.048 39986.933 43348.675 45837.768 48905.816 50177.698
0.000 0.000 0.000 0.000 0.000 0.000 0.000 0.000 0.000 0.000 0.000 0.000 0.000 0.000 0.000 0.000 0.000 0.000 0.000 0.124 0.339 0.849 2.006 4.657 10.341 21.417 42.349 79.048 139.716 234.854 381.050 600.116 912.234 1336.625 1899.352 2800.570 3987.541 5447.140 7348.941 9840.161 12825.081 16166.958 19722.887 23840.927 28003.853 32498.188 37231.113 41302.600 44415.260 45999.341
0.000 0.000 0.000 0.000 0.000 0.000 0.000 0.000 0.000 0.000 0.000 0.000 0.000 0.000 0.000 0.000 0.000 0.000 0.000 0.089 0.234 0.603 1.495 3.652 8.107 16.270 30.815 55.076 91.436 149.473 249.415 402.114 626.745 947.220 1404.663 2033.585 2846.619 3855.829 5173.720 6905.377 9066.330 11672.365 15062.735 18996.077 23276.232 27593.795 31622.287 35316.806 38421.746 40638.927
0.000 0.000 0.000 0.000 0.000 0.000 0.000 0.000 0.000 0.000 0.000 0.000 0.000 0.000 0.000 0.000 0.000 0.000 0.000 0.000 0.173 0.454 1.150 2.709 5.559 10.794 20.993 39.308 70.051 117.250 188.578 293.777 445.817 666.665 989.478 1420.344 1990.521 2852.510 4003.928 5438.300 7274.899 9469.118 11980.203 15055.651 18534.950 22149.699 25587.461 28549.315 31176.873 33368.373
0.000 0.000 0.000 0.000 0.000 0.000 0.000 0.000 0.000 0.000 0.000 0.000 0.000 0.000 0.000 0.000 0.000 0.000 0.000 0.000 0.115 0.313 0.795 1.962 4.324 8.668 16.278 29.455 51.359 85.478 135.195 220.255 344.943 527.623 797.484 1159.893 1636.966 2298.802 3181.642 4261.134 5646.446 7255.751 9056.482 11259.188 13813.499 16463.134 19068.300 21508.372 23826.646 26304.862
0.000 0.000 0.000 0.000 0.000 0.000 0.000 0.000 0.000 0.000 0.000 0.000 0.000 0.000 0.000 0.000 0.000 0.000 0.000 0.000 0.093 0.249 0.637 1.526 3.235 6.434 12.568 23.063 42.699 73.773 117.319 184.947 282.417 426.024 635.494 909.645 1255.026 1736.439 2361.551 3116.641 4056.603 5135.346 6442.588 8027.477 9876.351 11844.554 13841.959 16124.783 18413.826 21441.211
0.000 0.000 0.000 0.000 0.000 0.000 0.000 0.000 0.000 0.000 0.000 0.000 0.000 0.000 0.000 0.000 0.000 0.000 0.000 0.000 0.000 0.197 0.512 1.233 2.769 5.879 11.187 20.048 34.993 58.944 93.297 144.157 215.123 315.283 456.686 639.564 879.422 1199.935 1634.077 2174.994 2908.899 3767.446 4848.489 6155.396 7700.513 9490.685 11456.986 13475.398 15341.695 17853.333
0.000 0.000 0.000 0.000 0.000 0.000 0.000 0.000 0.000 0.000 0.000 0.000 0.000 0.000 0.000 0.000 0.000 0.000 0.000 0.000 0.000 0.200 0.507 1.152 2.386 4.785 8.916 15.907 26.393 42.216 66.301 101.928 155.545 233.770 346.024 494.115 680.217 930.426 1289.427 1763.215 2332.997 3035.960 3896.442 4903.127 6066.259 7376.612 8774.086 10183.349 11517.406 13356.703
0.000 0.000 0.000 0.000 0.000 0.000 0.000 0.000 0.000 0.000 0.000 0.000 0.000 0.000 0.000 0.000 0.000 0.000 0.000 0.000 0.000 0.180 0.448 0.982 1.884 3.588 6.634 12.272 21.361 35.796 56.764 88.005 130.681 189.946 272.988 386.365 531.561 723.877 987.814 1316.019 1693.234 2177.538 2755.216 3424.103 4219.580 5099.191 6027.599 6968.049 7858.003 8915.601
