tests/test_03/output3/CloudLoad_010.00hrs.dat
NCOLS    50
NROWS    50
XLLCORNER    -2289770.000
YLLCORNER     2591270.000
CELLSIZE        2000.000       2000.000
NODATA_VALUE  0.000
[rows 0 to 29 of 50, columns 0 to 49 of 50]
0.000000 0.000000 0.000000 0.000000 0.000000 0.000000 0.000000 0.000000 0.000000 0.000000 0.000000 0.000000 0.000000 0.000000 0.000000 0.000000 0.000000 0.000000 0.293716 0.666829 1.538994 3.490970 7.427001 14.301208 25.999512 45.073967 73.909477 113.574463 166.387024 234.620316 316.166656 410.969788 521.989990 638.412292 759.745361 878.168945 970.725098 1036.333862 1042.554688 1043.974976 996.966064 936.910095 848.662170 737.200928 540.667053 372.397919 240.519699 141.457489 71.107285 29.226986
0.000000 0.000000 0.000000 0.000000 0.000000 0.000000 0.000000 0.000000 0.000000 0.000000 0.000000 0.000000 0.000000 0.000000 0.000000 0.000000 0.000000 0.281497 0.642462 1.500391 3.602365 8.049196 16.248655 30.117153 53.165836 89.012955 140.315292 210.205475 300.893433 416.355438 556.956482 717.272461 887.408630 1070.869751 1260.946777 1451.408081 1592.019775 1689.547974 1721.765137 1713.526733 1620.298584 1537.966309 1403.875610 1207.297852 994.455444 712.282288 475.793488 289.647705 141.287430 53.228439
0.000000 0.000000 0.000000 0.000000 0.000000 0.000000 0.000000 0.000000 0.000000 0.000000 0.000000 0.000000 0.000000 0.000000 0.000000 0.000000 0.303399 0.703233 1.741690 4.354121 9.487102 18.651596 35.065510 62.784527 105.920403 169.941010 260.705414 382.964844 540.832703 738.843994 975.992798 1238.318970 1517.364502 1814.099609 2112.549805 2416.833252 2637.115723 2794.212891 2900.705811 2835.044678 2709.508789 2551.607666 2291.162354 2019.915894 1699.763184 1291.076538 901.738953 566.830688 274.570068 100.867912
0.000000 0.000000 0.000000 0.000000 0.000000 0.000000 0.000000 0.000000 0.000000 0.000000 0.000000 0.000000 0.000000 0.000000 0.000000 0.310732 0.742583 1.901950 4.850669 10.261518 20.092363 38.641060 70.447502 121.718300 197.567154 306.517578 460.132294 666.354370 932.042603 1255.647827 1633.683228 2060.528809 2523.888184 2983.297852 3446.840576 3890.464600 4227.696777 4495.215332 4673.272461 4552.499512 4393.662109 4109.267578 3699.078125 3286.854736 2750.144043 2210.693848 1591.256592 1002.473206 489.386688 178.494019
0.000000 0.000000 0.000000 0.000000 0.000000 0.000000 0.000000 0.000000 0.000000 0.000000 0.000000 0.000000 0.000000 0.000000 0.330124 0.792737 2.046829 5.251656 10.839735 21.091591 40.274704 75.530861 132.599121 219.461395 346.843262 526.443787 775.181274 1110.632202 1537.196411 2053.483887 2643.319092 3310.466553 4024.739014 4739.401367 5424.159180 6039.114258 6589.409180 7017.357422 7172.019043 7148.807129 6896.770020 6417.298340 5848.252441 5178.647461 4390.928711 3596.698242 2665.038818 1687.355957 838.372070 308.139709
0.000000 0.000000 0.000000 0.000000 0.000000 0.000000 0.000000 0.000000 0.000000 0.000000 0.000000 0.000000 0.000000 0.337191 0.812407 2.111731 5.344489 11.074430 21.124060 40.308216 75.585907 136.107574 231.033463 371.469757 575.387146 862.496948 1256.163940 1777.529175 2440.439941 3223.792480 4113.258301 5099.807617 6178.879395 7245.502441 8230.569336 9118.791992 9990.603516 10518.576172 10783.474609 10871.635742 10448.152344 9755.404297 8982.458008 7920.354980 6820.392090 5558.072266 4248.313477 2698.000732 1363.547852 510.035675
0.000000 0.000000 0.000000 0.000000 0.000000 0.000000 0.000000 0.000000 0.000000 0.000000 0.000000 0.000000 0.338185 0.814275 2.094188 5.269753 10.803166 20.483063 38.826996 72.839554 131.666382 228.008713 376.057434 595.015442 910.237366 1355.480347 1952.996948 2725.418701 3696.455566 4841.446777 6155.201172 7585.158691 9146.188477 10654.400391 12095.028320 13396.518555 14617.471680 15305.137695 15769.762695 15913.486328 15336.634766 14467.898438 13361.711914 11803.441406 10237.435547 8357.544922 6516.246094 4185.098145 2161.811279 830.138428
0.000000 0.000000 0.000000 0.000000 0.000000 0.000000 0.000000 0.000000 0.000000 0.000000 0.000000 0.331879 0.802764 2.010005 4.973776 10.203280 19.230633 36.018730 67.699043 123.364037 214.150635 357.733521 578.071899 906.790955 1381.805420 2035.761597 2903.618408 4004.467041 5358.529785 6985.436523 8861.429688 10907.998047 13054.175781 15144.588867 17214.230469 19076.320312 20681.085938 21615.435547 22353.632812 22548.498047 21889.916016 20799.845703 19193.652344 17066.324219 14877.939453 12226.090820 9612.470703 6237.324219 3307.412842 1305.100098
0.000000 0.000000 0.000000 0.000000 0.000000 0.000000 0.000000 0.000000 0.000000 0.000000 0.334900 0.784723 1.858846 4.428854 9.265084 17.402967 32.379566 60.633987 110.874352 194.373672 325.956909 532.467285 848.983582 1322.437378 1999.516357 2919.022217 4118.986328 5627.020508 7474.185059 9719.558594 12308.834961 15125.983398 17959.945312 20842.689453 23672.361328 26269.248047 28264.853516 29715.117188 30784.669922 30943.710938 30338.410156 28948.996094 26747.046875 24031.906250 20961.517578 17361.785156 13629.612305 9060.200195 4884.212891 1976.142456
0.000000 0.000000 0.000000 0.000000 0.000000 0.000000 0.000000 0.000000 0.000000 0.310409 0.709341 1.612733 3.747446 7.986216 15.139071 28.081097 52.234280 95.946480 169.210403 286.678558 470.607391 756.915344 1196.923706 1845.896240 2760.990234 3990.812744 5584.760742 7612.577637 10087.397461 13037.308594 16469.464844 20173.972656 23939.986328 27826.914062 31511.503906 34977.523438 37477.207031 39790.578125 41058.429688 41312.593750 40812.156250 39075.832031 36247.730469 32975.210938 28729.439453 23960.408203 18737.234375 12813.441406 6990.626953 2893.574951
0.000000 0.000000 0.000000 0.000000 0.000000 0.000000 0.000000 0.000000 0.262162 0.594261 1.330540 2.982299 6.489716 12.615043 23.362059 43.287136 79.654854 141.815399 242.370529 401.484985 650.911133 1036.556152 1620.177124 2463.878662 3636.229980 5227.541016 7300.062500 9925.025391 13109.524414 16852.904297 21244.023438 26034.380859 30982.554688 35969.289062 40618.750000 45042.281250 48472.812500 51654.718750 53144.808594 53683.203125 53290.511719 51181.367188 47864.023438 43873.972656 38309.929688 32079.742188 25094.246094 17591.078125 9713.534180 4116.289062
0.000000 0.000000 0.000000 0.000000 0.000000 0.000000 0.000000 0.200663 0.454515 1.010308 2.245907 4.920981 9.821041 18.523186 34.370277 63.161003 113.619499 196.727814 329.709656 539.572510 865.757324 1363.469482 2097.519287 3147.533936 4609.044922 6604.866211 9200.695312 12462.837891 16420.867188 21102.208984 26528.816406 32573.375000 38765.195312 44997.554688 50759.644531 56379.093750 61080.542969 64973.871094 66956.085938 67878.929688 67580.507812 65268.687500 61569.128906 56687.152344 49731.167969 41841.394531 32936.996094 23503.181641 13186.677734 5718.780273
0.000000 0.000000 0.000000 0.000000 0.000000 0.000000 0.000000 0.316355 0.704119 1.545570 3.418724 7.113079 13.702510 25.704699 47.682423 86.276917 151.367340 257.520874 427.008179 693.229065 1102.520386 1718.473511 2609.260010 3868.597168 5645.454102 8067.575684 11215.309570 15139.376953 19930.332031 25597.400391 32119.835938 39452.042969 46996.167969 54617.796875 61735.808594 68710.796875 74716.679688 79358.234375 82146.812500 83468.078125 83569.937500 81140.921875 77059.960938 71256.953125 62982.378906 53230.953125 42237.406250 30527.091797 17416.650391 7730.950195
0.000000 0.000000 0.000000 0.000000 0.000000 0.000000 0.200980 0.452066 0.992763 2.159080 4.686886 9.412022 17.976517 33.789837 62.134289 110.480240 190.028275 319.789429 526.963318 851.334290 1345.764648 2075.796143 3129.875000 4626.919434 6736.099609 9577.975586 13255.646484 17841.955078 23501.919922 30170.701172 37780.398438 46440.929688 55448.019531 64559.300781 73181.812500 81537.085938 88809.750000 94410.820312 98141.921875 100080.031250 100799.234375 98291.187500 93951.468750 87330.851562 77747.375000 66182.140625 53012.699219 38806.308594 22597.892578 10252.906250
0.000000 0.000000 0.000000 0.000000 0.000000 0.000000 0.268787 0.597394 1.298011 2.810209 5.972549 11.759132 22.489044 42.243717 76.809158 133.843002 227.244049 380.727814 625.675964 1007.090088 1584.472778 2424.717773 3624.468994 5349.960938 7784.565430 11051.109375 15250.264648 20488.189453 27015.105469 34653.785156 43398.773438 53381.027344 63908.609375 74543.250000 84732.929688 94480.953125 103081.570312 109799.664062 114588.585938 117334.554688 118635.664062 116283.820312 111812.265625 104454.015625 93888.312500 80492.296875 65067.910156 48196.578125 28651.191406 13298.283203
0.000000 0.000000 0.000000 0.000000 0.000000 0.000000 0.334972 0.740539 1.599440 3.432320 7.127610 13.998724 27.029177 50.699963 90.644897 154.932556 262.256378 438.139618 719.155945 1155.388550 1801.727417 2726.353027 4050.995361 5973.839844 8663.523438 12304.157227 17014.947266 22963.253906 30305.726562 38869.472656 48749.519531 59977.906250 72025.335938 84137.835938 95993.484375 107101.664062 117143.562500 125126.750000 131097.625000 134701.171875 136689.937500 134716.609375 130275.351562 122413.484375 110856.617188 95794.476562 78338.546875 58723.062500 35655.316406 16942.644531
0.000000 0.000000 0.000000 0.000000 0.000000 0.000000 0.361578 0.802184 1.735052 3.690051 7.546857 14.874944 28.971642 55.014206 98.795898 170.570450 289.095184 481.571442 787.765747 1261.914307 1961.702393 2966.693848 4418.820801 6472.743652 9346.039062 13265.692383 18443.378906 25001.597656 33048.843750 42582.316406 53490.011719 65893.289062 79321.882812 92825.304688 106268.703125 118802.546875 130336.265625 139653.812500 146885.453125 151432.750000 154445.250000 153111.046875 148764.890625 140572.703125 128488.578125 111971.398438 92605.570312 70254.781250 43562.808594 21199.724609
0.000000 0.000000 0.000000 0.000000 0.000000 0.000000 0.366033 0.813417 1.761587 3.741468 7.624373 15.004638 29.315109 55.840500 100.706078 174.795654 296.549286 493.409332 806.228577 1288.927246 2008.667603 3061.409180 4579.647949 6722.818359 9714.657227 13826.473633 19274.152344 26193.119141 34743.453125 45005.718750 56841.242188 70365.859375 85177.656250 100166.375000 115095.531250 129018.890625 142066.265625 152607.500000 161112.234375 166669.187500 170947.078125 170743.734375 166648.359375 158677.453125 146226.265625 128486.851562 107443.234375 82522.460938 52422.515625 26096.212891
0.000000 0.000000 0.000000 0.000000 0.000000 0.000000 0.350794 0.784824 1.725500 3.721407 7.621845 14.942035 29.039463 55.389618 100.464935 174.923615 296.710358 493.567413 805.868042 1285.380737 2004.509033 3056.700928 4571.410645 6723.915039 9747.695312 13936.389648 19496.173828 26570.060547 35317.757812 45954.226562 58287.601562 72463.820312 88141.914062 104278.257812 120585.429688 136150.000000 150968.921875 162907.531250 173089.078125 179562.171875 185006.546875 186720.093750 183176.031250 175540.734375 163469.812500 145123.562500 122602.000000 95379.281250 62264.015625 31682.242188
0.000000 0.000000 0.000000 0.000000 0.000000 0.000000 0.277807 0.630679 1.419342 3.152038 6.785800 13.415550 25.594061 48.501240 90.009628 161.219025 277.452148 463.017365 755.421143 1211.830444 1909.313965 2946.219971 4444.140137 6576.513184 9579.813477 13732.409180 19330.562500 26508.751953 35372.539062 46187.593750 58776.480469 73323.367188 89456.875000 106293.789062 123313.578125 139787.156250 155818.406250 169200.375000 181734.125000 189879.546875 196265.343750 199513.812500 197500.125000 190727.781250 179356.562500 161039.156250 137624.328125 108432.375000 72656.460938 37843.960938
0.000000 0.000000 0.000000 0.000000 0.000000 0.000000 0.202071 0.468159 1.058974 2.367053 5.268295 11.009777 21.267347 40.274174 75.605705 137.062073 239.203751 404.031799 663.850464 1072.755127 1708.618774 2671.857178 4085.653564 6109.242676 8960.927734 12901.825195 18274.214844 25355.193359 34200.746094 44946.281250 57640.156250 72561.289062 89220.171875 106688.257812 124113.890625 141434.390625 158185.406250 172530.468750 186385.562500 196565.546875 204641.953125 208991.828125 209320.203125 203645.984375 193239.125000 175716.328125 151943.093750 121458.492188 83682.664062 44632.277344
0.000000 0.000000 0.000000 0.000000 0.000000 0.000000 0.000000 0.311986 0.726355 1.644113 3.680592 8.218248 16.688072 32.317795 60.749054 110.776596 196.344162 338.160675 563.825134 919.224243 1474.906738 2329.819580 3610.431152 5468.709473 8105.200684 11762.978516 16741.949219 23386.257812 31864.609375 42287.003906 54602.378906 69166.046875 85607.914062 103054.937500 120727.085938 139052.343750 156955.906250 172074.515625 187098.921875 198959.781250 208646.250000 214213.437500 216520.703125 213091.406250 204451.734375 188387.546875 165221.609375 134082.234375 94901.398438 51907.640625
0.000000 0.000000 0.000000 0.000000 0.000000 0.000000 0.000000 0.000000 0.438803 1.039318 2.366396 5.348306 11.932306 24.303938 45.968880 84.648209 153.074570 269.469818 459.293671 760.208862 1230.661743 1963.038208 3081.845947 4738.029785 7121.845215 10462.574219 15013.612305 21117.685547 29071.261719 39007.703125 50808.804688 64779.207031 80783.789062 98005.414062 115276.367188 133829.609375 152242.218750 168308.609375 184664.875000 198230.046875 209632.468750 216806.921875 220581.484375 219107.750000 212729.609375 198505.593750 176637.328125 145706.078125 106070.757812 59612.378906
0.000000 0.000000 0.000000 0.000000 0.000000 0.000000 0.000000 0.000000 0.210611 0.559582 1.362917 3.145255 7.239357 16.207632 31.858551 60.303093 111.807411 201.282745 353.392578 600.254272 987.290955 1595.450195 2535.409912 3955.292236 6041.835938 9026.812500 13120.172852 18610.919922 25848.734375 35083.027344 46222.953125 59519.609375 74630.890625 91280.179688 108223.664062 126584.015625 144990.062500 162015.421875 178678.828125 193525.000000 206259.687500 215183.703125 220181.093750 220930.437500 217157.546875 205605.750000 186069.296875 156069.734375 116743.187500 67522.773438
0.000000 0.000000 0.000000 0.000000 0.000000 0.000000 0.000000 0.000000 0.000000 0.234301 0.638828 1.617014 3.808648 8.725377 19.418762 39.461613 75.413841 139.496048 252.518311 444.051727 755.769348 1244.001343 2001.306763 3169.577393 4934.030762 7523.536621 11125.481445 15990.442383 22426.410156 30708.367188 41026.464844 53523.472656 67567.875000 83170.734375 99729.203125 117697.968750 135861.187500 153532.843750 170452.140625 186281.656250 200505.968750 211059.328125 217341.781250 220614.593750 219048.140625 209301.906250 192548.375000 164447.312500 126314.101562 75465.195312
0.000000 0.000000 0.000000 0.000000 0.000000 0.000000 0.000000 0.000000 0.000000 0.000000 0.247380 0.672634 1.726050 4.136865 9.519521 21.861454 46.258751 89.884422 167.430969 305.158417 542.290649 922.144775 1519.290527 2444.358154 3863.930908 6009.270508 9082.058594 13325.577148 18979.275391 26246.472656 35498.105469 46998.921875 59970.214844 74421.273438 90120.796875 107591.117188 125226.687500 143146.937500 160517.437500 177056.328125 192009.281250 204314.812500 211513.265625 216455.921875 216903.578125 210043.843750 196397.953125 170749.390625 134707.859375 83232.609375
0.000000 0.000000 0.000000 0.000000 0.000000 0.000000 0.000000 0.000000 0.000000 0.000000 0.000000 0.253497 0.678364 1.733428 4.215226 9.881571 23.000200 52.278141 104.448250 195.949753 355.295319 635.269165 1098.048950 1812.619995 2919.949219 4616.837402 7125.194336 10702.676758 15578.538086 21913.509766 29975.404297 40177.781250 52012.851562 65335.015625 80232.234375 96600.031250 113823.453125 131526.703125 149634.609375 166349.203125 181938.546875 195332.546875 204023.906250 210296.687500 212492.890625 208126.359375 196918.718750 175264.937500 141511.296875 90652.398438
0.000000 0.000000 0.000000 0.000000 0.000000 0.000000 0.000000 0.000000 0.000000 0.000000 0.000000 0.000000 0.256115 0.675858 1.746944 4.373005 10.482344 24.412769 56.753040 118.230423 223.511124 407.899048 725.500244 1260.365234 2116.220947 3436.166016 5413.778809 8261.245117 12309.222656 17788.662109 24820.904297 33517.683594 43923.054688 56291.000000 70295.703125 85369.132812 101892.500000 119587.953125 137274.812500 154922.031250 170367.625000 184840.609375 195455.484375 202491.843750 205930.000000 204077.921875 195697.734375 177063.187500 145969.187500 97402.851562
0.000000 0.000000 0.000000 0.000000 0.000000 0.000000 0.000000 0.000000 0.000000 0.000000 0.000000 0.000000 0.000000 0.266041 0.687882 1.760150 4.443612 10.928960 25.921162 60.346127 129.805908 253.302872 461.937683 820.974182 1432.096436 2434.882324 3983.474121 6230.550293 9462.961914 13915.604492 20002.707031 27473.830078 36462.621094 47495.773438 60098.789062 74284.109375 89726.156250 106469.335938 123736.812500 141718.000000 157598.109375 172614.390625 184315.625000 192841.812500 197772.875000 198166.546875 192508.640625 177167.937500 149197.328125 103389.578125
0.000000 0.000000 0.000000 0.000000 0.000000 0.000000 0.000000 0.000000 0.000000 0.000000 0.000000 0.000000 0.000000 0.000000 0.284117 0.716617 1.796099 4.491951 11.147651 27.155338 63.294624 136.368469 272.709991 514.746887 933.044495 1637.912598 2775.505127 4536.155273 7141.469727 10752.972656 15619.684570 21851.578125 29616.857422 39070.507812 50092.183594 62699.562500 76790.195312 92491.289062 108603.906250 126009.867188 142549.265625 157900.843750 170963.765625 181145.984375 188114.796875 190139.796875 187137.296875 175589.187500 150884.062500 108570.046875
