tests/test_03/output3/CloudConcentration_010.00hrs.dat
NCOLS    50
NROWS    50
XLLCORNER    -2289770.000
YLLCORNER     2591270.000
CELLSIZE        2000.000       2000.000
NODATA_VALUE  0.000
[rows 0 to 42 of 50, columns 0 to 49 of 50]
0.000 0.000 0.000 0.000 0.000 0.000 0.000 0.000 0.000 0.000 0.000 0.000 0.000 0.000 0.000 0.000 0.000 0.000 0.264 0.572 1.225 2.458 4.570 7.739 12.614 21.320 35.258 53.739 78.293 106.216 139.566 178.610 226.982 297.986 367.197 412.637 445.876 455.305 457.600 454.716 478.005 470.297 400.611 312.669 231.826 163.948 109.866 72.297 41.608 16.248
0.000 0.000 0.000 0.000 0.000 0.000 0.000 0.000 0.000 0.000 0.000 0.000 0.000 0.000 0.000 0.000 0.000 0.261 0.576 1.275 2.815 5.505 9.909 16.446 26.730 42.577 68.489 102.983 145.272 197.892 254.043 316.217 382.728 468.277 586.707 681.689 734.977 752.358 756.246 744.755 722.615 742.896 673.107 563.656 416.600 312.628 212.387 141.996 82.359 31.841
0.000 0.000 0.000 0.000 0.000 0.000 0.000 0.000 0.000 0.000 0.000 0.000 0.000 0.000 0.000 0.000 0.288 0.649 1.525 3.571 7.144 12.848 21.991 35.973 56.363 84.165 125.401 187.495 264.912 354.968 457.320 554.917 658.161 769.528 945.185 1128.152 1216.281 1280.705 1268.354 1215.449 1148.806 1176.706 1101.580 942.120 753.827 554.521 403.753 265.023 158.566 61.773
0.000 0.000 0.000 0.000 0.000 0.000 0.000 0.000 0.000 0.000 0.000 0.000 0.000 0.000 0.000 0.295 0.687 1.707 4.225 8.488 15.529 27.568 46.917 74.721 111.634 159.903 222.259 322.514 456.029 608.349 775.538 944.504 1105.920 1273.174 1468.576 1764.679 1951.946 2042.400 2054.665 1967.496 1868.587 1795.293 1717.677 1544.693 1283.888 959.075 702.780 453.243 277.485 110.175
0.000 0.000 0.000 0.000 0.000 0.000 0.000 0.000 0.000 0.000 0.000 0.000 0.000 0.000 0.316 0.749 1.912 4.847 9.708 18.175 33.034 57.472 93.774 144.283 208.567 290.308 394.113 526.436 744.867 997.320 1259.933 1548.419 1786.403 2028.581 2263.613 2651.477 2998.022 3157.827 3242.874 3083.515 2904.219 2665.725 2624.278 2427.116 2034.693 1614.042 1161.912 754.584 467.548 190.170
0.000 0.000 0.000 0.000 0.000 0.000 0.000 0.000 0.000 0.000 0.000 0.000 0.000 0.330 0.789 2.038 5.124 10.448 19.454 36.081 65.045 110.263 173.318 257.763 369.389 502.905 672.371 876.405 1163.347 1556.054 1967.712 2394.923 2802.220 3139.083 3458.916 3840.002 4434.396 4729.060 4846.458 4663.756 4393.191 4060.035 3893.845 3620.966 3149.091 2589.806 1859.615 1207.020 747.707 314.848
0.000 0.000 0.000 0.000 0.000 0.000 0.000 0.000 0.000 0.000 0.000 0.000 0.335 0.804 2.060 5.166 10.498 19.635 36.594 67.156 117.431 193.437 298.898 435.224 615.146 839.064 1098.151 1399.147 1745.431 2311.883 2944.834 3569.585 4228.471 4663.808 5084.807 5465.383 6319.635 6830.651 6982.604 6852.915 6457.831 5985.342 5574.380 5252.170 4711.817 3901.747 2893.299 1872.718 1165.156 510.813
0.000 0.000 0.000 0.000 0.000 0.000 0.000 0.000 0.000 0.000 0.000 0.331 0.798 1.996 4.930 10.070 18.846 34.958 64.890 116.142 196.061 314.268 479.598 699.467 981.138 1328.797 1717.418 2151.203 2636.850 3292.874 4227.585 5147.987 6037.849 6711.512 7302.021 7832.024 8693.945 9477.992 9753.079 9849.936 9195.423 8535.400 7790.559 7408.591 6804.451 5684.505 4323.436 2794.683 1746.770 800.701
0.000 0.000 0.000 0.000 0.000 0.000 0.000 0.000 0.000 0.000 0.334 0.783 1.853 4.411 9.211 17.240 31.913 59.356 107.487 185.621 304.037 480.122 730.660 1068.263 1489.359 1992.703 2564.680 3155.372 3823.987 4575.386 5809.833 7115.497 8296.294 9398.920 10130.094 10793.978 11522.148 12760.715 13313.330 13507.141 12716.310 11870.223 10855.440 10190.518 9499.517 8024.592 6235.243 4055.546 2533.340 1205.516
0.000 0.000 0.000 0.000 0.000 0.000 0.000 0.000 0.000 0.310 0.709 1.611 3.741 7.965 15.074 27.887 51.683 94.439 165.222 276.431 445.145 696.107 1057.944 1545.610 2150.344 2842.284 3634.525 4475.546 5380.596 6345.614 7684.638 9478.973 11052.501 12650.069 13586.360 14414.414 14955.410 16689.680 17599.270 17853.471 17090.221 16001.942 14660.188 13683.722 12824.422 11025.957 8712.020 5725.915 3573.646 1752.118
0.000 0.000 0.000 0.000 0.000 0.000 0.000 0.000 0.262 0.594 1.330 2.980 6.482 12.590 23.286 43.062 79.015 140.061 237.725 389.601 621.605 967.162 1461.849 2120.264 2931.728 3868.823 4940.621 6114.634 7247.455 8427.315 9807.654 12179.041 14279.480 16305.387 17647.857 18659.914 19353.812 21172.037 22517.627 22911.191 22274.527 20913.195 19243.639 17839.627 16858.246 14718.201 11808.692 7853.198 4909.736 2462.903
0.000 0.000 0.000 0.000 0.000 0.000 0.000 0.201 0.454 1.010 2.245 4.919 9.813 18.497 34.289 62.914 112.900 194.725 324.371 525.914 832.261 1284.742 1918.804 2760.554 3820.046 5068.316 6446.042 7967.201 9391.185 10894.284 12472.938 15081.290 17810.316 20294.303 22202.869 23402.391 24340.811 26073.895 28000.236 28585.545 28178.652 26542.342 24562.990 22623.734 21597.047 19119.141 15551.247 10478.223 6605.118 3371.144
0.000 0.000 0.000 0.000 0.000 0.000 0.000 0.316 0.704 1.545 3.418 7.111 13.695 25.679 47.600 86.024 150.623 255.412 421.288 678.372 1065.602 1630.762 2412.676 3450.795 4787.782 6378.924 8081.347 9938.170 11790.666 13591.376 15447.771 18094.529 21507.469 24496.688 27077.344 28516.193 29657.777 31269.307 33865.707 34662.785 34738.797 32763.695 30578.154 28014.178 27021.424 24191.572 19905.020 13593.758 8653.422 4474.454
0.000 0.000 0.000 0.000 0.000 0.000 0.201 0.452 0.993 2.159 4.686 9.410 17.969 33.764 62.052 110.228 189.281 317.667 521.185 836.259 1307.964 1984.627 2920.271 4170.297 5781.033 7699.274 9777.966 11992.536 14305.914 16379.672 18477.115 21132.775 25251.975 28776.977 32088.227 33790.512 35130.379 36645.852 39865.137 41055.273 41647.398 39388.551 37050.289 34142.926 32991.285 29855.912 24877.158 17222.609 11168.668 5828.618
0.000 0.000 0.000 0.000 0.000 0.000 0.269 0.597 1.298 2.810 5.972 11.757 22.482 42.221 76.734 133.605 226.523 378.648 619.953 992.061 1546.630 2332.833 3409.405 4867.262 6760.803 9016.930 11475.274 14051.613 16839.016 19151.309 21568.602 24124.994 28961.768 33038.734 37060.215 39071.641 40687.824 42098.082 45887.734 47625.238 48586.832 46207.297 43762.293 40563.332 39448.219 35981.387 30365.387 21295.404 14106.076 7434.333
0.000 0.000 0.000 0.000 0.000 0.000 0.335 0.741 1.599 3.432 7.127 13.997 27.023 50.680 90.579 154.721 261.608 436.235 713.810 1141.067 1764.913 2635.047 3835.167 5490.278 7639.990 10237.466 13096.296 16055.072 19172.645 21855.707 24611.699 27305.182 32469.229 37116.848 41766.695 44156.609 46063.125 47495.242 51841.836 54154.000 55343.703 53044.566 50515.375 47090.996 46131.988 42434.566 36293.531 25813.014 17563.895 9305.165
0.000 0.000 0.000 0.000 0.000 0.000 0.362 0.802 1.735 3.690 7.547 14.874 28.967 54.997 98.739 170.387 288.524 479.868 782.904 1248.643 1926.961 2878.845 4203.984 6003.807 8363.657 11277.804 14546.400 17811.467 21226.596 24380.969 27368.602 30255.793 35574.871 40756.766 45968.297 48729.758 50947.781 52584.785 57430.691 60265.770 61699.430 59694.434 57107.137 53549.023 52882.402 49104.383 42491.578 30706.355 21502.803 11471.934
0.000 0.000 0.000 0.000 0.000 0.000 0.366 0.813 1.762 3.741 7.624 15.004 29.311 55.827 100.659 174.641 296.061 491.932 801.953 1277.077 1977.134 2980.188 4377.313 6272.900 8768.403 11868.864 15380.091 18953.191 22663.418 26278.676 29460.518 32534.775 37884.613 43720.559 49465.359 52609.375 55104.008 57079.375 62375.414 65679.742 67280.125 65858.516 63189.598 59932.332 59582.824 55796.918 48657.844 35849.578 25964.979 13868.153
0.000 0.000 0.000 0.000 0.000 0.000 0.351 0.785 1.725 3.721 7.622 14.941 29.037 55.379 100.428 174.798 296.306 492.324 802.219 1275.140 1976.921 2984.977 4392.487 6306.966 8835.723 12002.479 15613.367 19322.812 23143.209 26946.641 30237.525 33438.398 38765.777 44969.305 51227.484 55021.953 58064.465 60697.684 66575.523 70261.703 71752.992 71200.992 68555.023 65992.273 65952.000 62444.758 54726.109 41119.578 30960.168 16481.168
0.000 0.000 0.000 0.000 0.000 0.000 0.278 0.631 1.419 3.152 6.786 13.415 25.592 48.494 89.982 161.121 277.128 462.001 752.388 1203.192 1885.735 2884.380 4288.319 6201.922 8731.988 11907.856 15577.063 19357.096 23200.869 27053.105 30368.021 33599.805 38984.676 45392.555 51705.348 55664.453 59057.762 62722.777 69536.633 74035.883 75264.680 75146.000 73152.445 71303.328 71703.625 68582.719 60441.602 46367.250 36260.316 19151.156
0.000 0.000 0.000 0.000 0.000 0.000 0.202 0.468 1.059 2.367 5.268 11.009 21.266 40.269 75.585 136.988 238.952 403.217 661.360 1065.518 1688.523 2618.366 3948.995 5774.504 8182.898 11215.051 14794.140 18625.070 22496.996 26331.061 29580.836 32922.125 38588.711 45234.891 51355.871 55622.348 59146.430 63574.621 70635.320 75923.188 77384.672 77509.852 76505.391 75919.117 76626.547 73880.688 65556.133 51400.980 41854.484 21927.811
0.000 0.000 0.000 0.000 0.000 0.000 0.000 0.312 0.726 1.644 3.681 8.218 16.687 32.314 60.734 110.722 196.153 337.525 561.818 913.230 1457.888 2283.654 3490.507 5171.053 7400.642 10204.633 13508.979 17077.926 20761.506 24416.641 27538.195 30727.326 36591.008 43232.359 48995.402 53651.137 57668.824 63710.953 71146.555 76286.164 78050.648 78419.945 77952.156 79589.664 80778.164 78126.625 69887.953 56007.531 47520.926 24870.207
0.000 0.000 0.000 0.000 0.000 0.000 0.000 0.000 0.439 1.039 2.366 5.348 11.932 24.301 45.958 84.608 152.934 268.994 457.752 755.459 1216.775 1924.422 2979.273 4478.214 6495.631 9046.862 12046.827 15284.204 18692.479 22107.449 25111.389 28088.939 34132.672 40641.191 45921.156 50649.902 54946.926 62215.332 70195.562 75054.641 77855.859 78376.164 79125.539 81852.445 83481.203 80868.914 73329.406 59936.156 53092.027 27915.814
0.000 0.000 0.000 0.000 0.000 0.000 0.000 0.000 0.211 0.560 1.363 3.145 7.239 16.205 31.850 60.272 111.700 200.923 352.219 596.560 976.184 1563.725 2449.247 3732.448 5494.672 7760.973 10433.329 13290.959 16319.851 19362.594 22235.596 25285.531 31099.607 37311.938 42190.758 46814.121 51247.891 59892.219 67541.258 72067.461 75492.836 76858.625 79995.211 83004.281 84741.422 81657.250 75472.453 63657.961 58230.684 30987.562
0.000 0.000 0.000 0.000 0.000 0.000 0.000 0.000 0.000 0.234 0.639 1.617 3.808 8.723 19.412 39.436 75.327 139.210 251.599 441.169 746.996 1218.390 1930.137 2981.657 4463.636 6411.094 8728.942 11209.667 13842.006 16398.549 19035.775 22497.992 27841.059 33312.188 37993.980 42362.180 48412.273 56852.602 63679.590 68381.109 72057.297 74347.938 79884.102 83479.008 84625.258 81619.211 76431.258 67726.242 62676.070 34134.965
0.000 0.000 0.000 0.000 0.000 0.000 0.000 0.000 0.000 0.000 0.247 0.673 1.726 4.135 9.513 21.840 46.185 89.644 166.678 302.854 535.375 901.865 1461.876 2289.078 3466.241 5052.206 6987.017 9095.097 11374.368 13484.917 15690.044 19472.285 24384.029 29011.781 33432.543 37756.727 45067.773 52927.730 59014.309 63904.230 67743.836 73131.531 78729.500 81936.617 82213.680 80253.539 76210.312 70586.953 65846.930 37217.820
0.000 0.000 0.000 0.000 0.000 0.000 0.000 0.000 0.000 0.000 0.000 0.253 0.678 1.732 4.210 9.863 22.937 52.071 103.803 194.023 349.684 619.172 1052.616 1688.190 2594.222 3809.447 5319.710 7028.764 8951.969 10729.729 12588.899 16358.241 20776.480 24752.127 28725.264 33768.445 41357.762 48148.824 54018.676 59059.496 63231.664 71078.062 76669.570 78922.727 79420.820 78016.539 74740.477 72383.789 67970.406 40338.051
0.000 0.000 0.000 0.000 0.000 0.000 0.000 0.000 0.000 0.000 0.000 0.000 0.256 0.675 1.743 4.358 10.429 24.236 56.200 116.579 218.772 394.629 688.874 1161.197 1855.554 2774.677 3899.991 5181.664 6650.468 8164.709 10156.711 13418.043 17016.262 20666.969 24312.771 30392.771 37262.328 43200.852 48868.000 53967.188 60674.562 68329.766 73435.641 75512.016 76190.281 75184.062 73100.766 73060.289 69026.250 43060.402
0.000 0.000 0.000 0.000 0.000 0.000 0.000 0.000 0.000 0.000 0.000 0.000 0.000 0.265 0.685 1.748 4.399 10.781 25.452 58.941 125.779 242.159 431.767 740.311 1221.060 1902.526 2746.975 3697.417 4746.658 5881.746 8010.562 10795.645 13619.298 16705.854 20885.191 26810.898 32598.855 38099.219 43335.293 49089.562 57384.223 64498.180 68972.820 71376.922 72320.352 71905.078 73228.945 73074.078 69399.055 45297.191
0.000 0.000 0.000 0.000 0.000 0.000 0.000 0.000 0.000 0.000 0.000 0.000 0.000 0.000 0.282 0.707 1.760 4.369 10.754 25.975 59.946 127.252 248.535 451.247 765.497 1205.307 1779.798 2499.744 3267.359 4295.622 6101.452 8271.975 10687.683 13255.983 17758.486 22774.625 27660.059 32569.268 37354.191 44582.719 52419.273 58587.707 63318.758 66244.602 68031.133 70393.852 72356.641 72432.352 68481.430 46951.629
0.000 0.000 0.000 0.000 0.000 0.000 0.000 0.000 0.000 0.000 0.000 0.000 0.000 0.000 0.000 0.302 0.740 1.801 4.364 10.500 24.938 57.898 123.927 242.021 440.408 732.098 1102.006 1562.159 2089.917 3103.935 4538.018 6171.109 7989.666 10689.075 14366.733 18323.037 22412.990 26555.527 31696.043 38777.184 45581.965 51453.715 56277.895 59531.219 63515.020 67899.742 70345.562 70255.977 66306.477 49439.730
0.000 0.000 0.000 0.000 0.000 0.000 0.000 0.000 0.000 0.000 0.000 0.000 0.000 0.000 0.000 0.000 0.321 0.768 1.819 4.293 10.109 23.532 53.793 117.359 227.734 398.729 628.947 919.852 1374.956 2153.729 3132.275 4309.937 5763.940 8106.830 10884.381 13852.519 17062.955 20601.041 26247.025 32062.080 37645.180 43176.051 48030.551 52228.555 58636.203 63652.031 66189.734 65946.211 62778.527 51949.590
0.000 0.000 0.000 0.000 0.000 0.000 0.000 0.000 0.000 0.000 0.000 0.000 0.000 0.000 0.000 0.000 0.000 0.330 0.758 1.723 3.935 9.105 21.131 49.096 106.209 195.607 323.957 508.869 871.273 1358.604 1972.827 2710.917 3987.821 5609.340 7451.588 9587.961 12074.653 15979.288 20294.670 24879.520 29662.686 34368.703 39614.965 46352.801 52329.566 57059.270 59550.973 60373.609 58259.801 53083.820
0.000 0.000 0.000 0.000 0.000 0.000 0.000 0.000 0.000 0.000 0.000 0.000 0.000 0.000 0.000 0.000 0.000 0.000 0.324 0.720 1.582 3.483 7.785 17.943 40.330 79.894 148.229 281.306 473.645 725.500 1120.258 1704.434 2431.845 3344.474 4503.983 6330.363 8613.531 11373.833 14563.978 18121.570 22077.260 27264.922 33424.102 39371.684 44401.426 48553.945 51821.207 53439.633 52776.230 52948.449
0.000 0.000 0.000 0.000 0.000 0.000 0.000 0.000 0.000 0.000 0.000 0.000 0.000 0.000 0.000 0.000 0.000 0.000 0.136 0.295 0.630 1.327 2.808 6.443 15.241 34.333 69.113 130.134 230.711 384.962 611.565 944.145 1449.833 2108.467 2976.964 4127.492 5625.524 7506.291 9902.771 13379.734 17426.561 21717.467 26328.020 31337.168 36073.055 39986.941 43348.688 45837.789 48905.836 50177.719
0.000 0.000 0.000 0.000 0.000 0.000 0.000 0.000 0.000 0.000 0.000 0.000 0.000 0.000 0.000 0.000 0.000 0.000 0.000 0.124 0.339 0.849 2.006 4.657 10.341 21.417 42.349 79.048 139.716 234.854 381.050 600.116 912.234 1336.625 1899.352 2800.570 3987.541 5447.141 7348.942 9840.163 12825.084 16166.961 19722.893 23840.934 28003.861 32498.201 37231.129 41302.617 44415.281 45999.363
0.000 0.000 0.000 0.000 0.000 0.000 0.000 0.000 0.000 0.000 0.000 0.000 0.000 0.000 0.000 0.000 0.000 0.000 0.000 0.089 0.234 0.603 1.495 3.652 8.107 16.270 30.815 55.076 91.436 149.473 249.415 402.114 626.745 947.220 1404.663 2033.586 2846.620 3855.830 5173.721 6905.379 9066.333 11672.369 15062.742 18996.084 23276.242 27593.807 31622.301 35316.820 38421.766 40638.945
0.000 0.000 0.000 0.000 0.000 0.000 0.000 0.000 0.000 0.000 0.000 0.000 0.000 0.000 0.000 0.000 0.000 0.000 0.000 0.000 0.173 0.454 1.150 2.709 5.559 10.794 20.993 39.308 70.051 117.250 188.578 293.777 445.817 666.665 989.478 1420.344 1990.521 2852.511 4003.930 5438.302 7274.902 9469.121 11980.208 15055.657 18534.959 22149.709 25587.471 28549.326 31176.889 33368.391
0.000 0.000 0.000 0.000 0.000 0.000 0.000 0.000 0.000 0.000 0.000 0.000 0.000 0.000 0.000 0.000 0.000 0.000 0.000 0.000 0.115 0.313 0.795 1.962 4.324 8.668 16.278 29.455 51.359 85.478 135.195 220.255 344.943 527.623 797.485 1159.894 1636.966 2298.803 3181.643 4261.136 5646.448 7255.753 9056.485 11259.192 13813.506 16463.143 19068.309 21508.383 23826.658 26304.877
0.000 0.000 0.000 0.000 0.000 0.000 0.000 0.000 0.000 0.000 0.000 0.000 0.000 0.000 0.000 0.000 0.000 0.000 0.000 0.000 0.093 0.249 0.637 1.526 3.235 6.434 12.568 23.063 42.699 73.773 117.319 184.947 282.417 426.024 635.495 909.645 1255.027 1736.440 2361.552 3116.643 4056.604 5135.348 6442.591 8027.480 9876.355 11844.560 13841.966 16124.794 18413.840 21441.227
0.000 0.000 0.000 0.000 0.000 0.000 0.000 0.000 0.000 0.000 0.000 0.000 0.000 0.000 0.000 0.000 0.000 0.000 0.000 0.000 0.000 0.197 0.512 1.233 2.769 5.879 11.187 20.048 34.993 58.944 93.297 144.158 215.123 315.283 456.686 639.564 879.422 1199.936 1634.078 2174.995 2908.901 3767.449 4848.492 6155.400 7700.518 9490.691 11456.993 13475.407 15341.706 17853.346
0.000 0.000 0.000 0.000 0.000 0.000 0.000 0.000 0.000 0.000 0.000 0.000 0.000 0.000 0.000 0.000 0.000 0.000 0.000 0.000 0.000 0.200 0.507 1.152 2.386 4.785 8.916 15.907 26.393 42.216 66.301 101.928 155.545 233.770 346.024 494.115 680.218 930.426 1289.428 1763.216 2332.999 3035.962 3896.444 4903.130 6066.263 7376.617 8774.092 10183.355 11517.414 13356.713
0.000 0.000 0.000 0.000 0.000 0.000 0.000 0.000 0.000 0.000 0.000 0.000 0.000 0.000 0.000 0.000 0.000 0.000 0.000 0.000 0.000 0.180 0.448 0.982 1.884 3.588 6.634 12.272 21.361 35.796 56.764 88.005 130.681 189.946 272.988 386.365 531.561 723.877 987.815 1316.020 1693.235 2177.540 2755.217 3424.105 4219.583 5099.195 6027.603 6968.054 7858.008 8915.607
