tests/test_03/output3/CloudLoad_010.00hrs.dat
NCOLS    50
NROWS    50
XLLCORNER    -2289770.000
YLLCORNER     2591270.000
CELLSIZE        2000.000       2000.000
NODATA_VALUE  0.000
[rows 0 to 40 of 50, columns 0 to 49 of 50]
0.000 0.000 0.000 0.000 0.000 0.000 0.000 0.000 0.000 0.000 0.000 0.000 0.000 0.000 0.000 0.000 0.000 0.000 0.294 0.667 1.539 3.491 7.427 14.301 26.000 45.074 73.909 113.574 166.387 234.620 316.167 410.970 521.990 638.412 759.745 878.169 970.725 1036.334 1042.555 1043.975 996.966 936.910 848.662 737.201 540.667 372.398 240.520 141.457 71.107 29.227
0.000 0.000 0.000 0.000 0.000 0.000 0.000 0.000 0.000 0.000 0.000 0.000 0.000 0.000 0.000 0.000 0.000 0.281 0.642 1.500 3.602 8.049 16.249 30.117 53.166 89.013 140.315 210.205 300.893 416.355 556.956 717.272 887.409 1070.870 1260.947 1451.408 1592.020 1689.548 1721.765 1713.527 1620.299 1537.966 1403.876 1207.298 994.455 712.282 475.793 289.648 141.287 53.228
0.000 0.000 0.000 0.000 0.000 0.000 0.000 0.000 0.000 0.000 0.000 0.000 0.000 0.000 0.000 0.000 0.303 0.703 1.742 4.354 9.487 18.652 35.066 62.785 105.920 169.941 260.705 382.965 540.833 738.844 975.993 1238.319 1517.364 1814.100 2112.550 2416.833 2637.116 2794.213 2900.706 2835.045 2709.509 2551.608 2291.162 2019.916 1699.763 1291.077 901.739 566.831 274.570 100.868
0.000 0.000 0.000 0.000 0.000 0.000 0.000 0.000 0.000 0.000 0.000 0.000 0.000 0.000 0.000 0.311 0.743 1.902 4.851 10.262 20.092 38.641 70.448 121.718 197.567 306.518 460.132 666.354 932.043 1255.648 1633.683 2060.529 2523.888 2983.298 3446.841 3890.465 4227.697 4495.215 4673.272 4552.499 4393.662 4109.268 3699.078 3286.855 2750.144 2210.694 1591.257 1002.473 489.387 178.494
0.000 0.000 0.000 0.000 0.000 0.000 0.000 0.000 0.000 0.000 0.000 0.000 0.000 0.000 0.330 0.793 2.047 5.252 10.840 21.092 40.275 75.531 132.599 219.461 346.843 526.444 775.181 1110.632 1537.196 2053.484 2643.319 3310.467 4024.739 4739.401 5424.159 6039.114 6589.409 7017.357 7172.019 7148.807 6896.770 6417.299 5848.252 5178.648 4390.929 3596.698 2665.039 1687.356 838.372 308.140
0.000 0.000 0.000 0.000 0.000 0.000 0.000 0.000 0.000 0.000 0.000 0.000 0.000 0.337 0.812 2.112 5.344 11.074 21.124 40.308 75.586 136.108 231.033 371.470 575.387 862.497 1256.164 1777.529 2440.440 3223.793 4113.258 5099.808 6178.879 7245.503 8230.570 9118.792 9990.604 10518.576 10783.475 10871.636 10448.152 9755.404 8982.458 7920.355 6820.392 5558.072 4248.314 2698.001 1363.548 510.036
0.000 0.000 0.000 0.000 0.000 0.000 0.000 0.000 0.000 0.000 0.000 0.000 0.338 0.814 2.094 5.270 10.803 20.483 38.827 72.840 131.666 228.009 376.057 595.015 910.237 1355.480 1952.997 2725.419 3696.456 4841.447 6155.201 7585.159 9146.189 10654.401 12095.029 13396.519 14617.471 15305.138 15769.763 15913.486 15336.635 14467.898 13361.712 11803.441 10237.436 8357.545 6516.246 4185.098 2161.811 830.138
0.000 0.000 0.000 0.000 0.000 0.000 0.000 0.000 0.000 0.000 0.000 0.332 0.803 2.010 4.974 10.203 19.231 36.019 67.699 123.364 214.151 357.734 578.072 906.791 1381.805 2035.762 2903.618 4004.467 5358.530 6985.437 8861.429 10907.998 13054.176 15144.589 17214.231 19076.320 20681.086 21615.436 22353.633 22548.498 21889.916 20799.846 19193.652 17066.325 14877.940 12226.091 9612.471 6237.324 3307.413 1305.100
0.000 0.000 0.000 0.000 0.000 0.000 0.000 0.000 0.000 0.000 0.335 0.785 1.859 4.429 9.265 17.403 32.380 60.634 110.874 194.374 325.957 532.467 848.984 1322.437 1999.516 2919.022 4118.986 5627.020 7474.185 9719.558 12308.835 15125.983 17959.945 20842.690 23672.362 26269.248 28264.853 29715.118 30784.669 30943.711 30338.411 28948.996 26747.047 24031.907 20961.517 17361.785 13629.612 9060.200 4884.213 1976.142
0.000 0.000 0.000 0.000 0.000 0.000 0.000 0.000 0.000 0.310 0.709 1.613 3.747 7.986 15.139 28.081 52.234 95.946 169.210 286.679 470.607 756.915 1196.924 1845.896 2760.990 3990.813 5584.761 7612.578 10087.397 13037.309 16469.466 20173.973 23939.986 27826.915 31511.504 34977.523 37477.207 39790.577 41058.431 41312.594 40812.158 39075.831 36247.732 32975.212 28729.440 23960.409 18737.235 12813.441 6990.627 2893.575
0.000 0.000 0.000 0.000 0.000 0.000 0.000 0.000 0.262 0.594 1.331 2.982 6.490 12.615 23.362 43.287 79.655 141.815 242.371 401.485 650.911 1036.556 1620.177 2463.879 3636.230 5227.541 7300.062 9925.026 13109.524 16852.904 21244.023 26034.382 30982.554 35969.290 40618.750 45042.283 48472.813 51654.718 53144.807 53683.204 53290.513 51181.368 47864.022 43873.973 38309.929 32079.742 25094.246 17591.079 9713.534 4116.289
0.000 0.000 0.000 0.000 0.000 0.000 0.000 0.201 0.455 1.010 2.246 4.921 9.821 18.523 34.370 63.161 113.619 196.728 329.710 539.572 865.757 1363.469 2097.519 3147.534 4609.045 6604.866 9200.695 12462.838 16420.866 21102.210 26528.816 32573.375 38765.196 44997.554 50759.643 56379.092 61080.542 64973.870 66956.084 67878.930 67580.506 65268.688 61569.131 56687.153 49731.169 41841.395 32936.996 23503.181 13186.677 5718.780
0.000 0.000 0.000 0.000 0.000 0.000 0.000 0.316 0.704 1.546 3.419 7.113 13.703 25.705 47.682 86.277 151.367 257.521 427.008 693.229 1102.520 1718.473 2609.260 3868.597 5645.454 8067.576 11215.309 15139.377 19930.332 25597.400 32119.837 39452.045 46996.169 54617.799 61735.810 68710.797 74716.681 79358.232 82146.811 83468.078 83569.937 81140.926 77059.963 71256.956 62982.380 53230.953 42237.407 30527.092 17416.650 7730.950
0.000 0.000 0.000 0.000 0.000 0.000 0.201 0.452 0.993 2.159 4.687 9.412 17.977 33.790 62.134 110.480 190.028 319.789 526.963 851.334 1345.765 2075.796 3129.875 4626.920 6736.100 9577.976 13255.647 17841.955 23501.919 30170.702 37780.397 46440.930 55448.020 64559.299 73181.813 81537.088 88809.752 94410.824 98141.926 100080.031 100799.231 98291.188 93951.468 87330.848 77747.373 66182.138 53012.698 38806.309 22597.892 10252.906
0.000 0.000 0.000 0.000 0.000 0.000 0.269 0.597 1.298 2.810 5.973 11.759 22.489 42.244 76.809 133.843 227.244 380.728 625.676 1007.090 1584.473 2424.718 3624.469 5349.961 7784.565 11051.110 15250.265 20488.189 27015.105 34653.784 43398.772 53381.028 63908.611 74543.253 84732.932 94480.954 103081.567 109799.661 114588.582 117334.557 118635.665 116283.818 111812.269 104454.013 93888.311 80492.296 65067.910 48196.579 28651.192 13298.283
0.000 0.000 0.000 0.000 0.000 0.000 0.335 0.741 1.599 3.432 7.128 13.999 27.029 50.700 90.645 154.933 262.256 438.140 719.156 1155.389 1801.727 2726.353 4050.995 5973.840 8663.523 12304.157 17014.947 22963.254 30305.727 38869.471 48749.520 59977.906 72025.339 84137.833 95993.482 107101.668 117143.560 125126.751 131097.627 134701.164 136689.936 134716.611 130275.352 122413.487 110856.620 95794.477 78338.548 58723.064 35655.315 16942.644
0.000 0.000 0.000 0.000 0.000 0.000 0.362 0.802 1.735 3.690 7.547 14.875 28.972 55.014 98.796 170.570 289.095 481.571 787.766 1261.914 1961.702 2966.694 4418.821 6472.744 9346.039 13265.692 18443.380 25001.598 33048.844 42582.317 53490.010 65893.289 79321.886 92825.305 106268.701 118802.543 130336.267 139653.819 146885.457 151432.752 154445.252 153111.052 148764.888 140572.698 128488.581 111971.401 92605.573 70254.782 43562.809 21199.724
0.000 0.000 0.000 0.000 0.000 0.000 0.366 0.813 1.762 3.741 7.624 15.005 29.315 55.841 100.706 174.796 296.549 493.409 806.229 1288.927 2008.668 3061.409 4579.648 6722.818 9714.657 13826.474 19274.152 26193.118 34743.453 45005.720 56841.243 70365.858 85177.659 100166.376 115095.531 129018.887 142066.263 152607.493 161112.232 166669.181 170947.086 170743.742 166648.364 158677.460 146226.263 128486.848 107443.233 82522.459 52422.514 26096.214
0.000 0.000 0.000 0.000 0.000 0.000 0.351 0.785 1.725 3.721 7.622 14.942 29.039 55.390 100.465 174.924 296.710 493.567 805.868 1285.381 2004.509 3056.701 4571.410 6723.915 9747.696 13936.390 19496.173 26570.060 35317.757 45954.227 58287.603 72463.821 88141.912 104278.261 120585.432 136149.997 150968.926 162907.534 173089.079 179562.171 185006.551 186720.101 183176.034 175540.729 163469.814 145123.560 122601.998 95379.280 62264.016 31682.242
0.000 0.000 0.000 0.000 0.000 0.000 0.278 0.631 1.419 3.152 6.786 13.416 25.594 48.501 90.010 161.219 277.452 463.017 755.421 1211.831 1909.314 2946.220 4444.140 6576.513 9579.813 13732.409 19330.562 26508.752 35372.539 46187.593 58776.482 73323.365 89456.878 106293.789 123313.582 139787.158 155818.408 169200.377 181734.125 189879.545 196265.348 199513.817 197500.130 190727.775 179356.565 161039.157 137624.325 108432.375 72656.460 37843.962
0.000 0.000 0.000 0.000 0.000 0.000 0.202 0.468 1.059 2.367 5.268 11.010 21.267 40.274 75.606 137.062 239.204 404.032 663.850 1072.755 1708.619 2671.857 4085.654 6109.243 8960.928 12901.825 18274.215 25355.193 34200.748 44946.282 57640.157 72561.289 89220.173 106688.258 124113.892 141434.385 158185.412 172530.475 186385.557 196565.550 204641.947 208991.821 209320.198 203645.978 193239.129 175716.321 151943.097 121458.496 83682.663 44632.277
0.000 0.000 0.000 0.000 0.000 0.000 0.000 0.312 0.726 1.644 3.681 8.218 16.688 32.318 60.749 110.777 196.344 338.161 563.825 919.224 1474.907 2329.820 3610.431 5468.710 8105.200 11762.979 16741.949 23386.258 31864.610 42287.003 54602.379 69166.044 85607.917 103054.935 120727.084 139052.348 156955.901 172074.517 187098.928 198959.780 208646.255 214213.431 216520.703 213091.411 204451.740 188387.552 165221.602 134082.242 94901.396 51907.641
0.000 0.000 0.000 0.000 0.000 0.000 0.000 0.000 0.439 1.039 2.366 5.348 11.932 24.304 45.969 84.648 153.075 269.470 459.294 760.209 1230.662 1963.038 3081.846 4738.030 7121.845 10462.574 15013.613 21117.686 29071.261 39007.702 50808.805 64779.208 80783.793 98005.414 115276.364 133829.607 152242.217 168308.605 184664.871 198230.044 209632.468 216806.920 220581.480 219107.744 212729.607 198505.596 176637.328 145706.086 106070.762 59612.379
0.000 0.000 0.000 0.000 0.000 0.000 0.000 0.000 0.211 0.560 1.363 3.145 7.239 16.208 31.859 60.303 111.807 201.283 353.393 600.254 987.291 1595.450 2535.410 3955.292 6041.836 9026.812 13120.173 18610.919 25848.735 35083.027 46222.953 59519.610 74630.892 91280.182 108223.661 126584.014 144990.062 162015.418 178678.834 193524.996 206259.688 215183.696 220181.093 220930.442 217157.549 205605.754 186069.293 156069.735 116743.187 67522.772
0.000 0.000 0.000 0.000 0.000 0.000 0.000 0.000 0.000 0.234 0.639 1.617 3.809 8.725 19.419 39.462 75.414 139.496 252.518 444.052 755.769 1244.001 2001.307 3169.577 4934.031 7523.537 11125.481 15990.443 22426.410 30708.368 41026.464 53523.472 67567.876 83170.733 99729.200 117697.966 135861.187 153532.846 170452.144 186281.649 200505.971 211059.321 217341.778 220614.586 219048.148 209301.913 192548.381 164447.311 126314.104 75465.199
0.000 0.000 0.000 0.000 0.000 0.000 0.000 0.000 0.000 0.000 0.247 0.673 1.726 4.137 9.520 21.861 46.259 89.884 167.431 305.158 542.291 922.145 1519.290 2444.358 3863.931 6009.270 9082.059 13325.577 18979.275 26246.473 35498.107 46998.921 59970.214 74421.274 90120.794 107591.113 125226.689 143146.940 160517.443 177056.326 192009.286 204314.820 211513.268 216455.926 216903.572 210043.838 196397.947 170749.396 134707.862 83232.606
0.000 0.000 0.000 0.000 0.000 0.000 0.000 0.000 0.000 0.000 0.000 0.253 0.678 1.733 4.215 9.882 23.000 52.278 104.448 195.950 355.295 635.269 1098.049 1812.620 2919.949 4616.837 7125.194 10702.677 15578.538 21913.510 29975.404 40177.783 52012.852 65335.016 80232.236 96600.028 113823.455 131526.708 149634.604 166349.198 181938.545 195332.543 204023.912 210296.690 212492.887 208126.354 196918.720 175264.936 141511.303 90652.396
0.000 0.000 0.000 0.000 0.000 0.000 0.000 0.000 0.000 0.000 0.000 0.000 0.256 0.676 1.747 4.373 10.482 24.413 56.753 118.230 223.511 407.899 725.500 1260.365 2116.221 3436.166 5413.779 8261.246 12309.223 17788.662 24820.905 33517.683 43923.054 56290.999 70295.700 85369.134 101892.498 119587.949 137274.808 154922.024 170367.622 184840.612 195455.480 202491.849 205929.993 204077.918 195697.740 177063.181 145969.180 97402.848
0.000 0.000 0.000 0.000 0.000 0.000 0.000 0.000 0.000 0.000 0.000 0.000 0.000 0.266 0.688 1.760 4.444 10.929 25.921 60.346 129.806 253.303 461.938 820.974 1432.096 2434.882 3983.474 6230.550 9462.962 13915.605 20002.707 27473.830 36462.622 47495.774 60098.790 74284.106 89726.154 106469.338 123736.809 141717.999 157598.116 172614.383 184315.625 192841.806 197772.868 198166.552 192508.647 177167.932 149197.322 103389.579
0.000 0.000 0.000 0.000 0.000 0.000 0.000 0.000 0.000 0.000 0.000 0.000 0.000 0.000 0.284 0.717 1.796 4.492 11.148 27.155 63.295 136.368 272.710 514.747 933.044 1637.913 2775.505 4536.155 7141.470 10752.973 15619.685 21851.577 29616.858 39070.507 50092.183 62699.563 76790.199 92491.288 108603.906 126009.869 142549.273 157900.839 170963.760 181145.992 188114.792 190139.796 187137.295 175589.181 150884.064 108570.045
0.000 0.000 0.000 0.000 0.000 0.000 0.000 0.000 0.000 0.000 0.000 0.000 0.000 0.000 0.000 0.310 0.769 1.902 4.691 11.489 27.735 65.364 143.165 291.122 565.787 1056.421 1886.674 3190.879 5158.915 8036.258 11874.954 16829.086 23331.932 30931.208 40167.167 51072.073 63558.323 77675.059 92492.756 108570.647 125076.005 141112.250 154684.460 166044.488 175054.586 179614.753 179232.206 171285.657 151250.740 112366.941
0.000 0.000 0.000 0.000 0.000 0.000 0.000 0.000 0.000 0.000 0.000 0.000 0.000 0.000 0.000 0.000 0.344 0.849 2.085 5.109 12.431 29.728 69.584 156.397 325.161 650.959 1225.273 2173.943 3632.976 5741.530 8627.042 12456.633 17289.586 23441.111 30976.314 39809.857 50356.581 62564.320 76105.324 90308.759 105525.716 121224.845 135893.551 148239.845 158552.251 165470.373 168166.975 164171.114 148818.368 114779.896
0.000 0.000 0.000 0.000 0.000 0.000 0.000 0.000 0.000 0.000 0.000 0.000 0.000 0.000 0.000 0.000 0.000 0.395 0.971 2.374 5.793 14.091 33.897 80.674 183.238 389.094 767.432 1414.637 2427.053 3871.374 5876.039 8589.376 12115.351 16635.220 22279.528 29279.208 37599.033 47573.751 59341.228 71869.095 85712.439 100437.192 115149.626 128042.680 139191.809 148096.594 153476.061 153275.538 142932.299 114530.920
0.000 0.000 0.000 0.000 0.000 0.000 0.000 0.000 0.000 0.000 0.000 0.000 0.000 0.000 0.000 0.000 0.000 0.000 0.497 1.248 3.078 7.473 17.887 42.488 98.655 219.970 459.210 855.405 1460.728 2372.430 3660.611 5382.042 7657.128 10705.524 14652.259 19679.803 25889.075 33714.424 43316.846 54265.582 66420.461 79451.833 93292.599 106489.528 118285.654 127868.854 135516.313 139196.093 133716.147 112493.744
0.000 0.000 0.000 0.000 0.000 0.000 0.000 0.000 0.000 0.000 0.000 0.000 0.000 0.000 0.000 0.000 0.000 0.000 0.275 0.715 1.804 4.434 10.642 25.072 58.599 129.283 253.475 461.636 790.300 1292.401 2053.712 3135.582 4567.399 6453.622 9051.795 12525.751 16987.634 22647.004 29852.207 38646.493 48653.675 59905.140 72120.921 84875.603 96904.032 107392.750 115647.504 121551.961 121261.964 107144.226
0.000 0.000 0.000 0.000 0.000 0.000 0.000 0.000 0.000 0.000 0.000 0.000 0.000 0.000 0.000 0.000 0.000 0.000 0.000 0.446 1.163 2.904 6.967 16.359 36.708 74.892 143.523 262.224 455.823 754.891 1196.544 1834.827 2734.642 4001.139 5761.255 8131.499 11260.776 15198.755 20342.434 26887.429 34665.040 43610.639 53548.563 64651.092 75898.739 86317.083 95334.339 102540.018 105954.548 99414.526
0.000 0.000 0.000 0.000 0.000 0.000 0.000 0.000 0.000 0.000 0.000 0.000 0.000 0.000 0.000 0.000 0.000 0.000 0.000 0.292 0.784 1.984 4.823 11.376 24.511 48.415 89.978 160.539 274.194 452.814 726.564 1145.164 1761.931 2641.652 3834.247 5434.359 7554.153 10294.889 13881.892 18503.188 24328.642 31059.902 38852.068 47801.569 57479.152 67269.389 76499.722 84213.529 89306.620 88565.060
0.000 0.000 0.000 0.000 0.000 0.000 0.000 0.000 0.000 0.000 0.000 0.000 0.000 0.000 0.000 0.000 0.000 0.000 0.000 0.000 0.519 1.352 3.364 7.765 16.367 31.929 59.671 107.228 185.530 304.653 481.621 752.964 1168.842 1769.929 2625.452 3757.040 5253.993 7266.085 9877.890 13173.742 17362.167 22457.941 28487.622 35241.538 42825.443 50953.941 59081.512 66528.572 72532.279 75449.257
0.000 0.000 0.000 0.000 0.000 0.000 0.000 0.000 0.000 0.000 0.000 0.000 0.000 0.000 0.000 0.000 0.000 0.000 0.000 0.000 0.338 0.911 2.248 5.186 10.993 21.899 41.072 73.476 128.810 216.919 346.473 547.150 845.093 1277.417 1898.467 2719.035 3803.048 5315.619 7238.548 9572.984 12610.235 16404.801 20689.686 25676.148 31559.611 38150.841 44923.371 51340.610 56976.101 61932.075
0.000 0.000 0.000 0.000 0.000 0.000 0.000 0.000 0.000 0.000 0.000 0.000 0.000 0.000 0.000 0.000 0.000 0.000 0.000 0.000 0.228 0.630 1.604 3.656 7.753 15.906 30.538 54.529 97.209 164.743 262.284 411.522 629.734 948.264 1408.454 2006.572 2788.311 3860.446 5250.667 6976.080 9276.878 12060.331 15188.039 18886.387 23189.114 27928.001 33003.118 38176.209 42738.533 48197.497
0.000 0.000 0.000 0.000 0.000 0.000 0.000 0.000 0.000 0.000 0.000 0.000 0.000 0.000 0.000 0.000 0.000 0.000 0.000 0.000 0.000 0.473 1.217 2.837 6.112 12.517 23.750 42.453 73.776 124.682 200.392 312.325 472.966 703.378 1030.741 1467.785 2038.504 2783.017 3798.449 5111.051 6755.651 8666.011 10953.779 13652.101 16777.865 20324.672 24219.333 28202.903 31761.338 36559.367
