tests/test_03/output3/CloudLoad_010.00hrs.dat
NCOLS    50
NROWS    50
XLLCORNER    -2289770.000
YLLCORNER     2591270.000
CELLSIZE        2000.000       2000.000
NODATA_VALUE  0.000
[rows 0 to 40 of 50, columns 0 to 49 of 50]
0.000 0.000 0.000 0.000 0.000 0.000 0.000 0.000 0.000 0.000 0.000 0.000 0.000 0.000 0.000 0.000 0.000 0.000 0.294 0.667 1.539 3.491 7.427 14.301 25.999 45.074 73.909 113.574 166.387 234.620 316.166 410.970 521.990 638.412 759.745 878.169 970.725 1036.333 1042.554 1043.975 996.966 936.910 848.662 737.201 540.667 372.398 240.520 141.457 71.107 29.227
0.000 0.000 0.000 0.000 0.000 0.000 0.000 0.000 0.000 0.000 0.000 0.000 0.000 0.000 0.000 0.000 0.000 0.281 0.642 1.500 3.602 8.049 16.249 30.117 53.166 89.013 140.315 210.205 300.893 416.355 556.956 717.272 887.408 1070.869 1260.946 1451.407 1592.019 1689.547 1721.765 1713.526 1620.298 1537.966 1403.875 1207.298 994.455 712.282 475.793 289.648 141.287 53.228
0.000 0.000 0.000 0.000 0.000 0.000 0.000 0.000 0.000 0.000 0.000 0.000 0.000 0.000 0.000 0.000 0.303 0.703 1.742 4.354 9.487 18.652 35.065 62.784 105.920 169.941 260.705 382.965 540.832 738.844 975.992 1238.318 1517.364 1814.099 2112.549 2416.833 2637.115 2794.212 2900.705 2835.044 2709.508 2551.607 2291.162 2019.916 1699.763 1291.076 901.739 566.831 274.570 100.868
0.000 0.000 0.000 0.000 0.000 0.000 0.000 0.000 0.000 0.000 0.000 0.000 0.000 0.000 0.000 0.311 0.743 1.902 4.851 10.262 20.092 38.641 70.447 121.718 197.567 306.517 460.132 666.354 932.042 1255.647 1633.682 2060.528 2523.887 2983.296 3446.839 3890.463 4227.695 4495.214 4673.271 4552.498 4393.661 4109.267 3699.078 3286.854 2750.144 2210.694 1591.257 1002.473 489.387 178.494
0.000 0.000 0.000 0.000 0.000 0.000 0.000 0.000 0.000 0.000 0.000 0.000 0.000 0.000 0.330 0.793 2.047 5.252 10.840 21.092 40.275 75.531 132.599 219.461 346.843 526.443 775.181 1110.631 1537.195 2053.482 2643.318 3310.465 4024.737 4739.399 5424.157 6039.111 6589.407 7017.355 7172.018 7148.805 6896.769 6417.297 5848.251 5178.647 4390.929 3596.698 2665.039 1687.356 838.372 308.140
0.000 0.000 0.000 0.000 0.000 0.000 0.000 0.000 0.000 0.000 0.000 0.000 0.000 0.337 0.812 2.112 5.344 11.074 21.124 40.308 75.586 136.107 231.033 371.469 575.387 862.496 1256.163 1777.528 2440.438 3223.791 4113.256 5099.805 6178.876 7245.499 8230.565 9118.788 9990.600 10518.573 10783.472 10871.633 10448.150 9755.402 8982.457 7920.354 6820.392 5558.072 4248.314 2698.001 1363.548 510.036
0.000 0.000 0.000 0.000 0.000 0.000 0.000 0.000 0.000 0.000 0.000 0.000 0.338 0.814 2.094 5.270 10.803 20.483 38.827 72.839 131.666 228.008 376.057 595.015 910.237 1355.479 1952.995 2725.417 3696.453 4841.444 6155.197 7585.154 9146.184 10654.396 12095.022 13396.513 14617.466 15305.133 15769.759 15913.482 15336.632 14467.896 13361.711 11803.440 10237.436 8357.545 6516.247 4185.099 2161.812 830.139
0.000 0.000 0.000 0.000 0.000 0.000 0.000 0.000 0.000 0.000 0.000 0.332 0.803 2.010 4.974 10.203 19.231 36.019 67.699 123.364 214.150 357.733 578.071 906.790 1381.804 2035.760 2903.616 4004.464 5358.526 6985.432 8861.424 10907.991 13054.169 15144.581 17214.223 19076.311 20681.078 21615.430 22353.627 22548.492 21889.910 20799.842 19193.650 17066.324 14877.939 12226.092 9612.472 6237.325 3307.413 1305.100
0.000 0.000 0.000 0.000 0.000 0.000 0.000 0.000 0.000 0.000 0.335 0.785 1.859 4.429 9.265 17.403 32.380 60.634 110.874 194.373 325.957 532.467 848.983 1322.436 1999.515 2919.020 4118.983 5627.016 7474.180 9719.552 12308.827 15125.975 17959.936 20842.680 23672.350 26269.236 28264.842 29715.107 30784.660 30943.703 30338.404 28948.990 26747.043 24031.904 20961.516 17361.785 13629.613 9060.200 4884.213 1976.143
0.000 0.000 0.000 0.000 0.000 0.000 0.000 0.000 0.000 0.310 0.709 1.613 3.747 7.986 15.139 28.081 52.234 95.946 169.210 286.678 470.607 756.915 1196.923 1845.895 2760.988 3990.810 5584.756 7612.572 10087.390 13037.301 16469.455 20173.961 23939.973 27826.900 31511.488 34977.508 37477.191 39790.562 41058.418 41312.582 40812.148 39075.824 36247.727 32975.211 28729.439 23960.408 18737.236 12813.442 6990.627 2893.576
0.000 0.000 0.000 0.000 0.000 0.000 0.000 0.000 0.262 0.594 1.331 2.982 6.490 12.615 23.362 43.287 79.655 141.815 242.370 401.485 650.910 1036.555 1620.176 2463.876 3636.227 5227.537 7300.057 9925.019 13109.515 16852.893 21244.010 26034.365 30982.535 35969.270 40618.730 45042.262 48472.793 51654.699 53144.789 53683.191 53290.504 51181.359 47864.016 43873.969 38309.930 32079.742 25094.248 17591.080 9713.535 4116.290
0.000 0.000 0.000 0.000 0.000 0.000 0.000 0.201 0.455 1.010 2.246 4.921 9.821 18.523 34.370 63.161 113.619 196.728 329.709 539.572 865.756 1363.468 2097.517 3147.531 4609.041 6604.861 9200.688 12462.828 16420.855 21102.195 26528.799 32573.355 38765.176 44997.531 50759.617 56379.066 61080.516 64973.844 66956.062 67878.914 67580.492 65268.676 61569.121 56687.148 49731.168 41841.395 32937.000 23503.184 13186.679 5718.782
0.000 0.000 0.000 0.000 0.000 0.000 0.000 0.316 0.704 1.546 3.419 7.113 13.702 25.705 47.682 86.277 151.367 257.521 427.008 693.228 1102.519 1718.472 2609.258 3868.594 5645.449 8067.569 11215.300 15139.365 19930.318 25597.383 32119.816 39452.020 46996.141 54617.770 61735.777 68710.766 74716.648 79358.203 82146.781 83468.055 83569.922 81140.914 77059.953 71256.953 62982.379 53230.953 42237.410 30527.096 17416.652 7730.953
0.000 0.000 0.000 0.000 0.000 0.000 0.201 0.452 0.993 2.159 4.687 9.412 17.976 33.790 62.134 110.480 190.028 319.789 526.963 851.333 1345.763 2075.794 3129.872 4626.915 6736.094 9577.968 13255.637 17841.941 23501.902 30170.680 37780.371 46440.902 55447.988 64559.262 73181.773 81537.047 88809.711 94410.789 98141.891 100080.000 100799.211 98291.172 93951.453 87330.844 77747.367 66182.141 53012.703 38806.312 22597.896 10252.909
0.000 0.000 0.000 0.000 0.000 0.000 0.269 0.597 1.298 2.810 5.973 11.759 22.489 42.244 76.809 133.843 227.244 380.727 625.675 1007.089 1584.471 2424.715 3624.465 5349.956 7784.558 11051.101 15250.253 20488.174 27015.084 34653.762 43398.742 53380.996 63908.570 74543.211 84732.883 94480.906 103081.523 109799.617 114588.539 117334.523 118635.641 116283.797 111812.250 104454.000 93888.305 80492.297 65067.914 48196.586 28651.197 13298.287
0.000 0.000 0.000 0.000 0.000 0.000 0.335 0.741 1.599 3.432 7.128 13.999 27.029 50.700 90.645 154.932 262.256 438.139 719.155 1155.387 1801.725 2726.350 4050.991 5973.834 8663.516 12304.146 17014.934 22963.234 30305.703 38869.441 48749.488 59977.867 72025.297 84137.781 95993.430 107101.617 117143.508 125126.703 131097.578 134701.125 136689.906 134716.578 130275.336 122413.477 110856.617 95794.477 78338.555 58723.070 35655.320 16942.648
0.000 0.000 0.000 0.000 0.000 0.000 0.362 0.802 1.735 3.690 7.547 14.875 28.972 55.014 98.796 170.570 289.095 481.571 787.765 1261.913 1961.700 2966.691 4418.816 6472.737 9346.030 13265.681 18443.363 25001.578 33048.820 42582.285 53489.973 65893.242 79321.836 92825.250 106268.641 118802.484 130336.211 139653.766 146885.406 151432.703 154445.219 153111.016 148764.859 140572.688 128488.578 111971.406 92605.578 70254.789 43562.816 21199.730
0.000 0.000 0.000 0.000 0.000 0.000 0.366 0.813 1.762 3.741 7.624 15.005 29.315 55.840 100.706 174.795 296.549 493.409 806.228 1288.926 2008.665 3061.406 4579.643 6722.812 9714.647 13826.461 19274.135 26193.096 34743.426 45005.684 56841.203 70365.812 85177.609 100166.320 115095.469 129018.820 142066.203 152607.422 161112.172 166669.125 170947.047 170743.703 166648.344 158677.438 146226.250 128486.852 107443.242 82522.469 52422.523 26096.221
0.000 0.000 0.000 0.000 0.000 0.000 0.351 0.785 1.725 3.721 7.622 14.942 29.039 55.390 100.465 174.923 296.710 493.567 805.867 1285.379 2004.507 3056.698 4571.405 6723.908 9747.686 13936.377 19496.156 26570.037 35317.727 45954.191 58287.562 72463.773 88141.859 104278.203 120585.359 136149.922 150968.859 162907.469 173089.016 179562.109 185006.500 186720.062 183176.000 175540.703 163469.812 145123.562 122602.008 95379.289 62264.027 31682.252
0.000 0.000 0.000 0.000 0.000 0.000 0.278 0.631 1.419 3.152 6.786 13.416 25.594 48.501 90.009 161.219 277.452 463.017 755.420 1211.829 1909.312 2946.217 4444.135 6576.506 9579.804 13732.396 19330.543 26508.729 35372.508 46187.555 58776.438 73323.312 89456.820 106293.727 123313.508 139787.078 155818.328 169200.297 181734.062 189879.484 196265.297 199513.766 197500.094 190727.750 179356.562 161039.156 137624.344 108432.391 72656.477 37843.973
0.000 0.000 0.000 0.000 0.000 0.000 0.202 0.468 1.059 2.367 5.268 11.010 21.267 40.274 75.606 137.062 239.203 404.031 663.850 1072.754 1708.617 2671.854 4085.649 6109.236 8960.918 12901.812 18274.197 25355.170 34200.719 44946.246 57640.113 72561.234 89220.109 106688.195 124113.820 141434.312 158185.344 172530.406 186385.484 196565.484 204641.891 208991.781 209320.156 203645.953 193239.125 175716.328 151943.109 121458.516 83682.680 44632.289
0.000 0.000 0.000 0.000 0.000 0.000 0.000 0.312 0.726 1.644 3.681 8.218 16.688 32.318 60.749 110.776 196.344 338.160 563.824 919.223 1474.905 2329.816 3610.427 5468.704 8105.192 11762.967 16741.932 23386.234 31864.580 42286.969 54602.336 69165.992 85607.859 103054.867 120727.008 139052.266 156955.828 172074.438 187098.859 198959.719 208646.203 214213.391 216520.672 213091.391 204451.734 188387.547 165221.609 134082.266 94901.422 51907.656
0.000 0.000 0.000 0.000 0.000 0.000 0.000 0.000 0.439 1.039 2.366 5.348 11.932 24.304 45.969 84.648 153.074 269.469 459.293 760.208 1230.660 1963.036 3081.842 4738.024 7121.837 10462.563 15013.598 21117.666 29071.234 39007.668 50808.766 64779.160 80783.734 98005.352 115276.297 133829.531 152242.141 168308.531 184664.797 198229.984 209632.406 216806.875 220581.438 219107.719 212729.594 198505.594 176637.344 145706.109 106070.789 59612.398
0.000 0.000 0.000 0.000 0.000 0.000 0.000 0.000 0.211 0.560 1.363 3.145 7.239 16.208 31.858 60.303 111.807 201.282 353.392 600.253 987.290 1595.448 2535.407 3955.287 6041.829 9026.802 13120.159 18610.900 25848.709 35082.996 46222.914 59519.566 74630.836 91280.117 108223.594 126583.945 144989.984 162015.344 178678.766 193524.938 206259.641 215183.656 220181.062 220930.422 217157.547 205605.750 186069.312 156069.766 116743.211 67522.797
0.000 0.000 0.000 0.000 0.000 0.000 0.000 0.000 0.000 0.234 0.639 1.617 3.809 8.725 19.419 39.462 75.414 139.496 252.518 444.051 755.768 1244.000 2001.304 3169.573 4934.024 7523.528 11125.469 15990.426 22426.389 30708.340 41026.430 53523.430 67567.828 83170.672 99729.141 117697.898 135861.125 153532.781 170452.078 186281.594 200505.922 211059.281 217341.750 220614.562 219048.141 209301.922 192548.406 164447.344 126314.133 75465.227
0.000 0.000 0.000 0.000 0.000 0.000 0.000 0.000 0.000 0.000 0.247 0.673 1.726 4.137 9.519 21.861 46.259 89.884 167.431 305.158 542.290 922.143 1519.288 2444.355 3863.926 6009.263 9082.048 13325.562 18979.256 26246.447 35498.074 46998.883 59970.168 74421.219 90120.734 107591.055 125226.625 143146.875 160517.391 177056.266 192009.234 204314.781 211513.250 216455.906 216903.562 210043.844 196397.969 170749.422 134707.891 83232.633
0.000 0.000 0.000 0.000 0.000 0.000 0.000 0.000 0.000 0.000 0.000 0.253 0.678 1.733 4.215 9.882 23.000 52.278 104.448 195.949 355.295 635.268 1098.047 1812.617 2919.945 4616.832 7125.186 10702.664 15578.521 21913.488 29975.377 40177.750 52012.812 65334.969 80232.188 96599.969 113823.398 131526.656 149634.547 166349.156 181938.500 195332.516 204023.891 210296.672 212492.891 208126.359 196918.734 175264.969 141511.344 90652.430
0.000 0.000 0.000 0.000 0.000 0.000 0.000 0.000 0.000 0.000 0.000 0.000 0.256 0.676 1.747 4.373 10.482 24.413 56.753 118.230 223.511 407.898 725.499 1260.363 2116.218 3436.161 5413.772 8261.235 12309.209 17788.643 24820.883 33517.656 43923.020 56290.961 70295.656 85369.086 101892.453 119587.898 137274.766 154921.984 170367.578 184840.578 195455.469 202491.844 205929.984 204077.922 195697.766 177063.203 145969.219 97402.883
0.000 0.000 0.000 0.000 0.000 0.000 0.000 0.000 0.000 0.000 0.000 0.000 0.000 0.266 0.688 1.760 4.444 10.929 25.921 60.346 129.806 253.302 461.937 820.973 1432.094 2434.879 3983.469 6230.543 9462.951 13915.591 20002.688 27473.807 36462.594 47495.742 60098.754 74284.062 89726.109 106469.297 123736.773 141717.969 157598.078 172614.359 184315.609 192841.797 197772.875 198166.562 192508.672 177167.969 149197.359 103389.617
0.000 0.000 0.000 0.000 0.000 0.000 0.000 0.000 0.000 0.000 0.000 0.000 0.000 0.000 0.284 0.717 1.796 4.492 11.148 27.155 63.294 136.368 272.709 514.746 933.043 1637.910 2775.501 4536.149 7141.461 10752.962 15619.670 21851.559 29616.834 39070.480 50092.152 62699.531 76790.164 92491.258 108603.875 126009.844 142549.250 157900.812 170963.750 181145.984 188114.797 190139.812 187137.312 175589.219 150884.109 108570.086
0.000 0.000 0.000 0.000 0.000 0.000 0.000 0.000 0.000 0.000 0.000 0.000 0.000 0.000 0.000 0.310 0.769 1.902 4.691 11.489 27.735 65.364 143.164 291.121 565.786 1056.420 1886.671 3190.875 5158.910 8036.250 11874.942 16829.072 23331.914 30931.188 40167.145 51072.047 63558.297 77675.031 92492.734 108570.625 125075.984 141112.234 154684.453 166044.484 175054.594 179614.766 179232.234 171285.688 151250.781 112366.984
0.000 0.000 0.000 0.000 0.000 0.000 0.000 0.000 0.000 0.000 0.000 0.000 0.000 0.000 0.000 0.000 0.344 0.849 2.085 5.109 12.431 29.728 69.583 156.397 325.160 650.958 1225.272 2173.940 3632.971 5741.523 8627.034 12456.622 17289.574 23441.096 30976.297 39809.840 50356.562 62564.301 76105.305 90308.742 105525.703 121224.836 135893.547 148239.844 158552.266 165470.391 168167.000 164171.156 148818.422 114779.938
0.000 0.000 0.000 0.000 0.000 0.000 0.000 0.000 0.000 0.000 0.000 0.000 0.000 0.000 0.000 0.000 0.000 0.395 0.971 2.374 5.793 14.091 33.897 80.674 183.238 389.094 767.431 1414.635 2427.051 3871.369 5876.034 8589.369 12115.343 16635.211 22279.516 29279.195 37599.020 47573.738 59341.215 71869.086 85712.430 100437.188 115149.625 128042.688 139191.828 148096.609 153476.094 153275.578 142932.344 114530.969
0.000 0.000 0.000 0.000 0.000 0.000 0.000 0.000 0.000 0.000 0.000 0.000 0.000 0.000 0.000 0.000 0.000 0.000 0.497 1.248 3.078 7.473 17.887 42.488 98.655 219.969 459.209 855.404 1460.726 2372.427 3660.608 5382.038 7657.123 10705.519 14652.253 19679.797 25889.068 33714.418 43316.840 54265.578 66420.461 79451.836 93292.602 106489.539 118285.672 127868.875 135516.344 139196.125 133716.188 112493.797
0.000 0.000 0.000 0.000 0.000 0.000 0.000 0.000 0.000 0.000 0.000 0.000 0.000 0.000 0.000 0.000 0.000 0.000 0.275 0.715 1.804 4.434 10.642 25.072 58.599 129.283 253.474 461.636 790.299 1292.400 2053.711 3135.580 4567.396 6453.619 9051.792 12525.748 16987.631 22647.000 29852.205 38646.492 48653.676 59905.145 72120.930 84875.617 96904.055 107392.773 115647.531 121552.000 121262.008 107144.273
0.000 0.000 0.000 0.000 0.000 0.000 0.000 0.000 0.000 0.000 0.000 0.000 0.000 0.000 0.000 0.000 0.000 0.000 0.000 0.446 1.163 2.904 6.967 16.359 36.708 74.892 143.523 262.223 455.823 754.891 1196.543 1834.826 2734.641 4001.138 5761.254 8131.498 11260.775 15198.755 20342.436 26887.432 34665.043 43610.645 53548.574 64651.105 75898.758 86317.109 95334.367 102540.055 105954.594 99414.570
0.000 0.000 0.000 0.000 0.000 0.000 0.000 0.000 0.000 0.000 0.000 0.000 0.000 0.000 0.000 0.000 0.000 0.000 0.000 0.292 0.784 1.984 4.823 11.376 24.511 48.415 89.978 160.539 274.194 452.814 726.564 1145.164 1761.931 2641.652 3834.247 5434.359 7554.153 10294.890 13881.894 18503.191 24328.648 31059.910 38852.078 47801.586 57479.172 67269.414 76499.750 84213.562 89306.656 88565.102
0.000 0.000 0.000 0.000 0.000 0.000 0.000 0.000 0.000 0.000 0.000 0.000 0.000 0.000 0.000 0.000 0.000 0.000 0.000 0.000 0.519 1.352 3.364 7.765 16.367 31.929 59.671 107.228 185.530 304.653 481.621 752.964 1168.842 1769.929 2625.452 3757.041 5253.993 7266.086 9877.893 13173.745 17362.172 22457.949 28487.633 35241.551 42825.461 50953.965 59081.539 66528.602 72532.312 75449.297
0.000 0.000 0.000 0.000 0.000 0.000 0.000 0.000 0.000 0.000 0.000 0.000 0.000 0.000 0.000 0.000 0.000 0.000 0.000 0.000 0.338 0.911 2.248 5.186 10.993 21.899 41.072 73.476 128.810 216.919 346.473 547.150 845.093 1277.417 1898.467 2719.036 3803.049 5315.621 7238.550 9572.987 12610.239 16404.807 20689.695 25676.160 31559.627 38150.859 44923.395 51340.637 56976.133 61932.109
0.000 0.000 0.000 0.000 0.000 0.000 0.000 0.000 0.000 0.000 0.000 0.000 0.000 0.000 0.000 0.000 0.000 0.000 0.000 0.000 0.228 0.630 1.604 3.656 7.753 15.906 30.538 54.529 97.209 164.743 262.284 411.522 629.734 948.264 1408.454 2006.573 2788.312 3860.447 5250.669 6976.083 9276.882 12060.336 15188.045 18886.396 23189.125 27928.016 33003.137 38176.230 42738.559 48197.527
0.000 0.000 0.000 0.000 0.000 0.000 0.000 0.000 0.000 0.000 0.000 0.000 0.000 0.000 0.000 0.000 0.000 0.000 0.000 0.000 0.000 0.473 1.217 2.837 6.112 12.517 23.750 42.453 73.776 124.682 200.392 312.325 472.966 703.379 1030.742 1467.785 2038.505 2783.018 3798.450 5111.053 6755.655 8666.016 10953.785 13652.108 16777.875 20324.684 24219.348 28202.920 31761.357 36559.391
