tests/test_03/output3/CloudConcentration_010.00hrs.dat
NCOLS    50
NROWS    50
XLLCORNER    -2289770.000
YLLCORNER     2591270.000
CELLSIZE        2000.000       2000.000
NODATA_VALUE  0.000
[rows 0 to 29 of 50, columns 0 to 49 of 50]
0.000000 0.000000 0.000000 0.000000 0.000000 0.000000 0.000000 0.000000 0.000000 0.000000 0.000000 0.000000 0.000000 0.000000 0.000000 0.000000 0.000000 0.000000 0.264237 0.571719 1.225004 2.458487 4.570374 7.738894 12.613750 21.320486 35.257900 53.738617 78.293457 106.216400 139.566559 178.609634 226.981903 297.985962 367.197052 412.637177 445.876282 455.304749 457.600037 454.716156 478.005066 470.297424 400.611389 312.668793 231.825729 163.947632 109.866219 72.297035 41.608459 16.248205
0.000000 0.000000 0.000000 0.000000 0.000000 0.000000 0.000000 0.000000 0.000000 0.000000 0.000000 0.000000 0.000000 0.000000 0.000000 0.000000 0.000000 0.261419 0.576269 1.275454 2.815413 5.504962 9.909145 16.446442 26.730150 42.576580 68.488922 102.983238 145.272598 197.891800 254.043579 316.217407 382.727783 468.276703 586.707336 681.689270 734.977661 752.357849 756.246155 744.755005 722.615356 742.895569 673.107056 563.656494 416.600281 312.627777 212.386749 141.996140 82.358742 31.840528
0.000000 0.000000 0.000000 0.000000 0.000000 0.000000 0.000000 0.000000 0.000000 0.000000 0.000000 0.000000 0.000000 0.000000 0.000000 0.000000 0.288123 0.649367 1.525039 3.571310 7.144188 12.848456 21.990818 35.973232 56.363537 84.165558 125.401245 187.494919 264.912476 354.968140 457.320404 554.917419 658.161255 769.528809 945.185059 1128.152466 1216.281860 1280.705078 1268.354370 1215.448975 1148.805908 1176.705688 1101.579712 942.119934 753.826904 554.520996 403.753448 265.023132 158.566422 61.773430
0.000000 0.000000 0.000000 0.000000 0.000000 0.000000 0.000000 0.000000 0.000000 0.000000 0.000000 0.000000 0.000000 0.000000 0.000000 0.294558 0.687016 1.706899 4.225008 8.487909 15.529167 27.567842 46.917435 74.721138 111.634590 159.902939 222.259491 322.514130 456.029144 608.349670 775.538330 944.504822 1105.920776 1273.174316 1468.576538 1764.679321 1951.947021 2042.400391 2054.665039 1967.496826 1868.587402 1795.293335 1717.677002 1544.692627 1283.887939 959.074829 702.779724 453.242584 277.485291 110.174789
0.000000 0.000000 0.000000 0.000000 0.000000 0.000000 0.000000 0.000000 0.000000 0.000000 0.000000 0.000000 0.000000 0.000000 0.316375 0.749315 1.911751 4.846543 9.708247 18.175058 33.033630 57.471783 93.773705 144.282990 208.566742 290.307800 394.112946 526.436035 744.867615 997.321106 1259.933472 1548.420044 1786.404297 2028.582031 2263.614014 2651.478027 2998.022705 3157.827881 3242.874756 3083.515625 2904.220215 2665.725830 2624.278320 2427.116455 2034.692749 1614.041626 1161.911743 754.583679 467.547546 190.169891
0.000000 0.000000 0.000000 0.000000 0.000000 0.000000 0.000000 0.000000 0.000000 0.000000 0.000000 0.000000 0.000000 0.329806 0.788814 2.038357 5.124294 10.447523 19.453737 36.081284 65.045189 110.263161 173.318008 257.762848 369.389648 502.905731 672.371765 876.405640 1163.347534 1556.055420 1967.712891 2394.924561 2802.221924 3139.084473 3458.917236 3840.002930 4434.396973 4729.061523 4846.458984 4663.757324 4393.191895 4060.036133 3893.844971 3620.966064 3149.091064 2589.806152 1859.614868 1207.019897 747.706543 314.848328
0.000000 0.000000 0.000000 0.000000 0.000000 0.000000 0.000000 0.000000 0.000000 0.000000 0.000000 0.000000 0.334933 0.803652 2.060474 5.166152 10.498389 19.635305 36.593678 67.155945 117.431381 193.437134 298.898102 435.224731 615.146118 839.065247 1098.152222 1399.147949 1745.432495 2311.884521 2944.835693 3569.587402 4228.473633 4663.811035 5084.809570 5465.385742 6319.637207 6830.653320 6982.606445 6852.916992 6457.832031 5985.342773 5574.379883 5252.169922 4711.817383 3901.747070 2893.298828 1872.717529 1165.156006 510.813049
0.000000 0.000000 0.000000 0.000000 0.000000 0.000000 0.000000 0.000000 0.000000 0.000000 0.000000 0.330583 0.798437 1.995991 4.929786 10.070160 18.845530 34.957569 64.890228 116.142113 196.061249 314.268585 479.598877 699.468079 981.138733 1328.798096 1717.419189 2151.204590 2636.852051 3292.875977 4227.587402 5147.990234 6037.852051 6711.516113 7302.025391 7832.027344 8693.947266 9477.995117 9753.082031 9849.938477 9195.424805 8535.401367 7790.560059 7408.591309 6804.451172 5684.504883 4323.436035 2794.682617 1746.769409 800.700867
0.000000 0.000000 0.000000 0.000000 0.000000 0.000000 0.000000 0.000000 0.000000 0.000000 0.334417 0.783070 1.853372 4.411285 9.210552 17.240051 31.913479 59.356003 107.486839 185.620834 304.037445 480.122620 730.660583 1068.263916 1489.360718 1992.705322 2564.682861 3155.374268 3823.990234 4575.389160 5809.836914 7115.500977 8296.297852 9398.924805 10130.098633 10793.982422 11522.151367 12760.717773 13313.333984 13507.143555 12716.313477 11870.225586 10855.442383 10190.516602 9499.516602 8024.591797 6235.243164 4055.545898 2533.339600 1205.516113
0.000000 0.000000 0.000000 0.000000 0.000000 0.000000 0.000000 0.000000 0.000000 0.310242 0.708748 1.610708 3.740776 7.965005 15.073721 27.887388 51.683033 94.438995 165.222229 276.431000 445.144989 696.107239 1057.945435 1545.611084 2150.345703 2842.286377 3634.528564 4475.549805 5380.600586 6345.618652 7684.642578 9478.978516 11052.507812 12650.076172 13586.367188 14414.420898 14955.416992 16689.683594 17599.275391 17853.476562 17090.224609 16001.945312 14660.190430 13683.720703 12824.421875 11025.957031 8712.019531 5725.914062 3573.645752 1752.117065
0.000000 0.000000 0.000000 0.000000 0.000000 0.000000 0.000000 0.000000 0.262113 0.594078 1.329881 2.980012 6.482068 12.590400 23.285990 43.061863 79.014725 140.061142 237.725342 389.601471 621.605408 967.162659 1461.850464 2120.265869 2931.730713 3868.827148 4940.625488 6114.639160 7247.460449 8427.322266 9807.660156 12179.047852 14279.488281 16305.395508 17647.867188 18659.923828 19353.820312 21172.044922 22517.632812 22911.197266 22274.533203 20913.199219 19243.640625 17839.626953 16858.246094 14718.201172 11808.692383 7853.197754 4909.734863 2462.902100
0.000000 0.000000 0.000000 0.000000 0.000000 0.000000 0.000000 0.200651 0.454466 1.010123 2.245235 4.918635 9.813117 18.497328 34.288773 62.913727 112.899773 194.724808 324.371582 525.914185 832.261780 1284.743652 1918.806152 2760.556396 3820.049316 5068.320801 6446.048340 7967.207520 9391.192383 10894.293945 12472.948242 15081.298828 17810.328125 20294.314453 22202.880859 23402.402344 24340.822266 26073.902344 28000.244141 28585.550781 28178.660156 26542.345703 24562.994141 22623.734375 21597.046875 19119.140625 15551.246094 10478.221680 6605.116699 3371.143311
0.000000 0.000000 0.000000 0.000000 0.000000 0.000000 0.000000 0.316342 0.704070 1.545386 3.418054 7.110730 13.694558 25.678667 47.599976 86.024483 150.622803 255.412491 421.288483 678.373169 1065.602783 1630.763672 2412.678711 3450.798828 4787.786621 6378.929688 8081.354492 9938.178711 11790.675781 13591.387695 15447.782227 18094.539062 21507.482422 24496.701172 27077.359375 28516.207031 29657.791016 31269.316406 33865.718750 34662.792969 34738.808594 32763.703125 30578.160156 28014.181641 27021.423828 24191.572266 19905.017578 13593.756836 8653.418945 4474.452148
0.000000 0.000000 0.000000 0.000000 0.000000 0.000000 0.200977 0.452055 0.992720 2.158915 4.686265 9.409789 17.968796 33.764175 62.052177 110.227928 189.281647 317.667633 521.185608 836.260071 1307.965942 1984.629395 2920.274414 4170.300781 5781.038574 7699.280762 9777.974609 11992.546875 14305.927734 16379.685547 18477.128906 21132.787109 25251.990234 28776.992188 32088.246094 33790.531250 35130.394531 36645.863281 39865.148438 41055.285156 41647.410156 39388.558594 37050.292969 34142.929688 32991.285156 29855.912109 24877.156250 17222.607422 11168.665039 5828.616211
0.000000 0.000000 0.000000 0.000000 0.000000 0.000000 0.268786 0.597386 1.297978 2.810074 5.972033 11.757227 22.482292 42.220703 76.733704 133.604752 226.523743 378.648163 619.953491 992.062500 1546.631226 2332.835938 3409.408691 4867.266602 6760.809570 9016.938477 11475.285156 14051.625000 16839.031250 19151.324219 21568.619141 24125.007812 28961.785156 33038.753906 37060.234375 39071.660156 40687.843750 42098.093750 45887.746094 47625.250000 48586.843750 46207.304688 43762.300781 40563.339844 39448.218750 35981.386719 30365.384766 21295.402344 14106.072266 7434.331055
0.000000 0.000000 0.000000 0.000000 0.000000 0.000000 0.334971 0.740534 1.599414 3.432216 7.127194 13.997148 27.023460 50.680115 90.578804 154.721298 261.608429 436.235779 713.811401 1141.068115 1764.914673 2635.050049 3835.170898 5490.283691 7639.997070 10237.475586 13096.307617 16055.086914 19172.662109 21855.726562 24611.718750 27305.203125 32469.248047 37116.867188 41766.718750 44156.632812 46063.148438 47495.253906 51841.851562 54154.015625 55343.718750 53044.578125 50515.382812 47091.000000 46131.988281 42434.566406 36293.527344 25813.009766 17563.888672 9305.163086
0.000000 0.000000 0.000000 0.000000 0.000000 0.000000 0.361577 0.802180 1.735034 3.689973 7.546535 14.873686 28.966957 54.997574 98.739464 170.387115 288.524475 479.869110 782.905457 1248.644653 1926.962769 2878.848633 4203.989258 6003.812500 8363.665039 11277.814453 14546.414062 17811.484375 21226.615234 24380.992188 27368.625000 30255.816406 35574.894531 40756.789062 45968.324219 48729.781250 50947.804688 52584.800781 57430.707031 60265.785156 61699.445312 59694.445312 57107.144531 53549.031250 52882.402344 49104.378906 42491.578125 30706.351562 21502.794922 11471.929688
0.000000 0.000000 0.000000 0.000000 0.000000 0.000000 0.366033 0.813414 1.761574 3.741413 7.624138 15.003684 29.311441 55.827103 100.659515 174.641403 296.061218 491.932587 801.953613 1277.078247 1977.136353 2980.191895 4377.317871 6272.906738 8768.413086 11868.875977 15380.105469 18953.208984 22663.439453 26278.701172 29460.542969 32534.800781 37884.636719 43720.585938 49465.386719 52609.402344 55104.035156 57079.390625 62375.433594 65679.765625 67280.140625 65858.531250 63189.609375 59932.332031 59582.824219 55796.914062 48657.839844 35849.574219 25964.970703 13868.149414
0.000000 0.000000 0.000000 0.000000 0.000000 0.000000 0.350793 0.784822 1.725492 3.721370 7.621682 14.941351 29.036741 55.379341 100.428146 174.798523 296.306213 492.324310 802.219788 1275.141602 1976.923340 2984.980469 4392.492188 6306.973145 8835.732422 12002.491211 15613.381836 19322.832031 23143.230469 26946.666016 30237.550781 33438.425781 38765.800781 44969.332031 51227.515625 55021.980469 58064.496094 60697.703125 66575.546875 70261.718750 71753.007812 71201.007812 68555.031250 65992.273438 65952.000000 62444.753906 54726.105469 41119.574219 30960.158203 16481.164062
0.000000 0.000000 0.000000 0.000000 0.000000 0.000000 0.277807 0.630678 1.419336 3.152012 6.785688 13.415075 25.592121 48.493698 89.981789 161.121521 277.128815 462.001404 752.388672 1203.193726 1885.737061 2884.383789 4288.323730 6201.928711 8731.997070 11907.868164 15577.079102 19357.113281 23200.892578 27053.130859 30368.048828 33599.832031 38984.699219 45392.582031 51705.382812 55664.480469 59057.789062 62722.796875 69536.656250 74035.906250 75264.695312 75146.023438 73152.453125 71303.335938 71703.625000 68582.710938 60441.601562 46367.246094 36260.304688 19151.152344
0.000000 0.000000 0.000000 0.000000 0.000000 0.000000 0.202071 0.468158 1.058970 2.367035 5.268216 11.009443 21.265978 40.268768 75.585258 136.988388 238.951935 403.217987 661.361389 1065.519287 1688.525146 2618.369141 3949.000000 5774.510254 8182.907227 11215.062500 14794.155273 18625.087891 22497.019531 26331.087891 29580.865234 32922.152344 38588.738281 45234.921875 51355.902344 55622.382812 59146.460938 63574.640625 70635.343750 75923.210938 77384.695312 77509.875000 76505.406250 75919.117188 76626.546875 73880.687500 65556.132812 51400.976562 41854.472656 21927.804688
0.000000 0.000000 0.000000 0.000000 0.000000 0.000000 0.000000 0.311985 0.726352 1.644099 3.680534 8.218005 16.687084 32.313896 60.734196 110.722153 196.153397 337.525055 561.819031 913.230835 1457.890259 2283.657227 3490.511475 5171.059082 7400.649902 10204.643555 13508.993164 17077.943359 20761.527344 24416.666016 27538.220703 30727.355469 36591.031250 43232.386719 48995.433594 53651.167969 57668.855469 63710.976562 71146.578125 76286.187500 78050.664062 78419.960938 77952.164062 79589.664062 80778.164062 78126.625000 69887.953125 56007.523438 47520.910156 24870.201172
0.000000 0.000000 0.000000 0.000000 0.000000 0.000000 0.000000 0.000000 0.438801 1.039308 2.366352 5.348122 11.931560 24.301023 45.957897 84.608215 152.933990 268.994080 457.752777 755.460144 1216.777100 1924.424805 2979.276855 4478.219238 6495.638184 9046.873047 12046.840820 15284.220703 18692.498047 22107.472656 25111.412109 28088.966797 34132.695312 40641.218750 45921.183594 50649.933594 54946.957031 62215.355469 70195.585938 75054.664062 77855.882812 78376.179688 79125.546875 81852.445312 83481.203125 80868.914062 73329.398438 59936.152344 53092.011719 27915.806641
0.000000 0.000000 0.000000 0.000000 0.000000 0.000000 0.000000 0.000000 0.210609 0.559575 1.362882 3.145108 7.238758 16.205305 31.849907 60.272205 111.700600 200.923599 352.219696 596.561218 976.185425 1563.727539 2449.250000 3732.453369 5494.679199 7760.981934 10433.340820 13290.973633 16319.869141 19362.615234 22235.617188 25285.550781 31099.630859 37311.960938 42190.785156 46814.148438 51247.910156 59892.238281 67541.281250 72067.484375 75492.851562 76858.640625 79995.218750 83004.281250 84741.421875 81657.250000 75472.445312 63657.945312 58230.664062 30987.552734
0.000000 0.000000 0.000000 0.000000 0.000000 0.000000 0.000000 0.000000 0.000000 0.234295 0.638800 1.616893 3.808152 8.723435 19.411549 39.436054 75.326935 139.209976 251.599609 441.169434 746.997070 1218.391846 1930.139282 2981.661377 4463.642090 6411.102539 8728.953125 11209.679688 13842.021484 16398.566406 19035.794922 22498.009766 27841.078125 33312.210938 37994.007812 42362.207031 48412.292969 56852.625000 63679.613281 68381.132812 72057.320312 74347.937500 79884.101562 83479.007812 84625.257812 81619.210938 76431.250000 67726.226562 62676.054688 34134.957031
0.000000 0.000000 0.000000 0.000000 0.000000 0.000000 0.000000 0.000000 0.000000 0.000000 0.247358 0.672538 1.725647 4.135261 9.513468 21.839787 46.184994 89.644447 166.678009 302.854858 535.375549 901.866760 1461.878296 2289.080811 3466.246338 5052.212891 6987.025879 9095.107422 11374.380859 13484.932617 15690.060547 19472.300781 24384.048828 29011.802734 33432.566406 37756.750000 45067.789062 52927.750000 59014.332031 63904.250000 67743.851562 73131.539062 78729.500000 81936.617188 82213.687500 80253.539062 76210.304688 70586.937500 65846.906250 37217.804688
0.000000 0.000000 0.000000 0.000000 0.000000 0.000000 0.000000 0.000000 0.000000 0.000000 0.000000 0.253423 0.678048 1.732133 4.210207 9.863221 22.936834 52.070961 103.803680 194.023026 349.684113 619.172546 1052.617432 1688.192749 2594.225586 3809.452148 5319.717773 7028.773438 8951.979492 10729.741211 12588.914062 16358.254883 20776.496094 24752.144531 28725.285156 33768.460938 41357.781250 48148.843750 54018.695312 59059.515625 63231.671875 71078.062500 76669.570312 78922.726562 79420.820312 78016.531250 74740.468750 72383.773438 67970.390625 40338.039062
0.000000 0.000000 0.000000 0.000000 0.000000 0.000000 0.000000 0.000000 0.000000 0.000000 0.000000 0.000000 0.255873 0.674840 1.742892 4.357835 10.429008 24.236195 56.199814 116.579445 218.772217 394.629822 688.875061 1161.198975 1855.557129 2774.681396 3899.996582 5181.670898 6650.477539 8164.720215 10156.720703 13418.054688 17016.277344 20666.984375 24312.789062 30392.787109 37262.343750 43200.867188 48868.015625 53967.203125 60674.570312 68329.773438 73435.648438 75512.015625 76190.289062 75184.054688 73100.750000 73060.265625 69026.226562 43060.386719
0.000000 0.000000 0.000000 0.000000 0.000000 0.000000 0.000000 0.000000 0.000000 0.000000 0.000000 0.000000 0.000000 0.265235 0.684635 1.747795 4.399437 10.780694 25.452372 58.940960 125.779236 242.159180 431.768036 740.312439 1221.061890 1902.529297 2746.979492 3697.422363 4746.664551 5881.752930 8010.570312 10795.654297 13619.309570 16705.867188 20885.201172 26810.912109 32598.871094 38099.234375 43335.308594 49089.566406 57384.230469 64498.183594 68972.820312 71376.921875 72320.351562 71905.070312 73228.929688 73074.062500 69399.039062 45297.171875
0.000000 0.000000 0.000000 0.000000 0.000000 0.000000 0.000000 0.000000 0.000000 0.000000 0.000000 0.000000 0.000000 0.000000 0.281546 0.706702 1.760026 4.368792 10.754106 25.975506 59.946190 127.252548 248.535919 451.248322 765.498291 1205.308594 1779.800903 2499.748047 3267.363770 4295.626465 6101.457520 8271.982422 10687.692383 13255.994141 17758.496094 22774.634766 27660.070312 32569.281250 37354.203125 44582.722656 52419.277344 58587.714844 63318.757812 66244.601562 68031.132812 70393.835938 72356.625000 72432.335938 68481.414062 46951.613281
