tests/test_03/output3/CloudConcentration_010.00hrs.dat
NCOLS    50
NROWS    50
XLLCORNER    -2289770.000
YLLCORNER     2591270.000
CELLSIZE        2000.000       2000.000
NODATA_VALUE -9999.
[rows 0 to 29 of 50, columns 0 to 49 of 50]
0.000000 0.000000 0.000000 0.000000 0.000000 0.000000 0.000000 0.000000 0.000000 0.000000 0.000000 0.000000 0.000000 0.000000 0.000000 0.000000 0.000000 0.000000 0.264237 0.571720 1.225005 2.458488 4.570378 7.738902 12.613762 21.320507 35.257935 53.738670 78.293533 106.216499 139.566681 178.609802 226.982117 297.986267 367.197388 412.637543 445.876678 455.305145 457.600464 454.716644 478.005554 470.297882 400.611725 312.669037 231.825912 163.947754 109.866318 72.297104 41.608498 16.248217
0.000000 0.000000 0.000000 0.000000 0.000000 0.000000 0.000000 0.000000 0.000000 0.000000 0.000000 0.000000 0.000000 0.000000 0.000000 0.000000 0.000000 0.261419 0.576269 1.275455 2.815415 5.504967 9.909154 16.446457 26.730175 42.576614 68.488976 102.983330 145.272720 197.891968 254.043777 316.217682 382.728088 468.277130 586.707825 681.689758 734.978210 752.358337 756.246704 744.755615 722.615967 742.896179 673.107544 563.656921 416.600586 312.628021 212.386902 141.996262 82.358818 31.840555
0.000000 0.000000 0.000000 0.000000 0.000000 0.000000 0.000000 0.000000 0.000000 0.000000 0.000000 0.000000 0.000000 0.000000 0.000000 0.000000 0.288123 0.649367 1.525040 3.571313 7.144194 12.848467 21.990837 35.973263 56.363583 84.165627 125.401344 187.495056 264.912659 354.968414 457.320740 554.917847 658.161743 769.529358 945.185852 1128.153320 1216.282593 1280.705933 1268.355225 1215.449951 1148.806763 1176.706787 1101.580688 942.120605 753.827332 554.521423 403.753723 265.023346 158.566544 61.773479
0.000000 0.000000 0.000000 0.000000 0.000000 0.000000 0.000000 0.000000 0.000000 0.000000 0.000000 0.000000 0.000000 0.000000 0.000000 0.294558 0.687016 1.706899 4.225010 8.487916 15.529181 27.567865 46.917469 74.721191 111.634666 159.903046 222.259644 322.514343 456.029480 608.350098 775.538879 944.505432 1105.921509 1273.175171 1468.577759 1764.680664 1951.948242 2042.401733 2054.666504 1967.498169 1868.588745 1795.294922 1717.678345 1544.693604 1283.888794 959.075439 702.780212 453.242950 277.485504 110.174881
0.000000 0.000000 0.000000 0.000000 0.000000 0.000000 0.000000 0.000000 0.000000 0.000000 0.000000 0.000000 0.000000 0.000000 0.316375 0.749315 1.911752 4.846546 9.708255 18.175074 33.033653 57.471821 93.773766 144.283081 208.566879 290.307983 394.113190 526.436340 744.868103 997.321777 1259.934326 1548.421143 1786.405273 2028.583130 2263.615479 2651.479980 2998.024658 3157.829590 3242.876465 3083.517334 2904.221924 2665.727295 2624.280029 2427.117920 2034.693970 1614.042358 1161.912354 754.584106 467.547852 190.170059
0.000000 0.000000 0.000000 0.000000 0.000000 0.000000 0.000000 0.000000 0.000000 0.000000 0.000000 0.000000 0.000000 0.329806 0.788814 2.038358 5.124297 10.447531 19.453753 36.081306 65.045227 110.263214 173.318115 257.763000 369.389893 502.906036 672.372131 876.406128 1163.348267 1556.056396 1967.714111 2394.925781 2802.223389 3139.086182 3458.919189 3840.005371 4434.399414 4729.063965 4846.461914 4663.759766 4393.194336 4060.038086 3893.847900 3620.968750 3149.092529 2589.807617 1859.615723 1207.020508 747.707092 314.848541
0.000000 0.000000 0.000000 0.000000 0.000000 0.000000 0.000000 0.000000 0.000000 0.000000 0.000000 0.000000 0.334933 0.803652 2.060475 5.166153 10.498396 19.635319 36.593697 67.155975 117.431427 193.437225 298.898254 435.224976 615.146423 839.065613 1098.152710 1399.148682 1745.433472 2311.885986 2944.837402 3569.589111 4228.475586 4663.812988 5084.812012 5465.388184 6319.640625 6830.657227 6982.610352 6852.919434 6457.834961 5985.345703 5574.383789 5252.173340 4711.819824 3901.749023 2893.300293 1872.718506 1165.156738 510.813385
0.000000 0.000000 0.000000 0.000000 0.000000 0.000000 0.000000 0.000000 0.000000 0.000000 0.000000 0.330583 0.798438 1.995992 4.929787 10.070167 18.845541 34.957584 64.890251 116.142159 196.061325 314.268738 479.599091 699.468384 981.139160 1328.798584 1717.419922 2151.205566 2636.853271 3292.877686 4227.589355 5147.992676 6037.854980 6711.519043 7302.028320 7832.030762 8693.952148 9478.000000 9753.086914 9849.941406 9195.428711 8535.405273 7790.563477 7408.595215 6804.454590 5684.507812 4323.437988 2794.684082 1746.770508 800.701416
0.000000 0.000000 0.000000 0.000000 0.000000 0.000000 0.000000 0.000000 0.000000 0.000000 0.334417 0.783070 1.853373 4.411286 9.210556 17.240061 31.913494 59.356026 107.486877 185.620895 304.037598 480.122833 730.660889 1068.264282 1489.361328 1992.706177 2564.683838 3155.375732 3823.991699 4575.391113 5809.839355 7115.503906 8296.301758 9398.928711 10130.102539 10793.987305 11522.158203 12760.723633 13313.338867 13507.149414 12716.317383 11870.229492 10855.446289 10190.522461 9499.521484 8024.594727 6235.245117 4055.547607 2533.341064 1205.516846
0.000000 0.000000 0.000000 0.000000 0.000000 0.000000 0.000000 0.000000 0.000000 0.310242 0.708748 1.610708 3.740777 7.965008 15.073729 27.887402 51.683048 94.439018 165.222275 276.431091 445.145142 696.107483 1057.945801 1545.611572 2150.346436 2842.287354 3634.529785 4475.551270 5380.602539 6345.621094 7684.645508 9478.981445 11052.511719 12650.080078 13586.372070 14414.425781 14955.421875 16689.691406 17599.281250 17853.482422 17090.228516 16001.950195 14660.196289 13683.728516 12824.427734 11025.960938 8712.022461 5725.916504 3573.647705 1752.118164
0.000000 0.000000 0.000000 0.000000 0.000000 0.000000 0.000000 0.000000 0.262113 0.594078 1.329881 2.980013 6.482069 12.590405 23.285999 43.061874 79.014740 140.061172 237.725403 389.601593 621.605591 967.162964 1461.850952 2120.266602 2931.731689 3868.828369 4940.626953 6114.641113 7247.462891 8427.325195 9807.664062 12179.051758 14279.493164 16305.400391 17647.871094 18659.929688 19353.826172 21172.052734 22517.640625 22911.205078 22274.539062 20913.205078 19243.646484 17839.634766 16858.253906 14718.206055 11808.695312 7853.200684 4909.737305 2462.903320
0.000000 0.000000 0.000000 0.000000 0.000000 0.000000 0.000000 0.200651 0.454466 1.010123 2.245236 4.918635 9.813120 18.497334 34.288784 62.913742 112.899796 194.724869 324.371674 525.914307 832.262024 1284.744019 1918.806763 2760.557129 3820.050537 5068.322266 6446.049805 7967.209961 9391.195312 10894.295898 12472.951172 15081.303711 17810.332031 20294.320312 22202.886719 23402.408203 24340.828125 26073.910156 28000.251953 28585.560547 28178.666016 26542.353516 24563.000000 22623.744141 21597.054688 19119.146484 15551.250977 10478.224609 6605.120117 3371.145020
0.000000 0.000000 0.000000 0.000000 0.000000 0.000000 0.000000 0.316343 0.704070 1.545386 3.418054 7.110732 13.694561 25.678673 47.599987 86.024506 150.622833 255.412552 421.288574 678.373352 1065.603027 1630.764160 2412.679199 3450.799805 4787.788086 6378.931641 8081.356445 9938.181641 11790.678711 13591.390625 15447.785156 18094.544922 21507.486328 24496.707031 27077.363281 28516.212891 29657.796875 31269.326172 33865.726562 34662.804688 34738.812500 32763.708984 30578.166016 28014.187500 27021.433594 24191.578125 19905.025391 13593.760742 8653.423828 4474.454102
0.000000 0.000000 0.000000 0.000000 0.000000 0.000000 0.200977 0.452055 0.992720 2.158915 4.686266 9.409791 17.968800 33.764183 62.052193 110.227951 189.281693 317.667694 521.185669 836.260254 1307.966187 1984.629883 2920.275146 4170.301758 5781.039551 7699.282715 9777.976562 11992.548828 14305.929688 16379.688477 18477.132812 21132.792969 25251.996094 28776.998047 32088.250000 33790.535156 35130.398438 36645.871094 39865.160156 41055.292969 41647.414062 39388.562500 37050.296875 34142.937500 32991.292969 29855.917969 24877.162109 17222.611328 11168.668945 5828.618652
0.000000 0.000000 0.000000 0.000000 0.000000 0.000000 0.268786 0.597386 1.297978 2.810074 5.972034 11.757230 22.482296 42.220711 76.733719 133.604782 226.523788 378.648224 619.953613 992.062683 1546.631592 2332.836426 3409.409424 4867.267578 6760.810547 9016.940430 11475.288086 14051.627930 16839.033203 19151.326172 21568.623047 24125.013672 28961.791016 33038.761719 37060.242188 39071.667969 40687.847656 42098.101562 45887.753906 47625.257812 48586.851562 46207.308594 43762.304688 40563.343750 39448.226562 35981.394531 30365.392578 21295.406250 14106.078125 7434.333984
0.000000 0.000000 0.000000 0.000000 0.000000 0.000000 0.334971 0.740534 1.599415 3.432216 7.127195 13.997149 27.023462 50.680119 90.578827 154.721344 261.608459 436.235840 713.811462 1141.068359 1764.915039 2635.050781 3835.171631 5490.284668 7639.998535 10237.477539 13096.309570 16055.088867 19172.664062 21855.728516 24611.722656 27305.205078 32469.253906 37116.871094 41766.726562 44156.636719 46063.152344 47495.265625 51841.859375 54154.023438 55343.722656 53044.582031 50515.386719 47091.003906 46131.996094 42434.574219 36293.535156 25813.015625 17563.896484 9305.166016
0.000000 0.000000 0.000000 0.000000 0.000000 0.000000 0.361577 0.802180 1.735034 3.689973 7.546537 14.873687 28.966955 54.997578 98.739487 170.387146 288.524506 479.869171 782.905518 1248.644775 1926.963135 2878.849365 4203.989746 6003.813477 8363.666016 11277.816406 14546.416992 17811.486328 21226.617188 24380.994141 27368.626953 30255.818359 35574.898438 40756.792969 45968.328125 48729.785156 50947.808594 52584.812500 57430.718750 60265.792969 61699.449219 59694.449219 57107.148438 53549.035156 52882.410156 49104.386719 42491.582031 30706.357422 21502.802734 11471.933594
0.000000 0.000000 0.000000 0.000000 0.000000 0.000000 0.366033 0.813414 1.761575 3.741413 7.624140 15.003685 29.311440 55.827106 100.659531 174.641434 296.061249 491.932648 801.953674 1277.078369 1977.136719 2980.192383 4377.318359 6272.907227 8768.414062 11868.877930 15380.106445 18953.210938 22663.441406 26278.701172 29460.542969 32534.802734 37884.640625 43720.589844 49465.390625 52609.406250 55104.039062 57079.402344 62375.441406 65679.773438 67280.148438 65858.531250 63189.613281 59932.347656 59582.832031 55796.921875 48657.847656 35849.582031 25964.978516 13868.153320
0.000000 0.000000 0.000000 0.000000 0.000000 0.000000 0.350793 0.784822 1.725492 3.721371 7.621684 14.941351 29.036737 55.379341 100.428154 174.798553 296.306244 492.324371 802.219910 1275.141846 1976.923584 2984.980957 4392.492676 6306.974121 8835.732422 12002.492188 15613.383789 19322.832031 23143.232422 26946.666016 30237.552734 33438.425781 38765.804688 44969.335938 51227.515625 55021.984375 58064.496094 60697.710938 66575.546875 70261.726562 71753.007812 71201.015625 68555.039062 65992.289062 65952.007812 62444.761719 54726.109375 41119.582031 30960.167969 16481.167969
0.000000 0.000000 0.000000 0.000000 0.000000 0.000000 0.277807 0.630678 1.419337 3.152013 6.785689 13.415076 25.592121 48.493698 89.981789 161.121536 277.128815 462.001465 752.388794 1203.193726 1885.737183 2884.384033 4288.324219 6201.929688 8731.998047 11907.869141 15577.080078 19357.115234 23200.892578 27053.130859 30368.048828 33599.832031 38984.703125 45392.585938 51705.382812 55664.484375 59057.792969 62722.804688 69536.664062 74035.906250 75264.695312 75146.023438 73152.460938 71303.343750 71703.632812 68582.718750 60441.605469 46367.250000 36260.312500 19151.156250
0.000000 0.000000 0.000000 0.000000 0.000000 0.000000 0.202071 0.468158 1.058970 2.367035 5.268216 11.009444 21.265982 40.268768 75.585251 136.988403 238.951950 403.218018 661.361450 1065.519409 1688.525146 2618.369141 3949.000244 5774.510742 8182.907715 11215.062500 14794.155273 18625.087891 22497.017578 26331.085938 29580.863281 32922.152344 38588.738281 45234.921875 51355.902344 55622.378906 59146.460938 63574.648438 70635.343750 75923.210938 77384.695312 77509.875000 76505.406250 75919.125000 76626.554688 73880.695312 65556.132812 51400.980469 41854.480469 21927.808594
0.000000 0.000000 0.000000 0.000000 0.000000 0.000000 0.000000 0.311985 0.726352 1.644099 3.680533 8.218005 16.687086 32.313896 60.734196 110.722160 196.153412 337.525085 561.819092 913.230896 1457.890259 2283.657227 3490.511719 5171.059570 7400.650391 10204.644531 13508.993164 17077.943359 20761.525391 24416.664062 27538.218750 30727.351562 36591.035156 43232.386719 48995.433594 53651.164062 57668.855469 63710.980469 71146.585938 76286.187500 78050.664062 78419.960938 77952.164062 79589.679688 80778.171875 78126.625000 69887.953125 56007.527344 47520.921875 24870.205078
0.000000 0.000000 0.000000 0.000000 0.000000 0.000000 0.000000 0.000000 0.438801 1.039308 2.366352 5.348121 11.931560 24.301025 45.957901 84.608223 152.933990 268.994080 457.752808 755.460205 1216.777100 1924.424805 2979.276855 4478.219238 6495.638184 9046.873047 12046.840820 15284.220703 18692.498047 22107.470703 25111.410156 28088.962891 34132.699219 40641.218750 45921.183594 50649.929688 54946.953125 62215.355469 70195.593750 75054.664062 77855.875000 78376.187500 79125.562500 81852.453125 83481.210938 80868.914062 73329.398438 59936.152344 53092.023438 27915.810547
0.000000 0.000000 0.000000 0.000000 0.000000 0.000000 0.000000 0.000000 0.210609 0.559575 1.362882 3.145108 7.238757 16.205307 31.849909 60.272209 111.700607 200.923599 352.219727 596.561218 976.185425 1563.727539 2449.250244 3732.453369 5494.679199 7760.982422 10433.340820 13290.972656 16319.867188 19362.611328 22235.615234 25285.550781 31099.630859 37311.960938 42190.785156 46814.144531 51247.914062 59892.242188 67541.281250 72067.476562 75492.851562 76858.640625 79995.226562 83004.289062 84741.429688 81657.250000 75472.445312 63657.957031 58230.671875 30987.556641
0.000000 0.000000 0.000000 0.000000 0.000000 0.000000 0.000000 0.000000 0.000000 0.234295 0.638800 1.616893 3.808152 8.723436 19.411552 39.436058 75.326935 139.209961 251.599609 441.169403 746.997070 1218.391968 1930.139282 2981.661377 4463.642090 6411.102051 8728.952148 11209.679688 13842.020508 16398.564453 19035.792969 22498.009766 27841.078125 33312.207031 37994.003906 42362.203125 48412.296875 56852.625000 63679.613281 68381.125000 72057.312500 74347.953125 79884.109375 83479.015625 84625.257812 81619.210938 76431.250000 67726.242188 62676.062500 34134.957031
0.000000 0.000000 0.000000 0.000000 0.000000 0.000000 0.000000 0.000000 0.000000 0.000000 0.247358 0.672538 1.725647 4.135262 9.513468 21.839781 46.184986 89.644455 166.677994 302.854828 535.375488 901.866760 1461.878296 2289.081055 3466.246094 5052.212402 6987.025391 9095.106445 11374.379883 13484.930664 15690.058594 19472.300781 24384.048828 29011.800781 33432.566406 37756.746094 45067.792969 52927.750000 59014.328125 63904.246094 67743.851562 73131.546875 78729.507812 81936.617188 82213.687500 80253.531250 76210.304688 70586.945312 65846.914062 37217.808594
0.000000 0.000000 0.000000 0.000000 0.000000 0.000000 0.000000 0.000000 0.000000 0.000000 0.000000 0.253423 0.678048 1.732133 4.210207 9.863220 22.936827 52.070953 103.803673 194.023026 349.684113 619.172485 1052.617432 1688.192871 2594.225830 3809.452148 5319.717285 7028.772949 8951.978516 10729.740234 12588.912109 16358.254883 20776.496094 24752.144531 28725.281250 33768.460938 41357.781250 48148.839844 54018.695312 59059.511719 63231.679688 71078.078125 76669.578125 78922.726562 79420.820312 78016.531250 74740.468750 72383.781250 67970.390625 40338.042969
0.000000 0.000000 0.000000 0.000000 0.000000 0.000000 0.000000 0.000000 0.000000 0.000000 0.000000 0.000000 0.255873 0.674840 1.742892 4.357836 10.429011 24.236197 56.199806 116.579453 218.772217 394.629822 688.875061 1161.198853 1855.557129 2774.681396 3899.996582 5181.670410 6650.476074 8164.718262 10156.720703 13418.054688 17016.275391 20666.982422 24312.787109 30392.787109 37262.343750 43200.867188 48868.015625 53967.199219 60674.578125 68329.781250 73435.648438 75512.015625 76190.281250 75184.054688 73100.757812 73060.273438 69026.234375 43060.386719
0.000000 0.000000 0.000000 0.000000 0.000000 0.000000 0.000000 0.000000 0.000000 0.000000 0.000000 0.000000 0.000000 0.265235 0.684635 1.747795 4.399437 10.780694 25.452372 58.940964 125.779228 242.159195 431.768036 740.312439 1221.061768 1902.529175 2746.979248 3697.421875 4746.664062 5881.752441 8010.570312 10795.654297 13619.308594 16705.865234 20885.203125 26810.912109 32598.871094 38099.234375 43335.304688 49089.574219 57384.234375 64498.191406 68972.828125 71376.921875 72320.351562 71905.070312 73228.937500 73074.070312 69399.039062 45297.175781
0.000000 0.000000 0.000000 0.000000 0.000000 0.000000 0.000000 0.000000 0.000000 0.000000 0.000000 0.000000 0.000000 0.000000 0.281546 0.706702 1.760026 4.368792 10.754105 25.975506 59.946205 127.252525 248.535904 451.248322 765.498352 1205.308594 1779.800659 2499.747803 3267.363281 4295.626465 6101.457520 8271.982422 10687.691406 13255.993164 17758.496094 22774.634766 27660.070312 32569.279297 37354.203125 44582.730469 52419.281250 58587.714844 63318.761719 66244.601562 68031.125000 70393.843750 72356.632812 72432.335938 68481.414062 46951.613281
