tests/test_03/output3/DepositFile_____final.dat
NCOLS    50
NROWS    50
XLLCORNER    -2289770.000
YLLCORNER     2591270.000
CELLSIZE        2000.000       2000.000
NODATA_VALUE  0.000
[rows 0 to 34 of 50, columns 0 to 49 of 50]
0.263651 0.312755 0.377773 0.455795 0.549373 0.661553 0.795966 0.956915 1.149500 1.379786 1.654921 1.983293 2.374739 2.840637 3.393914 4.049090 4.821937 5.728907 6.785833 8.005831 9.395969 10.952862 12.657188 14.470007 16.330687 18.152590 19.820238 21.192093 22.101732 22.436470 22.175541 21.327345 19.808271 17.864017 15.187568 11.329923 7.501720 4.987959 2.958300 0.735819 0.278566 0.113994 0.029752 0.000000 0.000000 0.000000 0.000000 0.000000 0.000000 0.000000
0.307283 0.364530 0.440384 0.531454 0.640746 0.771840 0.929011 1.117323 1.342823 1.612672 1.935344 2.320853 2.780900 3.329030 3.980764 4.753610 5.666718 6.740244 7.993964 9.444688 11.102448 12.964996 15.011362 17.196646 19.448908 21.666042 23.714474 25.419693 26.577515 27.039589 26.771988 25.800516 24.003168 21.677622 18.464142 13.859169 9.212910 6.094299 3.664707 0.968126 0.348553 0.143760 0.038943 0.000000 0.000000 0.000000 0.000000 0.000000 0.000000 0.000000
0.371601 0.440953 0.532911 0.643402 0.776110 0.935424 1.126556 1.355750 1.630444 1.959491 2.353420 2.824598 3.387546 4.059183 4.859000 5.809050 6.933636 8.258684 9.809935 11.610241 13.674547 16.003073 18.573046 21.330984 24.188871 27.018736 29.656759 31.882767 33.439556 34.114075 33.866146 32.706516 30.498449 27.593809 23.590452 17.871410 11.939179 7.839340 4.799612 1.364149 0.459507 0.191518 0.054197 0.010812 0.000000 0.000000 0.000000 0.000000 0.000000 0.000000
0.444329 0.527492 0.637867 0.770609 0.930157 1.121827 1.351999 1.628286 1.959791 2.357340 2.833790 3.404347 4.086947 4.902514 5.875227 7.032606 8.405279 10.026154 11.928565 14.143000 16.691008 19.577032 22.777012 26.228432 29.823963 33.406853 36.775845 39.658817 41.736092 42.706348 42.518322 41.151192 38.452427 34.874599 29.926863 22.880440 15.361106 10.014723 6.203017 1.882089 0.600154 0.252471 0.073999 0.014780 0.000000 0.000000 0.000000 0.000000 0.000000 0.000000
0.524954 0.623596 0.754633 0.912325 1.102044 1.330220 1.604558 1.934251 2.330259 2.805745 3.376326 4.060543 4.880296 5.861175 7.032954 8.429633 10.089313 12.053378 14.364472 17.062698 20.178572 23.722706 27.671309 31.952744 36.437580 40.934818 45.199959 48.897129 51.633930 53.003571 52.935825 51.354710 48.106377 43.704563 37.677742 29.072182 19.618380 12.714495 7.955606 2.549524 0.776999 0.329710 0.099592 0.019937 0.000000 0.000000 0.000000 0.000000 0.000000 0.000000
0.612398 0.727984 0.881650 1.066782 1.289801 1.558381 1.881675 2.270639 2.738487 3.300995 3.976974 4.788800 5.762899 6.930359 8.327402 9.995588 11.981905 14.337726 17.116835 20.371147 24.142651 28.450850 33.274715 38.533867 44.074593 49.665993 55.011631 59.705109 63.267277 65.160217 65.286720 63.503067 59.635170 54.297646 47.022579 36.616413 24.843721 16.011417 10.121297 3.401348 0.996787 0.426528 0.132489 0.026573 0.000000 0.000000 0.000000 0.000000 0.000000 0.000000
0.704950 0.838663 1.016650 1.231379 1.490396 1.802670 2.179021 2.632493 3.178718 3.836435 4.628007 5.580109 6.724380 8.098130 9.744939 11.715180 14.065982 16.860533 20.165813 24.047829 28.562834 33.742455 39.570847 45.960644 52.732479 59.610359 66.238312 72.127487 76.697983 79.274643 79.694313 77.723465 73.212097 66.768211 58.097195 45.650524 31.191324 19.985914 12.762089 4.455960 1.266186 0.546620 0.174146 0.035031 0.000000 0.000000 0.000000 0.000000 0.000000 0.000000
0.800427 0.953117 1.156651 1.402508 1.699403 2.057847 2.490518 3.012626 3.642521 4.402139 5.317803 6.420931 7.748831 9.345734 11.263589 13.562522 16.311386 19.586773 23.470957 28.046631 33.387569 39.540798 46.500015 54.172596 62.352283 70.712036 78.829437 86.127296 91.903633 95.352928 96.164322 94.066063 88.900055 81.199692 70.979042 56.256519 38.764431 24.778214 15.919461 5.772580 1.592476 0.693654 0.226044 0.045640 0.010128 0.000000 0.000000 0.000000 0.000000 0.000000
0.896268 1.068263 1.297809 1.575450 1.911260 2.317342 2.808279 3.401679 4.118705 4.984839 6.030606 7.292570 8.814248 10.647382 12.852713 15.501422 18.675093 22.465433 26.972111 32.297195 38.534557 45.751114 53.954830 63.051521 72.807953 82.841103 92.650757 101.570877 108.762184 113.271271 114.618927 112.421272 106.636894 97.580589 85.668060 68.468094 47.629559 30.433477 19.632818 7.393091 1.981830 0.871305 0.289626 0.058763 0.013232 0.000000 0.000000 0.000000 0.000000 0.000000
0.989300 1.180330 1.435624 1.744894 2.119578 2.573395 3.122966 3.788332 4.593651 5.568084 6.746639 8.171298 9.892279 11.969121 14.472466 17.484715 21.101309 25.430267 30.590349 36.705276 43.892670 52.242744 61.782482 72.422203 83.902992 95.781281 107.468048 118.205009 127.010086 132.773819 134.788223 132.605927 126.216354 115.729584 101.990532 82.212013 57.741806 36.902950 23.898270 9.342851 2.436906 1.081863 0.366286 0.074654 0.017042 0.000000 0.000000 0.000000 0.000000 0.000000
1.075844 1.284989 1.564911 1.904604 2.316834 2.816956 3.423653 4.159403 5.051474 6.132720 7.442681 9.029064 10.948814 13.270043 16.073273 19.453175 23.519714 28.397892 34.226410 41.152405 49.319450 58.845375 69.781792 82.050934 95.371346 109.234718 122.954536 135.677048 146.271072 153.466064 156.320023 154.260834 147.267487 135.344589 119.655792 97.220528 68.948463 44.110172 28.656759 11.627418 2.955824 1.325412 0.456602 0.093471 0.021614 0.000000 0.000000 0.000000 0.000000 0.000000
1.152086 1.377616 1.679948 2.047508 2.494330 3.037401 3.697370 4.499160 5.473063 6.655598 8.090857 9.832139 11.943224 14.500739 17.595415 21.334560 25.843292 31.264290 37.757595 45.493427 54.642372 65.351654 77.702843 91.639305 106.865517 122.806305 138.674026 153.514008 166.053467 174.832108 178.664566 176.872650 169.302200 155.961868 138.256638 113.055634 81.008080 51.933529 33.784424 14.232689 3.529639 1.598399 0.560006 0.115176 0.026945 0.000000 0.000000 0.000000 0.000000 0.000000
1.214980 1.454505 1.776017 2.167437 2.644076 3.224418 3.931000 4.791111 5.837775 7.110988 8.659299 10.541303 12.827541 15.602639 18.967604 23.042082 27.966269 33.901512 41.029247 49.545570 59.648403 71.512856 85.249474 100.830406 117.963219 136.008987 154.076035 171.108734 185.699280 196.206772 201.158127 199.749008 191.675400 176.924698 157.193130 129.303360 93.625420 60.129593 39.117569 17.089378 4.156863 1.894624 0.674341 0.139531 0.032973 0.000000 0.000000 0.000000 0.000000 0.000000
1.252332 1.503414 1.841214 2.253239 2.755687 3.368205 4.114623 5.024030 6.131974 7.481584 9.125196 11.126262 13.561563 16.523455 20.122473 24.490185 29.780909 36.173698 43.872131 53.097996 64.079567 77.025024 92.074516 109.218964 128.178070 148.269135 168.501389 187.726425 204.402878 216.731674 222.933914 222.053345 213.495773 197.433578 175.748322 145.468369 106.505058 68.509262 44.460381 20.126551 4.835443 2.205950 0.796160 0.165742 0.039588 0.000000 0.000000 0.000000 0.000000 0.000000
1.255736 1.510679 1.854822 2.276244 2.792283 3.423931 4.196792 5.141939 6.297172 7.708309 9.430817 11.531899 14.092798 17.211405 21.005398 25.615463 31.208780 37.980740 46.154202 55.976612 67.705894 81.586037 97.795670 116.360710 137.007156 159.001892 181.265457 202.569565 221.265244 235.422195 242.942078 242.718414 233.804642 216.609589 193.149323 160.708527 119.061211 76.818863 49.641380 23.308504 5.569584 2.521478 0.920313 0.193129 0.046612 0.000000 0.000000 0.000000 0.000000 0.000000
1.239331 1.492501 1.834849 2.254955 2.770500 3.403078 4.179108 5.130935 6.298106 7.728826 9.481852 11.628605 14.255697 17.467855 21.390844 26.175001 31.998150 39.067451 47.621029 57.923885 70.258301 84.898605 102.062073 121.816284 143.926224 167.636093 191.742828 214.918076 235.453064 251.327240 260.154053 260.660736 251.608002 233.512543 208.510056 174.339279 130.608032 84.867043 54.503338 26.501352 6.374009 2.832073 1.043518 0.220687 0.053786 0.000000 0.000000 0.000000 0.000000 0.000000
1.208306 1.457279 1.793975 2.207389 2.715244 3.339140 4.105463 5.046685 6.202528 7.621733 9.363791 11.501548 14.123846 17.338417 21.275732 26.092941 31.977617 39.150742 47.867622 58.414696 71.099007 86.221695 104.032173 124.641930 147.870102 172.991562 198.695374 223.534958 245.728775 263.169220 273.345306 274.690369 265.723755 247.103333 220.984879 185.714432 140.575638 92.172333 58.864311 29.501980 7.244872 3.125138 1.160333 0.247616 0.060860 0.011172 0.000000 0.000000 0.000000 0.000000
1.131788 1.371537 1.697535 2.099660 2.595308 3.205820 3.957375 4.882027 6.018968 7.416039 9.131639 11.237239 13.820161 16.988552 20.873812 25.634260 31.459042 38.572449 47.236393 57.748943 70.433914 85.618973 103.587013 124.485283 148.178482 174.005981 200.609619 226.493240 249.845276 268.511627 279.955383 282.376038 273.983337 255.487061 228.829758 193.535355 148.504425 98.659386 62.552868 32.197369 8.126939 3.384263 1.264343 0.273238 0.067580 0.012530 0.000000 0.000000 0.000000 0.000000
1.030601 1.251050 1.551429 1.923153 2.383178 2.952310 3.656282 4.526835 5.603047 6.933208 8.576535 10.605736 13.109583 16.194468 19.989342 24.650846 30.366962 37.360695 45.891594 56.255344 68.775261 83.781021 101.567162 122.303795 145.885498 171.695084 198.380447 224.481781 248.241684 267.636688 280.009918 283.226440 275.361633 257.089264 230.397614 195.088760 151.166992 101.850891 64.655807 34.532803 8.967072 3.592488 1.350499 0.296994 0.073613 0.013770 0.000000 0.000000 0.000000 0.000000
0.919888 1.119341 1.391725 1.729674 2.148899 2.668795 3.313346 4.112156 5.101882 6.327585 7.844965 9.722628 12.044787 14.914912 18.459301 22.831745 28.218472 34.841213 42.962173 52.883507 64.938408 79.471924 96.794594 117.099815 140.312759 165.845108 192.336121 218.299057 242.060028 261.753113 274.762726 278.614655 271.516907 253.990997 227.635498 192.710648 150.170731 102.351067 65.174164 35.278549 9.689074 3.708709 1.414317 0.319456 0.078569 0.014801 0.000000 0.000000 0.000000 0.000000
0.799777 0.975935 1.217152 1.517300 1.890744 2.355224 2.932723 3.650522 4.542291 5.649797 7.024683 8.730568 10.846084 13.467626 16.713551 20.728451 25.687059 31.799284 39.313511 48.516621 59.729145 73.286041 89.500153 108.583458 130.507584 154.773682 180.089874 205.021393 228.033188 247.405243 260.542633 264.879517 258.811920 242.774933 217.990448 185.894241 146.445404 101.804901 64.527283 34.929943 10.397829 3.720815 1.432658 0.335493 0.081939 0.015536 0.000000 0.000000 0.000000 0.000000
0.674421 0.825703 1.033387 1.292680 1.616358 2.020245 2.524066 3.152236 3.935117 4.910493 6.125043 7.636714 9.517025 11.854296 14.757229 18.358606 22.820055 28.336201 35.137993 43.494125 53.704315 66.086006 80.937408 98.464752 118.654564 141.057266 164.477890 187.619965 209.103577 227.432419 240.033936 244.221466 238.840134 223.942566 200.809998 171.348038 136.162201 97.105843 61.574352 34.071228 11.105992 3.665090 1.420253 0.343554 0.083335 0.015867 0.000000 0.000000 0.000000 0.000000
0.548603 0.674376 0.847521 1.064513 1.336396 1.676938 2.103251 2.636684 3.303895 4.138024 5.180357 6.482060 8.106743 10.133198 12.658456 15.801986 19.709288 24.556479 30.553734 37.945656 47.007877 58.033203 71.299179 87.002808 105.140594 125.310776 146.428345 167.366409 186.943130 203.809601 215.450897 219.424911 214.691910 201.162689 180.160736 154.012421 122.955917 89.238808 56.894779 31.699566 11.546493 3.518688 1.372857 0.344239 0.082841 0.015819 0.000000 0.000000 0.000000 0.000000
0.427199 0.527796 0.666700 0.841581 1.061705 1.338607 1.686753 2.124221 2.673654 3.363376 4.228667 5.313543 6.672911 8.374866 10.503935 13.164149 16.483070 20.615870 25.747980 32.097038 39.908421 49.445065 60.958103 74.627319 90.456642 108.091583 126.566673 144.964752 162.298279 177.324677 187.662598 191.246719 187.089798 175.044312 156.627487 133.978653 107.662483 79.342636 51.022701 28.606413 11.468820 3.305885 1.282072 0.336671 0.080392 0.015371 0.000000 0.000000 0.000000 0.000000
0.315152 0.391892 0.498238 0.632901 0.803328 1.018866 1.291280 1.635335 2.069643 2.617475 3.308040 4.177996 5.273048 6.650411 8.381082 10.552992 13.274714 16.678196 20.922802 26.195402 32.708813 40.692223 50.364250 61.885296 75.260895 90.184166 105.820763 121.483421 136.355606 149.248886 158.038315 161.035294 157.271286 146.893219 131.358688 112.369675 90.883438 67.927132 44.460453 25.182318 10.917002 3.069169 1.154788 0.317072 0.075588 0.014519 0.000000 0.000000 0.000000 0.000000
0.216774 0.271923 0.348707 0.446655 0.571493 0.730482 0.932761 1.189918 1.516551 1.931046 2.456674 3.122611 3.965667 5.031825 6.378630 8.077936 10.218245 12.908591 16.280262 20.488853 25.712902 32.144413 39.969818 49.324829 60.216297 72.385628 85.142487 98.020119 110.337990 120.952095 128.090240 130.363892 126.924332 118.347862 105.720947 90.527802 73.593811 55.778923 37.544182 21.616192 9.980291 2.808092 1.009197 0.287893 0.068534 0.013304 0.000000 0.000000 0.000000 0.000000
0.136237 0.172911 0.224228 0.290326 0.375384 0.484704 0.625028 0.804955 1.035395 1.330233 1.707036 2.188042 2.801414 3.582571 4.576261 5.838274 7.438248 9.461821 12.013266 15.217048 19.215933 24.165617 30.217154 37.482868 45.970879 55.471058 65.452873 75.619682 85.412498 93.751198 99.234589 100.692558 97.667816 90.910660 81.192635 69.578606 56.856133 43.750523 30.499830 17.859226 8.685130 2.532706 0.856342 0.252509 0.059582 0.011742 0.000000 0.000000 0.000000 0.000000
0.076521 0.098603 0.129685 0.170238 0.223077 0.291802 0.381049 0.496755 0.646550 0.840198 1.090194 1.412444 1.827270 2.360466 3.044775 3.921407 5.042131 6.471066 8.287074 10.584268 13.472108 17.070160 21.495564 26.836782 33.100903 40.128304 47.557880 55.191277 62.593117 68.777603 72.613007 73.302414 70.806732 65.795830 58.819420 50.464489 41.632771 32.605469 23.373470 14.252397 7.150408 2.271162 0.702014 0.211959 0.049874 0.000000 0.000000 0.000000 0.000000 0.000000
0.037450 0.049160 0.065786 0.087848 0.117053 0.155654 0.206540 0.273489 0.361393 0.476592 0.627270 0.823996 1.080352 1.413823 1.846694 2.407349 3.131759 4.064919 5.262478 6.791712 8.731198 11.167642 14.186604 17.852728 22.171913 27.028200 32.224895 37.603085 42.839161 47.060760 49.432384 49.590828 47.722473 44.236881 39.546299 34.124352 28.364124 22.560688 16.654669 10.735077 5.496171 1.998871 0.556671 0.169313 0.039979 0.000000 0.000000 0.000000 0.000000 0.000000
0.015573 0.020865 0.028472 0.038762 0.052652 0.071357 0.096494 0.130184 0.175233 0.235323 0.315285 0.421485 0.562155 0.748021 0.992984 1.314990 1.736960 2.287987 3.004269 3.930187 5.118165 6.626550 8.513483 10.822841 13.558030 16.638027 19.985704 23.477509 26.824303 29.368307 30.623312 30.548489 29.267235 27.045431 24.186079 20.870224 17.338310 13.967097 10.530712 7.169067 3.987417 1.584610 0.416245 0.127070 0.030333 0.000000 0.000000 0.000000 0.000000 0.000000
0.000000 0.000000 0.010380 0.014417 0.019982 0.027636 0.038128 0.052493 0.072090 0.098778 0.135022 0.184107 0.250444 0.339792 0.459784 0.620474 0.834841 1.119596 1.495885 1.990031 2.633386 3.461533 4.510649 5.808962 7.358855 9.114273 11.047213 13.082347 14.927384 16.202427 16.738190 16.547554 15.734385 14.405177 12.738704 10.856919 8.916599 7.080774 5.432603 3.839219 2.345717 1.016899 0.283501 0.082205 0.020333 0.000000 0.000000 0.000000 0.000000 0.000000
0.000000 0.000000 0.000000 0.000000 0.000000 0.000000 0.012789 0.017901 0.025030 0.034939 0.048689 0.067734 0.094002 0.130188 0.179806 0.247622 0.339951 0.464942 0.633190 0.857923 1.155101 1.543369 2.041921 2.666204 3.418263 4.281795 5.238479 6.229582 7.025359 7.510353 7.637750 7.409205 6.898182 6.158023 5.268780 4.300692 3.376211 2.555972 1.829832 1.244196 0.732192 0.323972 0.095877 0.035870 0.010830 0.000000 0.000000 0.000000 0.000000 0.000000
0.000000 0.000000 0.000000 0.000000 0.000000 0.000000 0.000000 0.000000 0.000000 0.010580 0.014938 0.021072 0.029699 0.041805 0.058753 0.082397 0.115213 0.160574 0.222780 0.307377 0.421145 0.571832 0.767476 1.014503 1.313778 1.662951 2.049242 2.398204 2.636339 2.732545 2.654220 2.445084 2.141904 1.772160 1.395326 1.064540 0.767497 0.521695 0.324537 0.184278 0.090378 0.038729 0.018159 0.000000 0.000000 0.000000 0.000000 0.000000 0.000000 0.000000
0.000000 0.000000 0.000000 0.000000 0.000000 0.000000 0.000000 0.000000 0.000000 0.000000 0.000000 0.000000 0.000000 0.011888 0.016849 0.023834 0.033614 0.047228 0.066026 0.091758 0.126592 0.173051 0.233732 0.310508 0.404105 0.513504 0.624750 0.702118 0.730525 0.696369 0.608309 0.504190 0.400859 0.298619 0.213076 0.152237 0.103987 0.066854 0.040068 0.022852 0.012688 0.000000 0.000000 0.000000 0.000000 0.000000 0.000000 0.000000 0.000000 0.000000
0.000000 0.000000 0.000000 0.000000 0.000000 0.000000 0.000000 0.000000 0.000000 0.000000 0.000000 0.000000 0.000000 0.000000 0.000000 0.000000 0.000000 0.012279 0.017162 0.023772 0.032613 0.044244 0.059164 0.077562 0.099216 0.121470 0.137881 0.142450 0.132839 0.111755 0.088074 0.069608 0.054463 0.042339 0.032509 0.024762 0.018035 0.012502 0.000000 0.000000 0.000000 0.000000 0.000000 0.000000 0.000000 0.000000 0.000000 0.000000 0.000000 0.000000
