tests/test_03/output3/DepositFile_____final.dat
NCOLS    50
NROWS    50
XLLCORNER    -2289770.000
YLLCORNER     2591270.000
CELLSIZE        2000.000       2000.000
NODATA_VALUE  0.000
[rows 0 to 49 of 50, columns 0 to 49 of 50]
0.264 0.313 0.378 0.456 0.549 0.662 0.796 0.957 1.150 1.380 1.655 1.983 2.375 2.841 3.394 4.049 4.822 5.729 6.786 8.006 9.396 10.953 12.657 14.470 16.331 18.153 19.820 21.192 22.102 22.436 22.176 21.327 19.808 17.864 15.188 11.330 7.502 4.988 2.958 0.736 0.279 0.114 0.030 0.000 0.000 0.000 0.000 0.000 0.000 0.000
0.307 0.365 0.440 0.531 0.641 0.772 0.929 1.117 1.343 1.613 1.935 2.321 2.781 3.329 3.981 4.754 5.667 6.740 7.994 9.445 11.102 12.965 15.011 17.197 19.449 21.666 23.714 25.420 26.578 27.040 26.772 25.801 24.003 21.678 18.464 13.859 9.213 6.094 3.665 0.968 0.349 0.144 0.039 0.000 0.000 0.000 0.000 0.000 0.000 0.000
0.372 0.441 0.533 0.643 0.776 0.935 1.127 1.356 1.630 1.959 2.353 2.825 3.388 4.059 4.859 5.809 6.934 8.259 9.810 11.610 13.675 16.003 18.573 21.331 24.189 27.019 29.657 31.883 33.440 34.114 33.866 32.707 30.498 27.594 23.590 17.871 11.939 7.839 4.800 1.364 0.460 0.192 0.054 0.011 0.000 0.000 0.000 0.000 0.000 0.000
0.444 0.527 0.638 0.771 0.930 1.122 1.352 1.628 1.960 2.357 2.834 3.404 4.087 4.903 5.875 7.033 8.405 10.026 11.929 14.143 16.691 19.577 22.777 26.228 29.824 33.407 36.776 39.659 41.736 42.706 42.518 41.151 38.452 34.875 29.927 22.880 15.361 10.015 6.203 1.882 0.600 0.252 0.074 0.015 0.000 0.000 0.000 0.000 0.000 0.000
0.525 0.624 0.755 0.912 1.102 1.330 1.605 1.934 2.330 2.806 3.376 4.061 4.880 5.861 7.033 8.430 10.089 12.053 14.364 17.063 20.179 23.723 27.671 31.953 36.438 40.935 45.200 48.897 51.634 53.004 52.936 51.355 48.106 43.705 37.678 29.072 19.618 12.714 7.956 2.550 0.777 0.330 0.100 0.020 0.000 0.000 0.000 0.000 0.000 0.000
0.612 0.728 0.882 1.067 1.290 1.558 1.882 2.271 2.738 3.301 3.977 4.789 5.763 6.930 8.327 9.996 11.982 14.338 17.117 20.371 24.143 28.451 33.275 38.534 44.075 49.666 55.012 59.705 63.267 65.160 65.287 63.503 59.635 54.298 47.023 36.616 24.844 16.011 10.121 3.401 0.997 0.427 0.132 0.027 0.000 0.000 0.000 0.000 0.000 0.000
0.705 0.839 1.017 1.231 1.490 1.803 2.179 2.632 3.179 3.836 4.628 5.580 6.724 8.098 9.745 11.715 14.066 16.861 20.166 24.048 28.563 33.742 39.571 45.961 52.732 59.610 66.238 72.127 76.698 79.275 79.694 77.723 73.212 66.768 58.097 45.651 31.191 19.986 12.762 4.456 1.266 0.547 0.174 0.035 0.000 0.000 0.000 0.000 0.000 0.000
0.800 0.953 1.157 1.403 1.699 2.058 2.491 3.013 3.643 4.402 5.318 6.421 7.749 9.346 11.264 13.563 16.311 19.587 23.471 28.047 33.388 39.541 46.500 54.173 62.352 70.712 78.829 86.127 91.904 95.353 96.164 94.066 88.900 81.200 70.979 56.257 38.764 24.778 15.919 5.773 1.592 0.694 0.226 0.046 0.010 0.000 0.000 0.000 0.000 0.000
0.896 1.068 1.298 1.575 1.911 2.317 2.808 3.402 4.119 4.985 6.031 7.293 8.814 10.647 12.853 15.501 18.675 22.465 26.972 32.297 38.535 45.751 53.955 63.052 72.808 82.841 92.651 101.571 108.762 113.271 114.619 112.421 106.637 97.581 85.668 68.468 47.630 30.433 19.633 7.393 1.982 0.871 0.290 0.059 0.013 0.000 0.000 0.000 0.000 0.000
0.989 1.180 1.436 1.745 2.120 2.573 3.123 3.788 4.594 5.568 6.747 8.171 9.892 11.969 14.472 17.485 21.101 25.430 30.590 36.705 43.893 52.243 61.782 72.422 83.903 95.781 107.468 118.205 127.010 132.774 134.788 132.606 126.216 115.730 101.991 82.212 57.742 36.903 23.898 9.343 2.437 1.082 0.366 0.075 0.017 0.000 0.000 0.000 0.000 0.000
1.076 1.285 1.565 1.905 2.317 2.817 3.424 4.159 5.051 6.133 7.443 9.029 10.949 13.270 16.073 19.453 23.520 28.398 34.226 41.152 49.319 58.845 69.782 82.051 95.371 109.235 122.955 135.677 146.271 153.466 156.320 154.261 147.267 135.345 119.656 97.221 68.948 44.110 28.657 11.627 2.956 1.325 0.457 0.093 0.022 0.000 0.000 0.000 0.000 0.000
1.152 1.378 1.680 2.048 2.494 3.037 3.697 4.499 5.473 6.656 8.091 9.832 11.943 14.501 17.595 21.335 25.843 31.264 37.758 45.493 54.642 65.352 77.703 91.639 106.866 122.806 138.674 153.514 166.053 174.832 178.665 176.873 169.302 155.962 138.257 113.056 81.008 51.934 33.784 14.233 3.530 1.598 0.560 0.115 0.027 0.000 0.000 0.000 0.000 0.000
1.215 1.455 1.776 2.167 2.644 3.224 3.931 4.791 5.838 7.111 8.659 10.541 12.828 15.603 18.968 23.042 27.966 33.902 41.029 49.546 59.648 71.513 85.249 100.830 117.963 136.009 154.076 171.109 185.699 196.207 201.158 199.749 191.675 176.925 157.193 129.303 93.625 60.130 39.118 17.089 4.157 1.895 0.674 0.140 0.033 0.000 0.000 0.000 0.000 0.000
1.252 1.503 1.841 2.253 2.756 3.368 4.115 5.024 6.132 7.482 9.125 11.126 13.562 16.523 20.122 24.490 29.781 36.174 43.872 53.098 64.080 77.025 92.075 109.219 128.178 148.269 168.501 187.726 204.403 216.732 222.934 222.053 213.496 197.434 175.748 145.468 106.505 68.509 44.460 20.127 4.835 2.206 0.796 0.166 0.040 0.000 0.000 0.000 0.000 0.000
1.256 1.511 1.855 2.276 2.792 3.424 4.197 5.142 6.297 7.708 9.431 11.532 14.093 17.211 21.005 25.615 31.209 37.981 46.154 55.977 67.706 81.586 97.796 116.361 137.007 159.002 181.265 202.570 221.265 235.422 242.942 242.718 233.805 216.610 193.149 160.708 119.061 76.819 49.641 23.308 5.570 2.521 0.920 0.193 0.047 0.000 0.000 0.000 0.000 0.000
1.239 1.493 1.835 2.255 2.771 3.403 4.179 5.131 6.298 7.729 9.482 11.629 14.256 17.468 21.391 26.175 31.998 39.067 47.621 57.924 70.258 84.899 102.062 121.816 143.926 167.636 191.743 214.918 235.453 251.327 260.154 260.661 251.608 233.512 208.510 174.339 130.608 84.867 54.503 26.501 6.374 2.832 1.044 0.221 0.054 0.000 0.000 0.000 0.000 0.000
1.208 1.457 1.794 2.207 2.715 3.339 4.105 5.047 6.203 7.622 9.364 11.502 14.124 17.338 21.276 26.093 31.978 39.151 47.868 58.415 71.099 86.222 104.032 124.642 147.870 172.992 198.695 223.535 245.729 263.169 273.345 274.690 265.724 247.103 220.985 185.714 140.576 92.172 58.864 29.502 7.245 3.125 1.160 0.248 0.061 0.011 0.000 0.000 0.000 0.000
1.132 1.372 1.698 2.100 2.595 3.206 3.957 4.882 6.019 7.416 9.132 11.237 13.820 16.989 20.874 25.634 31.459 38.572 47.236 57.749 70.434 85.619 103.587 124.485 148.178 174.006 200.610 226.493 249.845 268.512 279.955 282.376 273.983 255.487 228.830 193.535 148.504 98.659 62.553 32.197 8.127 3.384 1.264 0.273 0.068 0.013 0.000 0.000 0.000 0.000
1.031 1.251 1.551 1.923 2.383 2.952 3.656 4.527 5.603 6.933 8.577 10.606 13.110 16.194 19.989 24.651 30.367 37.361 45.892 56.255 68.775 83.781 101.567 122.304 145.885 171.695 198.380 224.482 248.242 267.637 280.010 283.226 275.362 257.089 230.398 195.089 151.167 101.851 64.656 34.533 8.967 3.592 1.350 0.297 0.074 0.014 0.000 0.000 0.000 0.000
0.920 1.119 1.392 1.730 2.149 2.669 3.313 4.112 5.102 6.328 7.845 9.723 12.045 14.915 18.459 22.832 28.218 34.841 42.962 52.883 64.938 79.472 96.795 117.100 140.313 165.845 192.336 218.299 242.060 261.753 274.763 278.615 271.517 253.991 227.635 192.711 150.171 102.351 65.174 35.279 9.689 3.709 1.414 0.319 0.079 0.015 0.000 0.000 0.000 0.000
0.800 0.976 1.217 1.517 1.891 2.355 2.933 3.651 4.542 5.650 7.025 8.731 10.846 13.468 16.714 20.728 25.687 31.799 39.314 48.517 59.729 73.286 89.500 108.583 130.508 154.774 180.090 205.021 228.033 247.405 260.543 264.879 258.812 242.775 217.990 185.894 146.445 101.805 64.527 34.930 10.398 3.721 1.433 0.335 0.082 0.016 0.000 0.000 0.000 0.000
0.674 0.826 1.033 1.293 1.616 2.020 2.524 3.152 3.935 4.910 6.125 7.637 9.517 11.854 14.757 18.359 22.820 28.336 35.138 43.494 53.704 66.086 80.937 98.465 118.655 141.057 164.478 187.620 209.103 227.432 240.034 244.221 238.840 223.942 200.810 171.348 136.162 97.106 61.574 34.071 11.106 3.665 1.420 0.344 0.083 0.016 0.000 0.000 0.000 0.000
0.549 0.674 0.848 1.065 1.336 1.677 2.103 2.637 3.304 4.138 5.180 6.482 8.107 10.133 12.658 15.802 19.709 24.556 30.554 37.946 47.008 58.033 71.299 87.003 105.141 125.311 146.428 167.366 186.943 203.809 215.451 219.425 214.692 201.163 180.161 154.012 122.956 89.239 56.895 31.700 11.546 3.519 1.373 0.344 0.083 0.016 0.000 0.000 0.000 0.000
0.427 0.528 0.667 0.842 1.062 1.339 1.687 2.124 2.674 3.363 4.229 5.314 6.673 8.375 10.504 13.164 16.483 20.616 25.748 32.097 39.908 49.445 60.958 74.627 90.457 108.092 126.567 144.965 162.298 177.325 187.662 191.247 187.090 175.044 156.627 133.979 107.662 79.343 51.023 28.606 11.469 3.306 1.282 0.337 0.080 0.015 0.000 0.000 0.000 0.000
0.315 0.392 0.498 0.633 0.803 1.019 1.291 1.635 2.070 2.617 3.308 4.178 5.273 6.650 8.381 10.553 13.275 16.678 20.923 26.195 32.709 40.692 50.364 61.885 75.261 90.184 105.821 121.483 136.356 149.249 158.038 161.035 157.271 146.893 131.359 112.370 90.883 67.927 44.460 25.182 10.917 3.069 1.155 0.317 0.076 0.015 0.000 0.000 0.000 0.000
0.217 0.272 0.349 0.447 0.571 0.730 0.933 1.190 1.517 1.931 2.457 3.123 3.966 5.032 6.379 8.078 10.218 12.909 16.280 20.489 25.713 32.144 39.970 49.325 60.216 72.386 85.142 98.020 110.338 120.952 128.090 130.364 126.924 118.348 105.721 90.528 73.594 55.779 37.544 21.616 9.980 2.808 1.009 0.288 0.069 0.013 0.000 0.000 0.000 0.000
0.136 0.173 0.224 0.290 0.375 0.485 0.625 0.805 1.035 1.330 1.707 2.188 2.801 3.583 4.576 5.838 7.438 9.462 12.013 15.217 19.216 24.166 30.217 37.483 45.971 55.471 65.453 75.620 85.412 93.751 99.235 100.692 97.668 90.911 81.193 69.579 56.856 43.750 30.500 17.859 8.685 2.533 0.856 0.253 0.060 0.012 0.000 0.000 0.000 0.000
0.077 0.099 0.130 0.170 0.223 0.292 0.381 0.497 0.647 0.840 1.090 1.412 1.827 2.360 3.045 3.921 5.042 6.471 8.287 10.584 13.472 17.070 21.496 26.837 33.101 40.128 47.558 55.191 62.593 68.778 72.613 73.302 70.807 65.796 58.819 50.464 41.633 32.605 23.373 14.252 7.150 2.271 0.702 0.212 0.050 0.000 0.000 0.000 0.000 0.000
0.037 0.049 0.066 0.088 0.117 0.156 0.207 0.273 0.361 0.477 0.627 0.824 1.080 1.414 1.847 2.407 3.132 4.065 5.262 6.792 8.731 11.168 14.187 17.853 22.172 27.028 32.225 37.603 42.839 47.061 49.432 49.591 47.722 44.237 39.546 34.124 28.364 22.561 16.655 10.735 5.496 1.999 0.557 0.169 0.040 0.000 0.000 0.000 0.000 0.000
0.016 0.021 0.028 0.039 0.053 0.071 0.096 0.130 0.175 0.235 0.315 0.421 0.562 0.748 0.993 1.315 1.737 2.288 3.004 3.930 5.118 6.627 8.513 10.823 13.558 16.638 19.986 23.477 26.824 29.368 30.623 30.548 29.267 27.045 24.186 20.870 17.338 13.967 10.531 7.169 3.987 1.585 0.416 0.127 0.030 0.000 0.000 0.000 0.000 0.000
0.000 0.000 0.010 0.014 0.020 0.028 0.038 0.052 0.072 0.099 0.135 0.184 0.250 0.340 0.460 0.620 0.835 1.120 1.496 1.990 2.633 3.462 4.511 5.809 7.359 9.114 11.047 13.082 14.927 16.202 16.738 16.548 15.734 14.405 12.739 10.857 8.917 7.081 5.433 3.839 2.346 1.017 0.284 0.082 0.020 0.000 0.000 0.000 0.000 0.000
0.000 0.000 0.000 0.000 0.000 0.000 0.013 0.018 0.025 0.035 0.049 0.068 0.094 0.130 0.180 0.248 0.340 0.465 0.633 0.858 1.155 1.543 2.042 2.666 3.418 4.282 5.238 6.230 7.025 7.510 7.638 7.409 6.898 6.158 5.269 4.301 3.376 2.556 1.830 1.244 0.732 0.324 0.096 0.036 0.011 0.000 0.000 0.000 0.000 0.000
0.000 0.000 0.000 0.000 0.000 0.000 0.000 0.000 0.000 0.011 0.015 0.021 0.030 0.042 0.059 0.082 0.115 0.161 0.223 0.307 0.421 0.572 0.767 1.015 1.314 1.663 2.049 2.398 2.636 2.733 2.654 2.445 2.142 1.772 1.395 1.065 0.767 0.522 0.325 0.184 0.090 0.039 0.018 0.000 0.000 0.000 0.000 0.000 0.000 0.000
0.000 0.000 0.000 0.000 0.000 0.000 0.000 0.000 0.000 0.000 0.000 0.000 0.000 0.012 0.017 0.024 0.034 0.047 0.066 0.092 0.127 0.173 0.234 0.311 0.404 0.514 0.625 0.702 0.731 0.696 0.608 0.504 0.401 0.299 0.213 0.152 0.104 0.067 0.040 0.023 0.013 0.000 0.000 0.000 0.000 0.000 0.000 0.000 0.000 0.000
0.000 0.000 0.000 0.000 0.000 0.000 0.000 0.000 0.000 0.000 0.000 0.000 0.000 0.000 0.000 0.000 0.000 0.012 0.017 0.024 0.033 0.044 0.059 0.078 0.099 0.121 0.138 0.142 0.133 0.112 0.088 0.070 0.054 0.042 0.033 0.025 0.018 0.013 0.000 0.000 0.000 0.000 0.000 0.000 0.000 0.000 0.000 0.000 0.000 0.000
0.000 0.000 0.000 0.000 0.000 0.000 0.000 0.000 0.000 0.000 0.000 0.000 0.000 0.000 0.000 0.000 0.000 0.000 0.000 0.000 0.000 0.000 0.013 0.016 0.019 0.022 0.023 0.022 0.021 0.018 0.015 0.014 0.012 0.011 0.000 0.000 0.000 0.000 0.000 0.000 0.000 0.000 0.000 0.000 0.000 0.000 0.000 0.000 0.000 0.000
0.000 0.000 0.000 0.000 0.000 0.000 0.000 0.000 0.000 0.000 0.000 0.000 0.000 0.000 0.000 0.000 0.000 0.000 0.000 0.000 0.000 0.000 0.000 0.000 0.000 0.000 0.000 0.000 0.000 0.000 0.000 0.000 0.000 0.000 0.000 0.000 0.000 0.000 0.000 0.000 0.000 0.000 0.000 0.000 0.000 0.000 0.000 0.000 0.000 0.000
0.000 0.000 0.000 0.000 0.000 0.000 0.000 0.000 0.000 0.000 0.000 0.000 0.000 0.000 0.000 0.000 0.000 0.000 0.000 0.000 0.000 0.000 0.000 0.000 0.000 0.000 0.000 0.000 0.000 0.000 0.000 0.000 0.000 0.000 0.000 0.000 0.000 0.000 0.000 0.000 0.000 0.000 0.000 0.000 0.000 0.000 0.000 0.000 0.000 0.000
0.000 0.000 0.000 0.000 0.000 0.000 0.000 0.000 0.000 0.000 0.000 0.000 0.000 0.000 0.000 0.000 0.000 0.000 0.000 0.000 0.000 0.000 0.000 0.000 0.000 0.000 0.000 0.000 0.000 0.000 0.000 0.000 0.000 0.000 0.000 0.000 0.000 0.000 0.000 0.000 0.000 0.000 0.000 0.000 0.000 0.000 0.000 0.000 0.000 0.000
0.000 0.000 0.000 0.000 0.000 0.000 0.000 0.000 0.000 0.000 0.000 0.000 0.000 0.000 0.000 0.000 0.000 0.000 0.000 0.000 0.000 0.000 0.000 0.000 0.000 0.000 0.000 0.000 0.000 0.000 0.000 0.000 0.000 0.000 0.000 0.000 0.000 0.000 0.000 0.000 0.000 0.000 0.000 0.000 0.000 0.000 0.000 0.000 0.000 0.000
0.000 0.000 0.000 0.000 0.000 0.000 0.000 0.000 0.000 0.000 0.000 0.000 0.000 0.000 0.000 0.000 0.000 0.000 0.000 0.000 0.000 0.000 0.000 0.000 0.000 0.000 0.000 0.000 0.000 0.000 0.000 0.000 0.000 0.000 0.000 0.000 0.000 0.000 0.000 0.000 0.000 0.000 0.000 0.000 0.000 0.000 0.000 0.000 0.000 0.000
0.000 0.000 0.000 0.000 0.000 0.000 0.000 0.000 0.000 0.000 0.000 0.000 0.000 0.000 0.000 0.000 0.000 0.000 0.000 0.000 0.000 0.000 0.000 0.000 0.000 0.000 0.000 0.000 0.000 0.000 0.000 0.000 0.000 0.000 0.000 0.000 0.000 0.000 0.000 0.000 0.000 0.000 0.000 0.000 0.000 0.000 0.000 0.000 0.000 0.000
0.000 0.000 0.000 0.000 0.000 0.000 0.000 0.000 0.000 0.000 0.000 0.000 0.000 0.000 0.000 0.000 0.000 0.000 0.000 0.000 0.000 0.000 0.000 0.000 0.000 0.000 0.000 0.000 0.000 0.000 0.000 0.000 0.000 0.000 0.000 0.000 0.000 0.000 0.000 0.000 0.000 0.000 0.000 0.000 0.000 0.000 0.000 0.000 0.000 0.000
0.000 0.000 0.000 0.000 0.000 0.000 0.000 0.000 0.000 0.000 0.000 0.000 0.000 0.000 0.000 0.000 0.000 0.000 0.000 0.000 0.000 0.000 0.000 0.000 0.000 0.000 0.000 0.000 0.000 0.000 0.000 0.000 0.000 0.000 0.000 0.000 0.000 0.000 0.000 0.000 0.000 0.000 0.000 0.000 0.000 0.000 0.000 0.000 0.000 0.000
0.000 0.000 0.000 0.000 0.000 0.000 0.000 0.000 0.000 0.000 0.000 0.000 0.000 0.000 0.000 0.000 0.000 0.000 0.000 0.000 0.000 0.000 0.000 0.000 0.000 0.000 0.000 0.000 0.000 0.000 0.000 0.000 0.000 0.000 0.000 0.000 0.000 0.000 0.000 0.000 0.000 0.000 0.000 0.000 0.000 0.000 0.000 0.000 0.000 0.000
0.000 0.000 0.000 0.000 0.000 0.000 0.000 0.000 0.000 0.000 0.000 0.000 0.000 0.000 0.000 0.000 0.000 0.000 0.000 0.000 0.000 0.000 0.000 0.000 0.000 0.000 0.000 0.000 0.000 0.000 0.000 0.000 0.000 0.000 0.000 0.000 0.000 0.000 0.000 0.000 0.000 0.000 0.000 0.000 0.000 0.000 0.000 0.000 0.000 0.000
0.000 0.000 0.000 0.000 0.000 0.000 0.000 0.000 0.000 0.000 0.000 0.000 0.000 0.000 0.000 0.000 0.000 0.000 0.000 0.000 0.000 0.000 0.000 0.000 0.000 0.000 0.000 0.000 0.000 0.000 0.000 0.000 0.000 0.000 0.000 0.000 0.000 0.000 0.000 0.000 0.000 0.000 0.000 0.000 0.000 0.000 0.000 0.000 0.000 0.000
0.000 0.000 0.000 0.000 0.000 0.000 0.000 0.000 0.000 0.000 0.000 0.000 0.000 0.000 0.000 0.000 0.000 0.000 0.000 0.000 0.000 0.000 0.000 0.000 0.000 0.000 0.000 0.000 0.000 0.000 0.000 0.000 0.000 0.000 0.000 0.000 0.000 0.000 0.000 0.000 0.000 0.000 0.000 0.000 0.000 0.000 0.000 0.000 0.000 0.000
0.000 0.000 0.000 0.000 0.000 0.000 0.000 0.000 0.000 0.000 0.000 0.000 0.000 0.000 0.000 0.000 0.000 0.000 0.000 0.000 0.000 0.000 0.000 0.000 0.000 0.000 0.000 0.000 0.000 0.000 0.000 0.000 0.000 0.000 0.000 0.000 0.000 0.000 0.000 0.000 0.000 0.000 0.000 0.000 0.000 0.000 0.000 0.000 0.000 0.000
0.000 0.000 0.000 0.000 0.000 0.000 0.000 0.000 0.000 0.000 0.000 0.000 0.000 0.000 0.000 0.000 0.000 0.000 0.000 0.000 0.000 0.000 0.000 0.000 0.000 0.000 0.000 0.000 0.000 0.000 0.000 0.000 0.000 0.000 0.000 0.000 0.000 0.000 0.000 0.000 0.000 0.000 0.000 0.000 0.000 0.000 0.000 0.000 0.000 0.000
