tests/test_01/output/CloudLoad_004.00hrs.dat
NCOLS    50
NROWS    50
XLLCORNER    -2289770.000
YLLCORNER     2591270.000
CELLSIZE        2000.000       2000.000
NODATA_VALUE -9999.
[rows 0 to 28 of 50, columns 0 to 49 of 50]
0.000000 0.000000 0.000000 0.000000 0.000000 0.000000 0.000000 0.000000 0.000000 0.000000 0.000000 0.000000 3.442394 45.499989 138.649353 197.443665 205.967224 185.394135 90.394646 103.383232 6521.985840 90111.117188 186210.390625 198904.406250 90182.679688 18403.302734 104279.976562 229979.718750 215296.812500 104179.710938 7539.033203 126.746613 139.156738 286.399597 318.172760 304.998444 214.152222 70.252663 5.313639 0.280272 0.000000 0.000000 0.000000 0.000000 0.000000 0.000000 0.000000 0.000000 0.000000 0.000000
0.000000 0.000000 0.000000 0.000000 0.000000 0.000000 0.000000 0.000000 0.000000 0.000000 0.000000 1.113997 28.036524 482.273346 1005.560852 1260.229370 1289.054077 1118.524048 531.443054 165.917435 3968.747559 85009.406250 187179.859375 206416.187500 109424.578125 25095.398438 126526.859375 238663.609375 216417.187500 98280.976562 4594.082031 234.948471 820.750183 1727.958374 1991.236816 1946.669556 1553.079712 744.533752 43.278500 1.720346 0.000000 0.000000 0.000000 0.000000 0.000000 0.000000 0.000000 0.000000 0.000000 0.000000
0.000000 0.000000 0.000000 0.000000 0.000000 0.000000 0.000000 0.000000 0.000000 0.000000 0.000000 2.117208 42.083588 718.153564 5510.883789 7445.070312 7777.496094 6169.232422 3028.341553 664.311462 2107.742432 69534.015625 182831.890625 205356.359375 112233.164062 28208.324219 129773.296875 237437.718750 211389.062500 80392.039062 2475.051270 1013.754578 4678.675781 9530.590820 12013.673828 11499.627930 8510.855469 1108.636230 64.959061 3.280314 0.209513 0.000000 0.000000 0.000000 0.000000 0.000000 0.000000 0.000000 0.000000 0.000000
0.000000 0.000000 0.000000 0.000000 0.000000 0.000000 0.000000 0.000000 0.286882 0.328259 0.430871 2.441763 41.200981 669.184021 9758.045898 30710.910156 38761.847656 34680.250000 16485.015625 3461.752197 1520.560425 46232.679688 158793.875000 191962.281250 110181.828125 28029.050781 127401.117188 221949.156250 183594.500000 53473.261719 1964.218018 5342.915039 25468.033203 53571.921875 59871.496094 47430.148438 15062.890625 1032.888672 63.663162 3.913359 0.832058 0.672954 0.590176 0.360603 0.000000 0.000000 0.000000 0.000000 0.000000 0.000000
0.000000 0.000000 0.000000 0.000000 0.000000 0.258497 1.367743 2.604986 3.333978 3.558825 3.625020 4.774111 33.820858 532.000183 8473.130859 52024.734375 91393.937500 95949.398438 71289.953125 19285.140625 3151.162109 22880.330078 96628.992188 130822.679688 91876.015625 24747.451172 106231.523438 151255.265625 111729.976562 26582.041016 4723.447266 29798.169922 110118.242188 148184.890625 141142.671875 80324.718750 13077.733398 821.170410 52.964790 8.852566 7.408726 7.321856 6.860097 5.358051 2.810684 0.528480 0.000000 0.000000 0.000000 0.000000
0.000000 0.000000 0.000000 0.000000 0.000000 1.281782 18.073046 30.760515 36.273293 36.788063 35.763660 28.031588 35.729939 342.685852 4969.249512 52455.261719 122181.437500 150132.421875 140850.328125 67933.437500 12880.005859 6131.566406 30329.099609 45445.156250 38635.433594 12823.536133 44670.003906 52546.718750 35136.929688 7772.323730 19879.412109 104934.750000 217532.031250 231846.656250 188664.843750 80985.570312 7669.244629 530.868652 62.593590 57.050701 73.567375 75.714325 74.644722 63.278362 37.163261 2.631854 0.000000 0.000000 0.000000 0.000000
0.000000 0.000000 0.000000 0.000000 0.000000 2.309165 32.564644 253.510437 354.966461 375.604767 330.207489 235.930069 144.081329 229.466034 3146.045654 41248.640625 122462.468750 160892.687500 163750.843750 115184.992188 30820.107422 5182.114746 3392.170654 4539.818359 4167.015137 1952.666504 4818.857422 5269.917480 4155.561523 7846.373047 47606.300781 177898.437500 252874.781250 248454.687500 189093.765625 63674.558594 4859.280273 374.411530 291.016327 485.249023 679.552429 772.938599 730.946472 521.481018 66.966599 4.747268 0.325243 0.000000 0.000000 0.000000
0.000000 0.000000 0.000000 0.000000 0.265714 3.206206 34.771534 386.878418 2423.887695 3635.420654 2838.626221 2011.932495 1180.380737 447.744354 1195.734497 21093.511719 103005.304688 157384.125000 162996.109375 124017.445312 40747.671875 6869.256836 1118.674316 446.866241 333.003571 142.862717 387.046692 549.838684 1638.964844 10597.286133 62939.988281 191528.296875 251705.343750 243032.656250 159034.562500 32560.003906 1883.505371 894.356079 2428.336914 4140.236328 5841.204590 7482.213379 4984.245117 795.564392 71.496552 6.591623 0.546320 0.000000 0.000000 0.000000
0.000000 0.000000 0.000000 0.000000 0.309178 3.440715 36.657936 362.513336 3426.438965 15323.719727 20781.998047 16884.425781 9948.866211 3890.394775 934.957703 4615.082520 54374.054688 122414.125000 139731.218750 117498.265625 42411.359375 7033.740234 933.518738 115.571938 29.339073 10.254818 36.061184 167.939651 1435.035156 10863.524414 65505.992188 181455.156250 215767.296875 189012.656250 83948.562500 7182.841309 1816.098267 8005.448730 20475.898438 34739.496094 42751.699219 31513.792969 7044.431152 745.142578 75.369324 7.075273 0.637890 0.000000 0.000000 0.000000
0.000000 0.000000 0.000000 0.000000 0.382775 3.486452 34.852776 319.401611 2748.569092 20360.195312 54670.140625 65736.875000 59974.777344 34540.535156 7105.171387 1808.128052 10945.913086 52271.500000 73101.445312 71690.921875 37483.500000 6618.146484 851.604736 83.079895 6.678028 1.018046 9.688206 127.595787 1314.918579 10222.405273 57890.375000 110697.125000 112872.226562 80706.898438 16969.513672 3364.897217 14609.062500 71082.351562 123396.101562 135219.015625 112437.085938 41863.800781 5650.056152 656.514282 71.667755 7.215092 0.837486 0.236998 0.000000 0.000000
0.000000 0.000000 0.743070 1.433820 1.759560 4.138377 26.765471 230.081161 1934.592651 16390.927734 65404.195312 112456.632812 120627.945312 103152.101562 48822.867188 9551.457031 2802.398193 8566.607422 14749.670898 17599.226562 14844.580078 4091.545654 483.230316 43.027657 2.715905 0.242874 4.156003 66.407471 746.304199 6319.018066 22922.509766 27169.359375 22779.296875 13314.596680 5004.561035 19625.638672 100485.671875 212205.562500 248106.781250 231277.515625 134497.015625 33693.804688 3976.603516 473.156555 55.606544 9.420523 4.620487 3.896456 2.023956 0.322399
0.000000 2.681112 17.567368 28.723255 28.552107 24.532656 29.140354 136.051453 1149.524414 9747.223633 59582.957031 120122.375000 138717.359375 137619.390625 101651.406250 32736.041016 5516.931152 1898.835083 2108.105469 2217.073486 2009.412598 982.015381 95.370804 7.464648 0.450160 0.000000 0.693039 11.525024 147.271698 1515.921021 3102.789307 3429.105469 3309.351562 3337.736572 11256.555664 67362.078125 209106.453125 283041.906250 285291.937500 247029.531250 122493.789062 20027.833984 2363.691650 284.918030 70.223747 65.992348 77.840912 78.404663 47.881493 7.325215
2.540030 35.607807 270.264526 714.987305 485.065094 372.305359 245.494858 173.360687 412.125458 3758.449463 31837.779297 102593.617188 137606.125000 139007.500000 112350.539062 48328.718750 8775.489258 1520.412598 426.903015 282.303772 226.151627 83.518974 10.775985 0.869952 0.000000 0.000000 0.000000 1.343422 16.644884 129.009720 350.144440 446.612244 753.754272 3056.750977 18044.537109 99423.742188 231088.140625 285889.156250 282998.031250 210940.375000 65429.464844 7726.617188 875.439819 449.170349 667.626648 1015.771729 1323.684692 1950.750366 736.339905 97.395775
11.818928 96.742355 756.051758 3924.660156 6727.300293 5803.629395 3539.941895 2309.467773 944.677490 878.339478 7007.524902 49460.265625 101294.046875 113215.531250 103773.867188 49803.562500 10172.594727 1514.983521 223.481262 50.527679 24.786079 7.582031 1.036044 0.000000 0.000000 0.000000 0.000000 0.000000 1.604743 11.790747 39.353535 89.482323 446.185791 3109.007812 20929.664062 102452.539062 213424.281250 232814.062500 208279.390625 101663.898438 14412.810547 1914.575439 2532.114502 6297.801758 9657.380859 15839.579102 18343.351562 10697.135742 2058.700928 266.259918
19.695566 139.429367 920.479919 5686.094727 23337.546875 37842.609375 38156.300781 29821.843750 16650.875000 3230.699463 1634.982300 9868.326172 33450.109375 49763.859375 51324.375000 38997.226562 10141.033203 1450.321167 187.391281 23.235146 4.000810 0.752904 0.000000 0.000000 0.000000 0.000000 0.000000 0.000000 0.000000 1.236468 7.155669 46.396049 384.203552 2983.258789 20864.886719 80207.929688 105530.609375 102318.695312 68759.617188 20320.658203 3700.412109 8739.377930 45437.222656 81343.445312 104050.578125 103173.093750 63604.195312 15487.070312 2506.514404 385.023834
21.230167 147.166962 948.551392 5554.124512 28153.386719 67013.914062 89645.531250 89690.812500 74563.875000 39329.507812 9133.113281 2484.284912 5469.155273 9403.605469 10553.711914 10391.936523 5534.779297 862.805115 97.514236 10.285973 1.054952 0.000000 0.000000 0.000000 0.000000 0.000000 0.000000 0.000000 0.000000 0.204458 2.081524 21.038132 200.483688 1775.268555 11381.543945 21361.664062 21697.857422 19343.179688 11333.109375 5846.094238 24819.917969 107287.007812 203305.718750 244511.515625 244366.406250 182628.046875 76702.039062 15125.684570 2582.825684 406.623260
19.798628 133.826508 829.090027 4793.046387 25757.197266 70633.398438 108745.984375 116852.234375 114443.718750 89328.757812 37743.339844 6153.326660 1648.328491 1557.150024 1585.912720 1504.551025 857.698730 184.779099 19.700871 1.895717 0.000000 0.000000 0.000000 0.000000 0.000000 0.000000 0.000000 0.000000 0.000000 0.000000 0.336786 3.889876 40.513790 380.261719 1763.819458 3093.945068 3268.137207 3271.074707 3946.732178 16663.488281 102937.492188 243539.296875 311938.343750 318487.125000 296373.718750 192468.546875 70154.054688 13053.862305 2257.350830 369.956573
10.865254 66.490417 400.744324 2288.139404 12409.273438 53806.847656 102308.875000 118896.515625 118279.125000 101554.796875 53662.531250 11338.791016 1600.649902 372.482300 226.427200 196.083405 101.434120 20.022554 2.488177 0.248915 0.000000 0.000000 0.000000 0.000000 0.000000 0.000000 0.000000 0.000000 0.000000 0.000000 0.000000 0.511379 5.117564 41.187977 208.680267 404.411987 478.687042 885.956360 4290.320801 30910.373047 146313.437500 276829.625000 322369.906250 324043.062500 278767.718750 146554.796875 33780.386719 6228.766602 1090.997925 184.518478
63.930843 57.095589 113.096687 493.116150 2685.599121 14574.794922 49478.531250 83477.679688 89892.203125 86025.523438 52571.921875 12874.223633 1639.535034 213.661362 44.336620 23.467915 10.511671 1.903733 0.250191 0.000000 0.000000 0.000000 0.000000 0.000000 0.000000 0.000000 0.000000 0.000000 0.000000 0.000000 0.000000 0.000000 0.515065 3.923825 21.730782 49.609070 105.138573 567.861450 4462.819824 35111.492188 143317.984375 234436.390625 244944.734375 227441.734375 134764.546875 39667.652344 7316.929688 1357.801758 332.553192 200.403534
4886.107910 3318.460693 2153.125488 1060.714233 952.146545 2159.688232 9483.866211 21938.390625 29549.128906 30419.773438 26493.841797 11460.717773 1486.967407 161.367340 18.569387 3.509886 1.035894 0.000000 0.000000 0.000000 0.000000 0.000000 0.000000 0.000000 0.000000 0.000000 0.000000 0.000000 0.000000 0.000000 0.000000 0.000000 0.000000 0.346348 2.213490 8.226800 49.137039 438.637207 4055.884277 31244.783203 72190.031250 82864.710938 80491.882812 59754.699219 25840.066406 6049.831055 3072.005127 3743.468506 7730.510742 12361.445312
47519.277344 48204.957031 45110.683594 37306.441406 25156.648438 12093.892578 3314.271729 3605.140137 4942.694824 5075.878906 4791.720215 2841.083984 519.738831 52.964584 4.994073 0.561180 0.000000 0.000000 0.000000 0.000000 0.000000 0.000000 0.000000 0.000000 0.000000 0.000000 0.000000 0.000000 0.000000 0.000000 0.000000 0.000000 0.000000 0.000000 0.226648 1.427400 13.499470 144.289459 1416.704834 7741.287109 13052.768555 13827.076172 13477.810547 9985.975586 10793.947266 43204.675781 90259.859375 133883.281250 161823.687500 173055.140625
86871.937500 99237.835938 100110.398438 97696.968750 84501.671875 51491.394531 15992.600586 1901.559814 761.608643 670.269897 611.265076 330.108002 56.524326 6.390814 0.649392 0.000000 0.000000 0.000000 0.000000 0.000000 0.000000 0.000000 0.000000 0.000000 0.000000 0.000000 0.000000 0.000000 0.000000 0.000000 0.000000 0.000000 0.000000 0.000000 0.000000 0.000000 1.763368 17.417019 154.063080 899.478699 1665.571777 1833.735474 2178.548096 6454.172363 57281.972656 184684.375000 303036.218750 350297.406250 358930.281250 356275.875000
85170.515625 105970.148438 110239.429688 109733.617188 102448.921875 69693.843750 24157.714844 2415.633057 251.731094 77.283203 58.562729 29.676838 5.043304 0.578597 0.000000 0.000000 0.000000 0.000000 0.000000 0.000000 0.000000 0.000000 0.000000 0.000000 0.000000 0.000000 0.000000 0.000000 0.000000 0.000000 0.000000 0.000000 0.000000 0.000000 0.000000 0.000000 0.000000 1.577090 13.747966 80.915054 160.376205 222.920547 850.745178 8634.620117 86651.984375 249919.421875 367274.875000 393363.406250 395116.406250 380861.906250
31095.148438 45941.632812 58291.914062 59814.230469 58806.824219 49090.902344 20436.544922 2210.790527 177.414413 16.567924 4.389683 1.808879 0.295300 0.000000 0.000000 0.000000 0.000000 0.000000 0.000000 0.000000 0.000000 0.000000 0.000000 0.000000 0.000000 0.000000 0.000000 0.000000 0.000000 0.000000 0.000000 0.000000 0.000000 0.000000 0.000000 0.000000 0.000000 0.000000 0.807352 4.974231 12.700574 56.099968 633.366821 7928.908691 73279.242188 175943.515625 210713.796875 214315.687500 208461.718750 171171.890625
2728.053955 4368.705566 6183.087891 6957.070801 6912.346680 6104.457520 3185.896973 501.991730 36.978310 2.670446 0.264447 0.000000 0.000000 0.000000 0.000000 0.000000 0.000000 0.000000 0.000000 0.000000 0.000000 0.000000 0.000000 0.000000 0.000000 0.000000 0.000000 0.000000 0.000000 0.000000 0.000000 0.000000 0.000000 0.000000 0.000000 0.000000 0.000000 0.000000 0.000000 0.387761 1.869772 19.993538 278.569855 3783.592773 23993.787109 45956.882812 52032.738281 52367.914062 46532.449219 34108.601562
0.000000 0.000000 0.000000 0.000000 0.000000 0.000000 0.000000 0.000000 0.000000 0.000000 0.000000 0.000000 0.000000 0.000000 0.000000 0.000000 0.000000 0.000000 0.000000 0.000000 0.000000 0.000000 0.000000 0.000000 0.000000 0.000000 0.000000 0.000000 0.000000 0.000000 0.000000 0.000000 0.000000 0.000000 0.000000 0.000000 0.000000 0.000000 1.072531 6.579299 16.200487 64.227783 700.062683 8735.972656 80725.070312 193820.406250 232123.656250 236091.531250 229642.828125 188564.234375
0.000000 0.000000 0.000000 0.000000 0.000000 0.000000 0.000000 0.000000 0.000000 0.000000 0.000000 0.000000 0.000000 0.000000 0.000000 0.000000 0.000000 0.000000 0.000000 0.000000 0.000000 0.000000 0.000000 0.000000 0.000000 0.000000 0.000000 0.000000 0.000000 0.000000 0.000000 0.000000 0.000000 0.000000 0.000000 0.000000 0.221094 2.099911 18.302031 107.683083 212.709991 284.960907 975.333557 9536.621094 95462.929688 275313.437500 404592.031250 433331.187500 435262.312500 419559.531250
0.000000 0.000000 0.000000 0.000000 0.000000 0.000000 0.000000 0.000000 0.000000 0.000000 0.000000 0.000000 0.000000 0.000000 0.000000 0.000000 0.000000 0.000000 0.000000 0.000000 0.000000 0.000000 0.000000 0.000000 0.000000 0.000000 0.000000 0.000000 0.000000 0.000000 0.000000 0.000000 0.000000 0.000000 0.000000 0.235219 2.353400 23.195198 205.129868 1197.586182 2217.096191 2433.818359 2801.427002 7378.891602 63186.718750 203464.515625 333828.968750 385889.781250 395399.343750 392475.218750
0.000000 0.000000 0.000000 0.000000 0.000000 0.000000 0.000000 0.000000 0.000000 0.000000 0.000000 0.000000 0.000000 0.000000 0.000000 0.000000 0.000000 0.000000 0.000000 0.000000 0.000000 0.000000 0.000000 0.000000 0.000000 0.000000 0.000000 0.000000 0.000000 0.000000 0.000000 0.000000 0.000000 0.000000 0.337497 1.981435 18.065929 192.202606 1886.336426 10307.229492 17379.187500 18409.044922 17930.962891 13136.722656 12691.952148 47749.445312 99461.296875 147492.156250 178266.500000 190638.265625
