tests/test_03/output0/CloudConcentration_005.00hrs.dat
NCOLS    50
NROWS    50
XLLCORNER    -2289770.000
YLLCORNER     2591270.000
CELLSIZE        2000.000       2000.000
NODATA_VALUE  0.000
[rows 0 to 41 of 50, columns 0 to 49 of 50]
0.000 0.000 0.000 0.000 0.000 0.000 0.000 0.186 1.167 6.757 36.643 182.871 915.356 4757.067 10625.655 17475.497 24717.791 31215.554 37300.931 41147.740 42846.270 43212.942 43910.185 48925.543 53076.224 54600.515 54386.826 51422.179 48112.092 50908.235 52249.877 48158.946 42299.279 32906.931 26635.438 20142.501 13266.786 6001.540 2330.783 504.431 63.790 9.653 1.518 0.241 0.000 0.000 0.000 0.000 0.000 0.000
0.000 0.000 0.000 0.000 0.000 0.000 0.172 1.101 6.569 37.239 199.524 1115.316 5271.303 11251.959 17853.229 25529.186 33512.302 41151.305 46436.649 49967.124 50972.921 50520.612 49839.560 48544.044 53148.300 57666.662 60539.878 60653.087 57564.432 54064.587 59466.812 61552.780 56621.159 48762.306 39603.403 33170.188 25745.740 16719.304 6653.147 2412.950 472.807 63.899 9.591 1.506 0.234 0.000 0.000 0.000 0.000 0.000
0.000 0.000 0.000 0.000 0.000 0.178 1.147 7.101 42.052 243.950 1528.562 6840.947 14073.573 21269.428 28147.290 34540.362 43400.577 50252.500 53851.770 55190.680 55713.328 55981.681 54920.082 53178.893 51861.515 55615.489 60458.235 63079.779 65789.540 64705.487 61683.072 67847.763 71268.358 68089.633 57537.072 47832.193 41315.898 31967.502 19616.968 7698.719 2661.567 444.540 63.370 9.498 1.471 0.223 0.000 0.000 0.000 0.000
0.000 0.000 0.000 0.000 0.188 1.193 7.485 46.358 288.388 1914.078 8257.859 16875.980 25530.617 33393.670 40526.409 45927.827 48619.963 51065.767 53272.999 54210.372 54517.515 54321.442 54145.462 53561.492 52081.231 50486.274 54334.066 60475.784 64236.308 67270.163 67423.751 66284.728 73854.739 79887.212 77889.424 65495.912 58386.927 49487.349 37856.029 22897.863 9127.877 2685.563 441.128 61.356 9.218 1.413 0.211 0.000 0.000 0.000
0.000 0.000 0.000 0.201 1.251 7.807 49.430 326.240 2249.204 9209.235 18690.459 28254.316 37684.849 46017.811 51441.838 52829.090 52309.582 50250.481 46830.935 45487.925 45652.489 46494.220 47390.880 47443.422 47672.996 47283.211 46095.960 48655.489 57568.929 63717.162 67065.344 67585.145 69550.764 79998.704 85622.951 83987.566 72952.902 69262.251 57148.101 42279.722 24904.534 9995.458 2805.847 425.974 58.653 8.837 1.352 0.203 0.000 0.000
0.000 0.000 0.208 1.293 8.048 51.607 354.199 2398.421 9309.407 19068.237 29269.449 39730.219 48593.155 53675.536 55282.654 54563.847 51037.404 45656.213 40777.897 36697.969 33548.682 31854.955 33270.553 34959.457 36678.287 38003.297 39367.043 39728.540 40210.688 50303.645 58878.364 64612.358 66283.462 73381.812 83970.349 90018.800 88281.314 81747.226 78435.142 62427.212 45413.937 25530.612 10907.370 2846.881 392.101 55.152 8.399 1.302 0.198 0.000
0.000 0.207 1.296 8.136 52.835 371.179 2386.311 8861.532 17937.173 28007.646 38547.491 47973.843 52789.769 54702.238 53548.199 47679.176 40592.497 34668.068 30441.984 27538.143 24982.786 22800.558 21159.885 21311.503 23229.266 25634.841 27885.561 29787.983 30453.552 31882.260 40886.443 50701.648 58473.408 62005.691 75579.050 86113.987 90480.565 89768.814 91839.915 83055.440 65907.841 45593.727 25865.840 11532.772 2732.829 349.191 51.065 7.959 1.257 0.218
0.203 1.261 8.043 53.278 377.020 2284.867 8059.683 16222.647 25399.148 35020.411 43692.450 50152.462 51667.285 49140.005 40770.522 32123.680 25511.159 21494.794 19097.715 17389.716 15835.714 14665.631 13846.013 13102.481 12504.868 13678.343 15796.798 18167.288 20314.943 22368.516 24017.163 32800.921 42440.594 50248.189 55477.842 74921.340 87429.917 89622.610 92996.179 98563.275 85368.603 65732.311 44196.003 24893.902 11684.494 2422.728 304.933 46.463 7.477 1.374
1.296 7.924 52.856 369.369 2107.120 7118.149 14204.230 22158.246 30425.446 38062.774 44810.459 45448.568 41559.140 32046.755 22538.641 15558.619 11965.651 10364.095 9358.196 8485.330 7836.141 7451.519 7219.683 6992.654 6881.232 6835.531 6650.648 8268.596 10656.796 12984.090 15276.100 16906.075 25075.999 33947.064 40913.575 49122.087 70515.759 83338.716 88741.100 98963.077 100876.845 83712.909 62905.759 41813.571 25871.629 11040.444 1971.618 255.578 40.969 7.943
8.439 52.314 353.013 1894.668 6168.350 12094.012 18705.774 25597.397 32394.170 37902.451 37460.612 33067.734 23678.140 14368.574 7776.640 5310.354 4393.578 3886.364 3469.795 3115.128 2896.528 2789.881 2747.439 2749.370 2832.450 2873.664 3047.072 3122.587 3783.463 5486.011 7381.873 9276.880 10948.433 18019.069 25873.148 30996.709 46374.168 65190.272 76349.614 94572.628 102368.848 97788.050 80019.481 58922.994 41509.561 25162.081 9494.482 1442.975 209.054 41.331
52.227 327.875 1665.538 5247.325 10058.718 15462.350 21088.348 26967.464 30542.990 29839.877 25685.452 16774.553 8443.886 3391.716 2083.144 1603.000 1360.800 1192.597 1039.483 922.614 862.576 833.292 827.815 841.693 880.279 949.213 1053.163 1213.936 1361.087 1629.077 2462.600 3516.776 4866.857 6718.759 12303.148 18760.533 25811.101 43961.356 58598.755 78472.518 98665.418 100199.037 91669.920 74592.738 58754.469 40450.629 21976.821 7135.523 1007.753 199.468
297.302 1421.474 4355.693 8228.638 12537.913 17025.465 22017.855 23921.311 23253.381 19418.625 11677.202 4905.655 1508.330 766.776 523.520 410.427 347.524 297.982 254.340 223.537 209.857 204.501 205.713 211.560 226.794 256.174 304.290 372.629 454.708 527.988 698.687 1108.869 1695.855 2397.962 4590.398 8626.832 13345.579 25927.796 41319.745 56729.675 84061.413 96924.416 95239.824 88453.259 76118.105 55858.484 35211.376 17468.433 4782.272 866.199
1197.383 3524.870 6609.218 10022.256 13624.525 17482.293 18569.978 17970.464 14655.769 8283.091 2990.504 727.820 282.334 159.453 110.045 85.723 71.353 59.654 49.830 42.931 41.230 41.331 42.158 44.382 48.886 57.629 74.526 97.711 125.336 164.667 198.362 350.739 612.154 934.655 1922.404 3965.780 6755.979 14490.843 26394.342 37836.380 65237.087 84064.700 93167.310 95388.697 90421.138 70813.453 48883.023 27808.364 12403.458 3704.668
2842.092 5227.233 7854.673 10743.362 13729.491 14352.997 13832.764 11101.934 6023.959 1920.136 401.014 116.897 49.266 27.652 18.511 13.983 11.345 9.336 7.706 6.814 6.741 6.819 7.148 7.743 8.927 11.678 15.449 21.512 32.003 44.544 60.871 122.110 236.740 401.107 959.226 2132.142 3720.939 8502.100 16195.073 26052.462 48450.496 69202.264 83105.786 96913.176 96029.292 83546.973 61057.215 38481.838 20685.617 9964.677
4154.903 6103.531 8367.500 10632.774 11042.511 10637.257 8492.895 4526.656 1342.874 259.559 61.339 18.175 7.271 3.828 2.436 1.769 1.416 1.189 1.036 0.948 0.946 0.975 1.060 1.214 1.565 2.005 2.777 4.233 6.846 12.051 20.788 45.674 102.731 192.769 536.734 1276.766 2554.877 5783.147 10795.593 19229.578 36318.684 55694.801 70843.767 93641.738 97073.929 91096.090 70864.404 48397.218 29115.823 17729.138
4833.577 6444.739 8179.347 8468.188 8171.741 6554.815 3486.774 1018.127 196.376 44.137 9.777 2.559 0.894 0.426 0.260 0.000 0.000 0.000 0.000 0.000 0.000 0.000 0.000 0.000 0.230 0.307 0.462 0.784 1.487 3.252 6.985 17.461 48.129 99.691 326.563 801.752 1871.183 4357.130 7966.849 15622.226 28991.521 45215.655 61442.236 85847.752 95180.187 91406.518 77426.493 57410.057 39655.176 26733.122
5062.191 6216.656 6447.375 6242.810 5072.960 2702.562 780.179 152.567 37.245 8.452 1.622 0.335 0.000 0.000 0.000 0.000 0.000 0.000 0.000 0.000 0.000 0.000 0.000 0.000 0.000 0.000 0.000 0.000 0.331 0.847 2.358 6.525 21.593 54.094 198.091 501.229 1312.905 3256.720 6052.288 13091.374 24283.130 37361.849 55110.536 78483.746 91224.077 89694.405 79286.036 65282.116 50147.684 36076.837
4752.244 4862.722 4727.281 3897.776 2079.455 587.377 113.043 29.307 7.878 1.742 0.290 0.000 0.000 0.000 0.000 0.000 0.000 0.000 0.000 0.000 0.000 0.000 0.000 0.000 0.000 0.000 0.000 0.000 0.000 0.211 0.702 2.190 7.852 25.432 96.055 289.277 859.411 2289.892 4554.417 10786.754 20268.963 31541.558 50621.560 71726.254 85268.489 85996.069 79934.004 73826.257 59398.252 44308.488
3598.866 3515.132 2968.336 1603.199 453.108 83.199 21.001 6.081 1.698 0.367 0.000 0.000 0.000 0.000 0.000 0.000 0.000 0.000 0.000 0.000 0.000 0.000 0.000 0.000 0.000 0.000 0.000 0.000 0.000 0.000 0.152 0.625 2.433 9.093 40.539 145.386 552.489 1548.708 3722.568 8895.649 16841.061 27553.009 47510.454 66469.568 79132.227 82012.438 81427.713 80223.763 65732.714 50873.899
2530.884 2191.123 1209.285 353.557 60.768 14.301 3.918 1.124 0.298 0.000 0.000 0.000 0.000 0.000 0.000 0.000 0.000 0.000 0.000 0.000 0.000 0.000 0.000 0.000 0.000 0.000 0.000 0.000 0.000 0.000 0.000 0.183 0.869 4.566 21.480 82.926 389.132 1089.081 3174.137 7597.074 14224.561 26335.268 44461.054 62077.238 73384.224 77597.177 84759.769 83763.770 69275.523 55215.598
1572.353 888.725 264.303 41.980 8.948 2.301 0.630 0.000 0.000 0.000 0.000 0.000 0.000 0.000 0.000 0.000 0.000 0.000 0.000 0.000 0.000 0.000 0.000 0.000 0.000 0.000 0.000 0.000 0.000 0.000 0.000 0.098 0.496 2.534 12.140 62.781 303.740 855.753 2763.589 6571.875 12534.371 25616.133 41986.604 57470.715 68215.972 80685.089 87127.067 84483.955 71186.383 56432.818
690.273 218.599 30.147 5.304 1.218 0.311 0.000 0.000 0.000 0.000 0.000 0.000 0.000 0.000 0.000 0.000 0.000 0.000 0.000 0.000 0.000 0.000 0.000 0.000 0.000 0.000 0.000 0.000 0.000 0.000 0.000 0.000 0.305 1.710 9.250 47.308 226.387 741.806 2414.682 5698.292 12278.090 25507.006 40522.513 53608.330 65511.810 82581.295 87318.030 84504.942 69400.294 56271.765
190.680 32.130 3.793 0.637 0.000 0.000 0.000 0.000 0.000 0.000 0.000 0.000 0.000 0.000 0.000 0.000 0.000 0.000 0.000 0.000 0.000 0.000 0.000 0.000 0.000 0.000 0.000 0.000 0.000 0.000 0.000 0.000 0.243 1.352 6.928 33.386 149.737 632.946 2105.097 4952.569 12477.916 25078.187 38909.910 50843.805 69760.284 83719.430 86761.136 81323.757 66604.499 54931.298
32.246 4.086 0.438 0.000 0.000 0.000 0.000 0.000 0.000 0.000 0.000 0.000 0.000 0.000 0.000 0.000 0.000 0.000 0.000 0.000 0.000 0.000 0.000 0.000 0.000 0.000 0.000 0.000 0.000 0.000 0.000 0.000 0.188 1.033 5.351 29.208 138.931 572.227 1822.695 4781.552 12836.636 24785.801 37114.516 52371.931 74038.899 83438.269 85228.844 77125.060 63992.796 59731.100
2.714 0.315 0.000 0.000 0.000 0.000 0.000 0.000 0.000 0.000 0.000 0.000 0.000 0.000 0.000 0.000 0.000 0.000 0.000 0.000 0.000 0.000 0.000 0.000 0.000 0.000 0.000 0.000 0.000 0.000 0.000 0.000 0.141 0.837 5.210 28.021 136.596 549.054 1649.778 5118.897 13014.519 23848.736 35375.710 57576.486 76472.864 83626.878 82061.792 73361.885 69336.719 62530.978
0.000 0.000 0.000 0.000 0.000 0.000 0.000 0.000 0.000 0.000 0.000 0.000 0.000 0.000 0.000 0.000 0.000 0.000 0.000 0.000 0.000 0.000 0.000 0.000 0.000 0.000 0.000 0.000 0.000 0.000 0.000 0.000 0.134 0.906 5.287 28.014 132.161 520.514 1810.539 5690.827 13244.050 22771.428 39834.063 61490.679 77689.454 81623.414 79094.631 76533.977 72776.728 60936.608
0.000 0.000 0.000 0.000 0.000 0.000 0.000 0.000 0.000 0.000 0.000 0.000 0.000 0.000 0.000 0.000 0.000 0.000 0.000 0.000 0.000 0.000 0.000 0.000 0.000 0.000 0.000 0.000 0.000 0.000 0.000 0.000 0.153 1.002 5.493 26.841 124.865 551.664 2054.515 5909.506 13052.460 24983.244 44754.308 63748.665 76547.104 79459.686 81388.623 83169.123 71787.371 58449.171
0.000 0.000 0.000 0.000 0.000 0.000 0.000 0.000 0.000 0.000 0.000 0.000 0.000 0.000 0.000 0.000 0.000 0.000 0.000 0.000 0.000 0.000 0.000 0.000 0.000 0.000 0.000 0.000 0.000 0.000 0.000 0.000 0.199 1.109 5.757 30.135 144.812 622.626 2161.099 6245.286 13459.572 29665.433 48861.183 65576.352 73582.164 82979.260 88632.919 85388.953 68945.039 53123.085
0.000 0.000 0.000 0.000 0.000 0.000 0.000 0.000 0.000 0.000 0.000 0.000 0.000 0.000 0.000 0.000 0.000 0.000 0.000 0.000 0.000 0.000 0.000 0.000 0.000 0.000 0.000 0.000 0.000 0.000 0.000 0.000 0.330 1.723 8.315 38.091 164.157 666.407 2297.066 6230.449 16954.663 33632.895 51362.557 64315.054 78302.665 90513.034 91307.268 82120.092 62690.097 46938.757
0.000 0.000 0.000 0.000 0.000 0.000 0.000 0.000 0.000 0.000 0.000 0.000 0.000 0.000 0.000 0.000 0.000 0.000 0.000 0.000 0.000 0.000 0.000 0.000 0.000 0.000 0.000 0.000 0.000 0.000 0.000 0.000 0.534 2.556 11.474 48.369 194.657 719.685 2372.312 7984.464 20677.742 36579.304 50945.544 68132.176 87979.022 93410.937 91430.020 74189.720 56277.558 45761.468
0.000 0.000 0.000 0.000 0.000 0.000 0.000 0.000 0.000 0.000 0.000 0.000 0.000 0.000 0.000 0.000 0.000 0.000 0.000 0.000 0.000 0.000 0.000 0.000 0.000 0.000 0.000 0.000 0.000 0.000 0.000 0.181 0.938 3.952 15.027 57.560 216.253 811.922 3157.638 10601.676 23630.110 36945.362 55049.466 81405.132 91191.431 93552.414 83057.261 67294.801 56962.439 44046.369
0.000 0.000 0.000 0.000 0.000 0.000 0.000 0.000 0.000 0.000 0.000 0.000 0.000 0.000 0.000 0.000 0.000 0.000 0.000 0.000 0.000 0.000 0.000 0.000 0.000 0.000 0.000 0.000 0.000 0.000 0.000 0.290 1.478 6.640 25.032 89.133 323.249 1211.904 4281.438 13124.463 24581.390 42706.600 68931.861 86289.317 91250.122 87509.216 76554.372 70330.540 53034.187 36478.638
0.000 0.000 0.000 0.000 0.000 0.000 0.000 0.000 0.000 0.000 0.000 0.000 0.000 0.000 0.000 0.000 0.000 0.000 0.000 0.000 0.000 0.000 0.000 0.000 0.000 0.000 0.000 0.000 0.000 0.000 0.114 0.702 3.423 13.720 48.342 155.421 498.346 1673.642 5770.260 14117.886 30880.568 55189.707 76760.420 87532.009 88192.148 84863.816 82215.629 63841.559 45046.363 26766.933
0.000 0.000 0.000 0.000 0.000 0.000 0.000 0.000 0.000 0.000 0.000 0.000 0.000 0.000 0.000 0.000 0.000 0.000 0.000 0.000 0.000 0.000 0.000 0.000 0.000 0.000 0.000 0.000 0.000 0.000 0.349 1.908 7.974 27.131 80.952 230.848 683.755 2166.146 6680.554 19917.484 41137.255 63353.981 78334.043 83991.433 90195.549 90736.024 73554.380 53980.448 33535.239 18171.401
0.000 0.000 0.000 0.000 0.000 0.000 0.000 0.000 0.000 0.142 0.229 0.297 0.157 0.000 0.000 0.000 0.000 0.000 0.000 0.000 0.000 0.000 0.000 0.000 0.000 0.000 0.000 0.000 0.000 0.159 0.829 3.998 16.696 59.478 171.361 440.491 1153.545 3451.951 11401.922 28242.450 47917.472 64613.938 82258.599 92585.188 94024.116 83262.879 61728.043 40658.383 23136.241 12924.723
0.000 0.000 0.000 0.000 0.000 0.000 0.000 0.000 0.482 1.046 1.261 0.764 0.509 0.193 0.000 0.000 0.000 0.000 0.000 0.000 0.000 0.000 0.000 0.000 0.000 0.000 0.000 0.083 0.208 0.815 3.665 15.656 56.823 160.072 381.027 888.471 2219.087 6327.821 17517.735 32385.953 51391.007 77772.097 91115.455 95269.617 87908.458 67679.257 47323.899 28692.780 16965.507 8056.318
0.000 0.000 0.000 0.000 0.000 0.000 0.000 0.805 2.051 2.493 2.799 2.153 1.182 0.480 0.191 0.000 0.000 0.000 0.000 0.000 0.000 0.000 0.000 0.000 0.095 0.179 0.341 0.662 1.420 3.930 11.556 41.582 133.068 337.190 683.162 1448.497 3542.825 9870.943 21793.749 43366.820 68555.936 86699.727 90117.905 87521.213 71836.914 52601.704 34941.535 21570.295 10483.869 3820.035
0.000 0.000 0.000 0.000 0.000 0.000 0.745 2.386 3.822 5.907 5.889 4.539 2.661 1.472 0.603 0.212 0.082 0.000 0.000 0.000 0.000 0.143 0.220 0.420 0.807 1.395 2.499 4.592 8.208 20.186 53.815 171.665 461.056 882.352 1599.231 3052.872 7204.026 17721.934 36235.863 58038.850 75495.045 82678.443 82537.780 74224.378 57442.839 41029.380 26210.148 13347.245 4556.037 1439.885
0.000 0.000 0.000 0.000 0.000 0.387 1.995 3.505 6.925 9.655 10.338 10.267 8.032 4.401 1.798 0.865 0.477 0.323 0.396 0.437 0.715 1.124 1.617 3.041 5.270 8.402 12.925 22.744 41.050 76.902 161.843 450.393 951.058 1681.553 3067.582 6188.833 14291.225 28780.692 45803.278 63258.359 74630.373 77421.684 76420.790 62770.732 46353.984 30342.657 15590.782 5360.392 1714.121 398.432
0.000 0.000 0.000 0.000 0.000 1.146 2.315 5.722 9.596 13.621 18.973 22.717 21.949 13.844 6.118 3.197 2.424 2.190 2.573 3.112 4.855 6.997 9.426 15.162 24.713 37.640 56.697 82.594 149.813 292.123 647.928 1334.851 2251.164 3487.751 5781.771 10831.090 21842.981 38403.342 56816.747 72138.782 76960.839 76172.187 64791.832 48862.672 32629.365 16903.841 5526.441 1615.001 350.533 43.402
0.000 0.000 0.000 0.000 0.282 1.339 3.165 6.299 10.096 18.042 28.895 38.371 41.922 36.606 24.120 14.990 12.123 13.450 14.580 16.736 24.374 32.946 43.137 54.530 84.924 134.415 203.691 308.372 487.935 836.174 1641.589 2926.701 4589.691 7261.727 12524.413 22489.636 36772.916 52815.721 67759.025 72976.812 71974.678 63656.663 48741.726 33073.987 17781.754 6075.558 1690.791 296.253 41.647 6.443
0.000 0.000 0.000 0.000 0.475 1.143 3.058 5.693 10.515 20.817 36.802 54.397 64.146 77.865 80.093 71.017 61.502 64.144 70.259 70.885 90.266 124.194 160.863 201.191 253.637 382.188 613.546 955.152 1533.952 2541.738 3967.578 5629.672 8114.595 12886.569 21123.248 32547.282 45679.576 58831.248 64040.441 64277.517 58912.028 45641.529 31332.612 17291.640 6259.470 1590.446 264.114 39.921 6.182 0.984
