tests/test_03/output0/CloudLoad_005.00hrs.dat
NCOLS    50
NROWS    50
XLLCORNER    -2289770.000
YLLCORNER     2591270.000
CELLSIZE        2000.000       2000.000
NODATA_VALUE  0.000
[rows 0 to 28 of 50, columns 0 to 49 of 50]
0.000000 0.000000 0.000000 0.000000 0.000000 0.000000 0.000000 0.238425 1.577064 9.898774 59.381222 344.473389 1912.987183 9235.327148 20495.156250 33465.777344 47757.648438 61985.132812 75171.304688 85679.585938 92718.085938 97293.054688 101068.585938 103894.203125 106542.929688 108826.367188 108999.562500 108387.476562 107877.929688 107563.609375 102101.898438 94331.164062 87136.734375 73197.593750 53697.535156 35069.660156 21495.917969 11455.580078 4798.949219 999.869385 136.400253 20.578312 3.188399 0.493623 0.000000 0.000000 0.000000 0.000000 0.000000 0.000000
0.000000 0.000000 0.000000 0.000000 0.000000 0.000000 0.212851 1.402992 8.970579 55.978962 338.888885 2177.958496 10320.572266 22911.128906 36858.710938 51784.261719 67070.578125 81669.351562 93542.015625 101850.125000 106779.593750 109211.500000 111325.468750 112390.562500 113595.945312 116049.234375 119894.078125 122284.531250 123323.500000 122936.367188 124318.351562 121345.195312 114743.289062 105665.968750 88929.789062 67060.781250 44646.937500 27548.927734 14086.412109 4961.736328 956.962097 134.493668 19.995186 3.086762 0.468849 0.000000 0.000000 0.000000 0.000000 0.000000
0.000000 0.000000 0.000000 0.000000 0.000000 0.217388 1.407637 9.024453 57.714066 366.700134 2442.465088 11216.702148 24481.005859 39285.917969 55490.718750 72784.117188 89126.304688 101701.812500 108816.312500 112059.640625 113725.882812 115278.867188 116762.710938 117751.531250 118803.695312 120520.257812 122972.148438 126403.875000 133232.218750 138434.796875 141336.343750 143067.265625 144252.468750 139314.953125 128408.148438 108334.601562 82584.500000 56388.125000 34524.703125 16996.816406 5341.779297 912.567566 130.261322 19.328108 2.952540 0.440973 0.000000 0.000000 0.000000 0.000000
0.000000 0.000000 0.000000 0.000000 0.223051 1.410633 8.975972 57.589119 378.030670 2592.732666 11433.550781 25027.714844 40372.738281 57294.695312 74229.648438 89632.398438 100892.515625 107803.398438 109779.000000 109426.890625 108085.664062 107755.460938 108201.125000 108810.109375 110828.546875 113488.523438 118035.078125 123110.835938 128642.335938 136575.906250 145899.031250 154418.375000 157988.593750 165551.515625 163248.734375 151162.640625 128805.914062 98297.992188 68421.257812 41713.070312 19907.962891 5351.190918 887.698059 122.797501 18.366364 2.795219 0.415857 0.000000 0.000000 0.000000
0.000000 0.000000 0.000000 0.227658 1.412730 8.867854 56.984280 382.443085 2652.024902 11148.837891 24415.333984 39110.371094 55203.214844 71310.078125 85850.031250 95783.796875 101612.539062 101370.960938 97703.187500 94020.585938 91846.945312 91231.281250 91200.078125 92193.171875 94128.234375 96747.460938 100623.992188 106453.609375 115986.062500 125772.406250 134507.984375 146730.671875 161705.359375 171825.109375 183442.687500 184656.421875 172882.937500 149086.484375 113552.976562 80381.968750 48656.164062 21341.593750 5428.296875 832.798584 114.724693 17.323275 2.649497 0.396257 0.000000 0.000000
0.000000 0.000000 0.225874 1.403875 8.768650 56.574894 389.400726 2638.163086 10385.309570 22257.283203 35613.773438 50742.945312 66197.578125 78935.500000 87884.468750 90645.312500 86058.843750 79058.210938 72328.210938 68168.312500 66178.007812 65518.425781 65918.109375 67068.867188 69763.890625 73825.601562 78304.062500 83585.273438 89981.867188 100846.507812 113955.085938 127777.773438 144161.468750 164998.500000 181798.218750 199688.093750 204258.593750 193882.421875 166847.187500 126995.781250 90065.304688 53738.222656 22558.595703 5321.408203 750.433350 106.258987 16.300791 2.525623 0.380701 0.000000
0.000000 0.217339 1.366355 8.616325 56.128242 395.841003 2532.315430 9450.841797 19657.468750 31495.371094 44913.714844 58799.910156 69583.312500 77335.164062 76726.296875 69201.617188 58939.550781 50703.886719 45938.312500 43336.640625 42047.171875 41464.554688 41730.128906 42822.710938 44584.289062 47562.722656 52296.523438 57440.820312 62638.148438 70799.773438 81414.406250 97448.179688 115534.312500 136732.343750 163373.750000 188080.500000 212586.406250 219037.843750 211360.281250 179195.406250 137593.187500 96392.492188 56304.222656 22449.937500 4960.591309 660.251892 97.918358 15.362331 2.419077 0.399478
0.214939 1.311814 8.371718 55.596840 393.814331 2368.603760 8374.058594 17149.669922 27303.314453 38607.234375 50079.312500 60322.503906 64701.882812 62109.984375 51865.507812 39702.234375 30667.082031 26193.140625 23851.880859 22661.173828 21931.964844 21852.666016 22329.230469 23380.017578 24825.302734 26813.650391 29259.248047 32405.580078 37843.363281 44631.078125 52904.316406 63760.214844 80889.429688 100006.164062 124241.437500 156944.453125 189905.437500 219584.609375 228478.375000 224924.515625 186425.109375 143312.984375 98310.296875 56131.359375 21657.708984 4339.403320 579.259888 89.964630 14.473535 2.531792
1.414776 8.303231 54.867813 379.953247 2151.556641 7275.655762 14679.589844 23210.587891 32437.025391 41742.449219 50503.347656 52507.562500 48402.003906 37414.937500 25392.857422 17012.912109 13084.643555 11442.313477 10449.493164 9669.426758 9223.937500 9170.834961 9378.818359 9911.062500 10679.176758 11922.822266 13472.376953 15636.301758 18523.498047 23002.634766 29429.185547 37133.953125 46966.671875 62936.667969 83234.632812 109147.281250 147436.015625 187884.843750 223332.671875 234271.593750 230437.093750 190049.468750 143712.125000 95807.351562 53529.441406 19871.496094 3619.811523 506.203857 81.489555 14.873865
9.003206 54.112026 359.441681 1917.462769 6243.794922 12313.840820 19270.982422 26718.794922 34480.578125 41053.312500 41130.175781 36503.117188 26123.527344 15582.357422 8247.833008 5578.589355 4619.017090 4107.285645 3693.286377 3358.362793 3184.816895 3147.002686 3204.452148 3370.514404 3681.199951 4103.403320 4768.125977 5830.283691 7493.966309 9657.971680 12756.009766 17085.708984 23450.412109 32750.998047 47779.808594 66973.937500 96390.234375 138019.531250 186636.343750 226073.218750 238517.031250 229211.968750 188878.968750 138672.328125 89888.617188 48999.371094 17341.761719 2913.112549 435.835419 80.998169
53.277683 331.331116 1676.769653 5282.609375 10160.646484 15740.732422 21699.265625 28112.054688 32204.089844 31722.683594 27430.083984 17983.326172 9011.463867 3574.432861 2159.104004 1650.431641 1402.323486 1233.557495 1080.945679 967.643921 916.628906 899.823975 915.476013 959.179382 1045.470581 1188.851318 1435.228149 1848.391968 2427.597900 3292.072510 4428.871094 6136.178711 9159.769531 13769.177734 21593.167969 36175.082031 54801.421875 88860.468750 133709.156250 188539.968750 230862.437500 241627.281250 221783.406250 181345.828125 129070.140625 82065.914062 42815.421875 14078.823242 2302.700684 413.144104
298.557495 1425.894165 4370.540527 8273.634766 12671.415039 17345.343750 22608.783203 24770.792969 24215.250000 20301.351562 12285.540039 5203.020508 1597.019043 794.688049 535.690857 418.132599 354.275513 304.638214 261.071747 230.824341 218.567566 215.437836 220.275818 231.195633 254.572433 297.864288 374.129028 498.755402 693.823425 972.846680 1373.468750 1987.739746 3075.329102 5142.256348 8693.178711 15989.039062 29565.310547 50889.132812 87044.132812 135600.296875 194199.703125 233325.765625 236544.281250 212531.359375 168200.906250 117254.960938 71885.914062 35243.046875 10738.476562 1968.514526
1198.670044 3529.535156 6625.628418 10078.935547 13782.418945 17777.921875 18996.351562 18450.843750 15092.768555 8591.749023 3156.300781 780.802979 295.621490 163.817642 111.889801 86.829254 72.300888 60.583836 50.768810 43.936729 42.422714 42.856678 44.220531 47.212318 52.941414 64.120491 85.671371 118.798767 172.686523 264.245911 400.495453 636.948608 1096.502075 2015.285522 3783.837891 7529.401855 15241.826172 28825.740234 54045.445312 91145.843750 146467.125000 199021.265625 232408.734375 226278.156250 199335.046875 151306.390625 103262.671875 59300.414062 27493.798828 8516.184570
2843.317627 5231.896973 7872.753906 10808.996094 13866.049805 14556.094727 14063.386719 11312.575195 6178.959961 2012.883423 436.208679 124.888214 51.361641 28.319016 18.767632 14.120397 11.457952 9.445591 7.816265 6.931271 6.880329 6.999361 7.397860 8.091675 9.457218 12.554530 17.044668 24.818958 39.797630 65.563477 116.349785 226.822769 426.478546 883.033508 1886.941284 4132.860352 8703.757812 17669.587891 34318.621094 62467.875000 104978.265625 159246.531250 207762.390625 227173.859375 214925.875000 179891.968750 133037.562500 85532.929688 46893.617188 21186.523438
4155.658203 6107.006348 8385.618164 10683.276367 11126.265625 10731.916992 8581.717773 4601.930664 1395.042603 286.584351 67.779961 19.499846 7.603994 3.924737 2.468496 1.783324 1.426896 1.199986 1.047002 0.959571 0.960197 0.993260 1.085802 1.252445 1.625647 2.113364 2.994753 4.742717 8.269633 16.853266 37.044277 86.546829 186.087952 432.664093 1043.230957 2541.599365 5713.396484 12063.379883 23942.582031 45212.929688 77734.859375 125041.210938 174819.609375 212436.468750 218223.500000 198216.718750 157984.281250 111234.367188 67873.828125 36441.203125
4833.810059 6446.051758 8186.569336 8490.063477 8200.023438 6583.442871 3514.260742 1043.004028 214.640259 53.169666 11.420639 2.808773 0.946105 0.438760 0.263239 0.000000 0.000000 0.000000 0.000000 0.000000 0.000000 0.000000 0.000000 0.000000 0.236396 0.319919 0.492635 0.871808 1.797108 4.544514 12.310015 33.799950 87.408112 229.030472 620.141907 1649.888306 4023.545654 8901.924805 18318.367188 35066.183594 61853.503906 101245.570312 146970.484375 190455.171875 210763.671875 204878.531250 175876.515625 134251.140625 88783.679688 53899.785156
5062.241699 6216.915039 6448.846191 6247.292969 5079.855957 2709.933838 787.585144 159.762955 43.548504 12.416744 2.312451 0.391818 0.000000 0.000000 0.000000 0.000000 0.000000 0.000000 0.000000 0.000000 0.000000 0.000000 0.000000 0.000000 0.000000 0.000000 0.000000 0.000000 0.412839 1.244366 4.209798 13.125884 40.053017 125.700531 369.757904 1041.075928 2753.354736 6563.419434 14256.283203 28195.910156 51430.214844 84933.609375 126218.593750 170114.671875 197975.593750 204408.703125 184760.437500 151202.718750 107916.062500 72003.031250
4752.255859 4862.775391 4727.566895 3898.647461 2080.899902 589.045044 114.769333 31.048040 9.621472 3.249454 0.579085 0.000000 0.000000 0.000000 0.000000 0.000000 0.000000 0.000000 0.000000 0.000000 0.000000 0.000000 0.000000 0.000000 0.000000 0.000000 0.000000 0.000000 0.000000 0.338398 1.326175 4.630988 15.727855 57.622688 190.437836 597.646423 1795.546631 4677.620605 10840.270508 22657.746094 43283.070312 73097.218750 110806.484375 152457.921875 184074.843750 198623.093750 188544.000000 162692.093750 123409.406250 88769.046875
3598.868652 3515.141846 2968.385742 1603.350098 453.362762 83.516197 21.340240 6.432920 2.064713 0.696396 0.000000 0.000000 0.000000 0.000000 0.000000 0.000000 0.000000 0.000000 0.000000 0.000000 0.000000 0.000000 0.000000 0.000000 0.000000 0.000000 0.000000 0.000000 0.000000 0.000000 0.366797 1.455957 5.567765 23.190176 89.265625 331.931152 1154.719482 3318.782227 8334.929688 18396.369141 36607.269531 63899.273438 99737.156250 139512.250000 171853.343750 191204.875000 187807.609375 169737.265625 135476.609375 102752.031250
2530.885742 2191.125000 1209.292480 353.579224 60.806435 14.351025 3.971751 1.179171 0.355782 0.000000 0.000000 0.000000 0.000000 0.000000 0.000000 0.000000 0.000000 0.000000 0.000000 0.000000 0.000000 0.000000 0.000000 0.000000 0.000000 0.000000 0.000000 0.000000 0.000000 0.000000 0.000000 0.493178 2.258238 11.102404 50.601627 212.765244 812.481689 2531.154785 6785.515137 15434.014648 31792.996094 56871.843750 91212.828125 129513.101562 162532.500000 183876.250000 185122.812500 172519.328125 142610.875000 113018.085938
1572.354004 888.725159 264.304321 41.982765 8.953013 2.306945 0.636143 0.000000 0.000000 0.000000 0.000000 0.000000 0.000000 0.000000 0.000000 0.000000 0.000000 0.000000 0.000000 0.000000 0.000000 0.000000 0.000000 0.000000 0.000000 0.000000 0.000000 0.000000 0.000000 0.000000 0.000000 0.247590 1.234633 6.541376 33.214104 155.413086 636.281006 2069.488037 5745.227539 13616.599609 28891.259766 52371.566406 85656.718750 121884.679688 155212.250000 178313.984375 181745.328125 173615.546875 147130.515625 120474.187500
690.273621 218.598694 30.146744 5.304566 1.218834 0.312052 0.000000 0.000000 0.000000 0.000000 0.000000 0.000000 0.000000 0.000000 0.000000 0.000000 0.000000 0.000000 0.000000 0.000000 0.000000 0.000000 0.000000 0.000000 0.000000 0.000000 0.000000 0.000000 0.000000 0.000000 0.000000 0.000000 0.823023 4.469900 23.745129 116.487473 502.605743 1699.757202 4937.621094 12284.318359 26753.462891 50009.265625 82225.171875 116776.507812 150121.421875 173396.453125 179790.578125 173706.468750 148745.375000 125422.390625
190.679901 32.130466 3.793110 0.636757 0.000000 0.000000 0.000000 0.000000 0.000000 0.000000 0.000000 0.000000 0.000000 0.000000 0.000000 0.000000 0.000000 0.000000 0.000000 0.000000 0.000000 0.000000 0.000000 0.000000 0.000000 0.000000 0.000000 0.000000 0.000000 0.000000 0.000000 0.000000 0.595997 3.208805 17.011131 87.723373 384.646179 1405.359253 4309.342773 11222.703125 25312.796875 49074.042969 80978.062500 114588.242188 148238.843750 169764.218750 178266.468750 172501.984375 148675.656250 126670.203125
32.246334 4.085855 0.437688 0.000000 0.000000 0.000000 0.000000 0.000000 0.000000 0.000000 0.000000 0.000000 0.000000 0.000000 0.000000 0.000000 0.000000 0.000000 0.000000 0.000000 0.000000 0.000000 0.000000 0.000000 0.000000 0.000000 0.000000 0.000000 0.000000 0.000000 0.000000 0.000000 0.447666 2.475361 13.938052 71.224556 324.370850 1230.264282 3921.992188 10537.464844 24518.701172 48886.765625 80635.945312 114863.906250 148727.109375 168926.906250 177789.281250 169576.015625 147821.421875 126536.179688
2.714065 0.315055 0.000000 0.000000 0.000000 0.000000 0.000000 0.000000 0.000000 0.000000 0.000000 0.000000 0.000000 0.000000 0.000000 0.000000 0.000000 0.000000 0.000000 0.000000 0.000000 0.000000 0.000000 0.000000 0.000000 0.000000 0.000000 0.000000 0.000000 0.000000 0.000000 0.000000 0.358605 2.146206 12.454683 64.353630 303.589813 1177.958374 3807.464111 10316.522461 24535.009766 49095.812500 80308.726562 117451.039062 151064.187500 169617.906250 178507.328125 167345.125000 147331.218750 124420.921875
0.000000 0.000000 0.000000 0.000000 0.000000 0.000000 0.000000 0.000000 0.000000 0.000000 0.000000 0.000000 0.000000 0.000000 0.000000 0.000000 0.000000 0.000000 0.000000 0.000000 0.000000 0.000000 0.000000 0.000000 0.000000 0.000000 0.000000 0.000000 0.000000 0.000000 0.000000 0.000000 0.326358 2.058166 11.807112 62.921383 297.604828 1192.502197 3849.128906 10694.300781 25329.935547 49997.578125 82000.742188 120345.992188 154596.875000 173474.031250 179267.500000 166808.765625 145684.906250 120886.171875
0.000000 0.000000 0.000000 0.000000 0.000000 0.000000 0.000000 0.000000 0.000000 0.000000 0.000000 0.000000 0.000000 0.000000 0.000000 0.000000 0.000000 0.000000 0.000000 0.000000 0.000000 0.000000 0.000000 0.000000 0.000000 0.000000 0.000000 0.000000 0.000000 0.000000 0.000000 0.000000 0.343119 2.167446 12.144225 63.086506 300.077515 1209.433350 4007.164795 11275.229492 27164.949219 52289.234375 86220.171875 125437.429688 157485.500000 179423.515625 180618.640625 168325.140625 144063.750000 116457.070312
0.000000 0.000000 0.000000 0.000000 0.000000 0.000000 0.000000 0.000000 0.000000 0.000000 0.000000 0.000000 0.000000 0.000000 0.000000 0.000000 0.000000 0.000000 0.000000 0.000000 0.000000 0.000000 0.000000 0.000000 0.000000 0.000000 0.000000 0.000000 0.000000 0.000000 0.000000 0.000000 0.464487 2.594107 13.484916 66.244888 299.243866 1238.537231 4206.084473 12222.030273 29488.906250 56372.796875 94090.382812 131673.328125 162789.015625 183494.468750 181934.578125 170238.875000 140557.578125 113142.414062
0.000000 0.000000 0.000000 0.000000 0.000000 0.000000 0.000000 0.000000 0.000000 0.000000 0.000000 0.000000 0.000000 0.000000 0.000000 0.000000 0.000000 0.000000 0.000000 0.000000 0.000000 0.000000 0.000000 0.000000 0.000000 0.000000 0.000000 0.000000 0.000000 0.000000 0.000000 0.000000 0.697432 3.433414 16.221144 73.609314 326.235474 1306.469849 4510.800293 13544.296875 32210.390625 63068.593750 101403.882812 139139.171875 171605.218750 185966.000000 184568.812500 167352.312500 136241.578125 105239.976562
