tests/test_03/output0/CloudLoad_005.00hrs.dat
NCOLS    50
NROWS    50
XLLCORNER    -2289770.000
YLLCORNER     2591270.000
CELLSIZE        2000.000       2000.000
NODATA_VALUE  0.000
[rows 0 to 40 of 50, columns 0 to 49 of 50]
0.000 0.000 0.000 0.000 0.000 0.000 0.000 0.238 1.577 9.899 59.381 344.473 1912.986 9235.322 20495.144 33465.760 47757.630 61985.113 75171.283 85679.567 92718.069 97293.036 101068.575 103894.189 106542.914 108826.353 108999.547 108387.462 107877.908 107563.590 102101.876 94331.139 87136.706 73197.571 53697.515 35069.645 21495.907 11455.575 4798.948 999.869 136.400 20.578 3.188 0.494 0.000 0.000 0.000 0.000 0.000 0.000
0.000 0.000 0.000 0.000 0.000 0.000 0.213 1.403 8.971 55.979 338.889 2177.957 10320.566 22911.118 36858.695 51784.242 67070.560 81669.332 93541.997 101850.105 106779.576 109211.488 111325.458 112390.555 113595.940 116049.223 119894.067 122284.519 123323.483 122936.355 124318.328 121345.170 114743.259 105665.943 88929.763 67060.765 44646.921 27548.918 14086.406 4961.734 956.962 134.494 19.995 3.087 0.469 0.000 0.000 0.000 0.000 0.000
0.000 0.000 0.000 0.000 0.000 0.217 1.408 9.024 57.714 366.700 2442.463 11216.695 24480.994 39285.904 55490.701 72784.100 89126.289 101701.793 108816.307 112059.628 113725.874 115278.864 116762.710 117751.539 118803.700 120520.264 122972.149 126403.879 133232.212 138434.795 141336.338 143067.257 144252.444 139314.931 128408.123 108334.584 82584.481 56388.106 34524.690 16996.809 5341.777 912.567 130.261 19.328 2.953 0.441 0.000 0.000 0.000 0.000
0.000 0.000 0.000 0.000 0.223 1.411 8.976 57.589 378.030 2592.731 11433.545 25027.705 40372.722 57294.675 74229.626 89632.386 100892.502 107803.386 109778.998 109426.895 108085.668 107755.471 108201.135 108810.122 110828.561 113488.540 118035.098 123110.850 128642.347 136575.923 145899.033 154418.375 157988.588 165551.515 163248.719 151162.623 128805.889 98297.968 68421.238 41713.056 19907.955 5351.189 887.698 122.797 18.366 2.795 0.416 0.000 0.000 0.000
0.000 0.000 0.000 0.228 1.413 8.868 56.984 382.443 2652.023 11148.833 24415.324 39110.357 55203.196 71310.057 85850.011 95783.785 101612.529 101370.963 97703.194 94020.595 91846.960 91231.302 91200.097 92193.192 94128.262 96747.489 100624.024 106453.637 115986.090 125772.424 134508.009 146730.697 161705.374 171825.123 183442.691 184656.421 172882.917 149086.468 113552.954 80381.950 48656.148 21341.586 5428.295 832.798 114.725 17.323 2.649 0.396 0.000 0.000
0.000 0.000 0.226 1.404 8.769 56.575 389.400 2638.162 10385.306 22257.275 35613.760 50742.929 66197.562 78935.481 87884.449 90645.305 86058.847 79058.217 72328.228 68168.329 66178.025 65518.447 65918.131 67068.889 69763.922 73825.633 78304.096 83585.308 89981.906 100846.549 113955.126 127777.814 144161.507 164998.527 181798.231 199688.100 204258.594 193882.406 166847.162 126995.760 90065.286 53738.209 22558.588 5321.406 750.433 106.259 16.301 2.526 0.381 0.000
0.000 0.217 1.366 8.616 56.128 395.841 2532.314 9450.838 19657.462 31495.359 44913.700 58799.892 69583.296 77335.154 76726.292 69201.620 58939.562 50703.901 45938.326 43336.657 42047.190 41464.572 41730.151 42822.733 44584.314 47562.750 52296.553 57440.855 62638.186 70799.813 81414.450 97448.221 115534.357 136732.390 163373.791 188080.526 212586.423 219037.849 211360.271 179195.385 137593.169 96392.472 56304.207 22449.930 4960.590 660.252 97.918 15.362 2.419 0.399
0.215 1.312 8.372 55.597 393.814 2368.603 8374.056 17149.664 27303.304 38607.222 50079.296 60322.491 64701.870 62109.978 51865.508 39702.244 30667.092 26193.152 23851.892 22661.187 21931.978 21852.680 22329.247 23380.036 24825.322 26813.671 29259.273 32405.607 37843.393 44631.110 52904.356 63760.256 80889.479 100006.214 124241.481 156944.492 189905.472 219584.625 228478.383 224924.510 186425.090 143312.967 98310.272 56131.341 21657.700 4339.402 579.260 89.965 14.474 2.532
1.415 8.303 54.868 379.953 2151.556 7275.653 14679.584 23210.580 32437.014 41742.438 50503.334 52507.553 48401.998 37414.937 25392.864 17012.920 13084.651 11442.320 10449.500 9669.434 9223.945 9170.843 9378.827 9911.072 10679.188 11922.835 13472.391 15636.319 18523.517 23002.659 29429.214 37133.985 46966.708 62936.714 83234.677 109147.329 147436.066 187884.880 223332.687 234271.604 230437.082 190049.453 143712.104 95807.325 53529.422 19871.487 3619.810 506.204 81.490 14.874
9.003 54.112 359.441 1917.462 6243.793 12313.837 19270.976 26718.787 34480.568 41053.303 41130.166 36503.114 26123.528 15582.361 8247.837 5578.593 4619.020 4107.289 3693.290 3358.366 3184.820 3147.006 3204.456 3370.519 3681.205 4103.409 4768.132 5830.292 7493.977 9657.985 12756.027 17085.730 23450.437 32751.027 47779.843 66973.979 96390.285 138019.588 186636.392 226073.246 238517.039 229211.963 188878.945 138672.294 89888.596 48999.353 17341.755 2913.111 435.835 80.998
53.278 331.331 1676.769 5282.607 10160.642 15740.728 21699.260 28112.047 32204.082 31722.676 27430.080 17983.326 9011.465 3574.435 2159.105 1650.433 1402.325 1233.559 1080.947 967.645 916.630 899.825 915.477 959.181 1045.472 1188.853 1435.230 1848.395 2427.602 3292.078 4428.878 6136.188 9159.781 13769.195 21593.191 36175.113 54801.462 88860.515 133709.203 188540.016 230862.456 241627.284 221783.391 181345.805 129070.115 82065.889 42815.406 14078.815 2302.699 413.144
298.557 1425.894 4370.539 8273.631 12671.410 17345.339 22608.778 24770.787 24215.245 20301.348 12285.539 5203.021 1597.020 794.689 535.691 418.133 354.276 304.639 261.072 230.825 218.568 215.438 220.276 231.196 254.573 297.865 374.130 498.756 693.825 972.848 1373.471 1987.743 3075.334 5142.263 8693.189 15989.058 29565.340 50889.173 87044.184 135600.355 194199.741 233325.783 236544.281 212531.348 168200.874 117254.932 71885.891 35243.032 10738.469 1968.513
1198.669 3529.534 6625.626 10078.932 13782.415 17777.917 18996.347 18450.839 15092.766 8591.748 3156.301 780.803 295.622 163.818 111.890 86.829 72.301 60.584 50.769 43.937 42.423 42.857 44.221 47.212 52.942 64.121 85.672 118.799 172.687 264.246 400.496 636.950 1096.504 2015.289 3783.843 7529.412 15241.844 28825.768 54045.484 91145.891 146467.177 199021.314 232408.740 226278.140 199335.017 151306.350 103262.642 59300.391 27493.784 8516.179
2843.317 5231.895 7872.751 10808.992 13866.046 14556.090 14063.383 11312.572 6178.958 2012.883 436.209 124.888 51.362 28.319 18.768 14.120 11.458 9.446 7.816 6.931 6.880 6.999 7.398 8.092 9.457 12.555 17.045 24.819 39.798 65.564 116.350 226.823 426.479 883.035 1886.944 4132.866 8703.768 17669.606 34318.652 62467.916 104978.320 159246.571 207762.409 227173.867 214925.852 179891.937 133037.534 85532.904 46893.596 21186.511
4155.657 6107.004 8385.615 10683.273 11126.263 10731.913 8581.716 4601.930 1395.042 286.584 67.780 19.500 7.604 3.925 2.468 1.783 1.427 1.200 1.047 0.960 0.960 0.993 1.086 1.252 1.626 2.113 2.995 4.743 8.270 16.853 37.044 86.547 186.088 432.665 1043.233 2541.603 5713.403 12063.393 23942.603 45212.963 77734.909 125041.254 174819.643 212436.483 218223.483 198216.683 157984.244 111234.332 67873.802 36441.185
4833.808 6446.049 8186.566 8490.061 8200.020 6583.441 3514.260 1043.004 214.640 53.170 11.421 2.809 0.946 0.439 0.263 0.000 0.000 0.000 0.000 0.000 0.000 0.000 0.000 0.000 0.236 0.320 0.493 0.872 1.797 4.545 12.310 33.800 87.408 229.031 620.143 1649.891 4023.550 8901.934 18318.384 35066.213 61853.546 101245.619 146970.529 190455.202 210763.672 204878.504 175876.474 134251.098 88783.647 53899.761
5062.239 6216.913 6448.844 6247.291 5079.854 2709.933 787.585 159.763 43.548 12.417 2.312 0.392 0.000 0.000 0.000 0.000 0.000 0.000 0.000 0.000 0.000 0.000 0.000 0.000 0.000 0.000 0.000 0.000 0.413 1.244 4.210 13.126 40.053 125.701 369.759 1041.078 2753.358 6563.427 14256.298 28195.934 51430.249 84933.653 126218.641 170114.698 197975.598 204408.687 184760.411 151202.681 107916.026 72003.000
4752.254 4862.773 4727.565 3898.646 2080.899 589.045 114.769 31.048 9.621 3.249 0.579 0.000 0.000 0.000 0.000 0.000 0.000 0.000 0.000 0.000 0.000 0.000 0.000 0.000 0.000 0.000 0.000 0.000 0.000 0.338 1.326 4.631 15.728 57.623 190.438 597.647 1795.549 4677.627 10840.282 22657.766 43283.102 73097.261 110806.529 152457.957 184074.859 198623.091 188543.971 162692.055 123409.370 88769.010
3598.867 3515.141 2968.385 1603.350 453.363 83.516 21.340 6.433 2.065 0.696 0.000 0.000 0.000 0.000 0.000 0.000 0.000 0.000 0.000 0.000 0.000 0.000 0.000 0.000 0.000 0.000 0.000 0.000 0.000 0.000 0.367 1.456 5.568 23.190 89.266 331.932 1154.721 3318.787 8334.939 18396.388 36607.297 63899.310 99737.195 139512.286 171853.372 191204.868 187807.592 169737.237 135476.573 102751.992
2530.885 2191.124 1209.292 353.579 60.806 14.351 3.972 1.179 0.356 0.000 0.000 0.000 0.000 0.000 0.000 0.000 0.000 0.000 0.000 0.000 0.000 0.000 0.000 0.000 0.000 0.000 0.000 0.000 0.000 0.000 0.000 0.493 2.258 11.102 50.602 212.766 812.483 2531.158 6785.523 15434.030 31793.021 56871.877 91212.870 129513.136 162532.530 183876.250 185122.804 172519.293 142610.833 113018.045
1572.353 888.725 264.304 41.983 8.953 2.307 0.636 0.000 0.000 0.000 0.000 0.000 0.000 0.000 0.000 0.000 0.000 0.000 0.000 0.000 0.000 0.000 0.000 0.000 0.000 0.000 0.000 0.000 0.000 0.000 0.000 0.248 1.235 6.541 33.214 155.413 636.282 2069.491 5745.234 13616.613 28891.282 52371.596 85656.760 121884.716 155212.271 178313.988 181745.322 173615.519 147130.476 120474.148
690.273 218.599 30.147 5.305 1.219 0.312 0.000 0.000 0.000 0.000 0.000 0.000 0.000 0.000 0.000 0.000 0.000 0.000 0.000 0.000 0.000 0.000 0.000 0.000 0.000 0.000 0.000 0.000 0.000 0.000 0.000 0.000 0.823 4.470 23.745 116.488 502.607 1699.760 4937.627 12284.331 26753.484 50009.296 82225.209 116776.542 150121.444 173396.456 179790.571 173706.446 148745.331 125422.351
190.680 32.130 3.793 0.637 0.000 0.000 0.000 0.000 0.000 0.000 0.000 0.000 0.000 0.000 0.000 0.000 0.000 0.000 0.000 0.000 0.000 0.000 0.000 0.000 0.000 0.000 0.000 0.000 0.000 0.000 0.000 0.000 0.596 3.209 17.011 87.724 384.647 1405.362 4309.348 11222.716 25312.820 49074.076 80978.099 114588.283 148238.867 169764.225 178266.463 172501.949 148675.627 126670.159
32.246 4.086 0.438 0.000 0.000 0.000 0.000 0.000 0.000 0.000 0.000 0.000 0.000 0.000 0.000 0.000 0.000 0.000 0.000 0.000 0.000 0.000 0.000 0.000 0.000 0.000 0.000 0.000 0.000 0.000 0.000 0.000 0.448 2.475 13.938 71.225 324.371 1230.266 3921.998 10537.477 24518.724 48886.801 80635.989 114863.943 148727.129 168926.909 177789.276 169575.984 147821.382 126536.134
2.714 0.315 0.000 0.000 0.000 0.000 0.000 0.000 0.000 0.000 0.000 0.000 0.000 0.000 0.000 0.000 0.000 0.000 0.000 0.000 0.000 0.000 0.000 0.000 0.000 0.000 0.000 0.000 0.000 0.000 0.000 0.000 0.359 2.146 12.455 64.354 303.590 1177.960 3807.469 10316.534 24535.031 49095.846 80308.771 117451.078 151064.217 169617.917 178507.319 167345.107 147331.186 124420.875
0.000 0.000 0.000 0.000 0.000 0.000 0.000 0.000 0.000 0.000 0.000 0.000 0.000 0.000 0.000 0.000 0.000 0.000 0.000 0.000 0.000 0.000 0.000 0.000 0.000 0.000 0.000 0.000 0.000 0.000 0.000 0.000 0.326 2.058 11.807 62.921 297.605 1192.504 3849.134 10694.313 25329.957 49997.611 82000.783 120346.035 154596.908 173474.039 179267.485 166808.735 145684.871 120886.132
0.000 0.000 0.000 0.000 0.000 0.000 0.000 0.000 0.000 0.000 0.000 0.000 0.000 0.000 0.000 0.000 0.000 0.000 0.000 0.000 0.000 0.000 0.000 0.000 0.000 0.000 0.000 0.000 0.000 0.000 0.000 0.000 0.343 2.167 12.144 63.087 300.078 1209.435 4007.170 11275.242 27164.973 52289.267 86220.211 125437.469 157485.524 179423.529 180618.631 168325.113 144063.707 116457.024
0.000 0.000 0.000 0.000 0.000 0.000 0.000 0.000 0.000 0.000 0.000 0.000 0.000 0.000 0.000 0.000 0.000 0.000 0.000 0.000 0.000 0.000 0.000 0.000 0.000 0.000 0.000 0.000 0.000 0.000 0.000 0.000 0.464 2.594 13.485 66.245 299.244 1238.539 4206.090 12222.044 29488.931 56372.832 94090.419 131673.365 162789.046 183494.467 181934.571 170238.839 140557.538 113142.369
0.000 0.000 0.000 0.000 0.000 0.000 0.000 0.000 0.000 0.000 0.000 0.000 0.000 0.000 0.000 0.000 0.000 0.000 0.000 0.000 0.000 0.000 0.000 0.000 0.000 0.000 0.000 0.000 0.000 0.000 0.000 0.000 0.697 3.433 16.221 73.609 326.236 1306.472 4510.806 13544.311 32210.417 63068.632 101403.924 139139.214 171605.248 185966.006 184568.802 167352.283 136241.531 105239.935
0.000 0.000 0.000 0.000 0.000 0.000 0.000 0.000 0.000 0.000 0.000 0.000 0.000 0.000 0.000 0.000 0.000 0.000 0.000 0.000 0.000 0.000 0.000 0.000 0.000 0.000 0.000 0.000 0.000 0.000 0.000 0.000 1.015 4.833 21.705 92.222 381.548 1482.638 5211.705 15482.690 37337.346 70522.076 109417.330 148979.219 179044.916 190340.190 187218.834 162651.296 128582.228 94126.548
0.000 0.000 0.000 0.000 0.000 0.000 0.000 0.000 0.000 0.000 0.000 0.000 0.000 0.000 0.000 0.000 0.000 0.000 0.000 0.000 0.000 0.000 0.000 0.000 0.000 0.000 0.000 0.000 0.000 0.000 0.000 0.333 1.759 7.829 31.695 124.678 480.097 1802.379 6301.822 18918.397 43925.249 79278.337 119462.030 162652.353 186846.534 195772.542 183544.124 155218.857 118097.125 83511.180
0.000 0.000 0.000 0.000 0.000 0.000 0.000 0.000 0.000 0.000 0.000 0.000 0.000 0.000 0.000 0.000 0.000 0.000 0.000 0.000 0.000 0.000 0.000 0.000 0.000 0.000 0.000 0.000 0.000 0.000 0.000 0.638 3.304 13.861 50.040 175.822 631.249 2327.824 7832.954 23660.627 52467.629 89922.797 135938.964 174059.850 195882.860 198161.863 176817.774 145325.801 105092.916 71933.710
0.000 0.000 0.000 0.000 0.000 0.000 0.000 0.000 0.000 0.000 0.000 0.000 0.000 0.000 0.000 0.000 0.000 0.000 0.000 0.000 0.000 0.000 0.000 0.000 0.000 0.000 0.000 0.000 0.000 0.000 0.223 1.323 6.241 24.649 86.682 282.071 924.502 3120.198 10559.259 29986.133 62319.749 107163.146 152169.263 187175.725 203770.581 194264.176 169677.950 129815.181 90666.132 58739.897
0.000 0.000 0.000 0.000 0.000 0.000 0.000 0.000 0.000 0.000 0.000 0.000 0.000 0.000 0.000 0.000 0.000 0.000 0.000 0.000 0.000 0.000 0.000 0.000 0.000 0.000 0.000 0.000 0.000 0.000 0.657 3.484 14.829 52.616 168.187 497.097 1447.784 4541.359 14765.409 38377.936 78525.591 124968.234 168925.773 199773.577 204428.708 190499.879 153680.981 112359.740 73787.045 40035.088
0.000 0.000 0.000 0.000 0.000 0.000 0.000 0.000 0.000 0.235 0.404 0.523 0.342 0.000 0.000 0.000 0.000 0.000 0.000 0.000 0.000 0.000 0.000 0.000 0.000 0.000 0.000 0.000 0.000 0.425 2.005 9.105 35.553 119.296 338.146 885.802 2362.407 7004.405 21189.225 52593.807 96549.111 145112.982 188628.195 207286.512 203663.573 175608.497 134427.715 90052.168 51087.563 24776.921
0.000 0.000 0.000 0.000 0.000 0.000 0.000 0.000 0.739 1.780 2.346 1.623 0.853 0.364 0.000 0.000 0.000 0.000 0.000 0.000 0.000 0.000 0.000 0.000 0.000 0.000 0.000 0.250 0.635 2.015 7.527 28.562 100.579 291.252 728.674 1748.677 4326.488 11717.617 33251.395 69755.606 119329.915 171383.215 203877.564 211972.335 191247.008 153497.325 106185.510 63660.284 31822.668 13644.698
0.000 0.000 0.000 0.000 0.000 0.000 0.000 1.178 3.581 5.267 5.076 3.726 2.212 1.061 0.406 0.000 0.000 0.000 0.000 0.000 0.000 0.000 0.000 0.000 0.209 0.435 0.887 1.822 3.956 10.284 30.517 98.074 313.759 779.218 1608.525 3362.421 7820.173 21345.891 49182.748 94738.802 149460.206 192972.130 211255.268 201425.417 168944.473 120997.159 75803.357 39944.878 17424.859 6735.177
0.000 0.000 0.000 0.000 0.000 0.000 1.061 4.221 7.502 10.178 10.288 8.819 5.937 3.141 1.352 0.556 0.239 0.000 0.000 0.000 0.000 0.277 0.492 0.907 1.820 3.455 6.298 11.596 22.525 48.745 122.001 342.481 916.979 1823.771 3363.399 6584.713 15252.789 36190.245 76352.019 127754.128 176625.461 203663.856 202038.067 179567.204 133206.805 86641.439 48177.656 22240.182 8494.452 3166.269
0.000 0.000 0.000 0.000 0.000 0.548 3.271 7.021 12.210 17.997 22.212 22.752 18.546 10.415 4.555 2.241 1.240 0.858 0.824 1.026 1.398 2.234 3.834 6.539 11.655 19.216 32.102 54.218 96.208 191.948 434.124 1114.576 2297.665 3961.468 6862.966 13216.297 29603.327 62684.976 109232.808 160286.910 192368.570 196874.429 183391.895 140523.881 95675.493 56326.244 26784.239 10403.583 3779.110 827.368
0.000 0.000 0.000 0.000 0.000 1.710 4.889 10.013 17.492 29.079 41.672 50.117 48.188 32.193 16.663 9.728 6.907 5.634 5.707 7.135 9.547 14.165 21.723 33.365 51.352 79.915 126.407 204.297 352.152 666.129 1416.522 2925.606 4999.648 8045.496 13835.347 26746.997 54589.308 96176.908 144431.008 179763.625 187298.010 180101.068 143586.952 101519.547 62696.248 30948.221 12056.707 3584.186 741.616 95.577
0.000 0.000 0.000 0.000 0.417 2.340 5.826 11.090 21.103 39.157 60.473 83.490 97.173 94.942 69.216 44.957 36.885 31.793 31.856 38.345 48.010 65.065 89.145 126.617 183.342 277.022 423.105 671.586 1118.789 2045.670 3834.741 6593.013 10145.228 15861.500 27649.176 51828.382 87759.411 129023.676 164232.315 174669.137 168821.168 142271.517 103559.462 66217.039 34207.957 13435.535 3680.533 655.482 91.756 14.234
