tests/test_03/output0/CloudConcentration_005.00hrs.dat
NCOLS    50
NROWS    50
XLLCORNER    -2289770.000
YLLCORNER     2591270.000
CELLSIZE        2000.000       2000.000
NODATA_VALUE  0.000
[rows 0 to 41 of 50, columns 0 to 49 of 50]
0.000 0.000 0.000 0.000 0.000 0.000 0.000 0.186 1.167 6.757 36.643 182.871 915.357 4757.070 10625.661 17475.506 24717.799 31215.562 37300.941 41147.746 42846.277 43212.949 43910.195 48925.555 53076.234 54600.523 54386.836 51422.184 48112.098 50908.250 52249.891 48158.957 42299.289 32906.941 26635.449 20142.510 13266.793 6001.543 2330.783 504.431 63.790 9.653 1.518 0.241 0.000 0.000 0.000 0.000 0.000 0.000
0.000 0.000 0.000 0.000 0.000 0.000 0.172 1.101 6.569 37.239 199.524 1115.317 5271.306 11251.963 17853.238 25529.197 33512.312 41151.312 46436.656 49967.133 50972.926 50520.613 49839.559 48544.043 53148.309 57666.668 60539.883 60653.094 57564.438 54064.590 59466.824 61552.793 56621.172 48762.312 39603.410 33170.199 25745.750 16719.311 6653.149 2412.951 472.807 63.899 9.591 1.506 0.234 0.000 0.000 0.000 0.000 0.000
0.000 0.000 0.000 0.000 0.000 0.178 1.147 7.101 42.052 243.950 1528.563 6840.950 14073.577 21269.432 28147.297 34540.367 43400.590 50252.512 53851.773 55190.684 55713.332 55981.680 54920.078 53178.887 51861.512 55615.496 60458.238 63079.777 65789.539 64705.488 61683.074 67847.773 71268.367 68089.641 57537.078 47832.207 41315.910 31967.512 19616.975 7698.722 2661.568 444.540 63.370 9.498 1.471 0.223 0.000 0.000 0.000 0.000
0.000 0.000 0.000 0.000 0.188 1.193 7.485 46.358 288.388 1914.079 8257.862 16875.984 25530.621 33393.676 40526.414 45927.828 48619.961 51065.777 53273.004 54210.375 54517.516 54321.438 54145.457 53561.484 52081.223 50486.266 54334.066 60475.781 64236.305 67270.156 67423.742 66284.719 73854.742 79887.211 77889.430 65495.918 58386.941 49487.363 37856.039 22897.871 9127.881 2685.565 441.128 61.356 9.218 1.413 0.211 0.000 0.000 0.000
0.000 0.000 0.000 0.201 1.251 7.807 49.430 326.240 2249.205 9209.238 18690.463 28254.322 37684.855 46017.816 51441.836 52829.086 52309.578 50250.473 46830.926 45487.922 45652.484 46494.211 47390.871 47443.410 47672.984 47283.195 46095.945 48655.480 57568.922 63717.156 67065.336 67585.133 69550.766 79998.703 85622.945 83987.562 72952.906 69262.266 57148.113 42279.730 24904.541 9995.462 2805.848 425.974 58.653 8.837 1.352 0.203 0.000 0.000
0.000 0.000 0.208 1.293 8.048 51.607 354.199 2398.422 9309.410 19068.242 29269.455 39730.227 48593.160 53675.535 55282.648 54563.840 51037.391 45656.199 40777.883 36697.953 33548.668 31854.947 33270.543 34959.445 36678.273 38003.281 39367.027 39728.520 40210.676 50303.629 58878.348 64612.340 66283.445 73381.812 83970.344 90018.789 88281.312 81747.234 78435.156 62427.223 45413.945 25530.619 10907.374 2846.882 392.101 55.152 8.399 1.302 0.198 0.000
0.000 0.207 1.296 8.137 52.835 371.180 2386.312 8861.535 17937.180 28007.654 38547.500 47973.852 52789.770 54702.238 53548.195 47679.164 40592.484 34668.055 30441.971 27538.129 24982.771 22800.545 21159.871 21311.494 23229.254 25634.828 27885.545 29787.967 30453.531 31882.240 40886.426 50701.629 58473.387 62005.672 75579.039 86113.977 90480.555 89768.805 91839.922 83055.453 65907.852 45593.734 25865.846 11532.777 2732.831 349.191 51.065 7.959 1.257 0.218
0.203 1.261 8.043 53.278 377.020 2284.868 8059.686 16222.651 25399.156 35020.418 43692.457 50152.465 51667.289 49140.004 40770.512 32123.672 25511.148 21494.783 19097.705 17389.705 15835.703 14665.620 13846.002 13102.471 12504.857 13678.333 15796.786 18167.273 20314.928 22368.498 24017.145 32800.902 42440.570 50248.164 55477.820 74921.328 87429.906 89622.602 92996.180 98563.281 85368.609 65732.320 44196.012 24893.908 11684.499 2422.729 304.933 46.463 7.477 1.374
1.296 7.924 52.856 369.369 2107.121 7118.151 14204.234 22158.254 30425.455 38062.781 44810.465 45448.574 41559.141 32046.750 22538.633 15558.611 11965.644 10364.088 9358.189 8485.322 7836.134 7451.512 7219.676 6992.646 6881.224 6835.523 6650.640 8268.587 10656.785 12984.077 15276.085 16906.062 25075.982 33947.043 40913.555 49122.070 70515.742 83338.703 88741.102 98963.078 100876.852 83712.914 62905.770 41813.578 25871.639 11040.449 1971.619 255.579 40.969 7.943
8.439 52.314 353.013 1894.669 6168.352 12094.016 18705.779 25597.404 32394.178 37902.457 37460.617 33067.734 23678.139 14368.570 7776.635 5310.350 4393.575 3886.361 3469.792 3115.125 2896.525 2789.878 2747.436 2749.366 2832.447 2873.660 3047.067 3122.583 3783.457 5486.003 7381.864 9276.869 10948.423 18019.055 25873.131 30996.691 46374.148 65190.250 76349.594 94572.625 102368.844 97788.047 80019.484 58923.004 41509.574 25162.090 9494.486 1442.976 209.054 41.331
52.227 327.875 1665.539 5247.327 10058.722 15462.354 21088.354 26967.471 30542.996 29839.883 25685.455 16774.553 8443.885 3391.714 2083.143 1602.999 1360.799 1192.596 1039.482 922.613 862.575 833.291 827.814 841.692 880.277 949.212 1053.161 1213.934 1361.084 1629.074 2462.596 3516.771 4866.851 6718.752 12303.137 18760.518 25811.086 43961.336 58598.730 78472.508 98665.414 100199.031 91669.922 74592.742 58754.484 40450.641 21976.830 7135.527 1007.753 199.468
297.302 1421.475 4355.694 8228.641 12537.917 17025.469 22017.861 23921.314 23253.385 19418.629 11677.203 4905.654 1508.329 766.775 523.519 410.426 347.524 297.981 254.340 223.537 209.857 204.500 205.713 211.559 226.794 256.173 304.289 372.628 454.707 527.987 698.686 1108.868 1695.852 2397.958 4590.393 8626.821 13345.566 25927.777 41319.723 56729.660 84061.398 96924.406 95239.820 88453.273 76118.117 55858.496 35211.387 17468.439 4782.275 866.200
1197.384 3524.871 6609.220 10022.260 13624.529 17482.297 18569.982 17970.469 14655.771 8283.093 2990.504 727.820 282.334 159.452 110.044 85.723 71.353 59.654 49.830 42.931 41.230 41.331 42.158 44.382 48.886 57.628 74.526 97.711 125.336 164.666 198.361 350.739 612.153 934.654 1922.402 3965.774 6755.971 14490.830 26394.322 37836.359 65237.070 84064.688 93167.305 95388.703 90421.148 70813.469 48883.035 27808.375 12403.464 3704.671
2842.094 5227.235 7854.676 10743.365 13729.495 14353.001 13832.768 11101.937 6023.960 1920.136 401.014 116.897 49.266 27.652 18.511 13.983 11.345 9.336 7.706 6.814 6.741 6.819 7.148 7.743 8.927 11.678 15.449 21.512 32.003 44.544 60.871 122.110 236.740 401.106 959.225 2132.139 3720.935 8502.092 16195.060 26052.443 48450.477 69202.242 83105.773 96913.180 96029.297 83546.984 61057.227 38481.848 20685.625 9964.684
4154.904 6103.533 8367.504 10632.777 11042.515 10637.260 8492.897 4526.657 1342.875 259.559 61.339 18.175 7.271 3.828 2.436 1.769 1.416 1.189 1.036 0.948 0.946 0.975 1.060 1.214 1.565 2.005 2.777 4.233 6.846 12.051 20.788 45.673 102.731 192.768 536.734 1276.764 2554.874 5783.141 10795.583 19229.564 36318.664 55694.781 70843.750 93641.734 97073.938 91096.102 70864.414 48397.230 29115.838 17729.148
4833.579 6444.742 8179.350 8468.191 8171.744 6554.816 3486.775 1018.128 196.376 44.137 9.777 2.559 0.894 0.426 0.260 0.000 0.000 0.000 0.000 0.000 0.000 0.000 0.000 0.000 0.230 0.307 0.462 0.784 1.487 3.252 6.985 17.461 48.129 99.691 326.562 801.751 1871.181 4357.125 7966.842 15622.215 28991.504 45215.637 61442.223 85847.742 95180.188 91406.523 77426.508 57410.070 39655.195 26733.135
5062.193 6216.658 6447.377 6242.812 5072.961 2702.563 780.179 152.567 37.245 8.452 1.622 0.335 0.000 0.000 0.000 0.000 0.000 0.000 0.000 0.000 0.000 0.000 0.000 0.000 0.000 0.000 0.000 0.000 0.331 0.847 2.358 6.525 21.593 54.094 198.090 501.228 1312.903 3256.717 6052.281 13091.363 24283.115 37361.828 55110.520 78483.734 91224.078 89694.406 79286.047 65282.141 50147.703 36076.855
4752.246 4862.724 4727.282 3897.777 2079.455 587.377 113.043 29.307 7.878 1.742 0.290 0.000 0.000 0.000 0.000 0.000 0.000 0.000 0.000 0.000 0.000 0.000 0.000 0.000 0.000 0.000 0.000 0.000 0.000 0.211 0.702 2.190 7.852 25.432 96.055 289.277 859.410 2289.889 4554.413 10786.745 20268.949 31541.541 50621.543 71726.234 85268.477 85996.070 79934.008 73826.281 59398.273 44308.508
3598.867 3515.133 2968.337 1603.199 453.108 83.199 21.001 6.081 1.698 0.367 0.000 0.000 0.000 0.000 0.000 0.000 0.000 0.000 0.000 0.000 0.000 0.000 0.000 0.000 0.000 0.000 0.000 0.000 0.000 0.000 0.152 0.625 2.433 9.093 40.539 145.386 552.488 1548.706 3722.564 8895.642 16841.049 27552.996 47510.438 66469.547 79132.219 82012.438 81427.727 80223.781 65732.734 50873.918
2530.885 2191.124 1209.285 353.557 60.768 14.301 3.918 1.124 0.298 0.000 0.000 0.000 0.000 0.000 0.000 0.000 0.000 0.000 0.000 0.000 0.000 0.000 0.000 0.000 0.000 0.000 0.000 0.000 0.000 0.000 0.000 0.183 0.869 4.566 21.480 82.926 389.131 1089.080 3174.134 7597.066 14224.550 26335.254 44461.035 62077.219 73384.211 77597.188 84759.781 83763.789 69275.547 55215.617
1572.354 888.725 264.303 41.980 8.948 2.301 0.630 0.000 0.000 0.000 0.000 0.000 0.000 0.000 0.000 0.000 0.000 0.000 0.000 0.000 0.000 0.000 0.000 0.000 0.000 0.000 0.000 0.000 0.000 0.000 0.000 0.098 0.496 2.534 12.140 62.781 303.739 855.752 2763.586 6571.869 12534.360 25616.119 41986.586 57470.695 68215.961 80685.094 87127.078 84483.969 71186.398 56432.836
690.274 218.599 30.147 5.304 1.218 0.311 0.000 0.000 0.000 0.000 0.000 0.000 0.000 0.000 0.000 0.000 0.000 0.000 0.000 0.000 0.000 0.000 0.000 0.000 0.000 0.000 0.000 0.000 0.000 0.000 0.000 0.000 0.305 1.710 9.250 47.308 226.387 741.805 2414.679 5698.286 12278.081 25506.992 40522.496 53608.309 65511.809 82581.297 87318.031 84504.953 69400.312 56271.785
190.680 32.130 3.793 0.637 0.000 0.000 0.000 0.000 0.000 0.000 0.000 0.000 0.000 0.000 0.000 0.000 0.000 0.000 0.000 0.000 0.000 0.000 0.000 0.000 0.000 0.000 0.000 0.000 0.000 0.000 0.000 0.000 0.243 1.352 6.928 33.386 149.737 632.945 2105.094 4952.563 12477.905 25078.170 38909.891 50843.785 69760.281 83719.430 86761.141 81323.766 66604.516 54931.320
32.246 4.086 0.438 0.000 0.000 0.000 0.000 0.000 0.000 0.000 0.000 0.000 0.000 0.000 0.000 0.000 0.000 0.000 0.000 0.000 0.000 0.000 0.000 0.000 0.000 0.000 0.000 0.000 0.000 0.000 0.000 0.000 0.188 1.033 5.351 29.207 138.930 572.226 1822.692 4781.547 12836.625 24785.785 37114.496 52371.918 74038.891 83438.273 85228.844 77125.070 63992.809 59731.125
2.714 0.315 0.000 0.000 0.000 0.000 0.000 0.000 0.000 0.000 0.000 0.000 0.000 0.000 0.000 0.000 0.000 0.000 0.000 0.000 0.000 0.000 0.000 0.000 0.000 0.000 0.000 0.000 0.000 0.000 0.000 0.000 0.141 0.837 5.210 28.021 136.595 549.053 1649.776 5118.891 13014.508 23848.719 35375.695 57576.469 76472.852 83626.875 82061.789 73361.891 69336.742 62531.004
0.000 0.000 0.000 0.000 0.000 0.000 0.000 0.000 0.000 0.000 0.000 0.000 0.000 0.000 0.000 0.000 0.000 0.000 0.000 0.000 0.000 0.000 0.000 0.000 0.000 0.000 0.000 0.000 0.000 0.000 0.000 0.000 0.134 0.906 5.287 28.014 132.161 520.513 1810.537 5690.821 13244.038 22771.412 39834.047 61490.660 77689.438 81623.406 79094.633 76533.992 72776.750 60936.633
0.000 0.000 0.000 0.000 0.000 0.000 0.000 0.000 0.000 0.000 0.000 0.000 0.000 0.000 0.000 0.000 0.000 0.000 0.000 0.000 0.000 0.000 0.000 0.000 0.000 0.000 0.000 0.000 0.000 0.000 0.000 0.000 0.153 1.002 5.493 26.841 124.865 551.663 2054.512 5909.500 13052.448 24983.230 44754.289 63748.645 76547.086 79459.680 81388.641 83169.141 71787.391 58449.191
0.000 0.000 0.000 0.000 0.000 0.000 0.000 0.000 0.000 0.000 0.000 0.000 0.000 0.000 0.000 0.000 0.000 0.000 0.000 0.000 0.000 0.000 0.000 0.000 0.000 0.000 0.000 0.000 0.000 0.000 0.000 0.000 0.199 1.109 5.757 30.135 144.812 622.625 2161.096 6245.279 13459.562 29665.418 48861.164 65576.328 73582.156 82979.266 88632.930 85388.969 68945.055 53123.102
0.000 0.000 0.000 0.000 0.000 0.000 0.000 0.000 0.000 0.000 0.000 0.000 0.000 0.000 0.000 0.000 0.000 0.000 0.000 0.000 0.000 0.000 0.000 0.000 0.000 0.000 0.000 0.000 0.000 0.000 0.000 0.000 0.330 1.723 8.315 38.091 164.157 666.406 2297.063 6230.442 16954.650 33632.879 51362.535 64315.035 78302.664 90513.039 91307.281 82120.109 62690.113 46938.773
0.000 0.000 0.000 0.000 0.000 0.000 0.000 0.000 0.000 0.000 0.000 0.000 0.000 0.000 0.000 0.000 0.000 0.000 0.000 0.000 0.000 0.000 0.000 0.000 0.000 0.000 0.000 0.000 0.000 0.000 0.000 0.000 0.534 2.556 11.474 48.368 194.657 719.684 2372.309 7984.457 20677.727 36579.285 50945.520 68132.164 87979.016 93410.938 91430.023 74189.734 56277.574 45761.492
0.000 0.000 0.000 0.000 0.000 0.000 0.000 0.000 0.000 0.000 0.000 0.000 0.000 0.000 0.000 0.000 0.000 0.000 0.000 0.000 0.000 0.000 0.000 0.000 0.000 0.000 0.000 0.000 0.000 0.000 0.000 0.181 0.938 3.952 15.027 57.560 216.253 811.921 3157.635 10601.667 23630.094 36945.344 55049.453 81405.125 91191.430 93552.414 83057.273 67294.820 56962.465 44046.395
0.000 0.000 0.000 0.000 0.000 0.000 0.000 0.000 0.000 0.000 0.000 0.000 0.000 0.000 0.000 0.000 0.000 0.000 0.000 0.000 0.000 0.000 0.000 0.000 0.000 0.000 0.000 0.000 0.000 0.000 0.000 0.290 1.478 6.640 25.032 89.133 323.249 1211.902 4281.433 13124.451 24581.375 42706.586 68931.844 86289.312 91250.117 87509.219 76554.391 70330.562 53034.207 36478.656
0.000 0.000 0.000 0.000 0.000 0.000 0.000 0.000 0.000 0.000 0.000 0.000 0.000 0.000 0.000 0.000 0.000 0.000 0.000 0.000 0.000 0.000 0.000 0.000 0.000 0.000 0.000 0.000 0.000 0.000 0.114 0.702 3.423 13.720 48.342 155.420 498.345 1673.641 5770.254 14117.875 30880.555 55189.691 76760.406 87532.000 88192.148 84863.828 82215.648 63841.578 45046.383 26766.947
0.000 0.000 0.000 0.000 0.000 0.000 0.000 0.000 0.000 0.000 0.000 0.000 0.000 0.000 0.000 0.000 0.000 0.000 0.000 0.000 0.000 0.000 0.000 0.000 0.000 0.000 0.000 0.000 0.000 0.000 0.349 1.908 7.974 27.131 80.952 230.848 683.754 2166.144 6680.547 19917.473 41137.238 63353.965 78334.031 83991.422 90195.562 90736.031 73554.398 53980.461 33535.254 18171.410
0.000 0.000 0.000 0.000 0.000 0.000 0.000 0.000 0.000 0.142 0.229 0.297 0.157 0.000 0.000 0.000 0.000 0.000 0.000 0.000 0.000 0.000 0.000 0.000 0.000 0.000 0.000 0.000 0.000 0.159 0.829 3.998 16.696 59.478 171.360 440.491 1153.544 3451.948 11401.914 28242.436 47917.457 64613.926 82258.602 92585.195 94024.125 83262.898 61728.059 40658.398 23136.252 12924.732
0.000 0.000 0.000 0.000 0.000 0.000 0.000 0.000 0.482 1.046 1.261 0.764 0.509 0.193 0.000 0.000 0.000 0.000 0.000 0.000 0.000 0.000 0.000 0.000 0.000 0.000 0.000 0.083 0.208 0.815 3.665 15.656 56.823 160.072 381.027 888.470 2219.085 6327.816 17517.723 32385.938 51390.992 77772.094 91115.453 95269.625 87908.469 67679.273 47323.914 28692.797 16965.518 8056.324
0.000 0.000 0.000 0.000 0.000 0.000 0.000 0.805 2.051 2.493 2.799 2.153 1.182 0.480 0.191 0.000 0.000 0.000 0.000 0.000 0.000 0.000 0.000 0.000 0.095 0.179 0.341 0.662 1.420 3.930 11.556 41.582 133.068 337.190 683.161 1448.496 3542.822 9870.937 21793.740 43366.809 68555.922 86699.727 90117.906 87521.219 71836.930 52601.719 34941.551 21570.309 10483.878 3820.037
0.000 0.000 0.000 0.000 0.000 0.000 0.745 2.386 3.822 5.907 5.889 4.539 2.661 1.472 0.603 0.212 0.082 0.000 0.000 0.000 0.000 0.143 0.220 0.420 0.807 1.395 2.499 4.592 8.208 20.186 53.815 171.665 461.055 882.352 1599.230 3052.870 7204.022 17721.928 36235.852 58038.840 75495.039 82678.438 82537.781 74224.391 57442.859 41029.398 26210.160 13347.254 4556.040 1439.886
0.000 0.000 0.000 0.000 0.000 0.387 1.995 3.505 6.925 9.655 10.338 10.267 8.032 4.401 1.798 0.865 0.477 0.323 0.396 0.437 0.715 1.124 1.617 3.041 5.270 8.402 12.925 22.744 41.050 76.902 161.843 450.392 951.057 1681.552 3067.580 6188.831 14291.219 28780.682 45803.266 63258.352 74630.367 77421.703 76420.805 62770.750 46354.000 30342.670 15590.788 5360.395 1714.121 398.432
0.000 0.000 0.000 0.000 0.000 1.146 2.315 5.722 9.596 13.621 18.973 22.717 21.949 13.844 6.118 3.197 2.424 2.190 2.573 3.112 4.855 6.997 9.426 15.162 24.713 37.640 56.696 82.594 149.813 292.123 647.928 1334.850 2251.164 3487.750 5781.770 10831.086 21842.979 38403.340 56816.746 72138.789 76960.852 76172.195 64791.848 48862.684 32629.375 16903.848 5526.444 1615.002 350.533 43.402
0.000 0.000 0.000 0.000 0.282 1.339 3.165 6.299 10.096 18.042 28.895 38.371 41.922 36.606 24.120 14.990 12.123 13.450 14.580 16.736 24.374 32.946 43.137 54.530 84.924 134.415 203.691 308.372 487.935 836.174 1641.589 2926.700 4589.690 7261.726 12524.411 22489.635 36772.914 52815.719 67759.023 72976.820 71974.688 63656.676 48741.738 33073.996 17781.760 6075.561 1690.792 296.253 41.647 6.443
0.000 0.000 0.000 0.000 0.475 1.143 3.058 5.693 10.515 20.817 36.802 54.397 64.146 77.865 80.093 71.017 61.502 64.144 70.259 70.885 90.266 124.194 160.863 201.191 253.637 382.188 613.546 955.152 1533.952 2541.738 3967.578 5629.672 8114.594 12886.568 21123.246 32547.279 45679.574 58831.250 64040.445 64277.523 58912.035 45641.535 31332.617 17291.645 6259.473 1590.447 264.114 39.921 6.182 0.984
