tests/test_03/output0/CloudConcentration_010.00hrs.dat
NCOLS    50
NROWS    50
XLLCORNER    -2289770.000
YLLCORNER     2591270.000
CELLSIZE        2000.000       2000.000
NODATA_VALUE  0.000
[rows 0 to 46 of 50, columns 0 to 49 of 50]
372.787 411.021 460.673 518.046 583.383 657.174 740.348 833.951 939.527 1059.575 1197.531 1358.777 1548.196 1769.601 2027.105 2327.416 2678.117 3083.965 3552.598 4099.396 4741.534 5488.451 6339.369 7294.001 8361.024 9560.837 10900.653 12348.724 13859.695 15375.960 16793.569 17943.124 18479.127 18289.531 17483.555 16040.172 14426.507 13273.997 13261.966 11996.133 10429.504 8545.657 7600.602 6610.646 5178.800 3481.481 2711.378 1959.446 1034.531 210.615
213.833 238.858 271.183 308.113 349.901 397.362 451.733 514.621 588.213 675.840 780.844 907.468 1059.160 1239.598 1455.464 1715.187 2023.153 2383.427 2811.878 3329.370 3946.381 4657.599 5465.873 6400.329 7491.284 8738.072 10110.044 11589.380 13173.835 14815.666 16391.755 17680.247 18327.576 18295.321 17624.203 16249.013 14677.208 13550.136 13592.244 12395.087 10871.449 8980.651 8029.124 7015.235 5523.976 3744.101 2933.132 2127.609 1136.460 244.598
155.789 175.294 200.399 229.055 261.604 298.947 342.411 393.777 455.459 530.804 622.987 734.891 869.600 1032.168 1230.155 1470.025 1755.234 2093.926 2504.109 3003.058 3591.638 4265.250 5043.325 5961.077 7040.428 8275.524 9642.363 11130.996 12737.303 14419.535 16069.234 17443.755 18195.253 18267.390 17772.438 16502.338 14999.180 13911.129 14021.735 12907.541 11428.977 9532.862 8577.513 7545.468 5974.052 4086.688 3218.393 2340.911 1261.603 289.373
87.829 100.573 116.871 135.571 157.127 182.536 213.253 251.155 298.819 359.366 435.557 528.786 642.589 783.904 959.638 1173.460 1430.226 1742.843 2128.791 2599.688 3149.984 3780.489 4524.971 5424.628 6494.982 7718.328 9072.726 10560.796 12185.736 13908.207 15634.985 17137.335 18014.625 18183.057 17857.813 16716.044 15314.378 14280.161 14458.175 13423.584 11983.930 10078.392 9130.945 8128.895 6451.061 4454.540 3529.888 2570.321 1395.501 342.656
49.685 57.668 67.777 79.694 94.136 111.989 134.805 164.206 202.151 250.807 312.116 388.478 485.295 609.304 763.959 951.986 1181.694 1469.045 1827.581 2256.472 2755.860 3348.706 4070.337 4945.791 5986.788 7186.848 8531.868 10018.093 11647.509 13392.417 15167.300 16784.130 17822.396 18090.413 17937.934 16921.863 15622.658 14646.346 14894.059 13934.745 12535.061 10615.355 9662.291 8759.386 6950.598 4842.627 3872.629 2815.784 1540.790 405.202
20.750 24.784 30.483 37.969 47.662 60.080 76.152 97.704 126.401 163.149 209.989 271.973 354.258 459.190 590.502 753.644 956.867 1212.262 1529.277 1914.490 2380.045 2945.317 3634.260 4471.525 5478.011 6657.051 7993.587 9477.391 11107.355 12862.445 14669.026 16354.703 17565.311 17986.154 17972.547 17108.688 15898.425 14971.220 15306.808 14423.337 13064.635 11144.583 10172.053 9405.336 7467.475 5249.176 4242.302 3075.250 1692.785 478.027
8.328 10.062 12.745 16.793 22.697 30.999 42.627 58.270 78.526 105.467 142.924 194.240 261.710 348.737 459.925 599.377 773.904 995.104 1275.949 1627.915 2062.766 2595.012 3245.180 4038.109 5000.126 6146.789 7470.597 8952.435 10576.796 12327.032 14141.563 15876.045 17210.013 17787.323 17943.220 17261.397 16122.536 15210.833 15655.714 14890.191 13556.832 11648.526 10663.300 10048.608 7994.388 5671.696 4633.169 3348.179 1853.028 561.863
3.234 4.001 5.328 7.523 10.982 16.243 23.583 33.708 48.176 69.150 98.703 139.020 193.000 264.006 355.368 471.054 618.131 808.644 1057.797 1379.469 1784.010 2282.161 2891.156 3637.016 4549.056 5652.614 6951.260 8422.411 10037.859 11773.868 13584.350 15344.741 16779.310 17476.341 17746.466 17329.189 16253.345 15366.473 15891.679 15328.218 14005.238 12121.248 11130.411 10674.352 8523.406 6105.499 5038.517 3633.277 2020.495 659.580
1.197 1.579 2.313 3.548 5.487 8.433 12.989 20.148 31.323 47.537 69.948 100.638 142.393 198.174 271.460 367.018 491.933 657.490 879.013 1171.078 1543.677 2005.498 2572.204 3271.082 4133.592 5184.610 6437.270 7877.981 9474.178 11192.245 12988.100 14759.406 16251.518 17071.368 17423.459 17233.440 16278.872 15418.919 16015.744 15685.439 14401.800 12557.411 11567.313 11264.786 9047.293 6545.621 5457.584 3929.159 2196.350 767.444
0.423 0.658 1.068 1.701 2.770 4.685 7.977 13.420 21.535 33.051 49.333 72.098 103.274 145.944 204.464 284.402 392.684 538.603 734.334 993.827 1330.177 1755.125 2283.743 2938.932 3749.348 4740.904 5932.129 7321.577 8881.701 10571.916 12344.549 14111.599 15626.241 16543.225 16997.759 16946.350 16164.154 15402.096 16044.796 15885.559 14719.823 12934.755 11965.740 11800.812 9557.031 6987.360 5885.870 4233.892 2381.530 889.561
0.000 0.290 0.504 0.832 1.484 2.931 5.510 9.083 14.141 21.944 33.632 49.991 72.673 105.216 152.954 221.635 316.718 444.889 615.635 841.554 1139.583 1527.087 2019.066 2631.897 3388.447 4315.712 5435.700 6758.065 8265.151 9912.089 11647.263 13393.502 14920.708 15877.146 16460.202 16519.950 15882.506 15194.262 15961.299 15924.631 14911.562 13229.093 12321.153 12260.702 10047.006 7425.025 6323.005 4545.903 2572.639 1018.984
0.000 0.000 0.231 0.451 0.921 1.968 3.436 5.481 8.612 13.630 21.471 33.161 50.324 76.109 115.442 174.019 256.812 368.135 515.432 710.999 972.165 1320.224 1772.568 2341.548 3043.041 3903.051 4947.873 6192.023 7629.447 9220.305 10901.546 12602.114 14128.024 15119.623 15776.294 15940.745 15478.476 14859.594 15728.894 15835.153 14978.094 13362.376 12607.162 12629.260 10508.856 7847.934 6764.664 4865.397 2774.146 1160.799
0.000 0.000 0.000 0.275 0.574 0.946 1.636 3.022 5.149 8.168 13.295 22.324 36.537 57.650 89.438 137.452 207.092 302.498 429.024 598.079 826.738 1135.338 1543.361 2063.741 2708.254 3499.232 4466.184 5628.383 6984.705 8503.974 10119.286 11752.275 13244.689 14270.191 14979.173 15202.720 14938.640 14426.836 15368.230 15563.944 14968.501 13383.164 12773.479 12921.904 10932.038 8252.021 7206.996 5192.895 2984.600 1313.775
0.000 0.000 0.000 0.000 0.220 0.449 0.862 1.643 3.118 5.434 9.005 15.516 27.143 45.036 70.906 108.678 164.041 243.200 352.520 500.425 700.169 969.691 1329.495 1797.094 2385.038 3109.643 3997.971 5074.179 6341.690 7773.473 9307.611 10859.607 12283.751 13314.111 14094.361 14344.608 14239.605 13900.676 14892.315 15174.174 14779.755 13294.064 12833.370 13024.625 11289.454 8623.085 7642.743 5527.454 3204.064 1475.595
0.000 0.000 0.000 0.000 0.000 0.000 0.402 0.839 1.800 3.619 6.414 10.983 19.565 34.217 55.471 85.083 127.893 191.594 284.659 414.318 588.891 821.743 1132.236 1543.468 2073.993 2736.353 3548.893 4536.130 5707.095 7039.471 8475.841 9933.614 11266.798 12273.073 13108.962 13400.530 13394.515 13281.627 14302.045 14672.639 14466.126 13109.056 12758.108 13012.246 11565.291 8943.934 8053.807 5863.741 3431.908 1650.400
0.000 0.000 0.000 0.000 0.000 0.000 0.229 0.512 1.103 2.358 4.749 8.382 14.244 24.680 41.315 64.779 98.465 149.555 226.667 337.445 487.766 687.109 952.744 1308.422 1778.756 2380.859 3123.706 4022.315 5089.502 6311.742 7638.051 8988.319 10219.521 11205.626 12023.330 12379.550 12442.183 12572.527 13597.778 14044.903 13989.455 12815.798 12618.229 12839.138 11699.905 9196.929 8434.956 6198.441 3663.134 1828.732
0.000 0.000 0.000 0.000 0.000 0.000 0.000 0.323 0.710 1.513 3.216 6.169 10.398 17.161 29.081 48.121 75.801 116.636 178.006 268.285 394.828 565.360 793.373 1099.841 1509.484 2044.653 2717.930 3533.375 4496.696 5603.266 6811.597 8044.000 9154.609 10113.215 10913.504 11267.071 11428.929 11770.278 12793.817 13289.788 13326.834 12427.819 12385.637 12577.554 11702.323 9328.985 8772.601 6521.633 3892.735 2014.000
0.000 0.000 0.000 0.000 0.000 0.000 0.000 0.000 0.397 0.832 1.825 3.979 7.254 11.894 19.901 34.567 57.797 90.759 138.025 207.894 310.772 456.264 653.910 917.965 1270.732 1736.136 2331.303 3062.988 3930.680 4924.331 6011.192 7120.648 8106.434 9001.875 9790.141 10131.401 10359.718 10832.871 11898.569 12442.020 12494.641 11927.355 12061.493 12229.118 11543.034 9368.483 9046.710 6829.662 4117.414 2198.946
0.000 0.000 0.000 0.000 0.000 0.000 0.000 0.000 0.216 0.492 1.086 2.250 4.569 8.477 14.481 24.609 41.940 68.352 105.582 159.621 240.889 361.123 530.440 758.563 1060.602 1458.316 1974.077 2618.855 3391.348 4277.316 5245.452 6231.789 7092.850 7914.338 8612.470 8998.564 9265.340 9857.836 10897.604 11528.677 11573.532 11278.773 11576.247 11804.607 11267.046 9284.329 9223.655 7118.767 4334.918 2379.286
0.000 0.000 0.000 0.000 0.000 0.000 0.000 0.000 0.000 0.322 0.642 1.300 2.745 5.748 10.493 17.505 28.966 48.586 78.819 122.268 185.756 280.602 419.621 614.567 874.935 1214.010 1652.327 2209.872 2888.872 3669.390 4512.948 5367.993 6128.945 6869.430 7454.477 7863.785 8178.356 8880.495 9857.409 10515.117 10614.145 10499.127 10987.082 11290.505 10887.505 9086.233 9279.055 7371.083 4545.809 2544.358
0.000 0.000 0.000 0.000 0.000 0.000 0.000 0.000 0.000 0.000 0.404 0.810 1.669 3.426 6.669 11.981 19.944 33.237 55.918 91.650 143.361 217.140 325.843 484.009 705.550 997.892 1371.045 1842.278 2423.232 3100.864 3831.826 4553.578 5222.733 5878.835 6363.195 6760.415 7094.419 7907.490 8803.638 9401.872 9632.605 9630.263 10310.829 10671.614 10388.648 8823.315 9192.871 7598.270 4748.074 2704.083
0.000 0.000 0.000 0.000 0.000 0.000 0.000 0.000 0.000 0.000 0.000 0.430 0.910 1.841 3.752 7.405 13.504 23.141 38.774 65.054 106.342 166.520 252.045 374.447 550.063 794.327 1117.381 1520.618 2007.689 2577.205 3198.104 3806.632 4385.981 4945.127 5337.833 5714.437 6084.171 6961.065 7782.441 8273.299 8607.313 8804.741 9564.079 9951.833 9753.420 8593.801 8963.094 7684.893 4933.438 2862.423
0.000 0.000 0.000 0.000 0.000 0.000 0.000 0.000 0.000 0.000 0.000 0.000 0.463 0.977 2.027 4.244 8.527 15.655 26.629 44.514 74.377 121.780 191.216 288.726 425.302 617.019 879.409 1221.457 1636.852 2109.450 2616.096 3111.638 3611.754 4067.802 4410.191 4737.000 5266.944 6053.380 6732.008 7208.183 7558.852 8049.300 8814.643 9143.935 9026.333 8367.540 8645.953 7668.257 5099.275 3012.086
0.000 0.000 0.000 0.000 0.000 0.000 0.000 0.000 0.000 0.000 0.000 0.000 0.000 0.462 1.109 2.366 4.804 9.482 17.745 30.753 51.003 83.722 136.006 214.210 324.096 474.580 679.934 952.618 1293.877 1687.557 2100.935 2495.012 2906.123 3271.883 3586.178 3880.260 4492.431 5189.196 5729.360 6203.315 6552.160 7242.177 8043.684 8301.175 8259.186 8064.330 8280.789 7469.720 5237.073 3157.253
0.000 0.000 0.000 0.000 0.000 0.000 0.000 0.000 0.000 0.000 0.000 0.000 0.000 0.000 0.425 1.063 2.394 4.931 10.125 19.583 34.905 58.129 93.412 148.945 234.454 357.127 520.498 729.866 993.226 1304.188 1635.887 1966.532 2297.980 2572.275 2854.540 3190.596 3785.971 4355.723 4815.200 5248.359 5625.040 6458.049 7207.533 7483.395 7486.039 7629.256 7857.045 7183.693 5337.300 3266.722
0.000 0.000 0.000 0.000 0.000 0.000 0.000 0.000 0.000 0.000 0.000 0.000 0.000 0.000 0.000 0.390 0.956 2.414 5.467 10.776 20.616 37.281 63.205 102.436 162.067 252.079 380.190 547.956 750.072 978.990 1229.523 1497.263 1768.679 1992.831 2214.393 2620.360 3134.540 3578.319 3994.293 4375.375 4974.566 5704.615 6287.550 6673.895 6748.355 7144.537 7426.050 6823.973 5403.289 3331.356
0.000 0.000 0.000 0.000 0.000 0.000 0.000 0.000 0.000 0.000 0.000 0.000 0.000 0.000 0.000 0.000 0.375 0.916 2.276 5.536 10.921 20.407 38.159 67.395 110.721 172.957 261.435 383.851 541.537 723.216 907.769 1103.600 1304.991 1501.923 1718.772 2117.971 2531.912 2903.721 3264.801 3679.121 4353.633 4945.803 5438.099 5860.371 6024.504 6612.717 6915.193 6426.530 5435.030 3368.346
0.000 0.000 0.000 0.000 0.000 0.000 0.000 0.000 0.000 0.000 0.000 0.000 0.000 0.000 0.000 0.000 0.000 0.362 0.892 2.174 5.354 11.608 21.787 39.147 68.120 112.901 177.054 262.703 370.455 500.898 645.610 802.239 941.931 1087.678 1349.412 1681.862 1994.752 2317.898 2637.266 3165.838 3733.997 4222.236 4674.994 5065.684 5502.354 6099.727 6328.286 5998.068 5410.558 3395.559
0.000 0.000 0.000 0.000 0.000 0.000 0.000 0.000 0.000 0.000 0.000 0.000 0.000 0.000 0.000 0.000 0.000 0.000 0.356 0.894 2.191 5.243 11.546 22.311 39.447 67.193 110.487 172.336 250.681 339.239 435.909 545.741 659.093 794.970 1030.850 1293.060 1552.672 1807.753 2164.132 2650.753 3115.575 3541.326 3943.816 4316.942 4916.199 5499.010 5702.545 5532.179 5280.814 3428.777
0.000 0.000 0.000 0.000 0.000 0.000 0.000 0.000 0.000 0.000 0.000 0.000 0.000 0.000 0.000 0.000 0.000 0.000 0.000 0.347 0.870 2.127 4.946 10.661 21.328 39.108 66.685 105.054 155.661 217.180 288.393 361.588 438.408 587.812 772.416 959.623 1164.272 1375.096 1739.741 2132.385 2507.612 2870.736 3212.798 3660.446 4256.466 4771.905 5038.158 4982.263 5002.757 3433.928
0.000 0.000 0.000 0.000 0.000 0.000 0.000 0.000 0.000 0.000 0.000 0.000 0.000 0.000 0.000 0.000 0.000 0.000 0.000 0.000 0.331 0.821 2.027 4.904 10.777 20.973 37.379 61.689 93.612 131.984 176.693 227.637 304.644 415.947 545.574 685.558 827.732 1034.667 1315.070 1618.010 1912.479 2208.605 2507.382 3014.019 3529.681 3960.814 4285.124 4344.108 4549.709 3390.811
0.000 0.000 0.000 0.000 0.000 0.000 0.000 0.000 0.000 0.000 0.000 0.000 0.000 0.000 0.000 0.000 0.000 0.000 0.000 0.000 0.000 0.302 0.731 1.802 4.451 9.894 19.091 33.520 52.430 76.497 104.389 137.606 198.734 273.798 355.601 445.475 542.068 714.213 914.203 1128.348 1353.804 1584.407 1931.792 2347.467 2755.612 3142.988 3492.999 3736.097 4010.942 3240.732
0.000 0.000 0.000 0.000 0.000 0.000 0.000 0.000 0.000 0.000 0.000 0.000 0.000 0.000 0.000 0.000 0.000 0.000 0.000 0.000 0.000 0.000 0.265 0.631 1.542 3.733 8.436 16.092 26.389 39.690 54.400 78.508 112.597 152.552 197.652 245.229 329.083 437.498 562.202 705.047 859.426 1098.457 1382.785 1688.753 2016.543 2349.037 2687.944 3137.868 3400.797 2973.562
0.000 0.000 0.000 0.000 0.000 0.000 0.000 0.000 0.000 0.000 0.000 0.000 0.000 0.000 0.000 0.000 0.000 0.000 0.000 0.000 0.000 0.000 0.106 0.234 0.530 1.261 3.035 6.007 10.131 15.042 22.693 33.183 45.643 64.825 90.569 123.065 165.674 221.458 303.135 412.203 549.515 714.598 904.607 1120.183 1363.389 1683.635 2082.582 2506.948 2702.078 2621.631
0.000 0.000 0.000 0.000 0.000 0.000 0.000 0.000 0.000 0.000 0.000 0.000 0.000 0.000 0.000 0.000 0.000 0.000 0.000 0.000 0.000 0.000 0.000 0.099 0.231 0.464 0.879 1.668 3.059 5.278 8.555 13.543 21.464 32.894 48.663 69.250 96.061 131.481 178.731 241.831 325.176 435.963 587.828 769.597 974.589 1220.018 1515.174 1854.930 2058.996 2365.016
0.000 0.000 0.000 0.000 0.000 0.000 0.000 0.000 0.000 0.000 0.000 0.000 0.000 0.000 0.000 0.000 0.000 0.000 0.000 0.000 0.000 0.000 0.000 0.074 0.158 0.326 0.635 1.161 2.041 3.446 5.556 8.590 12.889 19.122 28.308 41.227 60.167 85.844 120.407 165.207 223.435 300.358 399.854 520.844 665.694 841.461 1055.108 1310.393 1509.621 2019.819
0.000 0.000 0.000 0.000 0.000 0.000 0.000 0.000 0.000 0.000 0.000 0.000 0.000 0.000 0.000 0.000 0.000 0.000 0.000 0.000 0.000 0.000 0.000 0.000 0.125 0.248 0.467 0.826 1.368 2.311 3.827 6.096 9.391 14.056 20.563 29.625 41.866 58.620 82.083 113.165 152.947 203.919 270.154 359.037 471.565 612.861 784.714 1007.377 1195.760 1602.121
0.000 0.000 0.000 0.000 0.000 0.000 0.000 0.000 0.000 0.000 0.000 0.000 0.000 0.000 0.000 0.000 0.000 0.000 0.000 0.000 0.000 0.000 0.000 0.000 0.091 0.176 0.330 0.613 1.088 1.816 2.894 4.451 6.700 10.013 14.638 20.836 29.355 41.659 59.721 84.497 116.722 158.107 212.660 278.119 358.405 462.099 588.157 753.792 893.413 1207.531
0.000 0.000 0.000 0.000 0.000 0.000 0.000 0.000 0.000 0.000 0.000 0.000 0.000 0.000 0.000 0.000 0.000 0.000 0.000 0.000 0.000 0.000 0.000 0.000 0.000 0.143 0.257 0.458 0.797 1.324 2.122 3.433 5.309 8.054 11.978 17.373 24.153 33.716 46.970 65.006 88.761 119.569 158.493 204.124 262.990 335.525 419.818 526.527 616.620 835.266
0.000 0.000 0.000 0.000 0.000 0.000 0.000 0.000 0.000 0.000 0.000 0.000 0.000 0.000 0.000 0.000 0.000 0.000 0.000 0.000 0.000 0.000 0.000 0.000 0.000 0.110 0.213 0.377 0.683 1.143 1.833 2.876 4.391 6.550 9.623 13.672 18.768 25.713 34.598 46.888 63.130 83.458 107.290 139.718 181.680 231.952 288.013 360.529 422.732 580.278
0.000 0.000 0.000 0.000 0.000 0.000 0.000 0.000 0.000 0.000 0.000 0.000 0.000 0.000 0.000 0.000 0.000 0.000 0.000 0.000 0.000 0.000 0.000 0.000 0.000 0.101 0.191 0.334 0.567 0.922 1.457 2.243 3.363 4.899 7.014 9.731 13.381 18.091 24.057 32.290 43.967 59.052 76.398 100.018 131.052 170.976 216.075 277.897 331.979 460.011
0.000 0.000 0.000 0.000 0.000 0.000 0.000 0.000 0.000 0.000 0.000 0.000 0.000 0.000 0.000 0.000 0.000 0.000 0.000 0.000 0.000 0.000 0.000 0.000 0.000 0.000 0.152 0.267 0.431 0.674 1.040 1.589 2.452 3.689 5.400 7.634 10.493 14.341 19.412 26.250 35.212 46.495 59.743 77.537 100.633 129.639 162.550 206.274 243.560 326.870
0.000 0.000 0.000 0.000 0.000 0.000 0.000 0.000 0.000 0.000 0.000 0.000 0.000 0.000 0.000 0.000 0.000 0.000 0.000 0.000 0.000 0.000 0.000 0.000 0.000 0.000 0.114 0.212 0.364 0.590 0.912 1.385 2.047 2.994 4.290 6.015 8.270 11.189 14.959 19.739 25.573 32.854 41.139 52.340 66.540 84.873 106.374 134.014 157.315 208.336
0.000 0.000 0.000 0.000 0.000 0.000 0.000 0.000 0.000 0.000 0.000 0.000 0.000 0.000 0.000 0.000 0.000 0.000 0.000 0.000 0.000 0.000 0.000 0.000 0.000 0.000 0.112 0.194 0.313 0.472 0.708 1.032 1.497 2.163 3.060 4.235 5.745 7.660 10.100 13.001 16.257 20.194 24.738 30.615 38.287 48.673 61.147 76.787 90.642 119.176
0.000 0.000 0.000 0.000 0.000 0.000 0.000 0.000 0.000 0.000 0.000 0.000 0.000 0.000 0.000 0.000 0.000 0.000 0.000 0.000 0.000 0.000 0.000 0.000 0.000 0.000 0.000 0.140 0.223 0.338 0.481 0.664 0.941 1.332 1.852 2.564 3.549 4.835 6.471 8.501 10.785 13.337 16.246 20.038 24.799 30.917 38.231 47.226 55.685 77.298
0.000 0.000 0.000 0.000 0.000 0.000 0.000 0.000 0.000 0.000 0.000 0.000 0.000 0.000 0.000 0.000 0.000 0.000 0.000 0.000 0.000 0.000 0.000 0.000 0.000 0.000 0.000 0.099 0.164 0.252 0.375 0.540 0.752 1.031 1.426 1.956 2.643 3.511 4.571 5.826 7.256 8.851 10.982 13.529 16.500 20.314 25.083 30.582 36.356 49.073
0.000 0.000 0.000 0.000 0.000 0.000 0.000 0.000 0.000 0.000 0.000 0.000 0.000 0.000 0.000 0.000 0.000 0.000 0.000 0.000 0.000 0.000 0.000 0.000 0.000 0.000 0.000 0.000 0.121 0.175 0.253 0.360 0.503 0.692 0.937 1.253 1.647 2.131 2.683 3.284 3.956 4.750 5.606 6.664 7.843 9.371 11.338 13.708 16.617 22.179
