tests/test_03/output0/CloudLoad_005.00hrs.dat
NCOLS    50
NROWS    50
XLLCORNER    -2289770.000
YLLCORNER     2591270.000
CELLSIZE        2000.000       2000.000
NODATA_VALUE  0.000
[rows 0 to 40 of 50, columns 0 to 49 of 50]
0.000 0.000 0.000 0.000 0.000 0.000 0.000 0.238 1.577 9.899 59.381 344.473 1912.987 9235.327 20495.156 33465.777 47757.648 61985.133 75171.305 85679.586 92718.086 97293.055 101068.586 103894.203 106542.930 108826.367 108999.562 108387.477 107877.930 107563.609 102101.898 94331.164 87136.734 73197.594 53697.535 35069.660 21495.918 11455.580 4798.949 999.869 136.400 20.578 3.188 0.494 0.000 0.000 0.000 0.000 0.000 0.000
0.000 0.000 0.000 0.000 0.000 0.000 0.213 1.403 8.971 55.979 338.889 2177.958 10320.572 22911.129 36858.711 51784.262 67070.578 81669.352 93542.016 101850.125 106779.594 109211.500 111325.469 112390.562 113595.945 116049.234 119894.078 122284.531 123323.500 122936.367 124318.352 121345.195 114743.289 105665.969 88929.789 67060.781 44646.938 27548.928 14086.412 4961.736 956.962 134.494 19.995 3.087 0.469 0.000 0.000 0.000 0.000 0.000
0.000 0.000 0.000 0.000 0.000 0.217 1.408 9.024 57.714 366.700 2442.465 11216.702 24481.006 39285.918 55490.719 72784.117 89126.305 101701.812 108816.312 112059.641 113725.883 115278.867 116762.711 117751.531 118803.695 120520.258 122972.148 126403.875 133232.219 138434.797 141336.344 143067.266 144252.469 139314.953 128408.148 108334.602 82584.500 56388.125 34524.703 16996.816 5341.779 912.568 130.261 19.328 2.953 0.441 0.000 0.000 0.000 0.000
0.000 0.000 0.000 0.000 0.223 1.411 8.976 57.589 378.031 2592.733 11433.551 25027.715 40372.738 57294.695 74229.648 89632.398 100892.516 107803.398 109779.000 109426.891 108085.664 107755.461 108201.125 108810.109 110828.547 113488.523 118035.078 123110.836 128642.336 136575.906 145899.031 154418.375 157988.594 165551.516 163248.734 151162.641 128805.914 98297.992 68421.258 41713.070 19907.963 5351.191 887.698 122.798 18.366 2.795 0.416 0.000 0.000 0.000
0.000 0.000 0.000 0.228 1.413 8.868 56.984 382.443 2652.025 11148.838 24415.334 39110.371 55203.215 71310.078 85850.031 95783.797 101612.539 101370.961 97703.188 94020.586 91846.945 91231.281 91200.078 92193.172 94128.234 96747.461 100623.992 106453.609 115986.062 125772.406 134507.984 146730.672 161705.359 171825.109 183442.688 184656.422 172882.938 149086.484 113552.977 80381.969 48656.164 21341.594 5428.297 832.799 114.725 17.323 2.649 0.396 0.000 0.000
0.000 0.000 0.226 1.404 8.769 56.575 389.401 2638.163 10385.310 22257.283 35613.773 50742.945 66197.578 78935.500 87884.469 90645.312 86058.844 79058.211 72328.211 68168.312 66178.008 65518.426 65918.109 67068.867 69763.891 73825.602 78304.062 83585.273 89981.867 100846.508 113955.086 127777.773 144161.469 164998.500 181798.219 199688.094 204258.594 193882.422 166847.188 126995.781 90065.305 53738.223 22558.596 5321.408 750.433 106.259 16.301 2.526 0.381 0.000
0.000 0.217 1.366 8.616 56.128 395.841 2532.315 9450.842 19657.469 31495.371 44913.715 58799.910 69583.312 77335.164 76726.297 69201.617 58939.551 50703.887 45938.312 43336.641 42047.172 41464.555 41730.129 42822.711 44584.289 47562.723 52296.523 57440.820 62638.148 70799.773 81414.406 97448.180 115534.312 136732.344 163373.750 188080.500 212586.406 219037.844 211360.281 179195.406 137593.188 96392.492 56304.223 22449.938 4960.591 660.252 97.918 15.362 2.419 0.399
0.215 1.312 8.372 55.597 393.814 2368.604 8374.059 17149.670 27303.314 38607.234 50079.312 60322.504 64701.883 62109.984 51865.508 39702.234 30667.082 26193.141 23851.881 22661.174 21931.965 21852.666 22329.230 23380.018 24825.303 26813.650 29259.248 32405.580 37843.363 44631.078 52904.316 63760.215 80889.430 100006.164 124241.438 156944.453 189905.438 219584.609 228478.375 224924.516 186425.109 143312.984 98310.297 56131.359 21657.709 4339.403 579.260 89.965 14.474 2.532
1.415 8.303 54.868 379.953 2151.557 7275.656 14679.590 23210.588 32437.025 41742.449 50503.348 52507.562 48402.004 37414.938 25392.857 17012.912 13084.644 11442.313 10449.493 9669.427 9223.938 9170.835 9378.818 9911.062 10679.177 11922.822 13472.377 15636.302 18523.498 23002.635 29429.186 37133.953 46966.672 62936.668 83234.633 109147.281 147436.016 187884.844 223332.672 234271.594 230437.094 190049.469 143712.125 95807.352 53529.441 19871.496 3619.812 506.204 81.490 14.874
9.003 54.112 359.442 1917.463 6243.795 12313.841 19270.982 26718.795 34480.578 41053.312 41130.176 36503.117 26123.527 15582.357 8247.833 5578.589 4619.017 4107.286 3693.286 3358.363 3184.817 3147.003 3204.452 3370.514 3681.200 4103.403 4768.126 5830.284 7493.966 9657.972 12756.010 17085.709 23450.412 32750.998 47779.809 66973.938 96390.234 138019.531 186636.344 226073.219 238517.031 229211.969 188878.969 138672.328 89888.617 48999.371 17341.762 2913.113 435.835 80.998
53.278 331.331 1676.770 5282.609 10160.646 15740.732 21699.266 28112.055 32204.090 31722.684 27430.084 17983.326 9011.464 3574.433 2159.104 1650.432 1402.323 1233.557 1080.946 967.644 916.629 899.824 915.476 959.179 1045.471 1188.851 1435.228 1848.392 2427.598 3292.073 4428.871 6136.179 9159.770 13769.178 21593.168 36175.082 54801.422 88860.469 133709.156 188539.969 230862.438 241627.281 221783.406 181345.828 129070.141 82065.914 42815.422 14078.823 2302.701 413.144
298.557 1425.894 4370.541 8273.635 12671.415 17345.344 22608.783 24770.793 24215.250 20301.352 12285.540 5203.021 1597.019 794.688 535.691 418.133 354.276 304.638 261.072 230.824 218.568 215.438 220.276 231.196 254.572 297.864 374.129 498.755 693.823 972.847 1373.469 1987.740 3075.329 5142.256 8693.179 15989.039 29565.311 50889.133 87044.133 135600.297 194199.703 233325.766 236544.281 212531.359 168200.906 117254.961 71885.914 35243.047 10738.477 1968.515
1198.670 3529.535 6625.628 10078.936 13782.419 17777.922 18996.352 18450.844 15092.769 8591.749 3156.301 780.803 295.621 163.818 111.890 86.829 72.301 60.584 50.769 43.937 42.423 42.857 44.221 47.212 52.941 64.120 85.671 118.799 172.687 264.246 400.495 636.949 1096.502 2015.286 3783.838 7529.402 15241.826 28825.740 54045.445 91145.844 146467.125 199021.266 232408.734 226278.156 199335.047 151306.391 103262.672 59300.414 27493.799 8516.185
2843.318 5231.897 7872.754 10808.996 13866.050 14556.095 14063.387 11312.575 6178.960 2012.883 436.209 124.888 51.362 28.319 18.768 14.120 11.458 9.446 7.816 6.931 6.880 6.999 7.398 8.092 9.457 12.555 17.045 24.819 39.798 65.563 116.350 226.823 426.479 883.034 1886.941 4132.860 8703.758 17669.588 34318.621 62467.875 104978.266 159246.531 207762.391 227173.859 214925.875 179891.969 133037.562 85532.930 46893.617 21186.523
4155.658 6107.006 8385.618 10683.276 11126.266 10731.917 8581.718 4601.931 1395.043 286.584 67.780 19.500 7.604 3.925 2.468 1.783 1.427 1.200 1.047 0.960 0.960 0.993 1.086 1.252 1.626 2.113 2.995 4.743 8.270 16.853 37.044 86.547 186.088 432.664 1043.231 2541.599 5713.396 12063.380 23942.582 45212.930 77734.859 125041.211 174819.609 212436.469 218223.500 198216.719 157984.281 111234.367 67873.828 36441.203
4833.810 6446.052 8186.569 8490.063 8200.023 6583.443 3514.261 1043.004 214.640 53.170 11.421 2.809 0.946 0.439 0.263 0.000 0.000 0.000 0.000 0.000 0.000 0.000 0.000 0.000 0.236 0.320 0.493 0.872 1.797 4.545 12.310 33.800 87.408 229.030 620.142 1649.888 4023.546 8901.925 18318.367 35066.184 61853.504 101245.570 146970.484 190455.172 210763.672 204878.531 175876.516 134251.141 88783.680 53899.785
5062.242 6216.915 6448.846 6247.293 5079.856 2709.934 787.585 159.763 43.549 12.417 2.312 0.392 0.000 0.000 0.000 0.000 0.000 0.000 0.000 0.000 0.000 0.000 0.000 0.000 0.000 0.000 0.000 0.000 0.413 1.244 4.210 13.126 40.053 125.701 369.758 1041.076 2753.355 6563.419 14256.283 28195.910 51430.215 84933.609 126218.594 170114.672 197975.594 204408.703 184760.438 151202.719 107916.062 72003.031
4752.256 4862.775 4727.567 3898.647 2080.900 589.045 114.769 31.048 9.621 3.249 0.579 0.000 0.000 0.000 0.000 0.000 0.000 0.000 0.000 0.000 0.000 0.000 0.000 0.000 0.000 0.000 0.000 0.000 0.000 0.338 1.326 4.631 15.728 57.623 190.438 597.646 1795.547 4677.621 10840.271 22657.746 43283.070 73097.219 110806.484 152457.922 184074.844 198623.094 188544.000 162692.094 123409.406 88769.047
3598.869 3515.142 2968.386 1603.350 453.363 83.516 21.340 6.433 2.065 0.696 0.000 0.000 0.000 0.000 0.000 0.000 0.000 0.000 0.000 0.000 0.000 0.000 0.000 0.000 0.000 0.000 0.000 0.000 0.000 0.000 0.367 1.456 5.568 23.190 89.266 331.931 1154.719 3318.782 8334.930 18396.369 36607.270 63899.273 99737.156 139512.250 171853.344 191204.875 187807.609 169737.266 135476.609 102752.031
2530.886 2191.125 1209.292 353.579 60.806 14.351 3.972 1.179 0.356 0.000 0.000 0.000 0.000 0.000 0.000 0.000 0.000 0.000 0.000 0.000 0.000 0.000 0.000 0.000 0.000 0.000 0.000 0.000 0.000 0.000 0.000 0.493 2.258 11.102 50.602 212.765 812.482 2531.155 6785.515 15434.015 31792.996 56871.844 91212.828 129513.102 162532.500 183876.250 185122.812 172519.328 142610.875 113018.086
1572.354 888.725 264.304 41.983 8.953 2.307 0.636 0.000 0.000 0.000 0.000 0.000 0.000 0.000 0.000 0.000 0.000 0.000 0.000 0.000 0.000 0.000 0.000 0.000 0.000 0.000 0.000 0.000 0.000 0.000 0.000 0.248 1.235 6.541 33.214 155.413 636.281 2069.488 5745.228 13616.600 28891.260 52371.566 85656.719 121884.680 155212.250 178313.984 181745.328 173615.547 147130.516 120474.188
690.274 218.599 30.147 5.305 1.219 0.312 0.000 0.000 0.000 0.000 0.000 0.000 0.000 0.000 0.000 0.000 0.000 0.000 0.000 0.000 0.000 0.000 0.000 0.000 0.000 0.000 0.000 0.000 0.000 0.000 0.000 0.000 0.823 4.470 23.745 116.487 502.606 1699.757 4937.621 12284.318 26753.463 50009.266 82225.172 116776.508 150121.422 173396.453 179790.578 173706.469 148745.375 125422.391
190.680 32.130 3.793 0.637 0.000 0.000 0.000 0.000 0.000 0.000 0.000 0.000 0.000 0.000 0.000 0.000 0.000 0.000 0.000 0.000 0.000 0.000 0.000 0.000 0.000 0.000 0.000 0.000 0.000 0.000 0.000 0.000 0.596 3.209 17.011 87.723 384.646 1405.359 4309.343 11222.703 25312.797 49074.043 80978.062 114588.242 148238.844 169764.219 178266.469 172501.984 148675.656 126670.203
32.246 4.086 0.438 0.000 0.000 0.000 0.000 0.000 0.000 0.000 0.000 0.000 0.000 0.000 0.000 0.000 0.000 0.000 0.000 0.000 0.000 0.000 0.000 0.000 0.000 0.000 0.000 0.000 0.000 0.000 0.000 0.000 0.448 2.475 13.938 71.225 324.371 1230.264 3921.992 10537.465 24518.701 48886.766 80635.945 114863.906 148727.109 168926.906 177789.281 169576.016 147821.422 126536.180
2.714 0.315 0.000 0.000 0.000 0.000 0.000 0.000 0.000 0.000 0.000 0.000 0.000 0.000 0.000 0.000 0.000 0.000 0.000 0.000 0.000 0.000 0.000 0.000 0.000 0.000 0.000 0.000 0.000 0.000 0.000 0.000 0.359 2.146 12.455 64.354 303.590 1177.958 3807.464 10316.522 24535.010 49095.812 80308.727 117451.039 151064.188 169617.906 178507.328 167345.125 147331.219 124420.922
0.000 0.000 0.000 0.000 0.000 0.000 0.000 0.000 0.000 0.000 0.000 0.000 0.000 0.000 0.000 0.000 0.000 0.000 0.000 0.000 0.000 0.000 0.000 0.000 0.000 0.000 0.000 0.000 0.000 0.000 0.000 0.000 0.326 2.058 11.807 62.921 297.605 1192.502 3849.129 10694.301 25329.936 49997.578 82000.742 120345.992 154596.875 173474.031 179267.500 166808.766 145684.906 120886.172
0.000 0.000 0.000 0.000 0.000 0.000 0.000 0.000 0.000 0.000 0.000 0.000 0.000 0.000 0.000 0.000 0.000 0.000 0.000 0.000 0.000 0.000 0.000 0.000 0.000 0.000 0.000 0.000 0.000 0.000 0.000 0.000 0.343 2.167 12.144 63.087 300.078 1209.433 4007.165 11275.229 27164.949 52289.234 86220.172 125437.430 157485.500 179423.516 180618.641 168325.141 144063.750 116457.070
0.000 0.000 0.000 0.000 0.000 0.000 0.000 0.000 0.000 0.000 0.000 0.000 0.000 0.000 0.000 0.000 0.000 0.000 0.000 0.000 0.000 0.000 0.000 0.000 0.000 0.000 0.000 0.000 0.000 0.000 0.000 0.000 0.464 2.594 13.485 66.245 299.244 1238.537 4206.084 12222.030 29488.906 56372.797 94090.383 131673.328 162789.016 183494.469 181934.578 170238.875 140557.578 113142.414
0.000 0.000 0.000 0.000 0.000 0.000 0.000 0.000 0.000 0.000 0.000 0.000 0.000 0.000 0.000 0.000 0.000 0.000 0.000 0.000 0.000 0.000 0.000 0.000 0.000 0.000 0.000 0.000 0.000 0.000 0.000 0.000 0.697 3.433 16.221 73.609 326.235 1306.470 4510.800 13544.297 32210.391 63068.594 101403.883 139139.172 171605.219 185966.000 184568.812 167352.312 136241.578 105239.977
0.000 0.000 0.000 0.000 0.000 0.000 0.000 0.000 0.000 0.000 0.000 0.000 0.000 0.000 0.000 0.000 0.000 0.000 0.000 0.000 0.000 0.000 0.000 0.000 0.000 0.000 0.000 0.000 0.000 0.000 0.000 0.000 1.015 4.833 21.705 92.222 381.547 1482.636 5211.699 15482.675 37337.316 70522.039 109417.289 148979.188 179044.891 190340.188 187218.859 162651.328 128582.273 94126.594
0.000 0.000 0.000 0.000 0.000 0.000 0.000 0.000 0.000 0.000 0.000 0.000 0.000 0.000 0.000 0.000 0.000 0.000 0.000 0.000 0.000 0.000 0.000 0.000 0.000 0.000 0.000 0.000 0.000 0.000 0.000 0.333 1.759 7.829 31.695 124.677 480.096 1802.376 6301.815 18918.381 43925.219 79278.297 119461.984 162652.328 186846.516 195772.547 183544.156 155218.891 118097.172 83511.227
0.000 0.000 0.000 0.000 0.000 0.000 0.000 0.000 0.000 0.000 0.000 0.000 0.000 0.000 0.000 0.000 0.000 0.000 0.000 0.000 0.000 0.000 0.000 0.000 0.000 0.000 0.000 0.000 0.000 0.000 0.000 0.638 3.304 13.861 50.040 175.822 631.248 2327.821 7832.945 23660.607 52467.598 89922.758 135938.922 174059.828 195882.859 198161.875 176817.812 145325.844 105092.961 71933.750
0.000 0.000 0.000 0.000 0.000 0.000 0.000 0.000 0.000 0.000 0.000 0.000 0.000 0.000 0.000 0.000 0.000 0.000 0.000 0.000 0.000 0.000 0.000 0.000 0.000 0.000 0.000 0.000 0.000 0.000 0.223 1.323 6.241 24.649 86.682 282.071 924.500 3120.195 10559.248 29986.107 62319.715 107163.109 152169.219 187175.703 203770.578 194264.203 169678.000 129815.227 90666.172 58739.930
0.000 0.000 0.000 0.000 0.000 0.000 0.000 0.000 0.000 0.000 0.000 0.000 0.000 0.000 0.000 0.000 0.000 0.000 0.000 0.000 0.000 0.000 0.000 0.000 0.000 0.000 0.000 0.000 0.000 0.000 0.657 3.484 14.829 52.615 168.187 497.097 1447.782 4541.354 14765.396 38377.910 78525.555 124968.195 168925.734 199773.562 204428.719 190499.906 153681.031 112359.781 73787.078 40035.109
0.000 0.000 0.000 0.000 0.000 0.000 0.000 0.000 0.000 0.235 0.404 0.523 0.342 0.000 0.000 0.000 0.000 0.000 0.000 0.000 0.000 0.000 0.000 0.000 0.000 0.000 0.000 0.000 0.000 0.425 2.005 9.105 35.553 119.296 338.146 885.801 2362.405 7004.398 21189.209 52593.777 96549.078 145112.953 188628.188 207286.516 203663.594 175608.531 134427.766 90052.203 51087.590 24776.938
0.000 0.000 0.000 0.000 0.000 0.000 0.000 0.000 0.739 1.780 2.346 1.623 0.853 0.364 0.000 0.000 0.000 0.000 0.000 0.000 0.000 0.000 0.000 0.000 0.000 0.000 0.000 0.250 0.635 2.015 7.527 28.562 100.579 291.251 728.673 1748.675 4326.484 11717.607 33251.371 69755.578 119329.883 171383.188 203877.562 211972.359 191247.047 153497.375 106185.547 63660.312 31822.688 13644.707
0.000 0.000 0.000 0.000 0.000 0.000 0.000 1.178 3.581 5.267 5.076 3.726 2.212 1.061 0.406 0.000 0.000 0.000 0.000 0.000 0.000 0.000 0.000 0.000 0.209 0.435 0.887 1.822 3.956 10.284 30.517 98.074 313.758 779.218 1608.524 3362.418 7820.167 21345.877 49182.723 94738.773 149460.188 192972.125 211255.281 201425.438 168944.516 120997.203 75803.391 39944.902 17424.873 6735.183
0.000 0.000 0.000 0.000 0.000 0.000 1.061 4.221 7.502 10.178 10.288 8.819 5.937 3.141 1.352 0.556 0.239 0.000 0.000 0.000 0.000 0.277 0.492 0.907 1.820 3.455 6.298 11.596 22.525 48.745 122.000 342.481 916.979 1823.770 3363.397 6584.710 15252.780 36190.230 76351.992 127754.109 176625.453 203663.859 202038.094 179567.234 133206.844 86641.469 48177.680 22240.197 8494.459 3166.272
0.000 0.000 0.000 0.000 0.000 0.548 3.271 7.021 12.210 17.997 22.212 22.752 18.546 10.415 4.555 2.241 1.240 0.858 0.824 1.026 1.398 2.234 3.834 6.539 11.655 19.216 32.102 54.218 96.208 191.947 434.123 1114.576 2297.664 3961.467 6862.963 13216.291 29603.314 62684.957 109232.789 160286.906 192368.578 196874.453 183391.922 140523.922 95675.523 56326.270 26784.254 10403.591 3779.112 827.369
0.000 0.000 0.000 0.000 0.000 1.710 4.889 10.013 17.492 29.079 41.672 50.117 48.188 32.193 16.663 9.728 6.907 5.634 5.707 7.135 9.547 14.165 21.723 33.365 51.352 79.915 126.407 204.297 352.152 666.129 1416.521 2925.605 4999.647 8045.494 13835.343 26746.988 54589.297 96176.898 144431.000 179763.641 187298.031 180101.094 143586.984 101519.578 62696.270 30948.236 12056.714 3584.188 741.616 95.577
0.000 0.000 0.000 0.000 0.417 2.340 5.826 11.090 21.103 39.157 60.473 83.490 97.173 94.942 69.216 44.957 36.885 31.793 31.856 38.345 48.010 65.065 89.145 126.617 183.342 277.022 423.105 671.586 1118.789 2045.669 3834.740 6593.011 10145.226 15861.497 27649.172 51828.375 87759.406 129023.672 164232.328 174669.156 168821.188 142271.547 103559.492 66217.062 34207.973 13435.541 3680.534 655.482 91.757 14.234
