tests/test_03/output0/CloudConcentration_010.00hrs.dat
NCOLS    50
NROWS    50
XLLCORNER    -2289770.000
YLLCORNER     2591270.000
CELLSIZE        2000.000       2000.000
NODATA_VALUE  0.000
[rows 0 to 32 of 50, columns 0 to 49 of 50]
372.786652 411.021240 460.673248 518.045593 583.383118 657.173828 740.348022 833.951355 939.527222 1059.574585 1197.531494 1358.776611 1548.196167 1769.601562 2027.105103 2327.415527 2678.116699 3083.964600 3552.598389 4099.395996 4741.534180 5488.451660 6339.369141 7294.002441 8361.025391 9560.837891 10900.654297 12348.724609 13859.696289 15375.961914 16793.572266 17943.126953 18479.128906 18289.533203 17483.556641 16040.172852 14426.508789 13274.000977 13261.969727 11996.135742 10429.506836 8545.659180 7600.605469 6610.648926 5178.802246 3481.482422 2711.379395 1959.446655 1034.531738 210.615158
213.833298 238.857864 271.182495 308.113037 349.900543 397.361481 451.732941 514.620728 588.213257 675.839417 780.844055 907.467957 1059.159912 1239.598267 1455.464111 1715.186646 2023.153198 2383.427246 2811.877930 3329.369629 3946.380371 4657.598633 5465.873047 6400.329102 7491.284180 8738.071289 10110.044922 11589.379883 13173.835938 14815.666992 16391.755859 17680.248047 18327.578125 18295.322266 17624.205078 16249.013672 14677.208984 13550.139648 13592.247070 12395.089844 10871.451172 8980.653320 8029.127441 7015.236816 5523.978027 3744.102295 2933.133789 2127.610107 1136.460815 244.598495
155.788513 175.293839 200.399200 229.055130 261.604004 298.947327 342.411285 393.776459 455.458832 530.803955 622.986816 734.891296 869.599487 1032.167480 1230.154907 1470.024414 1755.233643 2093.926025 2504.109131 3003.057617 3591.637207 4265.249512 5043.324707 5961.077148 7040.427734 8275.523438 9642.363281 11130.996094 12737.302734 14419.535156 16069.233398 17443.755859 18195.253906 18267.390625 17772.437500 16502.337891 14999.180664 13911.131836 14021.737305 12907.543945 11428.979492 9532.864258 8577.515625 7545.470215 5974.053223 4086.689941 3218.394775 2340.911621 1261.604004 289.373596
87.829292 100.573112 116.870857 135.570526 157.126450 182.536285 213.252502 251.154465 298.818542 359.365875 435.556580 528.785767 642.588623 783.904053 959.638123 1173.459229 1430.225342 1742.842529 2128.790039 2599.687012 3149.983398 3780.488770 4524.970703 5424.626953 6494.981445 7718.327148 9072.725586 10560.795898 12185.735352 13908.207031 15634.984375 17137.333984 18014.625000 18183.056641 17857.812500 16716.042969 15314.377930 14280.163086 14458.177734 13423.586914 11983.931641 10078.394531 9130.948242 8128.897461 6451.063477 4454.541504 3529.890137 2570.322510 1395.502197 342.656189
49.685249 57.668339 67.776474 79.693970 94.135826 111.989059 134.805038 164.206406 202.151047 250.807022 312.116119 388.478271 485.295105 609.303772 763.958313 951.985413 1181.693970 1469.044678 1827.580200 2256.470947 2755.859131 3348.705566 4070.336670 4945.790039 5986.786621 7186.846680 8531.866211 10018.091797 11647.507812 13392.416016 15167.297852 16784.128906 17822.394531 18090.410156 17937.931641 16921.861328 15622.657227 14646.347656 14894.060547 13934.747070 12535.063477 10615.356445 9662.293945 8759.387695 6950.600098 4842.628418 3872.631104 2815.785400 1540.790771 405.202026
20.749819 24.784407 30.482777 37.968800 47.661732 60.079945 76.151459 97.703926 126.400871 163.149094 209.989273 271.972748 354.257568 459.190247 590.501526 753.643982 956.866150 1212.261353 1529.276367 1914.489502 2380.043945 2945.316650 3634.259521 4471.523438 5478.009766 6657.049316 7993.585449 9477.388672 11107.353516 12862.442383 14669.024414 16354.701172 17565.308594 17986.152344 17972.544922 17108.685547 15898.422852 14971.220703 15306.809570 14423.338867 13064.636719 11144.583984 10172.055664 9405.337891 7467.476562 5249.178223 4242.303711 3075.250977 1692.786255 478.027649
8.327927 10.062284 12.745453 16.793076 22.696552 30.998524 42.626961 58.270374 78.525551 105.466705 142.923691 194.239975 261.709656 348.737274 459.925049 599.377014 773.903442 995.103516 1275.948120 1627.913940 2062.765137 2595.011475 3245.178711 4038.107422 5000.124512 6146.787598 7470.595703 8952.432617 10576.793945 12327.029297 14141.559570 15876.041992 17210.009766 17787.320312 17943.216797 17261.394531 16122.534180 15210.833984 15655.714844 14890.192383 13556.833008 11648.527344 10663.302734 10048.610352 7994.389648 5671.697754 4633.171387 3348.180664 1853.028442 561.862976
3.234488 4.001145 5.328130 7.522788 10.981517 16.242590 23.582878 33.707680 48.175495 69.150299 98.702621 139.020355 192.999420 264.005585 355.368195 471.053467 618.130859 808.643311 1057.796387 1379.468140 1784.009033 2282.159912 2891.154785 3637.014648 4549.053711 5652.611816 6951.257324 8422.408203 10037.856445 11773.864258 13584.346680 15344.737305 16779.306641 17476.337891 17746.462891 17329.185547 16253.342773 15366.472656 15891.679688 15328.218750 14005.239258 12121.249023 11130.413086 10674.353516 8523.408203 6105.500488 5038.519043 3633.278076 2020.495850 659.580688
1.197042 1.579128 2.313020 3.548141 5.487113 8.432639 12.988532 20.147573 31.322552 47.536957 69.947571 100.638031 142.392654 198.173691 271.459839 367.018005 491.932831 657.489868 879.012817 1171.077026 1543.675903 2005.497192 2572.203125 3271.081055 4133.590820 5184.607910 6437.267090 7877.978516 9474.174805 11192.241211 12988.096680 14759.402344 16251.513672 17071.363281 17423.455078 17233.435547 16278.869141 15418.918945 16015.743164 15685.438477 14401.799805 12557.411133 11567.314453 11264.787109 9047.294922 6545.622559 5457.586426 3929.160156 2196.350586 767.444214
0.423230 0.657569 1.067650 1.701460 2.770087 4.684836 7.976852 13.419704 21.535229 33.050743 49.333054 72.098389 103.274216 145.943604 204.463913 284.401459 392.684052 538.602600 734.333801 993.826721 1330.176514 1755.123657 2283.741699 2938.930420 3749.346191 4740.902344 5932.125977 7321.574219 8881.698242 10571.912109 12344.544922 14111.594727 15626.236328 16543.218750 16997.753906 16946.345703 16164.150391 15402.094727 16044.794922 15885.558594 14719.823242 12934.754883 11965.741211 11800.813477 9557.033203 6987.361816 5885.872070 4233.894043 2381.531250 889.561951
0.000000 0.289692 0.504338 0.831751 1.484298 2.931409 5.509972 9.083145 14.140807 21.943729 33.631573 49.991409 72.672760 105.215904 152.953430 221.634872 316.717987 444.888214 615.634094 841.553040 1139.581787 1527.085693 2019.064697 2631.895020 3388.445557 4315.709473 5435.697266 6758.062012 8265.147461 9912.084961 11647.258789 13393.497070 14920.703125 15877.140625 16460.195312 16519.945312 15882.500977 15194.260742 15961.297852 15924.629883 14911.561523 13229.092773 12321.155273 12260.703125 10047.006836 7425.026367 6323.006836 4545.904297 2572.639893 1018.984619
0.000000 0.000000 0.231406 0.451176 0.921334 1.967523 3.436415 5.481292 8.612073 13.629900 21.471037 33.161446 50.323593 76.108635 115.442375 174.018448 256.811615 368.135162 515.431091 710.998718 972.163879 1320.222778 1772.566406 2341.546875 3043.039551 3903.048584 4947.870605 6192.020508 7629.443359 9220.301758 10901.541992 12602.109375 14128.018555 15119.617188 15776.288086 15940.739258 15478.471680 14859.592773 15728.891602 15835.151367 14978.092773 13362.375000 12607.163086 12629.261719 10508.857422 7847.936035 6764.666992 4865.398438 2774.146973 1160.799561
0.000000 0.000000 0.000000 0.274557 0.574449 0.945751 1.636432 3.022234 5.148553 8.168147 13.295440 22.324409 36.536537 57.650368 89.438141 137.451660 207.091843 302.497742 429.023926 598.078369 826.736877 1135.337280 1543.359863 2063.739014 2708.252441 3499.229492 4466.181152 5628.380371 6984.701172 8503.969727 10119.281250 11752.269531 13244.683594 14270.185547 14979.166992 15202.713867 14938.634766 14426.833008 15368.228516 15563.941406 14968.500000 13383.162109 12773.479492 12921.904297 10932.039062 8252.021484 7206.998047 5192.896484 2984.601562 1313.776001
0.000000 0.000000 0.000000 0.000000 0.220359 0.449172 0.861707 1.642982 3.118246 5.434458 9.005111 15.516310 27.142946 45.035568 70.905640 108.677414 164.041168 243.199448 352.519562 500.424622 700.168701 969.690674 1329.493774 1797.092163 2385.036133 3109.640625 3997.968994 5074.176270 6341.686523 7773.469238 9307.605469 10859.601562 12283.745117 13314.104492 14094.354492 14344.602539 14239.599609 13900.673828 14892.312500 15174.171875 14779.753906 13294.062500 12833.370117 13024.625000 11289.455078 8623.086914 7642.745605 5527.455566 3204.065674 1475.595459
0.000000 0.000000 0.000000 0.000000 0.000000 0.000000 0.402487 0.838896 1.799818 3.618768 6.414413 10.982974 19.564983 34.217190 55.470623 85.083290 127.892708 191.593872 284.658447 414.317200 588.890686 821.742004 1132.235352 1543.467163 2073.991455 2736.351318 3548.890381 4536.127441 5707.091309 7039.467285 8475.836914 9933.608398 11266.791992 12273.066406 13108.956055 13400.524414 13394.508789 13281.624023 14302.041992 14672.636719 14466.124023 13109.054688 12758.108398 13012.246094 11565.291992 8943.934570 8053.809570 5863.742676 3431.909668 1650.401245
0.000000 0.000000 0.000000 0.000000 0.000000 0.000000 0.229165 0.511731 1.102825 2.358058 4.749287 8.381889 14.244037 24.679857 41.315002 64.779259 98.464508 149.554794 226.666977 337.444458 487.765167 687.108765 952.743591 1308.420776 1778.754639 2380.857422 3123.703857 4022.312744 5089.499023 6311.738281 7638.045898 8988.313477 10219.514648 11205.620117 12023.323242 12379.543945 12442.177734 12572.523438 13597.775391 14044.900391 13989.452148 12815.796875 12618.229492 12839.137695 11699.905273 9196.929688 8434.958008 6198.442871 3663.135254 1828.732544
0.000000 0.000000 0.000000 0.000000 0.000000 0.000000 0.000000 0.322597 0.709702 1.513061 3.215881 6.168492 10.398273 17.160950 29.081064 48.121006 75.800659 116.635658 178.005371 268.285034 394.827759 565.359314 793.372559 1099.839722 1509.482666 2044.651367 2717.927490 3533.372314 4496.693359 5603.262207 6811.592773 8043.995117 9154.603516 10113.208984 10913.498047 11267.065430 11428.922852 11770.275391 12793.814453 13289.785156 13326.831055 12427.817383 12385.637695 12577.553711 11702.323242 9328.985352 8772.602539 6521.635254 3892.737061 2014.000610
0.000000 0.000000 0.000000 0.000000 0.000000 0.000000 0.000000 0.000000 0.397237 0.832046 1.824783 3.978886 7.253710 11.893525 19.901110 34.567188 57.797104 90.759354 138.024673 207.893478 310.771851 456.263428 653.908875 917.964539 1270.731201 1736.134277 2331.300537 3062.985352 3930.677490 4924.328125 6011.187988 7120.643066 8106.428711 9001.869141 9790.134766 10131.395508 10359.712891 10832.867188 11898.565430 12442.016602 12494.637695 11927.353516 12061.493164 12229.117188 11543.034180 9368.483398 9046.712891 6829.663574 4117.416016 2198.946533
0.000000 0.000000 0.000000 0.000000 0.000000 0.000000 0.000000 0.000000 0.216034 0.492234 1.086084 2.250218 4.568924 8.476600 14.481315 24.609428 41.940403 68.351624 105.582123 159.620697 240.888855 361.122284 530.439148 758.561951 1060.600830 1458.315186 1974.075195 2618.852783 3391.345459 4277.312500 5245.448242 6231.784668 7092.845215 7914.333496 8612.464844 8998.558594 9265.333984 9857.832031 10897.599609 11528.673828 11573.528320 11278.771484 11576.246094 11804.607422 11267.045898 9284.330078 9223.657227 7118.769043 4334.919434 2379.286865
0.000000 0.000000 0.000000 0.000000 0.000000 0.000000 0.000000 0.000000 0.000000 0.322084 0.642423 1.299941 2.744518 5.747923 10.493243 17.504478 28.966366 48.586166 78.819084 122.268188 185.755890 280.601379 419.620422 614.566223 874.933899 1214.009155 1652.325684 2209.869629 2888.870117 3669.386719 4512.944824 5367.989258 6128.940918 6869.425781 7454.472168 7863.779785 8178.351074 8880.491211 9857.405273 10515.113281 10614.141602 10499.125000 10987.081055 11290.504883 10887.504883 9086.233398 9279.057617 7371.085449 4545.811035 2544.358643
0.000000 0.000000 0.000000 0.000000 0.000000 0.000000 0.000000 0.000000 0.000000 0.000000 0.403541 0.810173 1.668849 3.426044 6.669109 11.980598 19.944273 33.237171 55.918133 91.650070 143.360840 217.139801 325.842560 484.008484 705.548950 997.890991 1371.043823 1842.276001 2423.229980 3100.861572 3831.822754 4553.574707 5222.729004 5878.831055 6363.190918 6760.410645 7094.415039 7907.486816 8803.634766 9401.869141 9632.602539 9630.259766 10310.828125 10671.613281 10388.647461 8823.315430 9192.872070 7598.271484 4748.075684 2704.084229
0.000000 0.000000 0.000000 0.000000 0.000000 0.000000 0.000000 0.000000 0.000000 0.000000 0.000000 0.430118 0.909743 1.841320 3.751511 7.404656 13.503917 23.140507 38.774284 65.053680 106.341507 166.519516 252.045105 374.446472 550.062683 794.326538 1117.380005 1520.616699 2007.686768 2577.202393 3198.101318 3806.628418 4385.977051 4945.123047 5337.828613 5714.433594 6084.167969 6961.062012 7782.437988 8273.295898 8607.309570 8804.739258 9564.078125 9951.832031 9753.418945 8593.802734 8963.094727 7684.894531 4933.439941 2862.424316
0.000000 0.000000 0.000000 0.000000 0.000000 0.000000 0.000000 0.000000 0.000000 0.000000 0.000000 0.000000 0.462825 0.977269 2.026757 4.244435 8.526708 15.654536 26.629013 44.513584 74.376572 121.779556 191.215759 288.725708 425.301056 617.017883 879.407715 1221.455322 1636.850098 2109.448486 2616.093750 3111.635254 3611.751465 4067.798340 4410.187988 4736.996094 5266.941406 6053.376953 6732.004395 7208.180664 7558.849121 8049.298340 8814.641602 9143.933594 9026.333008 8367.541992 8645.954102 7668.258789 5099.277344 3012.086914
0.000000 0.000000 0.000000 0.000000 0.000000 0.000000 0.000000 0.000000 0.000000 0.000000 0.000000 0.000000 0.000000 0.461624 1.108865 2.366085 4.803854 9.482174 17.745369 30.753363 51.003304 83.721664 136.006088 214.210022 324.095551 474.579315 679.932922 952.617249 1293.875610 1687.554932 2100.932617 2495.010254 2906.120605 3271.880371 3586.175293 3880.256836 4492.428711 5189.193848 5729.357422 6203.312012 6552.157227 7242.175781 8043.683105 8301.173828 8259.184570 8064.331055 8280.790039 7469.721680 5237.075195 3157.254395
0.000000 0.000000 0.000000 0.000000 0.000000 0.000000 0.000000 0.000000 0.000000 0.000000 0.000000 0.000000 0.000000 0.000000 0.424547 1.063291 2.394221 4.931449 10.124807 19.582659 34.905144 58.129005 93.411812 148.944397 234.453400 357.126312 520.497864 729.865356 993.224854 1304.186279 1635.885376 1966.529907 2297.978516 2572.272705 2854.537354 3190.594482 3785.969238 4355.720215 4815.197266 5248.356445 5625.038086 6458.047852 7207.531738 7483.394531 7486.038574 7629.257324 7857.045898 7183.694336 5337.301758 3266.723877
0.000000 0.000000 0.000000 0.000000 0.000000 0.000000 0.000000 0.000000 0.000000 0.000000 0.000000 0.000000 0.000000 0.000000 0.000000 0.390449 0.956004 2.414417 5.466695 10.775759 20.615654 37.280933 63.204830 102.436028 162.066879 252.078552 380.190002 547.955261 750.071411 978.988647 1229.521362 1497.261841 1768.677002 1992.829224 2214.390869 2620.358643 3134.537842 3578.317383 3994.291260 4375.373047 4974.564453 5704.613770 6287.549316 6673.894043 6748.354980 7144.538086 7426.051270 6823.973633 5403.291016 3331.357178
0.000000 0.000000 0.000000 0.000000 0.000000 0.000000 0.000000 0.000000 0.000000 0.000000 0.000000 0.000000 0.000000 0.000000 0.000000 0.000000 0.374528 0.916104 2.276479 5.536396 10.921162 20.406948 38.158836 67.394402 110.720375 172.956833 261.434814 383.850433 541.536194 723.215271 907.767639 1103.598633 1304.989502 1501.921021 1718.770874 2117.969727 2531.910645 2903.719238 3264.799072 3679.119629 4353.631836 4945.801758 5438.098145 5860.370605 6024.503418 6612.717285 6915.194336 6426.530273 5435.032227 3368.347412
0.000000 0.000000 0.000000 0.000000 0.000000 0.000000 0.000000 0.000000 0.000000 0.000000 0.000000 0.000000 0.000000 0.000000 0.000000 0.000000 0.000000 0.362314 0.891797 2.173963 5.354432 11.607662 21.787231 39.147148 68.119415 112.900597 177.053970 262.702728 370.454193 500.897156 645.608765 802.238403 941.929932 1087.676514 1349.411133 1681.860352 1994.750366 2317.896729 2637.264404 3165.837402 3733.996094 4222.234863 4674.993652 5065.683105 5502.354492 6099.728027 6328.286621 5998.068848 5410.560547 3395.560059
0.000000 0.000000 0.000000 0.000000 0.000000 0.000000 0.000000 0.000000 0.000000 0.000000 0.000000 0.000000 0.000000 0.000000 0.000000 0.000000 0.000000 0.000000 0.356266 0.893605 2.191468 5.243014 11.546271 22.311430 39.447098 67.193062 110.487137 172.336227 250.680939 339.238617 435.908417 545.739868 659.092041 794.969238 1030.849243 1293.059326 1552.671265 1807.752319 2164.130859 2650.751709 3115.573730 3541.324951 3943.814697 4316.941406 4916.199707 5499.010742 5702.545410 5532.179199 5280.815430 3428.778076
0.000000 0.000000 0.000000 0.000000 0.000000 0.000000 0.000000 0.000000 0.000000 0.000000 0.000000 0.000000 0.000000 0.000000 0.000000 0.000000 0.000000 0.000000 0.000000 0.346826 0.869804 2.127261 4.945646 10.661057 21.327679 39.108315 66.685364 105.053612 155.660889 217.179230 288.393036 361.587189 438.407532 587.811890 772.415894 959.622620 1164.270752 1375.094971 1739.740845 2132.384766 2507.611328 2870.735107 3212.797607 3660.446533 4256.466309 4771.905273 5038.159180 4982.264160 5002.758789 3433.929932
0.000000 0.000000 0.000000 0.000000 0.000000 0.000000 0.000000 0.000000 0.000000 0.000000 0.000000 0.000000 0.000000 0.000000 0.000000 0.000000 0.000000 0.000000 0.000000 0.000000 0.331163 0.820796 2.026592 4.903903 10.776518 20.973154 37.379261 61.689167 93.611732 131.983612 176.693161 227.637024 304.643707 415.946777 545.573486 685.557373 827.731628 1034.666260 1315.069458 1618.009766 1912.478516 2208.604736 2507.381348 3014.019287 3529.680908 3960.814453 4285.124512 4344.108398 4549.710938 3390.812500
0.000000 0.000000 0.000000 0.000000 0.000000 0.000000 0.000000 0.000000 0.000000 0.000000 0.000000 0.000000 0.000000 0.000000 0.000000 0.000000 0.000000 0.000000 0.000000 0.000000 0.000000 0.302309 0.730850 1.802442 4.450669 9.894042 19.090618 33.519558 52.429482 76.496635 104.389244 137.606171 198.733551 273.797882 355.600891 445.475067 542.067444 714.212402 914.203125 1128.347168 1353.804077 1584.406860 1931.792114 2347.467285 2755.612305 3142.988037 3492.999023 3736.098389 4010.943359 3240.733643
0.000000 0.000000 0.000000 0.000000 0.000000 0.000000 0.000000 0.000000 0.000000 0.000000 0.000000 0.000000 0.000000 0.000000 0.000000 0.000000 0.000000 0.000000 0.000000 0.000000 0.000000 0.000000 0.265122 0.631148 1.541794 3.733167 8.435769 16.091856 26.389122 39.690048 54.400234 78.507492 112.596985 152.551575 197.652222 245.229172 329.082397 437.497467 562.202148 705.046570 859.425720 1098.457031 1382.785400 1688.753296 2016.542725 2349.037354 2687.944580 3137.869385 3400.798096 2973.563477
