tests/test_03/output0/CloudLoad_010.00hrs.dat
NCOLS    50
NROWS    50
XLLCORNER    -2289770.000
YLLCORNER     2591270.000
CELLSIZE        2000.000       2000.000
NODATA_VALUE  0.000
[rows 0 to 45 of 50, columns 0 to 49 of 50]
372.788 411.023 460.676 518.049 583.388 657.182 740.361 833.971 939.559 1059.627 1197.617 1358.922 1548.460 1770.095 2028.004 2329.092 2681.375 3089.841 3562.474 4115.912 4769.843 5536.505 6417.506 7417.131 8554.229 9864.701 11375.141 13075.863 14951.976 16997.676 19196.434 21502.396 23717.012 25805.250 27319.867 28462.078 28712.740 28420.908 27533.781 25412.432 22989.045 19640.328 16495.908 13177.253 10499.462 7718.111 5295.586 3525.956 2082.521 355.005
213.833 238.858 271.183 308.113 349.901 397.362 451.733 514.622 588.215 675.843 780.852 907.487 1059.202 1239.694 1455.684 1715.709 2024.484 2386.094 2816.746 3338.824 3964.933 4690.294 5519.599 6488.220 7637.945 8982.425 10504.127 12201.981 14110.486 16249.502 18589.854 21028.650 23364.322 25661.361 27434.203 28754.938 29197.828 29044.830 28283.840 26281.084 23982.605 20676.283 17463.424 14025.251 11225.312 8306.759 5736.096 3835.762 2298.835 411.362
155.789 175.294 200.399 229.055 261.604 298.947 342.411 393.777 455.459 530.805 622.990 734.900 869.622 1032.221 1230.285 1470.352 1756.110 2095.755 2507.704 3010.599 3607.047 4292.219 5087.981 6036.531 7170.840 8497.485 10004.030 11699.265 13619.282 15792.376 18201.527 20716.643 23144.928 25550.182 27573.674 29112.504 29826.811 29859.594 29252.369 27414.717 25228.459 21998.035 18719.262 15141.027 12164.968 9067.720 6308.148 4227.835 2571.416 486.428
87.829 100.573 116.871 135.571 157.126 182.536 213.253 251.155 298.819 359.367 435.558 528.791 642.602 783.939 959.726 1173.682 1430.779 1744.065 2131.356 2605.495 3161.846 3801.036 4560.017 5487.030 6607.605 7914.592 9397.310 11079.614 13008.100 15214.193 17693.373 20327.660 22875.734 25385.830 27643.879 29422.682 30450.957 30690.688 30238.178 28567.309 26476.090 23320.240 20005.383 16356.409 13164.748 9882.358 6929.456 4648.304 2866.477 575.329
49.685 57.668 67.776 79.694 94.136 111.989 134.805 164.206 202.151 250.807 312.117 388.481 485.304 609.329 764.024 952.152 1182.100 1469.982 1829.619 2261.022 2765.037 3365.379 4100.836 5001.523 6087.784 7364.933 8832.276 10506.498 12430.463 14649.396 17170.111 19913.834 22610.352 25213.408 27686.600 29667.977 31040.277 31518.596 31223.340 29714.773 27723.680 24631.936 21280.975 17650.387 14220.670 10737.475 7607.393 5101.241 3188.146 679.637
20.750 24.784 30.483 37.969 47.662 60.080 76.151 97.704 126.401 163.149 209.990 271.975 354.264 459.209 590.552 753.768 957.160 1212.930 1530.745 1917.616 2386.886 2959.256 3660.649 4519.996 5566.739 6817.778 8272.787 9940.009 11854.833 14069.363 16610.951 19423.221 22291.207 25032.316 27662.459 29859.107 31547.588 32270.496 32157.291 30813.248 28930.488 25929.402 22536.678 18975.436 15322.731 11631.336 8335.594 5581.894 3528.217 800.147
8.328 10.062 12.745 16.793 22.697 30.999 42.627 58.270 78.526 105.467 142.924 194.241 261.714 348.750 459.960 599.464 774.115 995.597 1277.052 1630.321 2068.274 2607.330 3268.923 4081.748 5079.932 6293.175 7731.961 9395.565 11297.485 13489.239 16019.076 18872.596 21866.143 24753.857 27555.805 29950.789 31907.543 32866.047 32973.711 31838.168 30063.754 27177.377 23769.617 20296.111 16456.566 12561.261 9106.066 6090.688 3889.114 937.757
3.234 4.001 5.328 7.523 10.982 16.243 23.583 33.708 48.176 69.150 98.703 139.021 193.002 264.012 355.387 471.104 618.258 808.959 1058.564 1381.300 1788.352 2292.677 2912.361 3676.295 4621.166 5785.815 7193.730 8843.474 10733.100 12894.797 15395.379 18256.039 21344.605 24347.740 27246.314 29887.600 32085.525 33298.363 33597.492 32767.471 31098.947 28367.615 24960.781 21589.570 17600.979 13520.663 9908.081 6624.882 4270.062 1096.479
1.197 1.579 2.313 3.548 5.487 8.433 12.989 20.148 31.323 47.537 69.948 100.638 142.394 198.177 271.471 367.049 492.020 657.721 879.615 1172.578 1547.272 2014.172 2590.961 3306.734 4199.582 5306.546 6660.677 8273.712 10140.594 12273.589 14732.178 17572.162 20698.033 23811.926 26781.213 29632.893 32065.074 33522.656 34019.891 33533.223 32002.777 29470.117 26101.615 22840.072 18733.795 14507.310 10742.687 7182.093 4671.451 1271.390
0.423 0.658 1.068 1.701 2.770 4.685 7.977 13.420 21.535 33.051 49.333 72.099 103.275 145.946 204.472 284.425 392.753 538.792 734.836 995.093 1333.190 1762.018 2299.723 2971.243 3809.845 4852.500 6136.922 7689.740 9514.830 11613.165 14022.647 16817.230 19930.984 23119.197 26179.102 29134.676 31742.887 33582.105 34248.082 34037.848 32701.275 30451.803 27162.682 24023.373 19835.912 15509.042 11602.725 7760.001 5094.078 1469.570
0.000 0.290 0.504 0.832 1.484 2.931 5.510 9.083 14.141 21.944 33.632 49.992 72.673 105.218 152.960 221.655 316.776 445.048 616.056 842.611 1142.100 1532.800 2032.128 2660.543 3443.522 4417.572 5622.852 7097.843 8861.087 10909.301 13260.790 15990.549 19068.570 22260.768 25424.715 28467.068 31187.279 33299.496 34257.766 34273.055 33155.258 31267.992 28120.330 25107.084 20914.322 16517.352 12492.913 8358.628 5529.304 1680.090
0.000 0.000 0.231 0.451 0.921 1.968 3.436 5.481 8.612 13.630 21.471 33.162 50.324 76.110 115.447 174.034 256.857 368.262 515.767 711.843 974.199 1324.924 1783.207 2366.197 3092.586 3995.519 5118.403 6503.763 8185.316 10169.053 12455.375 15096.744 18112.521 21284.637 24485.203 27604.217 30463.580 32753.324 33995.492 34299.586 33407.488 31735.891 28923.545 26067.381 21955.340 17514.191 13399.481 8984.517 5982.453 1912.213
0.000 0.000 0.000 0.275 0.574 0.946 1.636 3.022 5.149 8.168 13.295 22.324 36.537 57.651 89.442 137.463 207.125 302.593 429.279 598.733 828.353 1139.181 1552.201 2084.263 2752.189 3582.875 4621.351 5913.741 7499.944 9401.381 11613.245 14154.895 17065.750 20196.854 23395.170 26540.941 29542.416 31986.396 33468.035 34014.328 33519.695 31960.926 29465.939 26909.873 22939.053 18486.373 14308.351 9642.452 6450.511 2164.189
0.000 0.000 0.000 0.000 0.220 0.449 0.862 1.643 3.118 5.434 9.005 15.516 27.143 45.036 70.908 108.685 164.064 243.268 352.711 500.935 701.465 972.852 1336.884 1813.807 2422.930 3185.336 4139.448 5335.583 6818.136 8616.985 10738.218 13180.804 15952.766 18992.729 22185.379 25316.543 28409.154 31019.645 32709.166 33483.254 33355.480 32018.682 29774.523 27460.039 23817.998 19420.094 15215.245 10323.091 6931.404 2433.354
0.000 0.000 0.000 0.000 0.000 0.000 0.402 0.839 1.800 3.619 6.414 10.983 19.565 34.218 55.472 85.088 127.909 191.644 284.805 414.720 589.939 824.348 1138.414 1557.450 2105.478 2803.911 3678.807 4776.713 6147.816 7828.362 9836.042 12171.233 14806.980 17702.947 20850.803 23965.682 27074.344 29839.035 31721.508 32724.469 32981.156 31854.939 29805.326 27784.352 24525.154 20271.627 16081.404 11022.748 7423.422 2730.646
0.000 0.000 0.000 0.000 0.000 0.000 0.229 0.512 1.103 2.358 4.749 8.382 14.244 24.680 41.316 64.783 98.477 149.593 226.781 337.762 488.606 689.230 957.859 1320.207 1804.971 2439.637 3242.916 4245.681 5498.197 7047.526 8922.765 11135.183 13638.001 16391.553 19398.959 22498.287 25567.334 28445.867 30503.691 31705.820 32286.271 31468.781 29644.840 27858.416 24995.707 20998.396 16902.010 11739.919 7917.493 3037.592
0.000 0.000 0.000 0.000 0.000 0.000 0.000 0.323 0.710 1.513 3.216 6.169 10.398 17.161 29.082 48.124 75.810 116.665 178.092 268.532 395.495 567.071 797.578 1109.786 1532.053 2094.827 2825.070 3741.791 4878.328 6289.304 8019.620 10089.613 12445.432 15062.511 17914.846 20898.043 23930.467 26835.170 29070.594 30409.031 31280.547 30878.617 29283.646 27708.861 25254.654 21515.740 17634.234 12447.856 8404.271 3369.115
0.000 0.000 0.000 0.000 0.000 0.000 0.000 0.000 0.397 0.832 1.825 3.979 7.254 11.894 19.902 34.569 57.803 90.780 138.089 208.082 311.296 457.649 657.401 926.426 1290.401 1779.828 2425.615 3253.786 4289.809 5568.206 7144.055 9056.738 11249.925 13709.512 16413.998 19238.484 22176.828 25024.352 27424.582 28889.086 29971.107 30030.387 28733.691 27374.738 25287.635 21849.252 18252.602 13147.789 8877.479 3713.721
0.000 0.000 0.000 0.000 0.000 0.000 0.000 0.000 0.216 0.492 1.086 2.250 4.569 8.477 14.482 24.611 41.945 68.366 105.629 159.764 241.301 362.248 533.354 765.782 1077.824 1497.441 2057.437 2789.671 3723.885 4887.546 6313.336 8054.061 10065.863 12353.979 14874.123 17554.100 20345.469 23102.674 25560.771 27196.891 28429.443 28877.695 27980.277 26840.861 25134.783 21944.854 18691.760 13819.137 9330.100 4066.597
0.000 0.000 0.000 0.000 0.000 0.000 0.000 0.000 0.000 0.322 0.642 1.300 2.745 5.748 10.494 17.506 28.970 48.598 78.855 122.380 186.083 281.517 422.050 620.702 889.835 1248.858 1726.959 2362.505 3190.669 4238.530 5528.575 7087.029 8910.790 11014.641 13326.942 15843.482 18480.053 21110.863 23525.125 25326.291 26711.561 27453.572 27002.664 26112.266 24798.508 21843.018 18919.230 14420.556 9761.052 4439.436
0.000 0.000 0.000 0.000 0.000 0.000 0.000 0.000 0.000 0.000 0.404 0.810 1.669 3.426 6.669 11.981 19.947 33.247 55.947 91.739 143.622 217.880 327.844 489.160 718.203 1028.001 1438.011 1979.860 2695.448 3621.548 4779.336 6171.468 7799.388 9705.504 11811.511 14131.618 16593.859 19080.570 21406.865 23273.795 24840.416 25804.242 25787.639 25148.871 24269.568 21595.701 18949.236 14967.270 10165.229 4811.361
0.000 0.000 0.000 0.000 0.000 0.000 0.000 0.000 0.000 0.000 0.000 0.430 0.910 1.841 3.752 7.405 13.506 23.148 38.798 65.124 106.549 167.111 253.669 378.708 560.694 819.624 1175.839 1645.481 2255.082 3048.098 4062.559 5301.782 6750.311 8433.646 10327.556 12452.781 14695.011 17037.721 19282.605 21134.330 22802.820 23971.279 24341.643 23997.107 23468.615 21260.768 18799.418 15325.467 10524.740 5192.438
0.000 0.000 0.000 0.000 0.000 0.000 0.000 0.000 0.000 0.000 0.000 0.000 0.463 0.977 2.027 4.245 8.529 15.661 26.647 44.569 74.540 122.248 192.516 292.194 434.116 638.328 929.016 1331.481 1860.633 2535.081 3393.868 4464.816 5749.410 7234.969 8913.621 10807.195 12862.685 15006.496 17073.562 18984.998 20673.377 21966.537 22691.627 22713.461 22439.430 20792.217 18519.014 15531.824 10839.248 5577.389
0.000 0.000 0.000 0.000 0.000 0.000 0.000 0.000 0.000 0.000 0.000 0.000 0.000 0.462 1.109 2.367 4.805 9.487 17.761 30.799 51.134 84.092 137.034 216.982 331.290 492.431 722.127 1046.837 1490.006 2070.226 2800.667 3698.556 4806.768 6109.434 7601.704 9277.585 11127.066 13064.331 14938.300 16801.271 18524.744 19881.727 20898.016 21234.729 21238.141 20138.873 18104.436 15540.379 11074.359 5940.155
0.000 0.000 0.000 0.000 0.000 0.000 0.000 0.000 0.000 0.000 0.000 0.000 0.000 0.000 0.425 1.064 2.396 4.936 10.138 19.621 35.013 58.426 94.224 151.136 240.235 371.808 556.022 809.958 1160.732 1637.748 2259.292 3026.887 3956.865 5065.147 6378.394 7868.072 9478.605 11207.437 12913.064 14680.760 16350.671 17792.385 18965.619 19652.865 19903.355 19287.021 17577.066 15403.790 11242.407 6293.077
0.000 0.000 0.000 0.000 0.000 0.000 0.000 0.000 0.000 0.000 0.000 0.000 0.000 0.000 0.000 0.391 0.957 2.418 5.478 10.809 20.708 37.528 63.864 104.185 166.677 263.915 409.193 615.367 892.757 1263.687 1766.353 2415.156 3212.065 4151.101 5263.469 6571.667 7982.879 9474.650 11038.735 12666.385 14264.466 15754.061 17002.736 17963.777 18480.234 18288.732 16924.980 15132.440 11317.299 6619.081
0.000 0.000 0.000 0.000 0.000 0.000 0.000 0.000 0.000 0.000 0.000 0.000 0.000 0.000 0.000 0.000 0.375 0.919 2.286 5.565 11.001 20.620 38.715 68.834 114.424 182.360 284.720 439.297 661.955 965.224 1363.502 1875.589 2533.833 3340.031 4292.325 5389.073 6617.001 7931.438 9331.144 10813.759 12285.691 13761.339 15090.059 16211.942 16965.232 17133.086 16162.234 14743.224 11325.979 6923.026
0.000 0.000 0.000 0.000 0.000 0.000 0.000 0.000 0.000 0.000 0.000 0.000 0.000 0.000 0.000 0.000 0.000 0.365 0.900 2.198 5.423 11.791 22.262 40.350 71.142 120.424 195.533 307.244 469.866 704.662 1027.761 1444.729 1967.158 2623.650 3438.339 4353.820 5376.982 6513.599 7787.334 9088.174 10410.288 11833.726 13193.615 14416.736 15335.841 15819.802 15293.324 14259.393 11225.758 7196.885
0.000 0.000 0.000 0.000 0.000 0.000 0.000 0.000 0.000 0.000 0.000 0.000 0.000 0.000 0.000 0.000 0.000 0.000 0.363 0.914 2.249 5.397 11.941 23.293 41.866 73.177 125.231 207.965 331.521 505.305 743.729 1070.496 1498.899 2027.705 2670.162 3425.047 4291.508 5251.982 6307.408 7458.804 8664.132 9961.426 11283.056 12552.838 13587.587 14328.489 14236.354 13593.205 10977.046 7444.014
0.000 0.000 0.000 0.000 0.000 0.000 0.000 0.000 0.000 0.000 0.000 0.000 0.000 0.000 0.000 0.000 0.000 0.000 0.000 0.364 0.918 2.256 5.271 11.459 23.257 43.793 78.327 133.935 219.649 348.985 533.575 780.047 1101.894 1523.155 2029.780 2612.775 3308.969 4093.793 4968.341 5953.335 7027.452 8162.491 9385.840 10647.296 11735.990 12638.046 12906.873 12667.957 10519.182 7607.766
0.000 0.000 0.000 0.000 0.000 0.000 0.000 0.000 0.000 0.000 0.000 0.000 0.000 0.000 0.000 0.000 0.000 0.000 0.000 0.000 0.372 0.929 2.298 5.566 12.360 24.753 46.533 83.847 144.697 235.986 365.676 548.056 792.626 1097.922 1469.378 1917.809 2450.553 3061.170 3755.387 4563.938 5478.463 6470.511 7539.961 8695.778 9801.887 10753.674 11366.885 11473.751 9820.691 7605.710
0.000 0.000 0.000 0.000 0.000 0.000 0.000 0.000 0.000 0.000 0.000 0.000 0.000 0.000 0.000 0.000 0.000 0.000 0.000 0.000 0.000 0.390 0.951 2.336 5.712 12.847 26.082 50.434 90.876 153.041 243.720 369.008 535.614 745.323 999.858 1319.163 1695.569 2147.202 2684.768 3307.997 4050.174 4876.262 5797.752 6816.092 7866.506 8850.860 9652.434 10054.347 8901.772 7374.430
0.000 0.000 0.000 0.000 0.000 0.000 0.000 0.000 0.000 0.000 0.000 0.000 0.000 0.000 0.000 0.000 0.000 0.000 0.000 0.000 0.000 0.000 0.443 1.060 2.551 6.061 13.710 28.340 53.438 92.427 148.530 225.728 326.995 452.917 611.833 812.077 1061.412 1368.402 1745.514 2207.200 2771.529 3437.696 4184.897 5040.076 5961.913 6955.338 7802.648 8437.101 7819.071 6892.354
0.000 0.000 0.000 0.000 0.000 0.000 0.000 0.000 0.000 0.000 0.000 0.000 0.000 0.000 0.000 0.000 0.000 0.000 0.000 0.000 0.000 0.000 0.249 0.577 1.342 3.091 6.986 14.447 27.473 47.251 75.877 115.083 166.496 232.482 316.780 427.902 573.702 766.491 1013.278 1328.402 1728.180 2219.721 2795.174 3456.606 4221.252 5105.920 5968.614 6720.302 6618.092 6180.844
0.000 0.000 0.000 0.000 0.000 0.000 0.000 0.000 0.000 0.000 0.000 0.000 0.000 0.000 0.000 0.000 0.000 0.000 0.000 0.000 0.000 0.000 0.000 0.366 0.824 1.742 3.620 7.221 13.178 22.335 35.594 54.231 80.330 115.863 164.254 228.572 313.669 425.395 572.247 767.640 1024.101 1351.160 1761.312 2242.098 2809.697 3503.526 4285.364 5028.042 5300.448 5346.653
0.000 0.000 0.000 0.000 0.000 0.000 0.000 0.000 0.000 0.000 0.000 0.000 0.000 0.000 0.000 0.000 0.000 0.000 0.000 0.000 0.000 0.000 0.000 0.254 0.551 1.111 2.133 3.961 7.047 11.854 18.951 28.993 43.153 63.633 92.239 132.454 186.709 256.751 350.510 477.284 641.243 850.631 1120.900 1445.804 1837.695 2328.402 2901.345 3567.797 4037.375 4442.661
0.000 0.000 0.000 0.000 0.000 0.000 0.000 0.000 0.000 0.000 0.000 0.000 0.000 0.000 0.000 0.000 0.000 0.000 0.000 0.000 0.000 0.000 0.000 0.000 0.380 0.743 1.382 2.468 4.228 7.012 11.294 17.577 26.661 39.709 57.778 83.222 117.460 162.336 224.659 307.956 412.909 549.335 729.002 957.030 1234.599 1576.146 1979.470 2493.594 2925.328 3508.479
0.000 0.000 0.000 0.000 0.000 0.000 0.000 0.000 0.000 0.000 0.000 0.000 0.000 0.000 0.000 0.000 0.000 0.000 0.000 0.000 0.000 0.000 0.000 0.000 0.265 0.513 0.938 1.669 2.866 4.689 7.443 11.578 17.721 26.557 38.893 55.775 78.261 109.413 153.335 212.136 287.012 382.276 508.236 668.684 855.693 1088.132 1367.760 1735.868 2057.057 2636.831
0.000 0.000 0.000 0.000 0.000 0.000 0.000 0.000 0.000 0.000 0.000 0.000 0.000 0.000 0.000 0.000 0.000 0.000 0.000 0.000 0.000 0.000 0.000 0.000 0.000 0.363 0.662 1.163 2.018 3.361 5.380 8.462 12.916 19.394 28.407 40.548 56.653 78.806 108.843 148.750 200.639 268.670 358.333 468.550 601.942 767.568 962.187 1220.140 1442.882 1926.220
0.000 0.000 0.000 0.000 0.000 0.000 0.000 0.000 0.000 0.000 0.000 0.000 0.000 0.000 0.000 0.000 0.000 0.000 0.000 0.000 0.000 0.000 0.000 0.000 0.000 0.271 0.504 0.877 1.542 2.561 4.093 6.415 9.777 14.574 21.300 30.191 41.874 57.474 77.540 105.025 142.133 191.048 252.600 331.527 429.022 545.840 674.645 847.020 999.895 1354.870
0.000 0.000 0.000 0.000 0.000 0.000 0.000 0.000 0.000 0.000 0.000 0.000 0.000 0.000 0.000 0.000 0.000 0.000 0.000 0.000 0.000 0.000 0.000 0.000 0.000 0.214 0.402 0.704 1.199 1.970 3.152 4.893 7.432 10.992 15.872 22.382 31.034 42.139 56.476 76.046 102.257 134.732 173.276 226.205 293.998 377.664 470.096 591.809 697.967 943.501
0.000 0.000 0.000 0.000 0.000 0.000 0.000 0.000 0.000 0.000 0.000 0.000 0.000 0.000 0.000 0.000 0.000 0.000 0.000 0.000 0.000 0.000 0.000 0.000 0.000 0.000 0.322 0.570 0.942 1.518 2.378 3.700 5.629 8.261 11.831 16.525 22.516 30.352 40.547 54.015 71.099 92.450 118.189 152.917 198.268 255.527 319.963 404.378 477.374 641.169
0.000 0.000 0.000 0.000 0.000 0.000 0.000 0.000 0.000 0.000 0.000 0.000 0.000 0.000 0.000 0.000 0.000 0.000 0.000 0.000 0.000 0.000 0.000 0.000 0.000 0.000 0.256 0.453 0.751 1.195 1.837 2.767 4.063 5.864 8.331 11.660 16.002 21.705 29.161 38.317 49.378 63.553 80.599 102.636 130.660 167.454 210.068 264.142 312.165 421.189
0.000 0.000 0.000 0.000 0.000 0.000 0.000 0.000 0.000 0.000 0.000 0.000 0.000 0.000 0.000 0.000 0.000 0.000 0.000 0.000 0.000 0.000 0.000 0.000 0.000 0.000 0.208 0.356 0.577 0.898 1.373 2.023 2.930 4.228 6.003 8.323 11.308 15.143 20.038 25.962 33.122 42.422 53.537 66.772 84.038 107.265 134.789 169.637 201.131 268.675
0.000 0.000 0.000 0.000 0.000 0.000 0.000 0.000 0.000 0.000 0.000 0.000 0.000 0.000 0.000 0.000 0.000 0.000 0.000 0.000 0.000 0.000 0.000 0.000 0.000 0.000 0.000 0.270 0.439 0.686 1.013 1.450 2.085 2.983 4.177 5.735 7.775 10.414 13.716 17.719 22.219 27.312 33.428 40.916 50.323 62.549 77.383 94.673 111.024 148.426
0.000 0.000 0.000 0.000 0.000 0.000 0.000 0.000 0.000 0.000 0.000 0.000 0.000 0.000 0.000 0.000 0.000 0.000 0.000 0.000 0.000 0.000 0.000 0.000 0.000 0.000 0.000 0.212 0.339 0.508 0.736 1.045 1.446 1.969 2.683 3.623 4.834 6.357 8.185 10.313 12.743 15.577 19.269 23.725 28.980 35.744 43.913 53.490 64.291 89.808
