tests/test_03/output0/CloudLoad_010.00hrs.dat
NCOLS    50
NROWS    50
XLLCORNER    -2289770.000
YLLCORNER     2591270.000
CELLSIZE        2000.000       2000.000
NODATA_VALUE  0.000
[rows 0 to 31 of 50, columns 0 to 49 of 50]
372.787994 411.022980 460.675659 518.049072 583.388367 657.182007 740.360718 833.971436 939.559326 1059.626953 1197.617432 1358.922241 1548.460327 1770.095337 2028.004028 2329.092285 2681.374756 3089.841064 3562.474365 4115.912109 4769.842773 5536.504883 6417.506348 7417.130859 8554.229492 9864.701172 11375.140625 13075.863281 14951.975586 16997.675781 19196.433594 21502.396484 23717.011719 25805.250000 27319.867188 28462.078125 28712.740234 28420.908203 27533.781250 25412.431641 22989.044922 19640.328125 16495.908203 13177.252930 10499.461914 7718.110840 5295.586426 3525.956055 2082.521484 355.004791
213.833328 238.857895 271.182556 308.113129 349.900696 397.361755 451.733429 514.621643 588.215149 675.843262 780.852417 907.486694 1059.202271 1239.694458 1455.684448 1715.708862 2024.484375 2386.094482 2816.746338 3338.824463 3964.933105 4690.293945 5519.598633 6488.220215 7637.945312 8982.424805 10504.126953 12201.981445 14110.486328 16249.501953 18589.853516 21028.650391 23364.322266 25661.361328 27434.203125 28754.937500 29197.828125 29044.830078 28283.839844 26281.083984 23982.605469 20676.283203 17463.423828 14025.250977 11225.311523 8306.758789 5736.096191 3835.762451 2298.834717 411.361511
155.788528 175.293854 200.399216 229.055145 261.604034 298.947388 342.411407 393.776733 455.459473 530.805481 622.990479 734.900330 869.621704 1032.221436 1230.285400 1470.351929 1756.110229 2095.754883 2507.703857 3010.599121 3607.046875 4292.219238 5087.980957 6036.530762 7170.839844 8497.485352 10004.030273 11699.264648 13619.282227 15792.375977 18201.527344 20716.642578 23144.927734 25550.181641 27573.673828 29112.503906 29826.810547 29859.593750 29252.369141 27414.716797 25228.458984 21998.035156 18719.261719 15141.027344 12164.967773 9067.719727 6308.148438 4227.834961 2571.416016 486.428070
87.829292 100.573112 116.870857 135.570526 157.126450 182.536301 213.252533 251.154556 298.818787 359.366547 435.558441 528.790833 642.602051 783.938721 959.726074 1173.681641 1430.778564 1744.064941 2131.355957 2605.495361 3161.845703 3801.035889 4560.017090 5487.029785 6607.605469 7914.592285 9397.309570 11079.614258 13008.099609 15214.193359 17693.373047 20327.660156 22875.734375 25385.830078 27643.878906 29422.681641 30450.957031 30690.687500 30238.177734 28567.308594 26476.089844 23320.240234 20005.382812 16356.409180 13164.748047 9882.358398 6929.456055 4648.303711 2866.476807 575.329468
49.685249 57.668339 67.776474 79.693970 94.135834 111.989059 134.805054 164.206451 202.151154 250.807373 312.117188 388.481445 485.304199 609.328735 764.024109 952.152405 1182.100098 1469.981934 1829.618652 2261.022461 2765.036865 3365.378662 4100.835938 5001.522949 6087.784180 7364.933105 8832.276367 10506.498047 12430.462891 14649.396484 17170.111328 19913.833984 22610.351562 25213.408203 27686.599609 29667.976562 31040.277344 31518.595703 31223.339844 29714.773438 27723.679688 24631.935547 21280.974609 17650.386719 14220.669922 10737.474609 7607.392578 5101.241211 3188.145508 679.637085
20.749819 24.784407 30.482777 37.968800 47.661732 60.079948 76.151466 97.703941 126.400932 163.149292 209.989944 271.974945 354.264221 459.209167 590.551636 753.768372 957.159912 1212.930176 1530.744629 1917.615601 2386.885742 2959.256104 3660.649414 4519.996094 5566.738770 6817.778320 8272.787109 9940.008789 11854.833008 14069.363281 16610.951172 19423.220703 22291.207031 25032.316406 27662.458984 29859.107422 31547.587891 32270.496094 32157.291016 30813.248047 28930.488281 25929.402344 22536.677734 18975.435547 15322.731445 11631.335938 8335.593750 5581.893555 3528.217041 800.146545
8.327927 10.062284 12.745453 16.793076 22.696552 30.998524 42.626965 58.270382 78.525581 105.466820 142.924118 194.241440 261.714172 348.750214 459.959625 599.464478 774.115112 995.596619 1277.051758 1630.320801 2068.274414 2607.330078 3268.922607 4081.747559 5079.931641 6293.174805 7731.961426 9395.565430 11297.485352 13489.239258 16019.076172 18872.595703 21866.142578 24753.857422 27555.804688 29950.789062 31907.542969 32866.046875 32973.710938 31838.167969 30063.753906 27177.376953 23769.617188 20296.111328 16456.566406 12561.260742 9106.066406 6090.687988 3889.113525 937.756775
3.234488 4.001145 5.328130 7.522788 10.981517 16.242590 23.582878 33.707684 48.175510 69.150360 98.702843 139.021103 193.001770 264.012451 355.387268 471.103790 618.258423 808.958923 1058.563599 1381.299805 1788.351929 2292.677490 2912.361328 3676.295410 4621.165527 5785.815430 7193.729980 8843.473633 10733.099609 12894.796875 15395.378906 18256.039062 21344.605469 24347.740234 27246.314453 29887.599609 32085.525391 33298.363281 33597.492188 32767.470703 31098.947266 28367.615234 24960.781250 21589.570312 17600.978516 13520.663086 9908.081055 6624.882324 4270.062500 1096.479004
1.197042 1.579128 2.313020 3.548141 5.487113 8.432639 12.988532 20.147575 31.322557 47.536983 69.947670 100.638382 142.393799 198.177307 271.470734 367.049377 492.019501 657.721497 879.614563 1172.578491 1547.271851 2014.171509 2590.961182 3306.734375 4199.581543 5306.546387 6660.677246 8273.711914 10140.593750 12273.588867 14732.177734 17572.162109 20698.033203 23811.925781 26781.212891 29632.892578 32065.074219 33522.656250 34019.890625 33533.222656 32002.777344 29470.117188 26101.615234 22840.072266 18733.794922 14507.309570 10742.686523 7182.093262 4671.451172 1271.390381
0.423230 0.657569 1.067650 1.701460 2.770087 4.684836 7.976852 13.419705 21.535233 33.050758 49.333111 72.098602 103.274963 145.946091 204.471802 284.425232 392.752594 538.792297 734.836487 995.093445 1333.190186 1762.018066 2299.722900 2971.242920 3809.844727 4852.500000 6136.921875 7689.740234 9514.830078 11613.165039 14022.647461 16817.230469 19930.984375 23119.197266 26179.101562 29134.675781 31742.886719 33582.105469 34248.082031 34037.847656 32701.275391 30451.802734 27162.681641 24023.373047 19835.912109 15509.041992 11602.724609 7760.001465 5094.078125 1469.570312
0.000000 0.289692 0.504338 0.831751 1.484298 2.931409 5.509972 9.083145 14.140809 21.943739 33.631615 49.991562 72.673325 105.217857 152.959824 221.654648 316.775757 445.048187 616.055664 842.610901 1142.099854 1532.799927 2032.127930 2660.542969 3443.521729 4417.572266 5622.852051 7097.843262 8861.086914 10909.300781 13260.790039 15990.548828 19068.570312 22260.767578 25424.714844 28467.068359 31187.279297 33299.496094 34257.765625 34273.054688 33155.257812 31267.992188 28120.330078 25107.083984 20914.322266 16517.351562 12492.913086 8358.627930 5529.304199 1680.089722
0.000000 0.000000 0.231406 0.451176 0.921334 1.967523 3.436415 5.481292 8.612075 13.629908 21.471067 33.161564 50.324032 76.110161 115.447395 174.034042 256.857330 368.262268 515.766602 711.843323 974.198853 1324.924072 1783.207397 2366.196777 3092.585693 3995.519287 5118.402832 6503.763184 8185.315918 10169.052734 12455.375000 15096.744141 18112.521484 21284.636719 24485.203125 27604.216797 30463.580078 32753.324219 33995.492188 34299.585938 33407.488281 31735.890625 28923.544922 26067.380859 21955.339844 17514.191406 13399.481445 8984.516602 5982.453125 1912.212646
0.000000 0.000000 0.000000 0.274557 0.574449 0.945751 1.636432 3.022235 5.148554 8.168152 13.295460 22.324490 36.536835 57.651417 89.441650 137.462814 207.125259 302.592529 429.278870 598.733032 828.352905 1139.181396 1552.200562 2084.262695 2752.189453 3582.875244 4621.350586 5913.741211 7499.943848 9401.380859 11613.245117 14154.894531 17065.750000 20196.853516 23395.169922 26540.941406 29542.416016 31986.396484 33468.035156 34014.328125 33519.695312 31960.925781 29465.939453 26909.873047 22939.052734 18486.373047 14308.350586 9642.452148 6450.511230 2164.188965
0.000000 0.000000 0.000000 0.000000 0.220359 0.449172 0.861707 1.642982 3.118247 5.434461 9.005122 15.516354 27.143116 45.036186 70.907822 108.684715 164.064194 243.267838 352.711395 500.934875 701.465027 972.852234 1336.883545 1813.806763 2422.929932 3185.336426 4139.448242 5335.583496 6818.136230 8616.985352 10738.217773 13180.803711 15952.765625 18992.728516 22185.378906 25316.542969 28409.154297 31019.644531 32709.166016 33483.253906 33355.480469 32018.681641 29774.523438 27460.039062 23817.998047 19420.093750 15215.245117 10323.090820 6931.403809 2433.353760
0.000000 0.000000 0.000000 0.000000 0.000000 0.000000 0.402487 0.838896 1.799818 3.618770 6.414420 10.983003 19.565094 34.217606 55.472088 85.088264 127.908974 191.644257 284.805145 414.719727 589.938965 824.347961 1138.414429 1557.449585 2105.478027 2803.910889 3678.806885 4776.712891 6147.816406 7828.361816 9836.041992 12171.233398 14806.980469 17702.947266 20850.802734 23965.681641 27074.343750 29839.035156 31721.507812 32724.468750 32981.156250 31854.939453 29805.326172 27784.351562 24525.154297 20271.626953 16081.404297 11022.748047 7423.422363 2730.646484
0.000000 0.000000 0.000000 0.000000 0.000000 0.000000 0.229165 0.511731 1.102825 2.358059 4.749292 8.381911 14.244122 24.680174 41.316135 64.783089 98.476944 149.593369 226.780731 337.762115 488.606201 689.229919 957.858582 1320.206665 1804.971313 2439.636719 3242.916016 4245.681152 5498.196777 7047.525879 8922.764648 11135.182617 13638.000977 16391.552734 19398.958984 22498.287109 25567.333984 28445.867188 30503.691406 31705.820312 32286.271484 31468.781250 29644.839844 27858.416016 24995.707031 20998.396484 16902.009766 11739.918945 7917.492676 3037.591797
0.000000 0.000000 0.000000 0.000000 0.000000 0.000000 0.000000 0.322597 0.709702 1.513062 3.215884 6.168508 10.398335 17.161179 29.081894 48.123863 75.810036 116.664894 178.092484 268.532440 395.494995 567.070740 797.578430 1109.786255 1532.052856 2094.826904 2825.069580 3741.791260 4878.328125 6289.304199 8019.620117 10089.613281 12445.431641 15062.510742 17914.845703 20898.042969 23930.466797 26835.169922 29070.593750 30409.031250 31280.546875 30878.617188 29283.646484 27708.861328 25254.654297 21515.740234 17634.234375 12447.856445 8404.271484 3369.114990
0.000000 0.000000 0.000000 0.000000 0.000000 0.000000 0.000000 0.000000 0.397237 0.832046 1.824786 3.978896 7.253747 11.893665 19.901630 34.569042 57.803463 90.780106 138.088821 208.081894 311.296448 457.648865 657.401062 926.426147 1290.400757 1779.827515 2425.615234 3253.786133 4289.809082 5568.205566 7144.055176 9056.738281 11249.924805 13709.511719 16413.998047 19238.484375 22176.828125 25024.351562 27424.582031 28889.085938 29971.107422 30030.386719 28733.691406 27374.738281 25287.634766 21849.251953 18252.601562 13147.789062 8877.478516 3713.720947
0.000000 0.000000 0.000000 0.000000 0.000000 0.000000 0.000000 0.000000 0.216034 0.492235 1.086086 2.250225 4.568951 8.476701 14.481681 24.610714 41.944786 68.366234 105.629028 159.763687 241.301285 362.247681 533.353760 765.782166 1077.823853 1497.440674 2057.437012 2789.671143 3723.884766 4887.546387 6313.335938 8054.060547 10065.863281 12353.978516 14874.123047 17554.099609 20345.468750 23102.673828 25560.771484 27196.890625 28429.443359 28877.695312 27980.277344 26840.861328 25134.783203 21944.853516 18691.759766 13819.136719 9330.099609 4066.597412
0.000000 0.000000 0.000000 0.000000 0.000000 0.000000 0.000000 0.000000 0.000000 0.322085 0.642424 1.299947 2.744541 5.748008 10.493546 17.505526 28.969868 48.597591 78.855370 122.379555 186.083237 281.516968 422.050262 620.701599 889.835083 1248.858276 1726.958984 2362.504883 3190.669189 4238.530273 5528.574707 7087.029297 8910.790039 11014.640625 13326.942383 15843.482422 18480.052734 21110.863281 23525.125000 25326.291016 26711.560547 27453.572266 27002.664062 26112.265625 24798.507812 21843.017578 18919.230469 14420.555664 9761.051758 4439.435547
0.000000 0.000000 0.000000 0.000000 0.000000 0.000000 0.000000 0.000000 0.000000 0.000000 0.403543 0.810178 1.668869 3.426118 6.669370 11.981491 19.947220 33.246597 55.947468 91.738983 143.622284 217.879852 327.844177 489.160004 718.203125 1028.001221 1438.010986 1979.859985 2695.447510 3621.547852 4779.336426 6171.468262 7799.387695 9705.503906 11811.510742 14131.618164 16593.859375 19080.570312 21406.865234 23273.794922 24840.416016 25804.242188 25787.638672 25148.871094 24269.568359 21595.701172 18949.236328 14967.269531 10165.229492 4811.360840
0.000000 0.000000 0.000000 0.000000 0.000000 0.000000 0.000000 0.000000 0.000000 0.000000 0.000000 0.430121 0.909759 1.841379 3.751723 7.405380 13.506291 23.148048 38.797611 65.124100 106.548676 167.110580 253.668915 378.708069 560.693726 819.624084 1175.839111 1645.481201 2255.082275 3048.098145 4062.558594 5301.781738 6750.311035 8433.645508 10327.555664 12452.781250 14695.010742 17037.720703 19282.605469 21134.330078 22802.820312 23971.279297 24341.642578 23997.107422 23468.615234 21260.767578 18799.417969 15325.466797 10524.740234 5192.438477
0.000000 0.000000 0.000000 0.000000 0.000000 0.000000 0.000000 0.000000 0.000000 0.000000 0.000000 0.000000 0.462837 0.977315 2.026924 4.245008 8.528592 15.660519 26.647465 44.569130 74.539948 122.247940 192.516434 292.194336 434.116058 638.327820 929.016174 1331.480713 1860.632935 2535.080811 3393.867676 4464.815918 5749.410156 7234.969238 8913.621094 10807.195312 12862.684570 15006.496094 17073.562500 18984.998047 20673.376953 21966.537109 22691.626953 22713.460938 22439.429688 20792.216797 18519.013672 15531.824219 10839.248047 5577.389160
0.000000 0.000000 0.000000 0.000000 0.000000 0.000000 0.000000 0.000000 0.000000 0.000000 0.000000 0.000000 0.000000 0.461660 1.109002 2.366565 4.805451 9.487226 17.760698 30.798565 51.133846 84.091919 137.034073 216.982010 331.290131 492.430786 722.127014 1046.837280 1490.005615 2070.226318 2800.666748 3698.556152 4806.767578 6109.434082 7601.704102 9277.584961 11127.066406 13064.331055 14938.299805 16801.271484 18524.744141 19881.726562 20898.015625 21234.728516 21238.140625 20138.873047 18104.435547 15540.378906 11074.359375 5940.154785
0.000000 0.000000 0.000000 0.000000 0.000000 0.000000 0.000000 0.000000 0.000000 0.000000 0.000000 0.000000 0.000000 0.000000 0.424662 1.063703 2.395614 4.935888 10.138207 19.621260 35.013107 58.426380 94.223900 151.136185 240.234634 371.807709 556.022400 809.957642 1160.731934 1637.747681 2259.291504 3026.887207 3956.865479 5065.146973 6378.393555 7868.071777 9478.605469 11207.436523 12913.064453 14680.759766 16350.670898 17792.384766 18965.619141 19652.865234 19903.355469 19287.021484 17577.066406 15403.790039 11242.407227 6293.077148
0.000000 0.000000 0.000000 0.000000 0.000000 0.000000 0.000000 0.000000 0.000000 0.000000 0.000000 0.000000 0.000000 0.000000 0.000000 0.390788 0.957162 2.418165 5.478168 10.809004 20.707674 37.528465 63.863556 104.185272 166.676895 263.914734 409.192627 615.367493 892.756531 1263.687134 1766.352905 2415.155518 3212.064697 4151.100586 5263.469238 6571.667480 7982.878906 9474.650391 11038.735352 12666.384766 14264.465820 15754.060547 17002.736328 17963.777344 18480.234375 18288.732422 16924.980469 15132.440430 11317.298828 6619.080566
0.000000 0.000000 0.000000 0.000000 0.000000 0.000000 0.000000 0.000000 0.000000 0.000000 0.000000 0.000000 0.000000 0.000000 0.000000 0.000000 0.375475 0.919206 2.286114 5.564770 11.000553 20.619822 38.714931 68.833702 114.424034 182.359543 284.720398 439.297333 661.955200 965.223755 1363.502075 1875.588989 2533.833008 3340.031494 4292.324707 5389.073242 6617.001465 7931.438477 9331.143555 10813.758789 12285.691406 13761.338867 15090.058594 16211.942383 16965.232422 17133.085938 16162.234375 14743.223633 11325.978516 6923.026367
0.000000 0.000000 0.000000 0.000000 0.000000 0.000000 0.000000 0.000000 0.000000 0.000000 0.000000 0.000000 0.000000 0.000000 0.000000 0.000000 0.000000 0.364920 0.899934 2.198123 5.422607 11.791030 22.262012 40.349979 71.141594 120.423813 195.533356 307.244293 469.865906 704.662048 1027.760986 1444.729370 1967.158203 2623.649902 3438.339355 4353.820312 5376.982422 6513.598633 7787.334473 9088.173828 10410.288086 11833.725586 13193.615234 14416.736328 15335.840820 15819.801758 15293.324219 14259.392578 11225.757812 7196.884766
0.000000 0.000000 0.000000 0.000000 0.000000 0.000000 0.000000 0.000000 0.000000 0.000000 0.000000 0.000000 0.000000 0.000000 0.000000 0.000000 0.000000 0.000000 0.363209 0.914115 2.248993 5.396763 11.940536 23.293449 41.865509 73.177094 125.231400 207.965347 331.520569 505.304626 743.728516 1070.495972 1498.899292 2027.704956 2670.162109 3425.046631 4291.507812 5251.981934 6307.407715 7458.803711 8664.131836 9961.425781 11283.055664 12552.837891 13587.586914 14328.489258 14236.353516 13593.205078 10977.045898 7444.013672
0.000000 0.000000 0.000000 0.000000 0.000000 0.000000 0.000000 0.000000 0.000000 0.000000 0.000000 0.000000 0.000000 0.000000 0.000000 0.000000 0.000000 0.000000 0.000000 0.364233 0.918306 2.255663 5.271160 11.459037 23.256609 43.792988 78.326874 133.934601 219.649323 348.984863 533.574829 780.046570 1101.894287 1523.155151 2029.780029 2612.775391 3308.969482 4093.793213 4968.341309 5953.335449 7027.451660 8162.490723 9385.839844 10647.295898 11735.990234 12638.045898 12906.873047 12667.957031 10519.181641 7607.766113
0.000000 0.000000 0.000000 0.000000 0.000000 0.000000 0.000000 0.000000 0.000000 0.000000 0.000000 0.000000 0.000000 0.000000 0.000000 0.000000 0.000000 0.000000 0.000000 0.000000 0.372138 0.928661 2.298419 5.566392 12.359556 24.752939 46.533043 83.847389 144.697128 235.986084 365.675964 548.056458 792.625916 1097.921875 1469.378052 1917.809204 2450.552734 3061.169922 3755.387207 4563.937500 5478.462891 6470.510742 7539.961426 8695.778320 9801.886719 10753.673828 11366.884766 11473.750977 9820.691406 7605.709961
0.000000 0.000000 0.000000 0.000000 0.000000 0.000000 0.000000 0.000000 0.000000 0.000000 0.000000 0.000000 0.000000 0.000000 0.000000 0.000000 0.000000 0.000000 0.000000 0.000000 0.000000 0.390029 0.950998 2.336253 5.712289 12.847268 26.081602 50.433762 90.876495 153.041260 243.720169 369.008209 535.613770 745.322693 999.857727 1319.163208 1695.568726 2147.201660 2684.768066 3307.997314 4050.173828 4876.261719 5797.751953 6816.092285 7866.505859 8850.860352 9652.433594 10054.346680 8901.772461 7374.429688
