tests/test_03/output0/CloudLoad_010.00hrs.dat
NCOLS    50
NROWS    50
XLLCORNER    -2289770.000
YLLCORNER     2591270.000
CELLSIZE        2000.000       2000.000
NODATA_VALUE  0.000
[rows 0 to 45 of 50, columns 0 to 49 of 50]
372.788 411.023 460.676 518.049 583.388 657.182 740.361 833.971 939.559 1059.627 1197.617 1358.922 1548.460 1770.095 2028.004 2329.092 2681.375 3089.841 3562.474 4115.912 4769.843 5536.505 6417.506 7417.130 8554.228 9864.699 11375.139 13075.861 14951.973 16997.673 19196.430 21502.392 23717.006 25805.244 27319.861 28462.072 28712.735 28420.903 27533.776 25412.425 22989.037 19640.322 16495.903 13177.248 10499.458 7718.107 5295.584 3525.954 2082.520 355.005
213.833 238.858 271.183 308.113 349.901 397.362 451.733 514.622 588.215 675.843 780.853 907.487 1059.202 1239.695 1455.685 1715.709 2024.485 2386.095 2816.747 3338.825 3964.933 4690.294 5519.599 6488.220 7637.945 8982.425 10504.127 12201.981 14110.485 16249.501 18589.851 21028.649 23364.318 25661.358 27434.197 28754.932 29197.823 29044.825 28283.833 26281.078 23982.599 20676.277 17463.419 14025.246 11225.307 8306.755 5736.094 3835.761 2298.833 411.361
155.789 175.294 200.399 229.055 261.604 298.947 342.411 393.777 455.460 530.806 622.991 734.901 869.622 1032.222 1230.286 1470.352 1756.111 2095.755 2507.704 3010.599 3607.047 4292.220 5087.981 6036.531 7170.840 8497.486 10004.030 11699.265 13619.281 15792.375 18201.526 20716.641 23144.926 25550.180 27573.670 29112.499 29826.807 29859.590 29252.363 27414.712 25228.452 21998.030 18719.256 15141.023 12164.963 9067.716 6308.146 4227.833 2571.415 486.428
87.829 100.573 116.871 135.571 157.127 182.536 213.253 251.155 298.819 359.367 435.559 528.791 642.602 783.939 959.726 1173.682 1430.779 1744.065 2131.356 2605.496 3161.846 3801.037 4560.018 5487.030 6607.606 7914.593 9397.310 11079.614 13008.100 15214.194 17693.374 20327.660 22875.733 25385.828 27643.876 29422.679 30450.953 30690.684 30238.175 28567.304 26476.085 23320.235 20005.377 16356.404 13164.743 9882.355 6929.453 4648.302 2866.475 575.329
49.685 57.668 67.777 79.694 94.136 111.989 134.805 164.207 202.151 250.808 312.117 388.482 485.304 609.329 764.024 952.153 1182.101 1469.982 1829.619 2261.023 2765.037 3365.379 4100.837 5001.524 6087.785 7364.934 8832.277 10506.499 12430.464 14649.398 17170.112 19913.835 22610.351 25213.408 27686.599 29667.975 31040.275 31518.592 31223.337 29714.771 27723.675 24631.931 21280.969 17650.383 14220.666 10737.471 7607.389 5101.239 3188.144 679.637
20.750 24.784 30.483 37.969 47.662 60.080 76.152 97.704 126.401 163.149 209.990 271.975 354.264 459.209 590.552 753.769 957.160 1212.931 1530.745 1917.616 2386.886 2959.257 3660.650 4519.998 5566.740 6817.780 8272.789 9940.010 11854.835 14069.365 16610.953 19423.223 22291.208 25032.317 27662.458 29859.107 31547.587 32270.495 32157.290 30813.246 28930.485 25929.399 22536.674 18975.430 15322.727 11631.332 8335.590 5581.891 3528.215 800.146
8.328 10.062 12.745 16.793 22.697 30.999 42.627 58.270 78.526 105.467 142.924 194.242 261.714 348.750 459.960 599.465 774.116 995.597 1277.052 1630.321 2068.275 2607.331 3268.924 4081.749 5079.933 6293.177 7731.963 9395.567 11297.487 13489.242 16019.079 18872.599 21866.145 24753.859 27555.807 29950.790 31907.543 32866.047 32973.710 31838.167 30063.752 27177.375 23769.614 20296.108 16456.562 12561.257 9106.063 6090.686 3889.112 937.756
3.234 4.001 5.328 7.523 10.982 16.243 23.583 33.708 48.176 69.150 98.703 139.021 193.002 264.013 355.388 471.104 618.259 808.959 1058.564 1381.300 1788.353 2292.678 2912.363 3676.297 4621.167 5785.818 7193.732 8843.477 10733.103 12894.800 15395.382 18256.043 21344.609 24347.742 27246.317 29887.601 32085.528 33298.364 33597.492 32767.471 31098.946 28367.612 24960.778 21589.567 17600.975 13520.659 9908.078 6624.880 4270.061 1096.478
1.197 1.579 2.313 3.548 5.487 8.433 12.989 20.148 31.323 47.537 69.948 100.638 142.394 198.177 271.471 367.050 492.020 657.722 879.615 1172.579 1547.273 2014.173 2590.962 3306.736 4199.583 5306.548 6660.680 8273.715 10140.597 12273.592 14732.182 17572.166 20698.038 23811.930 26781.216 29632.896 32065.078 33522.657 34019.892 33533.222 32002.776 29470.116 26101.612 22840.069 18733.791 14507.306 10742.683 7182.091 4671.449 1271.390
0.423 0.658 1.068 1.701 2.770 4.685 7.977 13.420 21.535 33.051 49.333 72.099 103.275 145.946 204.472 284.425 392.753 538.793 734.837 995.094 1333.191 1762.019 2299.724 2971.244 3809.847 4852.502 6136.925 7689.743 9514.833 11613.169 14022.651 16817.235 19930.989 23119.202 26179.105 29134.679 31742.892 33582.110 34248.085 34037.848 32701.276 30451.801 27162.679 24023.369 19835.909 15509.038 11602.721 7759.999 5094.076 1469.570
0.000 0.290 0.504 0.832 1.484 2.931 5.510 9.083 14.141 21.944 33.632 49.992 72.673 105.218 152.960 221.655 316.776 445.049 616.056 842.612 1142.101 1532.801 2032.129 2660.544 3443.524 4417.575 5622.855 7097.847 8861.090 10909.305 13260.795 15990.554 19068.575 22260.774 25424.720 28467.074 31187.285 33299.501 34257.767 34273.058 33155.259 31267.993 28120.328 25107.081 20914.319 16517.348 12492.909 8358.625 5529.302 1680.089
0.000 0.000 0.231 0.451 0.921 1.968 3.436 5.481 8.612 13.630 21.471 33.162 50.324 76.110 115.448 174.034 256.858 368.263 515.767 711.844 974.200 1324.925 1783.209 2366.198 3092.588 3995.521 5118.406 6503.766 8185.320 10169.057 12455.379 15096.750 18112.527 21284.642 24485.209 27604.222 30463.587 32753.329 33995.497 34299.591 33407.492 31735.893 28923.545 26067.378 21955.336 17514.187 13399.478 8984.514 5982.451 1912.212
0.000 0.000 0.000 0.275 0.574 0.946 1.636 3.022 5.149 8.168 13.295 22.325 36.537 57.651 89.442 137.463 207.125 302.593 429.279 598.734 828.354 1139.182 1552.202 2084.264 2752.191 3582.877 4621.353 5913.744 7499.948 9401.385 11613.250 14154.900 17065.757 20196.860 23395.176 26540.948 29542.423 31986.402 33468.040 34014.332 33519.696 31960.928 29465.940 26909.871 22939.050 18486.370 14308.347 9642.449 6450.509 2164.188
0.000 0.000 0.000 0.000 0.220 0.449 0.862 1.643 3.118 5.434 9.005 15.516 27.143 45.036 70.908 108.685 164.064 243.268 352.712 500.935 701.466 972.853 1336.885 1813.808 2422.932 3185.338 4139.451 5335.586 6818.140 8616.990 10738.222 13180.809 15952.772 18992.736 22185.387 25316.550 28409.162 31019.651 32709.172 33483.259 33355.483 32018.685 29774.524 27460.039 23817.995 19420.090 15215.241 10323.088 6931.401 2433.353
0.000 0.000 0.000 0.000 0.000 0.000 0.402 0.839 1.800 3.619 6.414 10.983 19.565 34.218 55.472 85.088 127.909 191.644 284.805 414.720 589.939 824.349 1138.415 1557.451 2105.480 2803.913 3678.809 4776.716 6147.820 7828.366 9836.047 12171.239 14806.987 17702.954 20850.810 23965.689 27074.353 29839.043 31721.515 32724.474 32981.158 31854.942 29805.327 27784.351 24525.151 20271.624 16081.401 11022.745 7423.420 2730.645
0.000 0.000 0.000 0.000 0.000 0.000 0.229 0.512 1.103 2.358 4.749 8.382 14.244 24.680 41.316 64.783 98.477 149.594 226.781 337.762 488.607 689.231 957.859 1320.208 1804.973 2439.639 3242.918 4245.684 5498.200 7047.530 8922.770 11135.188 13638.007 16391.560 19398.966 22498.296 25567.342 28445.876 30503.698 31705.828 32286.276 31468.784 29644.841 27858.416 24995.706 20998.395 16902.007 11739.916 7917.490 3037.590
0.000 0.000 0.000 0.000 0.000 0.000 0.000 0.323 0.710 1.513 3.216 6.169 10.398 17.161 29.082 48.124 75.810 116.665 178.093 268.533 395.495 567.071 797.579 1109.787 1532.054 2094.829 2825.072 3741.794 4878.331 6289.308 8019.625 10089.619 12445.438 15062.517 17914.853 20898.052 23930.475 26835.178 29070.601 30409.038 31280.552 30878.621 29283.648 27708.861 25254.652 21515.737 17634.231 12447.853 8404.269 3369.114
0.000 0.000 0.000 0.000 0.000 0.000 0.000 0.000 0.397 0.832 1.825 3.979 7.254 11.894 19.902 34.569 57.804 90.780 138.089 208.082 311.297 457.649 657.402 926.427 1290.402 1779.829 2425.617 3253.789 4289.812 5568.209 7144.060 9056.743 11249.931 13709.518 16414.006 19238.493 22176.837 25024.361 27424.590 28889.092 29971.114 30030.391 28733.694 27374.738 25287.634 21849.250 18252.598 13147.785 8877.475 3713.719
0.000 0.000 0.000 0.000 0.000 0.000 0.000 0.000 0.216 0.492 1.086 2.250 4.569 8.477 14.482 24.611 41.945 68.366 105.629 159.764 241.302 362.248 533.354 765.783 1077.825 1497.442 2057.439 2789.673 3723.888 4887.550 6313.340 8054.066 10065.869 12353.985 14874.131 17554.108 20345.476 23102.683 25560.779 27196.898 28429.449 28877.700 27980.280 26840.862 25134.782 21944.851 18691.756 13819.133 9330.097 4066.596
0.000 0.000 0.000 0.000 0.000 0.000 0.000 0.000 0.000 0.322 0.642 1.300 2.745 5.748 10.494 17.506 28.970 48.598 78.855 122.380 186.083 281.517 422.051 620.702 889.836 1248.859 1726.960 2362.507 3190.672 4238.534 5528.578 7087.034 8910.795 11014.646 13326.950 15843.490 18480.060 21110.871 23525.133 25326.299 26711.567 27453.578 27002.666 26112.266 24798.507 21843.017 18919.228 14420.552 9761.048 4439.434
0.000 0.000 0.000 0.000 0.000 0.000 0.000 0.000 0.000 0.000 0.404 0.810 1.669 3.426 6.669 11.982 19.947 33.247 55.948 91.739 143.622 217.880 327.845 489.161 718.204 1028.002 1438.012 1979.862 2695.450 3621.551 4779.340 6171.473 7799.392 9705.510 11811.517 14131.626 16593.866 19080.578 21406.874 23273.802 24840.423 25804.247 25787.641 25148.872 24269.568 21595.700 18949.233 14967.265 10165.227 4811.359
0.000 0.000 0.000 0.000 0.000 0.000 0.000 0.000 0.000 0.000 0.000 0.430 0.910 1.841 3.752 7.405 13.506 23.148 38.798 65.124 106.549 167.111 253.669 378.708 560.694 819.625 1175.840 1645.483 2255.084 3048.101 4062.562 5301.785 6750.316 8433.651 10327.561 12452.788 14695.018 17037.728 19282.613 21134.337 22802.826 23971.284 24341.646 23997.110 23468.615 21260.766 18799.416 15325.463 10524.737 5192.436
0.000 0.000 0.000 0.000 0.000 0.000 0.000 0.000 0.000 0.000 0.000 0.000 0.463 0.977 2.027 4.245 8.529 15.661 26.648 44.569 74.540 122.248 192.517 292.195 434.117 638.328 929.017 1331.482 1860.635 2535.083 3393.870 4464.819 5749.414 7234.974 8913.626 10807.201 12862.691 15006.503 17073.570 18985.004 20673.382 21966.542 22691.630 22713.462 22439.430 20792.214 18519.012 15531.821 10839.245 5577.387
0.000 0.000 0.000 0.000 0.000 0.000 0.000 0.000 0.000 0.000 0.000 0.000 0.000 0.462 1.109 2.367 4.805 9.487 17.761 30.799 51.134 84.092 137.034 216.982 331.291 492.431 722.128 1046.838 1490.007 2070.228 2800.669 3698.559 4806.771 6109.438 7601.709 9277.590 11127.072 13064.337 14938.306 16801.278 18524.750 19881.730 20898.018 21234.731 21238.141 20138.872 18104.433 15540.376 11074.356 5940.152
0.000 0.000 0.000 0.000 0.000 0.000 0.000 0.000 0.000 0.000 0.000 0.000 0.000 0.000 0.425 1.064 2.396 4.936 10.138 19.621 35.013 58.426 94.224 151.136 240.235 371.808 556.023 809.958 1160.733 1637.749 2259.293 3026.890 3956.868 5065.150 6378.397 7868.076 9478.610 11207.442 12913.070 14680.765 16350.676 17792.389 18965.623 19652.867 19903.356 19287.020 17577.064 15403.787 11242.404 6293.074
0.000 0.000 0.000 0.000 0.000 0.000 0.000 0.000 0.000 0.000 0.000 0.000 0.000 0.000 0.000 0.391 0.957 2.418 5.478 10.809 20.708 37.529 63.864 104.185 166.677 263.915 409.193 615.368 892.757 1263.688 1766.355 2415.158 3212.067 4151.104 5263.473 6571.672 7982.883 9474.655 11038.740 12666.389 14264.470 15754.064 17002.739 17963.780 18480.234 18288.731 16924.978 15132.437 11317.296 6619.077
0.000 0.000 0.000 0.000 0.000 0.000 0.000 0.000 0.000 0.000 0.000 0.000 0.000 0.000 0.000 0.000 0.375 0.919 2.286 5.565 11.001 20.620 38.715 68.834 114.424 182.360 284.721 439.298 661.956 965.225 1363.503 1875.591 2533.835 3340.034 4292.327 5389.077 6617.005 7931.443 9331.147 10813.763 12285.695 13761.342 15090.061 16211.944 16965.233 17133.084 16162.232 14743.221 11325.975 6923.023
0.000 0.000 0.000 0.000 0.000 0.000 0.000 0.000 0.000 0.000 0.000 0.000 0.000 0.000 0.000 0.000 0.000 0.365 0.900 2.198 5.423 11.791 22.262 40.350 71.142 120.424 195.534 307.245 469.866 704.663 1027.762 1444.731 1967.160 2623.652 3438.342 4353.823 5376.986 6513.602 7787.338 9088.177 10410.291 11833.728 13193.618 14416.737 15335.841 15819.801 15293.322 14259.389 11225.754 7196.881
0.000 0.000 0.000 0.000 0.000 0.000 0.000 0.000 0.000 0.000 0.000 0.000 0.000 0.000 0.000 0.000 0.000 0.000 0.363 0.914 2.249 5.397 11.941 23.293 41.866 73.177 125.232 207.966 331.521 505.305 743.729 1070.497 1498.901 2027.706 2670.164 3425.049 4291.510 5251.984 6307.411 7458.806 8664.134 9961.428 11283.057 12552.839 13587.587 14328.488 14236.351 13593.202 10977.043 7444.010
0.000 0.000 0.000 0.000 0.000 0.000 0.000 0.000 0.000 0.000 0.000 0.000 0.000 0.000 0.000 0.000 0.000 0.000 0.000 0.364 0.918 2.256 5.271 11.459 23.257 43.793 78.327 133.935 219.650 348.985 533.575 780.047 1101.895 1523.156 2029.782 2612.777 3308.972 4093.795 4968.344 5953.338 7027.454 8162.493 9385.841 10647.297 11735.990 12638.045 12906.871 12667.954 10519.178 7607.763
0.000 0.000 0.000 0.000 0.000 0.000 0.000 0.000 0.000 0.000 0.000 0.000 0.000 0.000 0.000 0.000 0.000 0.000 0.000 0.000 0.372 0.929 2.298 5.566 12.360 24.753 46.533 83.848 144.697 235.986 365.676 548.057 792.627 1097.923 1469.379 1917.810 2450.554 3061.171 3755.389 4563.939 5478.465 6470.512 7539.962 8695.779 9801.886 10753.673 11366.883 11473.748 9820.688 7605.707
0.000 0.000 0.000 0.000 0.000 0.000 0.000 0.000 0.000 0.000 0.000 0.000 0.000 0.000 0.000 0.000 0.000 0.000 0.000 0.000 0.000 0.390 0.951 2.336 5.712 12.847 26.082 50.434 90.877 153.041 243.720 369.009 535.614 745.323 999.858 1319.164 1695.570 2147.203 2684.769 3307.998 4050.175 4876.263 5797.753 6816.093 7866.506 8850.860 9652.432 10054.344 8901.770 7374.426
0.000 0.000 0.000 0.000 0.000 0.000 0.000 0.000 0.000 0.000 0.000 0.000 0.000 0.000 0.000 0.000 0.000 0.000 0.000 0.000 0.000 0.000 0.443 1.060 2.551 6.061 13.710 28.340 53.438 92.427 148.530 225.728 326.995 452.918 611.833 812.077 1061.413 1368.403 1745.515 2207.201 2771.529 3437.697 4184.898 5040.076 5961.912 6955.338 7802.647 8437.099 7819.069 6892.351
0.000 0.000 0.000 0.000 0.000 0.000 0.000 0.000 0.000 0.000 0.000 0.000 0.000 0.000 0.000 0.000 0.000 0.000 0.000 0.000 0.000 0.000 0.249 0.577 1.342 3.091 6.986 14.447 27.473 47.251 75.877 115.083 166.496 232.482 316.780 427.902 573.702 766.491 1013.278 1328.402 1728.181 2219.721 2795.174 3456.606 4221.252 5105.920 5968.613 6720.300 6618.090 6180.841
0.000 0.000 0.000 0.000 0.000 0.000 0.000 0.000 0.000 0.000 0.000 0.000 0.000 0.000 0.000 0.000 0.000 0.000 0.000 0.000 0.000 0.000 0.000 0.366 0.824 1.742 3.620 7.221 13.178 22.335 35.594 54.231 80.330 115.863 164.254 228.572 313.669 425.395 572.247 767.640 1024.101 1351.160 1761.312 2242.097 2809.696 3503.525 4285.363 5028.040 5300.446 5346.650
0.000 0.000 0.000 0.000 0.000 0.000 0.000 0.000 0.000 0.000 0.000 0.000 0.000 0.000 0.000 0.000 0.000 0.000 0.000 0.000 0.000 0.000 0.000 0.254 0.551 1.111 2.133 3.961 7.047 11.854 18.951 28.993 43.153 63.633 92.239 132.454 186.709 256.751 350.510 477.284 641.243 850.631 1120.900 1445.804 1837.695 2328.401 2901.344 3567.795 4037.373 4442.659
0.000 0.000 0.000 0.000 0.000 0.000 0.000 0.000 0.000 0.000 0.000 0.000 0.000 0.000 0.000 0.000 0.000 0.000 0.000 0.000 0.000 0.000 0.000 0.000 0.380 0.743 1.382 2.468 4.228 7.012 11.294 17.577 26.661 39.709 57.778 83.222 117.460 162.336 224.659 307.956 412.909 549.334 729.002 957.030 1234.598 1576.145 1979.469 2493.593 2925.327 3508.477
0.000 0.000 0.000 0.000 0.000 0.000 0.000 0.000 0.000 0.000 0.000 0.000 0.000 0.000 0.000 0.000 0.000 0.000 0.000 0.000 0.000 0.000 0.000 0.000 0.265 0.513 0.938 1.669 2.866 4.689 7.443 11.578 17.721 26.557 38.893 55.775 78.261 109.413 153.335 212.135 287.012 382.276 508.236 668.684 855.693 1088.131 1367.760 1735.867 2057.056 2636.829
0.000 0.000 0.000 0.000 0.000 0.000 0.000 0.000 0.000 0.000 0.000 0.000 0.000 0.000 0.000 0.000 0.000 0.000 0.000 0.000 0.000 0.000 0.000 0.000 0.000 0.363 0.662 1.163 2.018 3.361 5.380 8.462 12.916 19.394 28.407 40.548 56.653 78.806 108.843 148.750 200.639 268.670 358.333 468.550 601.942 767.568 962.186 1220.139 1442.881 1926.219
0.000 0.000 0.000 0.000 0.000 0.000 0.000 0.000 0.000 0.000 0.000 0.000 0.000 0.000 0.000 0.000 0.000 0.000 0.000 0.000 0.000 0.000 0.000 0.000 0.000 0.271 0.504 0.877 1.542 2.561 4.093 6.415 9.777 14.574 21.300 30.191 41.874 57.474 77.540 105.025 142.133 191.048 252.600 331.527 429.021 545.840 674.645 847.020 999.894 1354.869
0.000 0.000 0.000 0.000 0.000 0.000 0.000 0.000 0.000 0.000 0.000 0.000 0.000 0.000 0.000 0.000 0.000 0.000 0.000 0.000 0.000 0.000 0.000 0.000 0.000 0.214 0.402 0.704 1.199 1.970 3.152 4.893 7.432 10.992 15.872 22.382 31.034 42.139 56.476 76.046 102.257 134.732 173.276 226.204 293.998 377.663 470.096 591.808 697.966 943.500
0.000 0.000 0.000 0.000 0.000 0.000 0.000 0.000 0.000 0.000 0.000 0.000 0.000 0.000 0.000 0.000 0.000 0.000 0.000 0.000 0.000 0.000 0.000 0.000 0.000 0.000 0.322 0.570 0.942 1.518 2.378 3.700 5.629 8.261 11.831 16.525 22.516 30.352 40.547 54.015 71.099 92.449 118.189 152.917 198.268 255.527 319.963 404.377 477.374 641.169
0.000 0.000 0.000 0.000 0.000 0.000 0.000 0.000 0.000 0.000 0.000 0.000 0.000 0.000 0.000 0.000 0.000 0.000 0.000 0.000 0.000 0.000 0.000 0.000 0.000 0.000 0.256 0.453 0.751 1.195 1.837 2.767 4.063 5.864 8.331 11.660 16.002 21.705 29.161 38.317 49.378 63.553 80.599 102.636 130.659 167.454 210.068 264.141 312.164 421.189
0.000 0.000 0.000 0.000 0.000 0.000 0.000 0.000 0.000 0.000 0.000 0.000 0.000 0.000 0.000 0.000 0.000 0.000 0.000 0.000 0.000 0.000 0.000 0.000 0.000 0.000 0.208 0.356 0.577 0.898 1.373 2.023 2.930 4.228 6.003 8.323 11.308 15.143 20.038 25.962 33.122 42.422 53.537 66.772 84.038 107.265 134.789 169.637 201.130 268.675
0.000 0.000 0.000 0.000 0.000 0.000 0.000 0.000 0.000 0.000 0.000 0.000 0.000 0.000 0.000 0.000 0.000 0.000 0.000 0.000 0.000 0.000 0.000 0.000 0.000 0.000 0.000 0.270 0.439 0.686 1.013 1.450 2.085 2.983 4.177 5.735 7.775 10.414 13.716 17.719 22.219 27.312 33.428 40.916 50.323 62.549 77.383 94.673 111.024 148.425
0.000 0.000 0.000 0.000 0.000 0.000 0.000 0.000 0.000 0.000 0.000 0.000 0.000 0.000 0.000 0.000 0.000 0.000 0.000 0.000 0.000 0.000 0.000 0.000 0.000 0.000 0.000 0.212 0.339 0.508 0.736 1.045 1.446 1.969 2.683 3.623 4.834 6.357 8.185 10.313 12.743 15.577 19.269 23.725 28.980 35.744 43.913 53.490 64.291 89.808
