tests/test_03/output0/CloudConcentration_010.00hrs.dat
NCOLS    50
NROWS    50
XLLCORNER    -2289770.000
YLLCORNER     2591270.000
CELLSIZE        2000.000       2000.000
NODATA_VALUE -9999.
[rows 0 to 32 of 50, columns 0 to 49 of 50]
372.786591 411.021149 460.673157 518.045471 583.382996 657.173706 740.347839 833.951233 939.527100 1059.574341 1197.531250 1358.776489 1548.196045 1769.601318 2027.104980 2327.415527 2678.116455 3083.964600 3552.598389 4099.395996 4741.534180 5488.451172 6339.369141 7294.001953 8361.025391 9560.837891 10900.654297 12348.724609 13859.696289 15375.960938 16793.570312 17943.125000 18479.128906 18289.533203 17483.558594 16040.174805 14426.509766 13274.000977 13261.969727 11996.135742 10429.506836 8545.660156 7600.605469 6610.648926 5178.802246 3481.482666 2711.379395 1959.446777 1034.531738 210.615189
213.833282 238.857834 271.182495 308.113007 349.900513 397.361450 451.732910 514.620667 588.213257 675.839355 780.844055 907.467957 1059.160034 1239.598267 1455.464233 1715.186646 2023.153320 2383.427490 2811.877930 3329.369873 3946.380615 4657.598633 5465.873535 6400.329590 7491.284180 8738.072266 10110.044922 11589.380859 13173.835938 14815.666992 16391.755859 17680.248047 18327.578125 18295.322266 17624.207031 16249.015625 14677.210938 13550.139648 13592.247070 12395.089844 10871.451172 8980.653320 8029.127441 7015.237305 5523.978516 3744.102539 2933.134033 2127.610352 1136.460938 244.598526
155.788513 175.293839 200.399200 229.055130 261.604004 298.947327 342.411285 393.776459 455.458862 530.804016 622.986877 734.891357 869.599548 1032.167603 1230.155029 1470.024536 1755.233887 2093.926270 2504.109375 3003.058105 3591.637695 4265.250000 5043.325195 5961.077637 7040.428223 8275.524414 9642.364258 11130.997070 12737.303711 14419.536133 16069.235352 17443.757812 18195.255859 18267.392578 17772.439453 16502.339844 14999.182617 13911.131836 14021.738281 12907.544922 11428.980469 9532.865234 8577.515625 7545.470703 5974.053711 4086.690430 3218.395020 2340.911865 1261.604126 289.373627
87.829300 100.573120 116.870865 135.570541 157.126465 182.536301 213.252533 251.154495 298.818573 359.365936 435.556671 528.785889 642.588745 783.904175 959.638367 1173.459473 1430.225708 1742.842896 2128.790527 2599.687744 3149.984131 3780.489258 4524.971191 5424.627441 6494.982422 7718.328125 9072.726562 10560.796875 12185.737305 13908.208984 15634.986328 17137.335938 18014.626953 18183.058594 17857.814453 16716.046875 15314.380859 14280.164062 14458.178711 13423.587891 11983.932617 10078.395508 9130.948242 8128.896973 6451.063965 4454.541992 3529.890381 2570.322754 1395.502319 342.656219
49.685257 57.668346 67.776489 79.693985 94.135841 111.989082 134.805069 164.206451 202.151108 250.807098 312.116241 388.478394 485.295258 609.303955 763.958557 951.985718 1181.694336 1469.045044 1827.580688 2256.471680 2755.859863 3348.706299 4070.337402 4945.791504 5986.788086 7186.848633 8531.868164 10018.093750 11647.509766 13392.417969 15167.300781 16784.130859 17822.398438 18090.414062 17937.935547 16921.865234 15622.659180 14646.348633 14894.061523 13934.748047 12535.064453 10615.357422 9662.294922 8759.387695 6950.600586 4842.628906 3872.631348 2815.785645 1540.790894 405.202087
20.749825 24.784416 30.482788 37.968815 47.661751 60.079967 76.151489 97.703972 126.400932 163.149185 209.989380 271.972870 354.257721 459.190430 590.501770 753.644287 956.866516 1212.261719 1529.276855 1914.490112 2380.044922 2945.317383 3634.260498 4471.524414 5478.011230 6657.050781 7993.587402 9477.391602 11107.356445 12862.445312 14669.027344 16354.704102 17565.312500 17986.156250 17972.548828 17108.689453 15898.426758 14971.222656 15306.811523 14423.339844 13064.637695 11144.585938 10172.056641 9405.337891 7467.477539 5249.178711 4242.304688 3075.251465 1692.786499 478.027740
8.327930 10.062287 12.745459 16.793085 22.696566 30.998543 42.626987 58.270412 78.525604 105.466774 142.923782 194.240082 261.709778 348.737457 459.925262 599.377319 773.903809 995.103943 1275.948608 1627.914551 2062.765869 2595.012451 3245.179932 4038.108887 5000.126465 6146.789551 7470.598145 8952.435547 10576.796875 12327.032227 14141.563477 15876.045898 17210.013672 17787.324219 17943.222656 17261.398438 16122.537109 15210.835938 15655.716797 14890.193359 13556.834961 11648.529297 10663.303711 10048.610352 7994.390137 5671.698730 4633.171875 3348.180908 1853.028687 561.863037
3.234491 4.001147 5.328132 7.522792 10.981524 16.242605 23.582899 33.707710 48.175533 69.150352 98.702690 139.020447 192.999542 264.005737 355.368408 471.053741 618.131165 808.643677 1057.796875 1379.468750 1784.009888 2282.161133 2891.156006 3637.016113 4549.055664 5652.613770 6951.259766 8422.411133 10037.860352 11773.868164 13584.350586 15344.741211 16779.310547 17476.341797 17746.466797 17329.189453 16253.346680 15366.475586 15891.681641 15328.219727 14005.240234 12121.250000 11130.414062 10674.353516 8523.408203 6105.500977 5038.519531 3633.278320 2020.495972 659.580811
1.197043 1.579129 2.313021 3.548144 5.487119 8.432650 12.988546 20.147593 31.322577 47.536995 69.947624 100.638107 142.392746 198.173828 271.460022 367.018250 491.933136 657.490234 879.013306 1171.077637 1543.676758 2005.498291 2572.204590 3271.082520 4133.592773 5184.610352 6437.270020 7877.981445 9474.178711 11192.245117 12988.100586 14759.407227 16251.518555 17071.367188 17423.458984 17233.441406 16278.874023 15418.921875 16015.746094 15685.440430 14401.800781 12557.412109 11567.315430 11264.787109 9047.294922 6545.623047 5457.586914 3929.160400 2196.350830 767.444336
0.423231 0.657570 1.067651 1.701462 2.770091 4.684842 7.976860 13.419716 21.535248 33.050774 49.333099 72.098450 103.274300 145.943726 204.464081 284.401642 392.684326 538.602966 734.334290 993.827332 1330.177368 1755.124756 2283.743164 2938.932129 3749.348145 4740.904785 5932.128906 7321.577148 8881.702148 10571.916016 12344.549805 14111.598633 15626.241211 16543.224609 16997.759766 16946.349609 16164.154297 15402.097656 16044.797852 15885.561523 14719.824219 12934.755859 11965.742188 11800.813477 9557.033203 6987.362305 5885.872559 4233.894043 2381.531494 889.562073
0.000000 0.289692 0.504338 0.831753 1.484300 2.931412 5.509976 9.083154 14.140821 21.943752 33.631607 49.991459 72.672836 105.215996 152.953552 221.635056 316.718231 444.888550 615.634583 841.553711 1139.582520 1527.086792 2019.066040 2631.896729 3388.447510 4315.711914 5435.700195 6758.065430 8265.151367 9912.088867 11647.262695 13393.501953 14920.708008 15877.145508 16460.201172 16519.949219 15882.505859 15194.263672 15961.300781 15924.632812 14911.563477 13229.093750 12321.155273 12260.703125 10047.006836 7425.026367 6323.007324 4545.904297 2572.640137 1018.984741
0.000000 0.000000 0.231406 0.451177 0.921335 1.967524 3.436418 5.481298 8.612083 13.629916 21.471066 33.161488 50.323650 76.108704 115.442474 174.018600 256.811859 368.135498 515.431580 710.999329 972.164612 1320.223755 1772.567627 2341.548340 3043.041504 3903.050781 4947.873535 6192.023438 7629.447266 9220.305664 10901.545898 12602.114258 14128.023438 15119.623047 15776.293945 15940.744141 15478.475586 14859.595703 15728.895508 15835.155273 14978.094727 13362.375977 12607.163086 12629.261719 10508.858398 7847.936035 6764.667480 4865.398926 2774.147217 1160.799561
0.000000 0.000000 0.000000 0.274557 0.574449 0.945752 1.636434 3.022239 5.148561 8.168159 13.295458 22.324436 36.536579 57.650429 89.438232 137.451797 207.092041 302.498047 429.024323 598.078918 826.737549 1135.338135 1543.361084 2063.740479 2708.254150 3499.231689 4466.184082 5628.383301 6984.704590 8503.974609 10119.286133 11752.274414 13244.689453 14270.190430 14979.171875 15202.718750 14938.639648 14426.836914 15368.231445 15563.945312 14968.501953 13383.164062 12773.480469 12921.904297 10932.039062 8252.022461 7206.998535 5192.896973 2984.601807 1313.776123
0.000000 0.000000 0.000000 0.000000 0.220359 0.449172 0.861708 1.642986 3.118251 5.434466 9.005123 15.516328 27.142977 45.035622 70.905724 108.677536 164.041351 243.199707 352.519897 500.425079 700.169312 969.691467 1329.494751 1797.093506 2385.037842 3109.642578 3997.971436 5074.179199 6341.689941 7773.473633 9307.610352 10859.606445 12283.750977 13314.110352 14094.359375 14344.607422 14239.604492 13900.676758 14892.315430 15174.175781 14779.755859 13294.064453 12833.372070 13024.625000 11289.455078 8623.086914 7642.746094 5527.456055 3204.065674 1475.595581
0.000000 0.000000 0.000000 0.000000 0.000000 0.000000 0.402488 0.838898 1.799821 3.618773 6.414423 10.982990 19.565008 34.217236 55.470695 85.083397 127.892860 191.594086 284.658752 414.317627 588.891235 821.742737 1132.236328 1543.468384 2073.992920 2736.353271 3548.892822 4536.130371 5707.094727 7039.471191 8475.840820 9933.613281 11266.796875 12273.072266 13108.960938 13400.529297 13394.513672 13281.627930 14302.044922 14672.639648 14466.125977 13109.056641 12758.109375 13012.247070 11565.291016 8943.935547 8053.810059 5863.742676 3431.909912 1650.401367
0.000000 0.000000 0.000000 0.000000 0.000000 0.000000 0.229166 0.511732 1.102826 2.358061 4.749295 8.381904 14.244060 24.679892 41.315060 64.779343 98.464630 149.554962 226.667221 337.444794 487.765686 687.109436 952.744446 1308.421997 1778.756104 2380.859131 3123.706055 4022.315430 5089.502441 6311.742188 7638.050293 8988.318359 10219.519531 11205.625000 12023.329102 12379.548828 12442.181641 12572.527344 13597.778320 14044.903320 13989.455078 12815.798828 12618.230469 12839.138672 11699.904297 9196.929688 8434.958984 6198.442871 3663.135498 1828.732666
0.000000 0.000000 0.000000 0.000000 0.000000 0.000000 0.000000 0.322598 0.709703 1.513063 3.215886 6.168502 10.398292 17.160976 29.081104 48.121067 75.800751 116.635796 178.005585 268.285339 394.828186 565.359924 793.373352 1099.840698 1509.483887 2044.652954 2717.929688 3533.374756 4496.696289 5603.266113 6811.596680 8044.000000 9154.608398 10113.213867 10913.502930 11267.069336 11428.927734 11770.278320 12793.817383 13289.788086 13326.833008 12427.819336 12385.638672 12577.554688 11702.322266 9328.985352 8772.603516 6521.635254 3892.737061 2014.000488
0.000000 0.000000 0.000000 0.000000 0.000000 0.000000 0.000000 0.000000 0.397238 0.832047 1.824787 3.978893 7.253723 11.893546 19.901140 34.567234 57.797176 90.759476 138.024841 207.893738 310.772217 456.263916 653.909485 917.965454 1270.732300 1736.135742 2331.302490 3062.987793 3930.680420 4924.331543 6011.191895 7120.647461 8106.433105 9001.874023 9790.139648 10131.399414 10359.716797 10832.870117 11898.568359 12442.019531 12494.639648 11927.355469 12061.494141 12229.118164 11543.033203 9368.483398 9046.712891 6829.663574 4117.416016 2198.946533
0.000000 0.000000 0.000000 0.000000 0.000000 0.000000 0.000000 0.000000 0.216034 0.492235 1.086086 2.250222 4.568931 8.476613 14.481339 24.609467 41.940456 68.351715 105.582268 159.620911 240.889145 361.122681 530.439697 758.562744 1060.601929 1458.316528 1974.076904 2618.854980 3391.348145 4277.315918 5245.451660 6231.788574 7092.849121 7914.337402 8612.468750 8998.562500 9265.337891 9857.835938 10897.602539 11528.676758 11573.531250 11278.772461 11576.248047 11804.608398 11267.044922 9284.330078 9223.657227 7118.768555 4334.919434 2379.286621
0.000000 0.000000 0.000000 0.000000 0.000000 0.000000 0.000000 0.000000 0.000000 0.322085 0.642424 1.299943 2.744523 5.747931 10.493260 17.504507 28.966408 48.586235 78.819199 122.268356 185.756119 280.601715 419.620880 614.566895 874.934753 1214.010376 1652.327271 2209.871582 2888.872314 3669.389404 4512.947754 5367.992676 6128.944824 6869.429688 7454.476074 7863.783203 8178.354492 8880.494141 9857.408203 10515.115234 10614.143555 10499.125977 10987.082031 11290.505859 10887.504883 9086.233398 9279.057617 7371.084473 4545.811035 2544.358398
0.000000 0.000000 0.000000 0.000000 0.000000 0.000000 0.000000 0.000000 0.000000 0.000000 0.403542 0.810175 1.668852 3.426050 6.669121 11.980620 19.944307 33.237221 55.918213 91.650192 143.361023 217.140076 325.842957 484.009003 705.549622 997.891968 1371.045166 1842.277710 2423.232178 3100.864014 3831.825439 4553.578125 5222.732422 5878.834473 6363.194336 6760.413574 7094.417969 7907.489746 8803.636719 9401.871094 9632.604492 9630.261719 10310.829102 10671.614258 10388.647461 8823.315430 9192.873047 7598.270508 4748.075684 2704.083984
0.000000 0.000000 0.000000 0.000000 0.000000 0.000000 0.000000 0.000000 0.000000 0.000000 0.000000 0.430119 0.909745 1.841324 3.751518 7.404669 13.503942 23.140545 38.774338 65.053764 106.341644 166.519730 252.045410 374.446899 550.063293 794.327332 1117.381104 1520.618042 2007.688477 2577.204590 3198.103760 3806.631104 4385.979980 4945.125977 5337.831543 5714.436523 6084.170898 6961.064453 7782.439941 8273.297852 8607.311523 8804.741211 9564.078125 9951.832031 9753.418945 8593.802734 8963.094727 7684.893555 4933.439453 2862.423828
0.000000 0.000000 0.000000 0.000000 0.000000 0.000000 0.000000 0.000000 0.000000 0.000000 0.000000 0.000000 0.462826 0.977271 2.026762 4.244444 8.526721 15.654560 26.629053 44.513649 74.376671 121.779709 191.216003 288.726044 425.301544 617.018555 879.408630 1221.456543 1636.851685 2109.450195 2616.095947 3111.637695 3611.753906 4067.800781 4410.190430 4736.998535 5266.943359 6053.379395 6732.006836 7208.182129 7558.850586 8049.299805 8814.642578 9143.933594 9026.332031 8367.541992 8645.954102 7668.257324 5099.276855 3012.086426
0.000000 0.000000 0.000000 0.000000 0.000000 0.000000 0.000000 0.000000 0.000000 0.000000 0.000000 0.000000 0.000000 0.461625 1.108867 2.366090 4.803863 9.482190 17.745399 30.753412 51.003380 83.721779 136.006256 214.210281 324.095947 474.579895 679.933655 952.618225 1293.876831 1687.556519 2100.934326 2495.011963 2906.122803 3271.882568 3586.177490 3880.259033 4492.430664 5189.195801 5729.358887 6203.313965 6552.158691 7242.176758 8043.684082 8301.173828 8259.184570 8064.330566 8280.790039 7469.719727 5237.074707 3157.253662
0.000000 0.000000 0.000000 0.000000 0.000000 0.000000 0.000000 0.000000 0.000000 0.000000 0.000000 0.000000 0.000000 0.000000 0.424548 1.063293 2.394227 4.931461 10.124826 19.582689 34.905197 58.129093 93.411949 148.944595 234.453705 357.126740 520.498474 729.866150 993.225830 1304.187500 1635.886719 1966.531494 2297.980225 2572.274414 2854.539062 3190.596191 3785.970947 4355.722168 4815.198730 5248.357910 5625.039551 6458.048828 7207.532715 7483.394531 7486.038574 7629.256836 7857.045410 7183.692871 5337.301270 3266.723145
0.000000 0.000000 0.000000 0.000000 0.000000 0.000000 0.000000 0.000000 0.000000 0.000000 0.000000 0.000000 0.000000 0.000000 0.000000 0.390450 0.956006 2.414423 5.466707 10.775777 20.615686 37.280994 63.204929 102.436188 162.067108 252.078857 380.190430 547.955872 750.072205 978.989624 1229.522583 1497.263062 1768.678467 1992.830688 2214.392334 2620.360107 3134.539551 3578.318848 3994.292725 4375.374023 4974.565430 5704.614258 6287.549316 6673.894043 6748.354980 7144.537598 7426.050781 6823.972168 5403.290527 3331.356201
0.000000 0.000000 0.000000 0.000000 0.000000 0.000000 0.000000 0.000000 0.000000 0.000000 0.000000 0.000000 0.000000 0.000000 0.000000 0.000000 0.374529 0.916106 2.276484 5.536408 10.921184 20.406986 38.158901 67.394501 110.720528 172.957062 261.435150 383.850891 541.536804 723.216003 907.768494 1103.599609 1304.990601 1501.922241 1718.771973 2117.970947 2531.911865 2903.720459 3264.800293 3679.120605 4353.632812 4945.802246 5438.098145 5860.370605 6024.503418 6612.716797 6915.193359 6426.529297 5435.031738 3368.346436
0.000000 0.000000 0.000000 0.000000 0.000000 0.000000 0.000000 0.000000 0.000000 0.000000 0.000000 0.000000 0.000000 0.000000 0.000000 0.000000 0.000000 0.362314 0.891799 2.173969 5.354445 11.607688 21.787275 39.147217 68.119522 112.900757 177.054214 262.703094 370.454620 500.897705 645.609436 802.239136 941.930725 1087.677368 1349.412109 1681.861450 1994.751465 2317.897705 2637.265381 3165.838379 3733.996826 4222.235352 4674.993652 5065.683594 5502.354492 6099.727539 6328.285645 5998.067871 5410.559570 3395.558838
0.000000 0.000000 0.000000 0.000000 0.000000 0.000000 0.000000 0.000000 0.000000 0.000000 0.000000 0.000000 0.000000 0.000000 0.000000 0.000000 0.000000 0.000000 0.356267 0.893607 2.191473 5.243027 11.546294 22.311468 39.447163 67.193169 110.487297 172.336472 250.681259 339.239014 435.908875 545.740417 659.092651 794.969849 1030.849976 1293.060181 1552.672119 1807.753174 2164.131592 2650.752441 3115.574463 3541.325439 3943.814941 4316.941406 4916.199707 5499.010254 5702.544434 5532.178223 5280.814453 3428.776855
0.000000 0.000000 0.000000 0.000000 0.000000 0.000000 0.000000 0.000000 0.000000 0.000000 0.000000 0.000000 0.000000 0.000000 0.000000 0.000000 0.000000 0.000000 0.000000 0.346827 0.869807 2.127266 4.945658 10.661079 21.327721 39.108391 66.685471 105.053772 155.661102 217.179489 288.393372 361.587555 438.407959 587.812378 772.416443 959.623230 1164.271484 1375.095581 1739.741333 2132.385254 2507.611572 2870.735352 3212.797852 3660.446533 4256.466309 4771.904785 5038.158203 4982.263184 5002.757812 3433.928711
0.000000 0.000000 0.000000 0.000000 0.000000 0.000000 0.000000 0.000000 0.000000 0.000000 0.000000 0.000000 0.000000 0.000000 0.000000 0.000000 0.000000 0.000000 0.000000 0.000000 0.331164 0.820799 2.026598 4.903917 10.776544 20.973194 37.379326 61.689262 93.611870 131.983780 176.693375 227.637283 304.644012 415.947113 545.573914 685.557800 827.732117 1034.666626 1315.069824 1618.010010 1912.478882 2208.604980 2507.381348 3014.019287 3529.680664 3960.813965 4285.123535 4344.107422 4549.709961 3390.811035
0.000000 0.000000 0.000000 0.000000 0.000000 0.000000 0.000000 0.000000 0.000000 0.000000 0.000000 0.000000 0.000000 0.000000 0.000000 0.000000 0.000000 0.000000 0.000000 0.000000 0.000000 0.302310 0.730852 1.802447 4.450681 9.894063 19.090652 33.519611 52.429562 76.496750 104.389381 137.606323 198.733734 273.798096 355.601135 445.475342 542.067688 714.212646 914.203308 1128.347290 1353.804199 1584.406982 1931.792236 2347.467285 2755.612061 3142.987549 3492.998291 3736.097412 4010.942139 3240.732422
0.000000 0.000000 0.000000 0.000000 0.000000 0.000000 0.000000 0.000000 0.000000 0.000000 0.000000 0.000000 0.000000 0.000000 0.000000 0.000000 0.000000 0.000000 0.000000 0.000000 0.000000 0.000000 0.265123 0.631150 1.541798 3.733177 8.435788 16.091888 26.389170 39.690113 54.400318 78.507576 112.597092 152.551697 197.652359 245.229309 329.082489 437.497589 562.202271 705.046692 859.425781 1098.457153 1382.785400 1688.753174 2016.542480 2349.037109 2687.944092 3137.868408 3400.797119 2973.562256
