tests/test_03/output0/CloudConcentration_005.00hrs.dat
NCOLS    50
NROWS    50
XLLCORNER    -2289770.000
YLLCORNER     2591270.000
CELLSIZE        2000.000       2000.000
NODATA_VALUE -9999.
[rows 0 to 29 of 50, columns 0 to 49 of 50]
0.000000 0.000000 0.000000 0.000000 0.000000 0.000000 0.000000 0.186373 1.166968 6.756811 36.643387 182.871078 915.356323 4757.068359 10625.658203 17475.501953 24717.796875 31215.560547 37300.937500 41147.746094 42846.273438 43212.945312 43910.191406 48925.550781 53076.230469 54600.519531 54386.832031 51422.183594 48112.097656 50908.250000 52249.890625 48158.957031 42299.289062 32906.941406 26635.449219 20142.509766 13266.792969 6001.542969 2330.783447 504.430969 63.789562 9.652831 1.518138 0.241082 0.000000 0.000000 0.000000 0.000000 0.000000 0.000000
0.000000 0.000000 0.000000 0.000000 0.000000 0.000000 0.172204 1.101223 6.568836 37.238838 199.524429 1115.316284 5271.304688 11251.961914 17853.232422 25529.191406 33512.308594 41151.308594 46436.652344 49967.128906 50972.925781 50520.613281 49839.562500 48544.046875 53148.304688 57666.667969 60539.882812 60653.093750 57564.437500 54064.593750 59466.828125 61552.796875 56621.175781 48762.316406 39603.414062 33170.203125 25745.750000 16719.310547 6653.148926 2412.951416 472.806641 63.899128 9.591198 1.506144 0.233905 0.000000 0.000000 0.000000 0.000000 0.000000
0.000000 0.000000 0.000000 0.000000 0.000000 0.177788 1.147030 7.100988 42.051594 243.950302 1528.562866 6840.949219 14073.576172 21269.431641 28147.292969 34540.367188 43400.582031 50252.503906 53851.769531 55190.679688 55713.328125 55981.679688 54920.082031 53178.890625 51861.515625 55615.492188 60458.238281 63079.777344 65789.546875 64705.492188 61683.078125 67847.773438 71268.375000 68089.648438 57537.082031 47832.210938 41315.914062 31967.513672 19616.974609 7698.721680 2661.567871 444.540314 63.369564 9.497525 1.470724 0.222748 0.000000 0.000000 0.000000 0.000000
0.000000 0.000000 0.000000 0.000000 0.188015 1.192867 7.485246 46.357899 288.388062 1914.078857 8257.860352 16875.982422 25530.621094 33393.671875 40526.410156 45927.828125 48619.960938 51065.769531 53273.000000 54210.371094 54517.511719 54321.437500 54145.460938 53561.488281 52081.226562 50486.269531 54334.066406 60475.785156 64236.308594 67270.164062 67423.750000 66284.726562 73854.750000 79887.218750 77889.437500 65495.925781 58386.945312 49487.367188 37856.039062 22897.869141 9127.879883 2685.564209 441.128021 61.355556 9.218138 1.412753 0.211262 0.000000 0.000000 0.000000
0.000000 0.000000 0.000000 0.201236 1.251138 7.806549 49.430046 326.239716 2249.204346 9209.236328 18690.460938 28254.318359 37684.851562 46017.812500 51441.839844 52829.085938 52309.578125 50250.476562 46830.929688 45487.917969 45652.480469 46494.210938 47390.875000 47443.414062 47672.988281 47283.203125 46095.953125 48655.484375 57568.929688 63717.160156 67065.343750 67585.140625 69550.773438 79998.718750 85622.960938 83987.570312 72952.914062 69262.273438 57148.117188 42279.730469 24904.541016 9995.460938 2805.847412 425.973816 58.652931 8.837100 1.351795 0.203047 0.000000 0.000000
0.000000 0.000000 0.208346 1.293082 8.048455 51.606747 354.198883 2398.421387 9309.407227 19068.236328 29269.449219 39730.218750 48593.156250 53675.535156 55282.652344 54563.843750 51037.398438 45656.207031 40777.890625 36697.960938 33548.675781 31854.947266 33270.546875 34959.449219 36678.281250 38003.289062 39367.035156 39728.531250 40210.683594 50303.636719 58878.359375 64612.351562 66283.460938 73381.820312 83970.359375 90018.804688 88281.320312 81747.250000 78435.156250 62427.226562 45413.945312 25530.617188 10907.373047 2846.881592 392.101288 55.151714 8.398821 1.301642 0.197640 0.000000
0.000000 0.206538 1.295538 8.136497 52.835258 371.179474 2386.310791 8861.532227 17937.173828 28007.646484 38547.492188 47973.843750 52789.765625 54702.234375 53548.195312 47679.167969 40592.488281 34668.058594 30441.976562 27538.136719 24982.777344 22800.550781 21159.878906 21311.496094 23229.259766 25634.833984 27885.552734 29787.974609 30453.542969 31882.251953 40886.437500 50701.640625 58473.398438 62005.683594 75579.054688 86113.992188 90480.570312 89768.820312 91839.937500 83055.453125 65907.851562 45593.734375 25865.843750 11532.775391 2732.830078 349.191284 51.064735 7.959270 1.256635 0.217624
0.203336 1.261041 8.043483 53.277794 377.020050 2284.866699 8059.682617 16222.646484 25399.146484 35020.410156 43692.449219 50152.460938 51667.281250 49140.000000 40770.515625 32123.671875 25511.152344 21494.787109 19097.708984 17389.708984 15835.708984 14665.625000 13846.007812 13102.476562 12504.863281 13678.337891 15796.791992 18167.281250 20314.937500 22368.509766 24017.156250 32800.914062 42440.585938 50248.179688 55477.835938 74921.343750 87429.921875 89622.609375 92996.195312 98563.289062 85368.617188 65732.320312 44196.007812 24893.904297 11684.496094 2422.728516 304.932709 46.462837 7.476841 1.373761
1.296284 7.923901 52.856064 369.369141 2107.119629 7118.147949 14204.228516 22158.246094 30425.445312 38062.773438 44810.457031 45448.566406 41559.136719 32046.750000 22538.634766 15558.613281 11965.646484 10364.089844 9358.192383 8485.325195 7836.137695 7451.516113 7219.679688 6992.650391 6881.228027 6835.528320 6650.644531 8268.592773 10656.791992 12984.084961 15276.093750 16906.070312 25075.994141 33947.054688 40913.566406 49122.089844 70515.757812 83338.718750 88741.117188 98963.093750 100876.859375 83712.914062 62905.765625 41813.574219 25871.634766 11040.445312 1971.618286 255.578430 40.969181 7.943098
8.438834 52.314430 353.012970 1894.667847 6168.349121 12094.010742 18705.771484 25597.396484 32394.167969 37902.449219 37460.609375 33067.730469 23678.134766 14368.569336 7776.635742 5310.351074 4393.576172 3886.361816 3469.793213 3115.126465 2896.526855 2789.879883 2747.437500 2749.368408 2832.448975 2873.662598 3047.069824 3122.585693 3783.460693 5486.008301 7381.869629 9276.875977 10948.429688 18019.064453 25873.142578 30996.703125 46374.167969 65190.269531 76349.617188 94572.640625 102368.859375 97788.062500 80019.484375 58922.996094 41509.566406 25162.083984 9494.481445 1442.974976 209.053925 41.330605
52.227268 327.875244 1665.538208 5247.324707 10058.716797 15462.348633 21088.345703 26967.462891 30542.988281 29839.875000 25685.449219 16774.550781 8443.883789 3391.713867 2083.142822 1602.999268 1360.799072 1192.596069 1039.482178 922.613037 862.575439 833.291077 827.814148 841.692444 880.278198 949.212891 1053.162476 1213.934937 1361.086182 1629.075928 2462.598389 3516.774658 4866.854980 6718.757324 12303.144531 18760.527344 25811.101562 43961.355469 58598.753906 78472.531250 98665.429688 100199.046875 91669.929688 74592.742188 58754.476562 40450.632812 21976.822266 7135.521973 1007.752686 199.467621
297.301941 1421.473877 4355.692383 8228.637695 12537.912109 17025.462891 22017.853516 23921.308594 23253.378906 19418.623047 11677.200195 4905.653809 1508.329102 766.775513 523.519226 410.426514 347.524017 297.981567 254.339737 223.536728 209.857315 204.500626 205.713272 211.559677 226.794327 256.173798 304.289368 372.628937 454.707428 527.988159 698.686829 1108.868774 1695.854004 2397.960938 4590.397461 8626.830078 13345.577148 25927.796875 41319.742188 56729.687500 84061.421875 96924.421875 95239.828125 88453.273438 76118.109375 55858.488281 35211.375000 17468.431641 4782.270996 866.199097
1197.383301 3524.869629 6609.216797 10022.255859 13624.524414 17482.291016 18569.976562 17970.462891 14655.767578 8283.089844 2990.503662 727.819763 282.333740 159.452484 110.044449 85.722855 71.352867 59.653637 49.830280 42.931286 41.230103 41.330860 42.158257 44.382446 48.885601 57.628460 74.526283 97.710747 125.336365 164.666550 198.361755 350.739319 612.153625 934.654785 1922.404053 3965.779053 6755.978516 14490.843750 26394.341797 37836.378906 65237.097656 84064.710938 93167.320312 95388.710938 90421.140625 70813.453125 48883.023438 27808.361328 12403.456055 3704.667236
2842.092041 5227.232422 7854.672363 10743.361328 13729.490234 14352.996094 13832.762695 11101.932617 6023.958496 1920.135864 401.013702 116.897232 49.265965 27.651796 18.510853 13.982609 11.345218 9.335907 7.705884 6.814148 6.741427 6.818512 7.148171 7.743402 8.927018 11.677532 15.449007 21.511623 32.002781 44.543816 60.871292 122.109787 236.740250 401.106842 959.225891 2132.141602 3720.939697 8502.101562 16195.074219 26052.462891 48450.503906 69202.273438 83105.796875 96913.187500 96029.296875 83546.976562 61057.210938 38481.835938 20685.613281 9964.675781
4154.902832 6103.530273 8367.500000 10632.773438 11042.509766 10637.255859 8492.894531 4526.655762 1342.874023 259.559326 61.338997 18.175007 7.271484 3.827893 2.436221 1.768544 1.415608 1.189129 1.036099 0.948044 0.946428 0.974545 1.059764 1.214458 1.564597 2.004744 2.776622 4.233310 6.846424 12.050828 20.788324 45.673553 102.731216 192.768524 536.734375 1276.765869 2554.877686 5783.147949 10795.592773 19229.583984 36318.691406 55694.808594 70843.773438 93641.750000 97073.937500 91096.093750 70864.406250 48397.214844 29115.822266 17729.136719
4833.577148 6444.738770 8179.346680 8468.187500 8171.740723 6554.813965 3486.773438 1018.127075 196.376343 44.137100 9.776900 2.559134 0.893878 0.425632 0.259585 0.000000 0.000000 0.000000 0.000000 0.000000 0.000000 0.000000 0.000000 0.000000 0.229613 0.306644 0.461642 0.783714 1.487384 3.251875 6.985282 17.461164 48.129169 99.690727 326.562836 801.752014 1871.183228 4357.131348 7966.850098 15622.231445 28991.527344 45215.664062 61442.250000 85847.765625 95180.195312 91406.523438 77426.492188 57410.054688 39655.175781 26733.119141
5062.190918 6216.655273 6447.374512 6242.809570 5072.959473 2702.562256 780.179077 152.566574 37.245056 8.451536 1.621561 0.334797 0.000000 0.000000 0.000000 0.000000 0.000000 0.000000 0.000000 0.000000 0.000000 0.000000 0.000000 0.000000 0.000000 0.000000 0.000000 0.000000 0.330868 0.847213 2.358415 6.525008 21.592686 54.094093 198.090912 501.229187 1312.905273 3256.721191 6052.288574 13091.377930 24283.136719 37361.855469 55110.550781 78483.757812 91224.085938 89694.406250 79286.039062 65282.117188 50147.683594 36076.832031
4752.244141 4862.722168 4727.280273 3897.775635 2079.454346 587.376709 113.042816 29.306908 7.877569 1.741887 0.290005 0.000000 0.000000 0.000000 0.000000 0.000000 0.000000 0.000000 0.000000 0.000000 0.000000 0.000000 0.000000 0.000000 0.000000 0.000000 0.000000 0.000000 0.000000 0.210519 0.701876 2.189696 7.852437 25.431746 96.055420 289.277344 859.411255 2289.892334 4554.418945 10786.757812 20268.968750 31541.564453 50621.574219 71726.265625 85268.492188 85996.070312 79934.007812 73826.257812 59398.250000 44308.484375
3598.865479 3515.131592 2968.335449 1603.198853 453.107758 83.198563 21.000868 6.080570 1.698031 0.366870 0.000000 0.000000 0.000000 0.000000 0.000000 0.000000 0.000000 0.000000 0.000000 0.000000 0.000000 0.000000 0.000000 0.000000 0.000000 0.000000 0.000000 0.000000 0.000000 0.000000 0.151584 0.625132 2.433448 9.092538 40.539055 145.386063 552.489502 1548.708130 3722.569580 8895.652344 16841.066406 27553.017578 47510.464844 66469.578125 79132.234375 82012.445312 81427.718750 80223.765625 65732.710938 50873.894531
2530.884521 2191.122803 1209.284912 353.556763 60.768421 14.301303 3.918057 1.123664 0.298297 0.000000 0.000000 0.000000 0.000000 0.000000 0.000000 0.000000 0.000000 0.000000 0.000000 0.000000 0.000000 0.000000 0.000000 0.000000 0.000000 0.000000 0.000000 0.000000 0.000000 0.000000 0.000000 0.183473 0.869183 4.566192 21.479691 82.925812 389.131805 1089.081665 3174.138428 7597.076172 14224.564453 26335.277344 44461.062500 62077.246094 73384.234375 77597.187500 84759.773438 83763.773438 69275.515625 55215.593750
1572.353271 888.724670 264.303406 41.980022 8.948299 2.300738 0.629577 0.000000 0.000000 0.000000 0.000000 0.000000 0.000000 0.000000 0.000000 0.000000 0.000000 0.000000 0.000000 0.000000 0.000000 0.000000 0.000000 0.000000 0.000000 0.000000 0.000000 0.000000 0.000000 0.000000 0.000000 0.097571 0.496410 2.534365 12.140062 62.781120 303.739807 855.753479 2763.590332 6571.877441 12534.374023 25616.140625 41986.613281 57470.722656 68215.976562 80685.101562 87127.070312 84483.953125 71186.382812 56432.812500
690.273376 218.598587 30.146656 5.304303 1.218370 0.311469 0.000000 0.000000 0.000000 0.000000 0.000000 0.000000 0.000000 0.000000 0.000000 0.000000 0.000000 0.000000 0.000000 0.000000 0.000000 0.000000 0.000000 0.000000 0.000000 0.000000 0.000000 0.000000 0.000000 0.000000 0.000000 0.000000 0.304509 1.709964 9.249970 47.308445 226.387360 741.806152 2414.682861 5698.293945 12278.095703 25507.013672 40522.523438 53608.335938 65511.824219 82581.304688 87318.031250 84504.937500 69400.289062 56271.757812
190.679825 32.130455 3.793104 0.636738 0.000000 0.000000 0.000000 0.000000 0.000000 0.000000 0.000000 0.000000 0.000000 0.000000 0.000000 0.000000 0.000000 0.000000 0.000000 0.000000 0.000000 0.000000 0.000000 0.000000 0.000000 0.000000 0.000000 0.000000 0.000000 0.000000 0.000000 0.000000 0.242805 1.351871 6.928237 33.385990 149.737076 632.946655 2105.097900 4952.570801 12477.921875 25078.195312 38909.917969 50843.812500 69760.296875 83719.437500 86761.140625 81323.757812 66604.492188 54931.292969
32.246319 4.085853 0.437687 0.000000 0.000000 0.000000 0.000000 0.000000 0.000000 0.000000 0.000000 0.000000 0.000000 0.000000 0.000000 0.000000 0.000000 0.000000 0.000000 0.000000 0.000000 0.000000 0.000000 0.000000 0.000000 0.000000 0.000000 0.000000 0.000000 0.000000 0.000000 0.000000 0.188424 1.032921 5.351432 29.207561 138.930664 572.227173 1822.695557 4781.554688 12836.641602 24785.808594 37114.523438 52371.945312 74038.914062 83438.273438 85228.851562 77125.054688 63992.789062 59731.089844
2.714064 0.315055 0.000000 0.000000 0.000000 0.000000 0.000000 0.000000 0.000000 0.000000 0.000000 0.000000 0.000000 0.000000 0.000000 0.000000 0.000000 0.000000 0.000000 0.000000 0.000000 0.000000 0.000000 0.000000 0.000000 0.000000 0.000000 0.000000 0.000000 0.000000 0.000000 0.000000 0.140978 0.836801 5.209558 28.021370 136.595718 549.054016 1649.778931 5118.899414 13014.524414 23848.742188 35375.722656 57576.500000 76472.875000 83626.882812 82061.796875 73361.882812 69336.710938 62530.968750
0.000000 0.000000 0.000000 0.000000 0.000000 0.000000 0.000000 0.000000 0.000000 0.000000 0.000000 0.000000 0.000000 0.000000 0.000000 0.000000 0.000000 0.000000 0.000000 0.000000 0.000000 0.000000 0.000000 0.000000 0.000000 0.000000 0.000000 0.000000 0.000000 0.000000 0.000000 0.000000 0.134181 0.906337 5.287283 28.014286 132.161133 520.513855 1810.540405 5690.829590 13244.054688 22771.435547 39834.074219 61490.695312 77689.468750 81623.421875 79094.632812 76533.976562 72776.718750 60936.597656
0.000000 0.000000 0.000000 0.000000 0.000000 0.000000 0.000000 0.000000 0.000000 0.000000 0.000000 0.000000 0.000000 0.000000 0.000000 0.000000 0.000000 0.000000 0.000000 0.000000 0.000000 0.000000 0.000000 0.000000 0.000000 0.000000 0.000000 0.000000 0.000000 0.000000 0.000000 0.000000 0.152757 1.001890 5.492558 26.840618 124.865013 551.664062 2054.515869 5909.508301 13052.464844 24983.253906 44754.320312 63748.675781 76547.109375 79459.687500 81388.625000 83169.117188 71787.367188 58449.160156
0.000000 0.000000 0.000000 0.000000 0.000000 0.000000 0.000000 0.000000 0.000000 0.000000 0.000000 0.000000 0.000000 0.000000 0.000000 0.000000 0.000000 0.000000 0.000000 0.000000 0.000000 0.000000 0.000000 0.000000 0.000000 0.000000 0.000000 0.000000 0.000000 0.000000 0.000000 0.000000 0.199234 1.109447 5.756955 30.134680 144.812393 622.626099 2161.099854 6245.289062 13459.579102 29665.443359 48861.195312 65576.359375 73582.171875 82979.265625 88632.914062 85388.945312 68945.031250 53123.078125
0.000000 0.000000 0.000000 0.000000 0.000000 0.000000 0.000000 0.000000 0.000000 0.000000 0.000000 0.000000 0.000000 0.000000 0.000000 0.000000 0.000000 0.000000 0.000000 0.000000 0.000000 0.000000 0.000000 0.000000 0.000000 0.000000 0.000000 0.000000 0.000000 0.000000 0.000000 0.000000 0.330249 1.722615 8.315300 38.090748 164.157440 666.407410 2297.067627 6230.452637 16954.669922 33632.906250 51362.570312 64315.062500 78302.671875 90513.039062 91307.265625 82120.085938 62690.089844 46938.746094
0.000000 0.000000 0.000000 0.000000 0.000000 0.000000 0.000000 0.000000 0.000000 0.000000 0.000000 0.000000 0.000000 0.000000 0.000000 0.000000 0.000000 0.000000 0.000000 0.000000 0.000000 0.000000 0.000000 0.000000 0.000000 0.000000 0.000000 0.000000 0.000000 0.000000 0.000000 0.000000 0.533990 2.555657 11.473942 48.368580 194.656952 719.685791 2372.313232 7984.468262 20677.750000 36579.312500 50945.554688 68132.187500 87979.023438 93410.937500 91430.015625 74189.710938 56277.546875 45761.453125
