tests/test_03/output0/CloudConcentration_010.00hrs.dat
NCOLS    50
NROWS    50
XLLCORNER    -2289770.000
YLLCORNER     2591270.000
CELLSIZE        2000.000       2000.000
NODATA_VALUE  0.000
[rows 0 to 46 of 50, columns 0 to 49 of 50]
372.787 411.021 460.673 518.046 583.383 657.174 740.348 833.951 939.527 1059.575 1197.531 1358.777 1548.196 1769.602 2027.105 2327.416 2678.117 3083.965 3552.598 4099.396 4741.534 5488.452 6339.369 7294.002 8361.025 9560.838 10900.654 12348.725 13859.696 15375.962 16793.572 17943.127 18479.129 18289.533 17483.557 16040.173 14426.509 13274.001 13261.970 11996.136 10429.507 8545.659 7600.605 6610.649 5178.802 3481.482 2711.379 1959.447 1034.532 210.615
213.833 238.858 271.182 308.113 349.901 397.361 451.733 514.621 588.213 675.839 780.844 907.468 1059.160 1239.598 1455.464 1715.187 2023.153 2383.427 2811.878 3329.370 3946.380 4657.599 5465.873 6400.329 7491.284 8738.071 10110.045 11589.380 13173.836 14815.667 16391.756 17680.248 18327.578 18295.322 17624.205 16249.014 14677.209 13550.140 13592.247 12395.090 10871.451 8980.653 8029.127 7015.237 5523.978 3744.102 2933.134 2127.610 1136.461 244.598
155.789 175.294 200.399 229.055 261.604 298.947 342.411 393.776 455.459 530.804 622.987 734.891 869.599 1032.167 1230.155 1470.024 1755.234 2093.926 2504.109 3003.058 3591.637 4265.250 5043.325 5961.077 7040.428 8275.523 9642.363 11130.996 12737.303 14419.535 16069.233 17443.756 18195.254 18267.391 17772.438 16502.338 14999.181 13911.132 14021.737 12907.544 11428.979 9532.864 8577.516 7545.470 5974.053 4086.690 3218.395 2340.912 1261.604 289.374
87.829 100.573 116.871 135.571 157.126 182.536 213.253 251.154 298.819 359.366 435.557 528.786 642.589 783.904 959.638 1173.459 1430.225 1742.843 2128.790 2599.687 3149.983 3780.489 4524.971 5424.627 6494.981 7718.327 9072.726 10560.796 12185.735 13908.207 15634.984 17137.334 18014.625 18183.057 17857.812 16716.043 15314.378 14280.163 14458.178 13423.587 11983.932 10078.395 9130.948 8128.897 6451.063 4454.542 3529.890 2570.323 1395.502 342.656
49.685 57.668 67.776 79.694 94.136 111.989 134.805 164.206 202.151 250.807 312.116 388.478 485.295 609.304 763.958 951.985 1181.694 1469.045 1827.580 2256.471 2755.859 3348.706 4070.337 4945.790 5986.787 7186.847 8531.866 10018.092 11647.508 13392.416 15167.298 16784.129 17822.395 18090.410 17937.932 16921.861 15622.657 14646.348 14894.061 13934.747 12535.063 10615.356 9662.294 8759.388 6950.600 4842.628 3872.631 2815.785 1540.791 405.202
20.750 24.784 30.483 37.969 47.662 60.080 76.151 97.704 126.401 163.149 209.989 271.973 354.258 459.190 590.502 753.644 956.866 1212.261 1529.276 1914.490 2380.044 2945.317 3634.260 4471.523 5478.010 6657.049 7993.585 9477.389 11107.354 12862.442 14669.024 16354.701 17565.309 17986.152 17972.545 17108.686 15898.423 14971.221 15306.810 14423.339 13064.637 11144.584 10172.056 9405.338 7467.477 5249.178 4242.304 3075.251 1692.786 478.028
8.328 10.062 12.745 16.793 22.697 30.999 42.627 58.270 78.526 105.467 142.924 194.240 261.710 348.737 459.925 599.377 773.903 995.104 1275.948 1627.914 2062.765 2595.011 3245.179 4038.107 5000.125 6146.788 7470.596 8952.433 10576.794 12327.029 14141.560 15876.042 17210.010 17787.320 17943.217 17261.395 16122.534 15210.834 15655.715 14890.192 13556.833 11648.527 10663.303 10048.610 7994.390 5671.698 4633.171 3348.181 1853.028 561.863
3.234 4.001 5.328 7.523 10.982 16.243 23.583 33.708 48.175 69.150 98.703 139.020 192.999 264.006 355.368 471.053 618.131 808.643 1057.796 1379.468 1784.009 2282.160 2891.155 3637.015 4549.054 5652.612 6951.257 8422.408 10037.856 11773.864 13584.347 15344.737 16779.307 17476.338 17746.463 17329.186 16253.343 15366.473 15891.680 15328.219 14005.239 12121.249 11130.413 10674.354 8523.408 6105.500 5038.519 3633.278 2020.496 659.581
1.197 1.579 2.313 3.548 5.487 8.433 12.989 20.148 31.323 47.537 69.948 100.638 142.393 198.174 271.460 367.018 491.933 657.490 879.013 1171.077 1543.676 2005.497 2572.203 3271.081 4133.591 5184.608 6437.267 7877.979 9474.175 11192.241 12988.097 14759.402 16251.514 17071.363 17423.455 17233.436 16278.869 15418.919 16015.743 15685.438 14401.800 12557.411 11567.314 11264.787 9047.295 6545.623 5457.586 3929.160 2196.351 767.444
0.423 0.658 1.068 1.701 2.770 4.685 7.977 13.420 21.535 33.051 49.333 72.098 103.274 145.944 204.464 284.401 392.684 538.603 734.334 993.827 1330.177 1755.124 2283.742 2938.930 3749.346 4740.902 5932.126 7321.574 8881.698 10571.912 12344.545 14111.595 15626.236 16543.219 16997.754 16946.346 16164.150 15402.095 16044.795 15885.559 14719.823 12934.755 11965.741 11800.813 9557.033 6987.362 5885.872 4233.894 2381.531 889.562
0.000 0.290 0.504 0.832 1.484 2.931 5.510 9.083 14.141 21.944 33.632 49.991 72.673 105.216 152.953 221.635 316.718 444.888 615.634 841.553 1139.582 1527.086 2019.065 2631.895 3388.446 4315.709 5435.697 6758.062 8265.147 9912.085 11647.259 13393.497 14920.703 15877.141 16460.195 16519.945 15882.501 15194.261 15961.298 15924.630 14911.562 13229.093 12321.155 12260.703 10047.007 7425.026 6323.007 4545.904 2572.640 1018.985
0.000 0.000 0.231 0.451 0.921 1.968 3.436 5.481 8.612 13.630 21.471 33.161 50.324 76.109 115.442 174.018 256.812 368.135 515.431 710.999 972.164 1320.223 1772.566 2341.547 3043.040 3903.049 4947.871 6192.021 7629.443 9220.302 10901.542 12602.109 14128.019 15119.617 15776.288 15940.739 15478.472 14859.593 15728.892 15835.151 14978.093 13362.375 12607.163 12629.262 10508.857 7847.936 6764.667 4865.398 2774.147 1160.800
0.000 0.000 0.000 0.275 0.574 0.946 1.636 3.022 5.149 8.168 13.295 22.324 36.537 57.650 89.438 137.452 207.092 302.498 429.024 598.078 826.737 1135.337 1543.360 2063.739 2708.252 3499.229 4466.181 5628.380 6984.701 8503.970 10119.281 11752.270 13244.684 14270.186 14979.167 15202.714 14938.635 14426.833 15368.229 15563.941 14968.500 13383.162 12773.479 12921.904 10932.039 8252.021 7206.998 5192.896 2984.602 1313.776
0.000 0.000 0.000 0.000 0.220 0.449 0.862 1.643 3.118 5.434 9.005 15.516 27.143 45.036 70.906 108.677 164.041 243.199 352.520 500.425 700.169 969.691 1329.494 1797.092 2385.036 3109.641 3997.969 5074.176 6341.687 7773.469 9307.605 10859.602 12283.745 13314.104 14094.354 14344.603 14239.600 13900.674 14892.312 15174.172 14779.754 13294.062 12833.370 13024.625 11289.455 8623.087 7642.746 5527.456 3204.066 1475.595
0.000 0.000 0.000 0.000 0.000 0.000 0.402 0.839 1.800 3.619 6.414 10.983 19.565 34.217 55.471 85.083 127.893 191.594 284.658 414.317 588.891 821.742 1132.235 1543.467 2073.991 2736.351 3548.890 4536.127 5707.091 7039.467 8475.837 9933.608 11266.792 12273.066 13108.956 13400.524 13394.509 13281.624 14302.042 14672.637 14466.124 13109.055 12758.108 13012.246 11565.292 8943.935 8053.810 5863.743 3431.910 1650.401
0.000 0.000 0.000 0.000 0.000 0.000 0.229 0.512 1.103 2.358 4.749 8.382 14.244 24.680 41.315 64.779 98.465 149.555 226.667 337.444 487.765 687.109 952.744 1308.421 1778.755 2380.857 3123.704 4022.313 5089.499 6311.738 7638.046 8988.313 10219.515 11205.620 12023.323 12379.544 12442.178 12572.523 13597.775 14044.900 13989.452 12815.797 12618.229 12839.138 11699.905 9196.930 8434.958 6198.443 3663.135 1828.733
0.000 0.000 0.000 0.000 0.000 0.000 0.000 0.323 0.710 1.513 3.216 6.168 10.398 17.161 29.081 48.121 75.801 116.636 178.005 268.285 394.828 565.359 793.373 1099.840 1509.483 2044.651 2717.927 3533.372 4496.693 5603.262 6811.593 8043.995 9154.604 10113.209 10913.498 11267.065 11428.923 11770.275 12793.814 13289.785 13326.831 12427.817 12385.638 12577.554 11702.323 9328.985 8772.603 6521.635 3892.737 2014.001
0.000 0.000 0.000 0.000 0.000 0.000 0.000 0.000 0.397 0.832 1.825 3.979 7.254 11.894 19.901 34.567 57.797 90.759 138.025 207.893 310.772 456.263 653.909 917.965 1270.731 1736.134 2331.301 3062.985 3930.677 4924.328 6011.188 7120.643 8106.429 9001.869 9790.135 10131.396 10359.713 10832.867 11898.565 12442.017 12494.638 11927.354 12061.493 12229.117 11543.034 9368.483 9046.713 6829.664 4117.416 2198.947
0.000 0.000 0.000 0.000 0.000 0.000 0.000 0.000 0.216 0.492 1.086 2.250 4.569 8.477 14.481 24.609 41.940 68.352 105.582 159.621 240.889 361.122 530.439 758.562 1060.601 1458.315 1974.075 2618.853 3391.345 4277.312 5245.448 6231.785 7092.845 7914.333 8612.465 8998.559 9265.334 9857.832 10897.600 11528.674 11573.528 11278.771 11576.246 11804.607 11267.046 9284.330 9223.657 7118.769 4334.919 2379.287
0.000 0.000 0.000 0.000 0.000 0.000 0.000 0.000 0.000 0.322 0.642 1.300 2.745 5.748 10.493 17.504 28.966 48.586 78.819 122.268 185.756 280.601 419.620 614.566 874.934 1214.009 1652.326 2209.870 2888.870 3669.387 4512.945 5367.989 6128.941 6869.426 7454.472 7863.780 8178.351 8880.491 9857.405 10515.113 10614.142 10499.125 10987.081 11290.505 10887.505 9086.233 9279.058 7371.085 4545.811 2544.359
0.000 0.000 0.000 0.000 0.000 0.000 0.000 0.000 0.000 0.000 0.404 0.810 1.669 3.426 6.669 11.981 19.944 33.237 55.918 91.650 143.361 217.140 325.843 484.008 705.549 997.891 1371.044 1842.276 2423.230 3100.862 3831.823 4553.575 5222.729 5878.831 6363.191 6760.411 7094.415 7907.487 8803.635 9401.869 9632.603 9630.260 10310.828 10671.613 10388.647 8823.315 9192.872 7598.271 4748.076 2704.084
0.000 0.000 0.000 0.000 0.000 0.000 0.000 0.000 0.000 0.000 0.000 0.430 0.910 1.841 3.752 7.405 13.504 23.141 38.774 65.054 106.342 166.520 252.045 374.446 550.063 794.327 1117.380 1520.617 2007.687 2577.202 3198.101 3806.628 4385.977 4945.123 5337.829 5714.434 6084.168 6961.062 7782.438 8273.296 8607.310 8804.739 9564.078 9951.832 9753.419 8593.803 8963.095 7684.895 4933.440 2862.424
0.000 0.000 0.000 0.000 0.000 0.000 0.000 0.000 0.000 0.000 0.000 0.000 0.463 0.977 2.027 4.244 8.527 15.655 26.629 44.514 74.377 121.780 191.216 288.726 425.301 617.018 879.408 1221.455 1636.850 2109.448 2616.094 3111.635 3611.751 4067.798 4410.188 4736.996 5266.941 6053.377 6732.004 7208.181 7558.849 8049.298 8814.642 9143.934 9026.333 8367.542 8645.954 7668.259 5099.277 3012.087
0.000 0.000 0.000 0.000 0.000 0.000 0.000 0.000 0.000 0.000 0.000 0.000 0.000 0.462 1.109 2.366 4.804 9.482 17.745 30.753 51.003 83.722 136.006 214.210 324.096 474.579 679.933 952.617 1293.876 1687.555 2100.933 2495.010 2906.121 3271.880 3586.175 3880.257 4492.429 5189.194 5729.357 6203.312 6552.157 7242.176 8043.683 8301.174 8259.185 8064.331 8280.790 7469.722 5237.075 3157.254
0.000 0.000 0.000 0.000 0.000 0.000 0.000 0.000 0.000 0.000 0.000 0.000 0.000 0.000 0.425 1.063 2.394 4.931 10.125 19.583 34.905 58.129 93.412 148.944 234.453 357.126 520.498 729.865 993.225 1304.186 1635.885 1966.530 2297.979 2572.273 2854.537 3190.594 3785.969 4355.720 4815.197 5248.356 5625.038 6458.048 7207.532 7483.395 7486.039 7629.257 7857.046 7183.694 5337.302 3266.724
0.000 0.000 0.000 0.000 0.000 0.000 0.000 0.000 0.000 0.000 0.000 0.000 0.000 0.000 0.000 0.390 0.956 2.414 5.467 10.776 20.616 37.281 63.205 102.436 162.067 252.079 380.190 547.955 750.071 978.989 1229.521 1497.262 1768.677 1992.829 2214.391 2620.359 3134.538 3578.317 3994.291 4375.373 4974.564 5704.614 6287.549 6673.894 6748.355 7144.538 7426.051 6823.974 5403.291 3331.357
0.000 0.000 0.000 0.000 0.000 0.000 0.000 0.000 0.000 0.000 0.000 0.000 0.000 0.000 0.000 0.000 0.375 0.916 2.276 5.536 10.921 20.407 38.159 67.394 110.720 172.957 261.435 383.850 541.536 723.215 907.768 1103.599 1304.990 1501.921 1718.771 2117.970 2531.911 2903.719 3264.799 3679.120 4353.632 4945.802 5438.098 5860.371 6024.503 6612.717 6915.194 6426.530 5435.032 3368.347
0.000 0.000 0.000 0.000 0.000 0.000 0.000 0.000 0.000 0.000 0.000 0.000 0.000 0.000 0.000 0.000 0.000 0.362 0.892 2.174 5.354 11.608 21.787 39.147 68.119 112.901 177.054 262.703 370.454 500.897 645.609 802.238 941.930 1087.677 1349.411 1681.860 1994.750 2317.897 2637.264 3165.837 3733.996 4222.235 4674.994 5065.683 5502.354 6099.728 6328.287 5998.069 5410.561 3395.560
0.000 0.000 0.000 0.000 0.000 0.000 0.000 0.000 0.000 0.000 0.000 0.000 0.000 0.000 0.000 0.000 0.000 0.000 0.356 0.894 2.191 5.243 11.546 22.311 39.447 67.193 110.487 172.336 250.681 339.239 435.908 545.740 659.092 794.969 1030.849 1293.059 1552.671 1807.752 2164.131 2650.752 3115.574 3541.325 3943.815 4316.941 4916.200 5499.011 5702.545 5532.179 5280.815 3428.778
0.000 0.000 0.000 0.000 0.000 0.000 0.000 0.000 0.000 0.000 0.000 0.000 0.000 0.000 0.000 0.000 0.000 0.000 0.000 0.347 0.870 2.127 4.946 10.661 21.328 39.108 66.685 105.054 155.661 217.179 288.393 361.587 438.408 587.812 772.416 959.623 1164.271 1375.095 1739.741 2132.385 2507.611 2870.735 3212.798 3660.447 4256.466 4771.905 5038.159 4982.264 5002.759 3433.930
0.000 0.000 0.000 0.000 0.000 0.000 0.000 0.000 0.000 0.000 0.000 0.000 0.000 0.000 0.000 0.000 0.000 0.000 0.000 0.000 0.331 0.821 2.027 4.904 10.777 20.973 37.379 61.689 93.612 131.984 176.693 227.637 304.644 415.947 545.573 685.557 827.732 1034.666 1315.069 1618.010 1912.479 2208.605 2507.381 3014.019 3529.681 3960.814 4285.125 4344.108 4549.711 3390.812
0.000 0.000 0.000 0.000 0.000 0.000 0.000 0.000 0.000 0.000 0.000 0.000 0.000 0.000 0.000 0.000 0.000 0.000 0.000 0.000 0.000 0.302 0.731 1.802 4.451 9.894 19.091 33.520 52.429 76.497 104.389 137.606 198.734 273.798 355.601 445.475 542.067 714.212 914.203 1128.347 1353.804 1584.407 1931.792 2347.467 2755.612 3142.988 3492.999 3736.098 4010.943 3240.734
0.000 0.000 0.000 0.000 0.000 0.000 0.000 0.000 0.000 0.000 0.000 0.000 0.000 0.000 0.000 0.000 0.000 0.000 0.000 0.000 0.000 0.000 0.265 0.631 1.542 3.733 8.436 16.092 26.389 39.690 54.400 78.507 112.597 152.552 197.652 245.229 329.082 437.497 562.202 705.047 859.426 1098.457 1382.785 1688.753 2016.543 2349.037 2687.945 3137.869 3400.798 2973.563
0.000 0.000 0.000 0.000 0.000 0.000 0.000 0.000 0.000 0.000 0.000 0.000 0.000 0.000 0.000 0.000 0.000 0.000 0.000 0.000 0.000 0.000 0.106 0.234 0.530 1.261 3.035 6.007 10.131 15.042 22.693 33.183 45.643 64.825 90.569 123.065 165.674 221.458 303.135 412.203 549.515 714.598 904.607 1120.183 1363.389 1683.636 2082.583 2506.949 2702.079 2621.633
0.000 0.000 0.000 0.000 0.000 0.000 0.000 0.000 0.000 0.000 0.000 0.000 0.000 0.000 0.000 0.000 0.000 0.000 0.000 0.000 0.000 0.000 0.000 0.099 0.231 0.464 0.879 1.668 3.059 5.278 8.555 13.543 21.464 32.894 48.663 69.250 96.060 131.481 178.731 241.831 325.176 435.963 587.828 769.597 974.589 1220.018 1515.175 1854.931 2058.996 2365.017
0.000 0.000 0.000 0.000 0.000 0.000 0.000 0.000 0.000 0.000 0.000 0.000 0.000 0.000 0.000 0.000 0.000 0.000 0.000 0.000 0.000 0.000 0.000 0.074 0.158 0.326 0.635 1.161 2.041 3.446 5.556 8.590 12.889 19.122 28.308 41.227 60.167 85.844 120.407 165.207 223.435 300.358 399.854 520.844 665.694 841.461 1055.108 1310.393 1509.622 2019.820
0.000 0.000 0.000 0.000 0.000 0.000 0.000 0.000 0.000 0.000 0.000 0.000 0.000 0.000 0.000 0.000 0.000 0.000 0.000 0.000 0.000 0.000 0.000 0.000 0.125 0.248 0.467 0.826 1.368 2.311 3.827 6.096 9.391 14.056 20.563 29.625 41.866 58.620 82.083 113.165 152.947 203.919 270.154 359.037 471.565 612.861 784.714 1007.378 1195.760 1602.122
0.000 0.000 0.000 0.000 0.000 0.000 0.000 0.000 0.000 0.000 0.000 0.000 0.000 0.000 0.000 0.000 0.000 0.000 0.000 0.000 0.000 0.000 0.000 0.000 0.091 0.176 0.330 0.613 1.088 1.816 2.894 4.451 6.700 10.013 14.638 20.836 29.355 41.659 59.721 84.497 116.722 158.107 212.660 278.120 358.406 462.099 588.157 753.793 893.413 1207.532
0.000 0.000 0.000 0.000 0.000 0.000 0.000 0.000 0.000 0.000 0.000 0.000 0.000 0.000 0.000 0.000 0.000 0.000 0.000 0.000 0.000 0.000 0.000 0.000 0.000 0.143 0.257 0.458 0.797 1.324 2.122 3.433 5.309 8.054 11.978 17.373 24.153 33.716 46.970 65.006 88.761 119.569 158.493 204.124 262.990 335.525 419.819 526.527 616.621 835.266
0.000 0.000 0.000 0.000 0.000 0.000 0.000 0.000 0.000 0.000 0.000 0.000 0.000 0.000 0.000 0.000 0.000 0.000 0.000 0.000 0.000 0.000 0.000 0.000 0.000 0.110 0.213 0.377 0.683 1.143 1.833 2.876 4.391 6.550 9.623 13.672 18.768 25.713 34.598 46.888 63.130 83.459 107.290 139.718 181.680 231.952 288.013 360.530 422.732 580.278
0.000 0.000 0.000 0.000 0.000 0.000 0.000 0.000 0.000 0.000 0.000 0.000 0.000 0.000 0.000 0.000 0.000 0.000 0.000 0.000 0.000 0.000 0.000 0.000 0.000 0.101 0.191 0.334 0.567 0.922 1.457 2.243 3.363 4.899 7.014 9.731 13.381 18.091 24.057 32.290 43.967 59.052 76.398 100.018 131.052 170.976 216.075 277.897 331.979 460.012
0.000 0.000 0.000 0.000 0.000 0.000 0.000 0.000 0.000 0.000 0.000 0.000 0.000 0.000 0.000 0.000 0.000 0.000 0.000 0.000 0.000 0.000 0.000 0.000 0.000 0.000 0.152 0.267 0.431 0.674 1.040 1.589 2.452 3.689 5.400 7.634 10.493 14.341 19.412 26.250 35.212 46.495 59.743 77.537 100.633 129.640 162.550 206.274 243.560 326.870
0.000 0.000 0.000 0.000 0.000 0.000 0.000 0.000 0.000 0.000 0.000 0.000 0.000 0.000 0.000 0.000 0.000 0.000 0.000 0.000 0.000 0.000 0.000 0.000 0.000 0.000 0.114 0.212 0.364 0.590 0.912 1.385 2.047 2.994 4.290 6.015 8.270 11.189 14.959 19.739 25.573 32.854 41.139 52.340 66.540 84.873 106.374 134.014 157.315 208.337
0.000 0.000 0.000 0.000 0.000 0.000 0.000 0.000 0.000 0.000 0.000 0.000 0.000 0.000 0.000 0.000 0.000 0.000 0.000 0.000 0.000 0.000 0.000 0.000 0.000 0.000 0.112 0.194 0.313 0.472 0.708 1.032 1.497 2.163 3.060 4.235 5.745 7.660 10.100 13.001 16.257 20.194 24.738 30.615 38.287 48.673 61.147 76.787 90.642 119.176
0.000 0.000 0.000 0.000 0.000 0.000 0.000 0.000 0.000 0.000 0.000 0.000 0.000 0.000 0.000 0.000 0.000 0.000 0.000 0.000 0.000 0.000 0.000 0.000 0.000 0.000 0.000 0.140 0.223 0.338 0.481 0.664 0.941 1.332 1.852 2.564 3.549 4.835 6.471 8.501 10.785 13.337 16.246 20.038 24.799 30.917 38.231 47.226 55.685 77.299
0.000 0.000 0.000 0.000 0.000 0.000 0.000 0.000 0.000 0.000 0.000 0.000 0.000 0.000 0.000 0.000 0.000 0.000 0.000 0.000 0.000 0.000 0.000 0.000 0.000 0.000 0.000 0.099 0.164 0.252 0.375 0.540 0.752 1.031 1.426 1.956 2.643 3.511 4.571 5.826 7.256 8.851 10.982 13.529 16.500 20.314 25.083 30.582 36.356 49.073
0.000 0.000 0.000 0.000 0.000 0.000 0.000 0.000 0.000 0.000 0.000 0.000 0.000 0.000 0.000 0.000 0.000 0.000 0.000 0.000 0.000 0.000 0.000 0.000 0.000 0.000 0.000 0.000 0.121 0.175 0.253 0.360 0.503 0.692 0.937 1.253 1.647 2.131 2.683 3.284 3.956 4.750 5.606 6.664 7.843 9.371 11.338 13.708 16.617 22.179
