tests/test_03/output0/CloudConcentration_005.00hrs.dat
NCOLS    50
NROWS    50
XLLCORNER    -2289770.000
YLLCORNER     2591270.000
CELLSIZE        2000.000       2000.000
NODATA_VALUE  0.000
[rows 0 to 29 of 50, columns 0 to 49 of 50]
0.000000 0.000000 0.000000 0.000000 0.000000 0.000000 0.000000 0.186373 1.166968 6.756812 36.643387 182.871094 915.356628 4757.070312 10625.661133 17475.505859 24717.798828 31215.562500 37300.941406 41147.746094 42846.277344 43212.949219 43910.195312 48925.554688 53076.234375 54600.523438 54386.835938 51422.183594 48112.097656 50908.250000 52249.890625 48158.957031 42299.289062 32906.941406 26635.449219 20142.509766 13266.792969 6001.542969 2330.783447 504.431030 63.789574 9.652834 1.518138 0.241082 0.000000 0.000000 0.000000 0.000000 0.000000 0.000000
0.000000 0.000000 0.000000 0.000000 0.000000 0.000000 0.172204 1.101224 6.568837 37.238842 199.524460 1115.316528 5271.305664 11251.962891 17853.238281 25529.197266 33512.312500 41151.312500 46436.656250 49967.132812 50972.925781 50520.613281 49839.558594 48544.042969 53148.308594 57666.667969 60539.882812 60653.093750 57564.437500 54064.589844 59466.824219 61552.792969 56621.171875 48762.312500 39603.410156 33170.199219 25745.750000 16719.310547 6653.149414 2412.951416 472.806732 63.899143 9.591201 1.506145 0.233906 0.000000 0.000000 0.000000 0.000000 0.000000
0.000000 0.000000 0.000000 0.000000 0.000000 0.177788 1.147030 7.100989 42.051601 243.950363 1528.563232 6840.949707 14073.577148 21269.431641 28147.296875 34540.367188 43400.589844 50252.511719 53851.773438 55190.683594 55713.332031 55981.679688 54920.078125 53178.886719 51861.511719 55615.496094 60458.238281 63079.777344 65789.539062 64705.488281 61683.074219 67847.773438 71268.367188 68089.640625 57537.078125 47832.207031 41315.910156 31967.511719 19616.974609 7698.722168 2661.568115 444.540405 63.369579 9.497528 1.470724 0.222748 0.000000 0.000000 0.000000 0.000000
0.000000 0.000000 0.000000 0.000000 0.188015 1.192867 7.485249 46.357910 288.388153 1914.079346 8257.862305 16875.984375 25530.621094 33393.675781 40526.414062 45927.828125 48619.960938 51065.777344 53273.003906 54210.375000 54517.515625 54321.437500 54145.457031 53561.484375 52081.222656 50486.265625 54334.066406 60475.781250 64236.304688 67270.156250 67423.742188 66284.718750 73854.742188 79887.210938 77889.429688 65495.917969 58386.941406 49487.363281 37856.039062 22897.871094 9127.880859 2685.564697 441.128113 61.355572 9.218141 1.412754 0.211262 0.000000 0.000000 0.000000
0.000000 0.000000 0.000000 0.201236 1.251139 7.806552 49.430065 326.239838 2249.205322 9209.238281 18690.462891 28254.322266 37684.855469 46017.816406 51441.835938 52829.085938 52309.578125 50250.472656 46830.925781 45487.921875 45652.484375 46494.210938 47390.871094 47443.410156 47672.984375 47283.195312 46095.945312 48655.480469 57568.921875 63717.156250 67065.335938 67585.132812 69550.765625 79998.703125 85622.945312 83987.562500 72952.906250 69262.265625 57148.113281 42279.730469 24904.541016 9995.461914 2805.847900 425.973907 58.652946 8.837103 1.351795 0.203047 0.000000 0.000000
0.000000 0.000000 0.208346 1.293083 8.048459 51.606770 354.199036 2398.422363 9309.410156 19068.242188 29269.455078 39730.226562 48593.160156 53675.535156 55282.648438 54563.839844 51037.390625 45656.199219 40777.882812 36697.953125 33548.667969 31854.947266 33270.542969 34959.445312 36678.273438 38003.281250 39367.027344 39728.519531 40210.675781 50303.628906 58878.347656 64612.339844 66283.445312 73381.812500 83970.343750 90018.789062 88281.312500 81747.234375 78435.156250 62427.222656 45413.945312 25530.619141 10907.374023 2846.882080 392.101379 55.151730 8.398824 1.301643 0.197641 0.000000
0.000000 0.206538 1.295539 8.136501 52.835281 371.179657 2386.312012 8861.535156 17937.179688 28007.654297 38547.500000 47973.851562 52789.769531 54702.238281 53548.195312 47679.164062 40592.484375 34668.054688 30441.970703 27538.128906 24982.771484 22800.544922 21159.871094 21311.494141 23229.253906 25634.828125 27885.544922 29787.966797 30453.531250 31882.240234 40886.425781 50701.628906 58473.386719 62005.671875 75579.039062 86113.976562 90480.554688 89768.804688 91839.921875 83055.453125 65907.851562 45593.734375 25865.845703 11532.777344 2732.830811 349.191406 51.064754 7.959274 1.256636 0.217624
0.203336 1.261041 8.043487 53.277821 377.020233 2284.867676 8059.686035 16222.651367 25399.156250 35020.417969 43692.457031 50152.464844 51667.289062 49140.003906 40770.511719 32123.671875 25511.148438 21494.783203 19097.705078 17389.705078 15835.703125 14665.620117 13846.001953 13102.470703 12504.857422 13678.333008 15796.786133 18167.273438 20314.927734 22368.498047 24017.144531 32800.902344 42440.570312 50248.164062 55477.820312 74921.328125 87429.906250 89622.601562 92996.179688 98563.281250 85368.609375 65732.320312 44196.011719 24893.908203 11684.499023 2422.729492 304.932831 46.462856 7.476845 1.373762
1.296285 7.923905 52.856087 369.369324 2107.120605 7118.150879 14204.234375 22158.253906 30425.455078 38062.781250 44810.464844 45448.574219 41559.140625 32046.750000 22538.632812 15558.611328 11965.643555 10364.087891 9358.189453 8485.322266 7836.134277 7451.512207 7219.675781 6992.646484 6881.224121 6835.523438 6650.640137 8268.586914 10656.785156 12984.077148 15276.084961 16906.062500 25075.982422 33947.042969 40913.554688 49122.070312 70515.742188 83338.703125 88741.101562 98963.078125 100876.851562 83712.914062 62905.769531 41813.578125 25871.638672 11040.449219 1971.619385 255.578552 40.969204 7.943102
8.438840 52.314461 353.013153 1894.668701 6168.351562 12094.015625 18705.779297 25597.404297 32394.177734 37902.457031 37460.617188 33067.734375 23678.138672 14368.570312 7776.634766 5310.350098 4393.575195 3886.360840 3469.792236 3115.125000 2896.525146 2789.878174 2747.435547 2749.366455 2832.446777 2873.660156 3047.067139 3122.582764 3783.457275 5486.003418 7381.863770 9276.869141 10948.422852 18019.054688 25873.130859 30996.691406 46374.148438 65190.250000 76349.593750 94572.625000 102368.843750 97788.046875 80019.484375 58923.003906 41509.574219 25162.089844 9494.486328 1442.976074 209.054047 41.330631
52.227299 327.875427 1665.539062 5247.327148 10058.721680 15462.354492 21088.353516 26967.470703 30542.996094 29839.882812 25685.455078 16774.552734 8443.884766 3391.713623 2083.142578 1602.998901 1360.798706 1192.595581 1039.481689 922.612549 862.574890 833.290527 827.813538 841.691772 880.277405 949.212036 1053.161377 1213.933594 1361.084473 1629.074097 2462.595703 3516.771240 4866.851074 6718.751953 12303.136719 18760.517578 25811.085938 43961.335938 58598.730469 78472.507812 98665.414062 100199.031250 91669.921875 74592.742188 58754.484375 40450.640625 21976.830078 7135.526855 1007.753479 199.467758
297.302124 1421.474609 4355.694336 8228.640625 12537.916992 17025.468750 22017.861328 23921.314453 23253.384766 19418.628906 11677.203125 4905.654297 1508.329102 766.775391 523.519104 410.426392 347.523865 297.981445 254.339600 223.536575 209.857162 204.500458 205.713104 211.559479 226.794098 256.173492 304.289001 372.628418 454.706818 527.987427 698.685974 1108.867554 1695.852051 2397.958496 4590.393066 8626.821289 13345.566406 25927.777344 41319.722656 56729.660156 84061.398438 96924.406250 95239.820312 88453.273438 76118.117188 55858.496094 35211.386719 17468.439453 4782.275391 866.199768
1197.383911 3524.871338 6609.219727 10022.259766 13624.529297 17482.296875 18569.982422 17970.468750 14655.771484 8283.092773 2990.504150 727.819824 282.333710 159.452454 110.044411 85.722816 71.352837 59.653606 49.830246 42.931252 41.230072 41.330826 42.158218 44.382397 48.885532 57.628376 74.526169 97.710602 125.336166 164.666290 198.361465 350.738831 612.152771 934.653625 1922.401733 3965.774414 6755.970703 14490.830078 26394.322266 37836.359375 65237.070312 84064.687500 93167.304688 95388.703125 90421.148438 70813.468750 48883.035156 27808.375000 12403.463867 3704.670654
2842.093506 5227.234863 7854.675781 10743.365234 13729.495117 14353.000977 13832.767578 11101.936523 6023.960449 1920.136353 401.013763 116.897240 49.265965 27.651791 18.510845 13.982602 11.345211 9.335900 7.705879 6.814142 6.741421 6.818505 7.148163 7.743393 8.927005 11.677512 15.448977 21.511580 32.002720 44.543736 60.871193 122.109581 236.739838 401.106232 959.224548 2132.138916 3720.934814 8502.091797 16195.059570 26052.443359 48450.476562 69202.242188 83105.773438 96913.179688 96029.296875 83546.984375 61057.226562 38481.847656 20685.625000 9964.683594
4154.904297 6103.533203 8367.503906 10632.777344 11042.514648 10637.259766 8492.897461 4526.657227 1342.874512 259.559387 61.339012 18.175009 7.271483 3.827892 2.436220 1.768543 1.415607 1.189128 1.036098 0.948043 0.946427 0.974544 1.059763 1.214456 1.564594 2.004740 2.776615 4.233300 6.846408 12.050803 20.788282 45.673458 102.730995 192.768188 536.733521 1276.764282 2554.874023 5783.141113 10795.583008 19229.564453 36318.664062 55694.781250 70843.750000 93641.734375 97073.937500 91096.101562 70864.414062 48397.230469 29115.837891 17729.148438
4833.579102 6444.741699 8179.350098 8468.191406 8171.744141 6554.816406 3486.774902 1018.127502 196.376434 44.137123 9.776903 2.559134 0.893878 0.425632 0.259585 0.000000 0.000000 0.000000 0.000000 0.000000 0.000000 0.000000 0.000000 0.000000 0.229613 0.306644 0.461640 0.783711 1.487380 3.251866 6.985266 17.461123 48.129051 99.690536 326.562225 801.750916 1871.180542 4357.125488 7966.841797 15622.214844 28991.503906 45215.636719 61442.222656 85847.742188 95180.187500 91406.523438 77426.507812 57410.070312 39655.195312 26733.134766
5062.192871 6216.658203 6447.377441 6242.812500 5072.961426 2702.563232 780.179321 152.566650 37.245083 8.451542 1.621562 0.334797 0.000000 0.000000 0.000000 0.000000 0.000000 0.000000 0.000000 0.000000 0.000000 0.000000 0.000000 0.000000 0.000000 0.000000 0.000000 0.000000 0.330867 0.847210 2.358409 6.524990 21.592623 54.093945 198.090485 501.228394 1312.903320 3256.716797 6052.281250 13091.363281 24283.115234 37361.828125 55110.519531 78483.734375 91224.078125 89694.406250 79286.046875 65282.140625 50147.703125 36076.855469
4752.246094 4862.724121 4727.282227 3897.777100 2079.455322 587.376953 113.042862 29.306923 7.877575 1.741889 0.290005 0.000000 0.000000 0.000000 0.000000 0.000000 0.000000 0.000000 0.000000 0.000000 0.000000 0.000000 0.000000 0.000000 0.000000 0.000000 0.000000 0.000000 0.000000 0.210518 0.701874 2.189689 7.852412 25.431684 96.055176 289.276855 859.409729 2289.888916 4554.412598 10786.745117 20268.949219 31541.541016 50621.542969 71726.234375 85268.476562 85996.070312 79934.007812 73826.281250 59398.273438 44308.507812
3598.866943 3515.133057 2968.336670 1603.199463 453.107880 83.198601 21.000879 6.080574 1.698032 0.366870 0.000000 0.000000 0.000000 0.000000 0.000000 0.000000 0.000000 0.000000 0.000000 0.000000 0.000000 0.000000 0.000000 0.000000 0.000000 0.000000 0.000000 0.000000 0.000000 0.000000 0.151583 0.625130 2.433440 9.092513 40.538948 145.385788 552.488403 1548.705688 3722.563965 8895.641602 16841.048828 27552.996094 47510.437500 66469.546875 79132.218750 82012.437500 81427.726562 80223.781250 65732.734375 50873.917969
2530.885498 2191.123779 1209.285400 353.556885 60.768444 14.301310 3.918060 1.123665 0.298298 0.000000 0.000000 0.000000 0.000000 0.000000 0.000000 0.000000 0.000000 0.000000 0.000000 0.000000 0.000000 0.000000 0.000000 0.000000 0.000000 0.000000 0.000000 0.000000 0.000000 0.000000 0.000000 0.183472 0.869181 4.566180 21.479637 82.925644 389.131042 1089.079956 3174.133545 7597.066406 14224.549805 26335.253906 44461.035156 62077.218750 73384.210938 77597.187500 84759.781250 83763.789062 69275.546875 55215.617188
1572.353882 888.725037 264.303497 41.980038 8.948303 2.300739 0.629577 0.000000 0.000000 0.000000 0.000000 0.000000 0.000000 0.000000 0.000000 0.000000 0.000000 0.000000 0.000000 0.000000 0.000000 0.000000 0.000000 0.000000 0.000000 0.000000 0.000000 0.000000 0.000000 0.000000 0.000000 0.097570 0.496408 2.534359 12.140033 62.780991 303.739166 855.751831 2763.585938 6571.869141 12534.360352 25616.119141 41986.585938 57470.695312 68215.960938 80685.093750 87127.078125 84483.968750 71186.398438 56432.835938
690.273621 218.598679 30.146667 5.304305 1.218371 0.311469 0.000000 0.000000 0.000000 0.000000 0.000000 0.000000 0.000000 0.000000 0.000000 0.000000 0.000000 0.000000 0.000000 0.000000 0.000000 0.000000 0.000000 0.000000 0.000000 0.000000 0.000000 0.000000 0.000000 0.000000 0.000000 0.000000 0.304508 1.709960 9.249948 47.308331 226.386826 741.804565 2414.678711 5698.286133 12278.081055 25506.992188 40522.496094 53608.308594 65511.808594 82581.296875 87318.031250 84504.953125 69400.312500 56271.785156
190.679901 32.130466 3.793105 0.636738 0.000000 0.000000 0.000000 0.000000 0.000000 0.000000 0.000000 0.000000 0.000000 0.000000 0.000000 0.000000 0.000000 0.000000 0.000000 0.000000 0.000000 0.000000 0.000000 0.000000 0.000000 0.000000 0.000000 0.000000 0.000000 0.000000 0.000000 0.000000 0.242804 1.351867 6.928217 33.385891 149.736649 632.945190 2105.093994 4952.562988 12477.905273 25078.169922 38909.890625 50843.785156 69760.281250 83719.429688 86761.140625 81323.765625 66604.515625 54931.320312
32.246334 4.085855 0.437687 0.000000 0.000000 0.000000 0.000000 0.000000 0.000000 0.000000 0.000000 0.000000 0.000000 0.000000 0.000000 0.000000 0.000000 0.000000 0.000000 0.000000 0.000000 0.000000 0.000000 0.000000 0.000000 0.000000 0.000000 0.000000 0.000000 0.000000 0.000000 0.000000 0.188423 1.032918 5.351416 29.207485 138.930328 572.225830 1822.692017 4781.546875 12836.625000 24785.785156 37114.496094 52371.917969 74038.890625 83438.273438 85228.843750 77125.070312 63992.808594 59731.125000
2.714065 0.315055 0.000000 0.000000 0.000000 0.000000 0.000000 0.000000 0.000000 0.000000 0.000000 0.000000 0.000000 0.000000 0.000000 0.000000 0.000000 0.000000 0.000000 0.000000 0.000000 0.000000 0.000000 0.000000 0.000000 0.000000 0.000000 0.000000 0.000000 0.000000 0.000000 0.000000 0.140978 0.836799 5.209545 28.021303 136.595428 549.052856 1649.775879 5118.891113 13014.507812 23848.718750 35375.695312 57576.468750 76472.851562 83626.875000 82061.789062 73361.890625 69336.742188 62531.003906
0.000000 0.000000 0.000000 0.000000 0.000000 0.000000 0.000000 0.000000 0.000000 0.000000 0.000000 0.000000 0.000000 0.000000 0.000000 0.000000 0.000000 0.000000 0.000000 0.000000 0.000000 0.000000 0.000000 0.000000 0.000000 0.000000 0.000000 0.000000 0.000000 0.000000 0.000000 0.000000 0.134180 0.906334 5.287271 28.014223 132.160858 520.512878 1810.537231 5690.820801 13244.038086 22771.412109 39834.046875 61490.660156 77689.437500 81623.406250 79094.632812 76533.992188 72776.750000 60936.632812
0.000000 0.000000 0.000000 0.000000 0.000000 0.000000 0.000000 0.000000 0.000000 0.000000 0.000000 0.000000 0.000000 0.000000 0.000000 0.000000 0.000000 0.000000 0.000000 0.000000 0.000000 0.000000 0.000000 0.000000 0.000000 0.000000 0.000000 0.000000 0.000000 0.000000 0.000000 0.000000 0.152757 1.001887 5.492543 26.840557 124.864723 551.662964 2054.512207 5909.499512 13052.448242 24983.230469 44754.289062 63748.644531 76547.085938 79459.679688 81388.640625 83169.140625 71787.390625 58449.191406
0.000000 0.000000 0.000000 0.000000 0.000000 0.000000 0.000000 0.000000 0.000000 0.000000 0.000000 0.000000 0.000000 0.000000 0.000000 0.000000 0.000000 0.000000 0.000000 0.000000 0.000000 0.000000 0.000000 0.000000 0.000000 0.000000 0.000000 0.000000 0.000000 0.000000 0.000000 0.000000 0.199233 1.109444 5.756940 30.134605 144.812073 622.624817 2161.095947 6245.278809 13459.562500 29665.417969 48861.164062 65576.328125 73582.156250 82979.265625 88632.929688 85388.968750 68945.054688 53123.101562
0.000000 0.000000 0.000000 0.000000 0.000000 0.000000 0.000000 0.000000 0.000000 0.000000 0.000000 0.000000 0.000000 0.000000 0.000000 0.000000 0.000000 0.000000 0.000000 0.000000 0.000000 0.000000 0.000000 0.000000 0.000000 0.000000 0.000000 0.000000 0.000000 0.000000 0.000000 0.000000 0.330248 1.722611 8.315281 38.090656 164.157104 666.406067 2297.063232 6230.442383 16954.650391 33632.878906 51362.535156 64315.035156 78302.664062 90513.039062 91307.281250 82120.109375 62690.113281 46938.773438
0.000000 0.000000 0.000000 0.000000 0.000000 0.000000 0.000000 0.000000 0.000000 0.000000 0.000000 0.000000 0.000000 0.000000 0.000000 0.000000 0.000000 0.000000 0.000000 0.000000 0.000000 0.000000 0.000000 0.000000 0.000000 0.000000 0.000000 0.000000 0.000000 0.000000 0.000000 0.000000 0.533988 2.555651 11.473916 48.368481 194.656570 719.684265 2372.309082 7984.456543 20677.726562 36579.285156 50945.519531 68132.164062 87979.015625 93410.937500 91430.023438 74189.734375 56277.574219 45761.492188
