tests/test_03/output0/CloudLoad_010.00hrs.dat
NCOLS    50
NROWS    50
XLLCORNER    -2289770.000
YLLCORNER     2591270.000
CELLSIZE        2000.000       2000.000
NODATA_VALUE -9999.
[rows 0 to 31 of 50, columns 0 to 49 of 50]
372.787903 411.022888 460.675568 518.049011 583.388245 657.181885 740.360535 833.971252 939.559143 1059.626709 1197.617188 1358.922119 1548.460083 1770.095215 2028.003906 2329.092041 2681.374512 3089.840820 3562.474121 4115.911621 4769.842773 5536.504883 6417.506348 7417.130371 8554.228516 9864.700195 11375.140625 13075.862305 14951.974609 16997.675781 19196.433594 21502.396484 23717.009766 25805.248047 27319.867188 28462.078125 28712.742188 28420.910156 27533.783203 25412.433594 22989.044922 19640.330078 16495.910156 13177.254883 10499.462891 7718.111328 5295.586914 3525.956543 2082.521484 355.004822
213.833313 238.857880 271.182526 308.113098 349.900665 397.361725 451.733398 514.621582 588.215088 675.843262 780.852417 907.486694 1059.202271 1239.694580 1455.684570 1715.708862 2024.484497 2386.094482 2816.746582 3338.824707 3964.933350 4690.294434 5519.599121 6488.220215 7637.945801 8982.425781 10504.127930 12201.982422 14110.486328 16249.502930 18589.853516 21028.652344 23364.322266 25661.363281 27434.203125 28754.939453 29197.830078 29044.832031 28283.839844 26281.085938 23982.607422 20676.283203 17463.425781 14025.252930 11225.312500 8306.759766 5736.096680 3835.762939 2298.834717 411.361542
155.788513 175.293839 200.399200 229.055145 261.604034 298.947388 342.411407 393.776733 455.459473 530.805481 622.990540 734.900391 869.621826 1032.221558 1230.285522 1470.352051 1756.110474 2095.755127 2507.704102 3010.599365 3607.047363 4292.219727 5087.981445 6036.531250 7170.840820 8497.486328 10004.031250 11699.265625 13619.283203 15792.376953 18201.529297 20716.644531 23144.929688 25550.183594 27573.675781 29112.505859 29826.814453 29859.597656 29252.371094 27414.718750 25228.460938 21998.037109 18719.263672 15141.029297 12164.969727 9067.720703 6308.148926 4227.835449 2571.416260 486.428131
87.829300 100.573120 116.870865 135.570541 157.126465 182.536331 213.252563 251.154587 298.818817 359.366608 435.558533 528.790955 642.602173 783.938843 959.726318 1173.681885 1430.778809 1744.065308 2131.356445 2605.495850 3161.846436 3801.036621 4560.017578 5487.030762 6607.606445 7914.593750 9397.310547 11079.615234 13008.101562 15214.195312 17693.375000 20327.662109 22875.736328 25385.832031 27643.880859 29422.685547 30450.960938 30690.691406 30238.181641 28567.310547 26476.093750 23320.242188 20005.384766 16356.411133 13164.750000 9882.360352 6929.456543 4648.304199 2866.477051 575.329590
49.685257 57.668346 67.776489 79.693985 94.135849 111.989082 134.805084 164.206482 202.151215 250.807449 312.117310 388.481567 485.304352 609.328918 764.024292 952.152710 1182.100464 1469.982300 1829.619141 2261.023193 2765.037598 3365.379395 4100.836914 5001.523926 6087.785645 7364.934570 8832.278320 10506.500000 12430.464844 14649.399414 17170.113281 19913.837891 22610.355469 25213.412109 27686.603516 29667.980469 31040.281250 31518.599609 31223.343750 29714.777344 27723.681641 24631.939453 21280.978516 17650.390625 14220.672852 10737.476562 7607.393066 5101.241699 3188.145996 679.637146
20.749825 24.784416 30.482788 37.968815 47.661751 60.079971 76.151497 97.703987 126.400986 163.149384 209.990051 271.975067 354.264374 459.209351 590.551880 753.768738 957.160278 1212.930542 1530.745117 1917.616211 2386.886475 2959.256836 3660.650391 4519.997559 5566.740723 6817.780273 8272.790039 9940.011719 11854.835938 14069.366211 16610.955078 19423.224609 22291.210938 25032.320312 27662.462891 29859.113281 31547.593750 32270.501953 32157.294922 30813.251953 28930.492188 25929.406250 22536.681641 18975.437500 15322.733398 11631.337891 8335.594727 5581.894043 3528.217285 800.146606
8.327930 10.062287 12.745459 16.793085 22.696566 30.998543 42.626991 58.270420 78.525635 105.466888 142.924210 194.241547 261.714325 348.750397 459.959839 599.464783 774.115479 995.597046 1277.052368 1630.321411 2068.275391 2607.331055 3268.923828 4081.749023 5079.933594 6293.176758 7731.963867 9395.568359 11297.488281 13489.243164 16019.080078 18872.599609 21866.146484 24753.861328 27555.810547 29950.794922 31907.548828 32866.054688 32973.714844 31838.171875 30063.757812 27177.380859 23769.621094 20296.115234 16456.568359 12561.262695 9106.068359 6090.688477 3889.113770 937.756897
3.234491 4.001147 5.328132 7.522792 10.981524 16.242605 23.582901 33.707714 48.175549 69.150414 98.702911 139.021194 193.001892 264.012634 355.387482 471.104065 618.258789 808.959351 1058.564087 1381.300415 1788.352783 2292.678467 2912.362793 3676.297119 4621.167480 5785.817871 7193.732422 8843.477539 10733.103516 12894.800781 15395.383789 18256.044922 21344.611328 24347.746094 27246.320312 29887.605469 32085.533203 33298.371094 33597.500000 32767.476562 31098.951172 28367.619141 24960.785156 21589.574219 17600.982422 13520.665039 9908.082031 6624.882812 4270.062988 1096.479126
1.197043 1.579129 2.313021 3.548144 5.487119 8.432650 12.988546 20.147594 31.322584 47.537022 69.947723 100.638458 142.393906 198.177460 271.470917 367.049622 492.019836 657.721863 879.615051 1172.579102 1547.272705 2014.172607 2590.962646 3306.735840 4199.583496 5306.548340 6660.680176 8273.714844 10140.597656 12273.592773 14732.182617 17572.166016 20698.039062 23811.933594 26781.218750 29632.898438 32065.082031 33522.664062 34019.898438 33533.226562 32002.781250 29470.121094 26101.619141 22840.076172 18733.798828 14507.311523 10742.687500 7182.093750 4671.451172 1271.390503
0.423231 0.657570 1.067651 1.701462 2.770091 4.684842 7.976861 13.419717 21.535252 33.050789 49.333157 72.098663 103.275055 145.946213 204.471970 284.425415 392.752869 538.792664 734.836975 995.094116 1333.191040 1762.019165 2299.724121 2971.244629 3809.846680 4852.502441 6136.924805 7689.743652 9514.833984 11613.169922 14022.652344 16817.236328 19930.990234 23119.203125 26179.107422 29134.681641 31742.894531 33582.113281 34248.089844 34037.855469 32701.281250 30451.806641 27162.685547 24023.375000 19835.916016 15509.042969 11602.725586 7760.001953 5094.078613 1469.570557
0.000000 0.289692 0.504338 0.831753 1.484300 2.931412 5.509976 9.083154 14.140824 21.943762 33.631649 49.991615 72.673401 105.217949 152.959946 221.654816 316.776001 445.048553 616.056152 842.611572 1142.100708 1532.800903 2032.129272 2660.544678 3443.523682 4417.574707 5622.854492 7097.846680 8861.090820 10909.305664 13260.795898 15990.554688 19068.576172 22260.775391 25424.722656 28467.076172 31187.289062 33299.503906 34257.773438 34273.062500 33155.265625 31267.996094 28120.333984 25107.085938 20914.326172 16517.353516 12492.914062 8358.627930 5529.304688 1680.089844
0.000000 0.000000 0.231406 0.451177 0.921335 1.967524 3.436419 5.481299 8.612085 13.629924 21.471096 33.161606 50.324085 76.110229 115.447495 174.034195 256.857574 368.262604 515.767029 711.843933 974.199646 1324.925049 1783.208618 2366.198486 3092.587646 3995.521484 5118.405762 6503.766602 8185.319824 10169.057617 12455.379883 15096.750000 18112.527344 21284.642578 24485.210938 27604.224609 30463.589844 32753.332031 33995.500000 34299.597656 33407.496094 31735.896484 28923.548828 26067.382812 21955.341797 17514.191406 13399.482422 8984.517578 5982.453613 1912.212769
0.000000 0.000000 0.000000 0.274557 0.574449 0.945752 1.636434 3.022239 5.148562 8.168165 13.295479 22.324516 36.536877 57.651478 89.441742 137.462952 207.125458 302.592804 429.279266 598.733582 828.353577 1139.182373 1552.201660 2084.264160 2752.191162 3582.877441 4621.353516 5913.744141 7499.947754 9401.385742 11613.250977 14154.900391 17065.757812 20196.861328 23395.177734 26540.949219 29542.423828 31986.404297 33468.042969 34014.335938 33519.699219 31960.931641 29465.943359 26909.875000 22939.056641 18486.375000 14308.351562 9642.453125 6450.511719 2164.189209
0.000000 0.000000 0.000000 0.000000 0.220359 0.449172 0.861708 1.642986 3.118252 5.434469 9.005135 15.516373 27.143147 45.036240 70.907906 108.684837 164.064362 243.268097 352.711761 500.935333 701.465637 972.853027 1336.884644 1813.808105 2422.931641 3185.338379 4139.451172 5335.586426 6818.139648 8616.990234 10738.222656 13180.809570 15952.772461 18992.736328 22185.386719 25316.550781 28409.164062 31019.652344 32709.173828 33483.261719 33355.488281 32018.687500 29774.527344 27460.042969 23818.000000 19420.095703 15215.246094 10323.091797 6931.403809 2433.354004
0.000000 0.000000 0.000000 0.000000 0.000000 0.000000 0.402488 0.838898 1.799821 3.618775 6.414430 10.983019 19.565119 34.217648 55.472160 85.088371 127.909126 191.644470 284.805450 414.720123 589.939514 824.348694 1138.415405 1557.450928 2105.479492 2803.913086 3678.809326 4776.716309 6147.819824 7828.366211 9836.046875 12171.239258 14806.988281 17702.955078 20850.810547 23965.689453 27074.353516 29839.044922 31721.517578 32724.476562 32981.164062 31854.945312 29805.330078 27784.355469 24525.156250 20271.628906 16081.405273 11022.749023 7423.422852 2730.646484
0.000000 0.000000 0.000000 0.000000 0.000000 0.000000 0.229166 0.511732 1.102826 2.358063 4.749300 8.381926 14.244143 24.680210 41.316189 64.783180 98.477066 149.593536 226.780975 337.762451 488.606689 689.230591 957.859436 1320.207764 1804.972778 2439.638672 3242.918213 4245.684082 5498.200195 7047.529785 8922.769531 11135.188477 13638.007812 16391.560547 19398.966797 22498.296875 25567.343750 28445.876953 30503.699219 31705.830078 32286.279297 31468.787109 29644.843750 27858.419922 24995.710938 20998.398438 16902.011719 11739.919922 7917.493164 3037.592041
0.000000 0.000000 0.000000 0.000000 0.000000 0.000000 0.000000 0.322598 0.709703 1.513064 3.215890 6.168518 10.398353 17.161207 29.081934 48.123924 75.810127 116.665039 178.092682 268.532745 395.495422 567.071350 797.579224 1109.787354 1532.054199 2094.828613 2825.071777 3741.793945 4878.331543 6289.308594 8019.625000 10089.619141 12445.438477 15062.517578 17914.853516 20898.052734 23930.474609 26835.177734 29070.601562 30409.039062 31280.554688 30878.623047 29283.652344 27708.865234 25254.656250 21515.740234 17634.234375 12447.856445 8404.271484 3369.114990
0.000000 0.000000 0.000000 0.000000 0.000000 0.000000 0.000000 0.000000 0.397238 0.832048 1.824789 3.978902 7.253760 11.893686 19.901659 34.569088 57.803539 90.780228 138.089005 208.082138 311.296814 457.649353 657.401733 926.427063 1290.401978 1779.828979 2425.617188 3253.788574 4289.812500 5568.209473 7144.060059 9056.743164 11249.931641 13709.518555 16414.005859 19238.494141 22176.837891 25024.361328 27424.589844 28889.093750 29971.115234 30030.392578 28733.697266 27374.742188 25287.636719 21849.253906 18252.601562 13147.789062 8877.477539 3713.720947
0.000000 0.000000 0.000000 0.000000 0.000000 0.000000 0.000000 0.000000 0.216034 0.492236 1.086088 2.250229 4.568958 8.476714 14.481706 24.610750 41.944843 68.366325 105.629173 159.763901 241.301575 362.248077 533.354309 765.782959 1077.824951 1497.442017 2057.438721 2789.673340 3723.887451 4887.549805 6313.340332 8054.065430 10065.869141 12353.985352 14874.130859 17554.107422 20345.476562 23102.681641 25560.779297 27196.898438 28429.449219 28877.701172 27980.283203 26840.865234 25134.785156 21944.853516 18691.759766 13819.136719 9330.099609 4066.597412
0.000000 0.000000 0.000000 0.000000 0.000000 0.000000 0.000000 0.000000 0.000000 0.322085 0.642425 1.299949 2.744546 5.748017 10.493564 17.505552 28.969910 48.597660 78.855484 122.379723 186.083466 281.517303 422.050720 620.702271 889.835999 1248.859375 1726.960449 2362.506836 3190.671631 4238.533691 5528.578613 7087.033691 8910.794922 11014.646484 13326.949219 15843.490234 18480.060547 21110.871094 23525.132812 25326.298828 26711.566406 27453.578125 27002.667969 26112.269531 24798.509766 21843.019531 18919.230469 14420.554688 9761.050781 4439.435547
0.000000 0.000000 0.000000 0.000000 0.000000 0.000000 0.000000 0.000000 0.000000 0.000000 0.403544 0.810180 1.668872 3.426123 6.669382 11.981512 19.947252 33.246647 55.947544 91.739105 143.622467 217.880127 327.844543 489.160522 718.203796 1028.002197 1438.012329 1979.861694 2695.449707 3621.550537 4779.339844 6171.472656 7799.392578 9705.509766 11811.517578 14131.625977 16593.865234 19080.578125 21406.873047 23273.800781 24840.421875 25804.246094 25787.642578 25148.873047 24269.570312 21595.703125 18949.236328 14967.267578 10165.229492 4811.360352
0.000000 0.000000 0.000000 0.000000 0.000000 0.000000 0.000000 0.000000 0.000000 0.000000 0.000000 0.430123 0.909761 1.841383 3.751730 7.405393 13.506316 23.148087 38.797665 65.124184 106.548813 167.110794 253.669220 378.708466 560.694336 819.624878 1175.840210 1645.482788 2255.084229 3048.100586 4062.561768 5301.785645 6750.315918 8433.650391 10327.561523 12452.788086 14695.017578 17037.728516 19282.611328 21134.335938 22802.824219 23971.283203 24341.646484 23997.111328 23468.617188 21260.769531 18799.417969 15325.464844 10524.739258 5192.437988
0.000000 0.000000 0.000000 0.000000 0.000000 0.000000 0.000000 0.000000 0.000000 0.000000 0.000000 0.000000 0.462838 0.977318 2.026929 4.245017 8.528605 15.660542 26.647505 44.569195 74.540054 122.248093 192.516663 292.194672 434.116577 638.328491 929.017151 1331.482056 1860.634766 2535.083008 3393.870361 4464.818848 5749.414062 7234.973633 8913.625977 10807.201172 12862.690430 15006.502930 17073.568359 18985.003906 20673.380859 21966.541016 22691.630859 22713.462891 22439.431641 20792.216797 18519.013672 15531.822266 10839.247070 5577.388184
0.000000 0.000000 0.000000 0.000000 0.000000 0.000000 0.000000 0.000000 0.000000 0.000000 0.000000 0.000000 0.000000 0.461661 1.109004 2.366570 4.805460 9.487243 17.760727 30.798615 51.133923 84.092033 137.034241 216.982285 331.290558 492.431366 722.127808 1046.838379 1490.007080 2070.228027 2800.669189 3698.559082 4806.770996 6109.437988 7601.708984 9277.589844 11127.071289 13064.335938 14938.305664 16801.277344 18524.750000 19881.730469 20898.017578 21234.732422 21238.140625 20138.873047 18104.435547 15540.377930 11074.357422 5940.153809
0.000000 0.000000 0.000000 0.000000 0.000000 0.000000 0.000000 0.000000 0.000000 0.000000 0.000000 0.000000 0.000000 0.000000 0.424663 1.063706 2.395620 4.935899 10.138226 19.621290 35.013157 58.426472 94.224045 151.136398 240.234955 371.808167 556.023010 809.958496 1160.733032 1637.749146 2259.293457 3026.889648 3956.868408 5065.150391 6378.397461 7868.076172 9478.609375 11207.441406 12913.069336 14680.764648 16350.674805 17792.388672 18965.623047 19652.867188 19903.357422 19287.019531 17577.064453 15403.788086 11242.405273 6293.075684
0.000000 0.000000 0.000000 0.000000 0.000000 0.000000 0.000000 0.000000 0.000000 0.000000 0.000000 0.000000 0.000000 0.000000 0.000000 0.390788 0.957164 2.418171 5.478179 10.809022 20.707706 37.528526 63.863659 104.185432 166.677124 263.915070 409.193085 615.368164 892.757446 1263.688477 1766.354492 2415.157471 3212.067139 4151.103516 5263.472656 6571.671387 7982.882812 9474.655273 11038.740234 12666.388672 14264.469727 15754.063477 17002.738281 17963.779297 18480.234375 18288.730469 16924.978516 15132.438477 11317.296875 6619.078613
0.000000 0.000000 0.000000 0.000000 0.000000 0.000000 0.000000 0.000000 0.000000 0.000000 0.000000 0.000000 0.000000 0.000000 0.000000 0.000000 0.375476 0.919208 2.286119 5.564782 11.000576 20.619860 38.714996 68.833801 114.424194 182.359787 284.720764 439.297882 661.955933 965.224731 1363.503418 1875.590576 2533.834961 3340.033936 4292.327637 5389.076660 6617.004883 7931.442383 9331.147461 10813.762695 12285.694336 13761.341797 15090.060547 16211.944336 16965.232422 17133.083984 16162.233398 14743.221680 11325.976562 6923.024414
0.000000 0.000000 0.000000 0.000000 0.000000 0.000000 0.000000 0.000000 0.000000 0.000000 0.000000 0.000000 0.000000 0.000000 0.000000 0.000000 0.000000 0.364920 0.899936 2.198128 5.422621 11.791057 22.262056 40.350048 71.141708 120.423988 195.533615 307.244690 469.866486 704.662842 1027.762085 1444.730713 1967.159912 2623.651855 3438.341797 4353.822754 5376.985352 6513.601562 7787.337402 9088.176758 10410.291016 11833.727539 13193.617188 14416.737305 15335.840820 15819.800781 15293.322266 14259.390625 11225.754883 7196.882324
0.000000 0.000000 0.000000 0.000000 0.000000 0.000000 0.000000 0.000000 0.000000 0.000000 0.000000 0.000000 0.000000 0.000000 0.000000 0.000000 0.000000 0.000000 0.363210 0.914117 2.248998 5.396776 11.940560 23.293489 41.865578 73.177208 125.231590 207.965637 331.520996 505.305206 743.729309 1070.497070 1498.900635 2027.706543 2670.164062 3425.048828 4291.510254 5251.984375 6307.410156 7458.806152 8664.133789 9961.427734 11283.056641 12552.838867 13587.586914 14328.488281 14236.351562 13593.203125 10977.043945 7444.010742
0.000000 0.000000 0.000000 0.000000 0.000000 0.000000 0.000000 0.000000 0.000000 0.000000 0.000000 0.000000 0.000000 0.000000 0.000000 0.000000 0.000000 0.000000 0.000000 0.364234 0.918308 2.255669 5.271173 11.459061 23.256653 43.793072 78.327003 133.934799 219.649612 348.985291 533.575439 780.047363 1101.895264 1523.156494 2029.781494 2612.777100 3308.971436 4093.795166 4968.343262 5953.337402 7027.453125 8162.492188 9385.840820 10647.296875 11735.990234 12638.044922 12906.871094 12667.954102 10519.178711 7607.763184
0.000000 0.000000 0.000000 0.000000 0.000000 0.000000 0.000000 0.000000 0.000000 0.000000 0.000000 0.000000 0.000000 0.000000 0.000000 0.000000 0.000000 0.000000 0.000000 0.000000 0.372139 0.928663 2.298425 5.566408 12.359585 24.752987 46.533123 83.847511 144.697327 235.986374 365.676392 548.057068 792.626648 1097.922729 1469.379028 1917.810425 2450.553955 3061.171143 3755.388672 4563.938965 5478.464355 6470.511719 7539.961914 8695.778320 9801.885742 10753.671875 11366.882812 11473.748047 9820.689453 7605.707031
0.000000 0.000000 0.000000 0.000000 0.000000 0.000000 0.000000 0.000000 0.000000 0.000000 0.000000 0.000000 0.000000 0.000000 0.000000 0.000000 0.000000 0.000000 0.000000 0.000000 0.000000 0.390030 0.951000 2.336259 5.712303 12.847293 26.081646 50.433838 90.876617 153.041458 243.720459 369.008606 535.614258 745.323303 999.858398 1319.163940 1695.569580 2147.202637 2684.769043 3307.998047 4050.174561 4876.262695 5797.752441 6816.092285 7866.505371 8850.859375 9652.431641 10054.344727 8901.769531 7374.426270
