tests/test_03/output0/CloudLoad_005.00hrs.dat
NCOLS    50
NROWS    50
XLLCORNER    -2289770.000
YLLCORNER     2591270.000
CELLSIZE        2000.000       2000.000
NODATA_VALUE -9999.
[rows 0 to 28 of 50, columns 0 to 49 of 50]
0.000000 0.000000 0.000000 0.000000 0.000000 0.000000 0.000000 0.238425 1.577063 9.898771 59.381207 344.473297 1912.986694 9235.325195 20495.150391 33465.769531 47757.640625 61985.125000 75171.296875 85679.578125 92718.085938 97293.046875 101068.585938 103894.203125 106542.929688 108826.375000 108999.570312 108387.484375 107877.929688 107563.617188 102101.906250 94331.171875 87136.734375 73197.593750 53697.535156 35069.660156 21495.916016 11455.580078 4798.948730 999.869263 136.400223 20.578308 3.188398 0.493623 0.000000 0.000000 0.000000 0.000000 0.000000 0.000000
0.000000 0.000000 0.000000 0.000000 0.000000 0.000000 0.212851 1.402992 8.970576 55.978943 338.888763 2177.957764 10320.568359 22911.123047 36858.703125 51784.250000 67070.570312 81669.343750 93542.007812 101850.117188 106779.585938 109211.500000 111325.468750 112390.562500 113595.953125 116049.234375 119894.078125 122284.539062 123323.500000 122936.375000 124318.351562 121345.203125 114743.289062 105665.976562 88929.789062 67060.789062 44646.937500 27548.927734 14086.411133 4961.735840 956.961914 134.493637 19.995180 3.086761 0.468848 0.000000 0.000000 0.000000 0.000000 0.000000
0.000000 0.000000 0.000000 0.000000 0.000000 0.217388 1.407636 9.024449 57.714043 366.699982 2442.463867 11216.698242 24480.998047 39285.910156 55490.707031 72784.109375 89126.296875 101701.796875 108816.312500 112059.632812 113725.875000 115278.867188 116762.710938 117751.539062 118803.703125 120520.265625 122972.156250 126403.882812 133232.218750 138434.812500 141336.359375 143067.281250 144252.484375 139314.968750 128408.156250 108334.609375 82584.507812 56388.125000 34524.703125 16996.814453 5341.778320 912.567383 130.261292 19.328102 2.952539 0.440973 0.000000 0.000000 0.000000 0.000000
0.000000 0.000000 0.000000 0.000000 0.223051 1.410632 8.975967 57.589092 378.030518 2592.731689 11433.546875 25027.707031 40372.726562 57294.679688 74229.632812 89632.390625 100892.507812 107803.390625 109779.000000 109426.890625 108085.664062 107755.468750 108201.132812 108810.117188 110828.554688 113488.531250 118035.093750 123110.851562 128642.351562 136575.937500 145899.046875 154418.390625 157988.609375 165551.546875 163248.750000 151162.656250 128805.921875 98297.992188 68421.257812 41713.070312 19907.960938 5351.190430 887.697876 122.797470 18.366358 2.795218 0.415857 0.000000 0.000000 0.000000
0.000000 0.000000 0.000000 0.227658 1.412729 8.867849 56.984249 382.442932 2652.023682 11148.833984 24415.324219 39110.359375 55203.199219 71310.062500 85850.015625 95783.781250 101612.523438 101370.953125 97703.187500 94020.585938 91846.945312 91231.289062 91200.085938 92193.179688 94128.250000 96747.476562 100624.007812 106453.625000 115986.085938 125772.421875 134508.015625 146730.703125 161705.390625 171825.140625 183442.718750 184656.453125 172882.953125 149086.500000 113552.976562 80381.968750 48656.160156 21341.591797 5428.295898 832.798401 114.724663 17.323269 2.649496 0.396257 0.000000 0.000000
0.000000 0.000000 0.225874 1.403874 8.768646 56.574867 389.400513 2638.161865 10385.305664 22257.275391 35613.761719 50742.929688 66197.562500 78935.484375 87884.445312 90645.296875 86058.835938 79058.203125 72328.210938 68168.312500 66178.007812 65518.433594 65918.117188 67068.875000 69763.906250 73825.617188 78304.078125 83585.289062 89981.890625 100846.539062 113955.117188 127777.804688 144161.515625 164998.531250 181798.250000 199688.125000 204258.625000 193882.437500 166847.187500 126995.789062 90065.304688 53738.222656 22558.593750 5321.407227 750.433105 106.258957 16.300785 2.525622 0.380701 0.000000
0.000000 0.217339 1.366354 8.616322 56.128216 395.840820 2532.314209 9450.837891 19657.460938 31495.359375 44913.699219 58799.890625 69583.296875 77335.148438 76726.289062 69201.609375 58939.550781 50703.886719 45938.312500 43336.644531 42047.175781 41464.558594 41730.140625 42822.718750 44584.300781 47562.734375 52296.539062 57440.839844 62638.171875 70799.796875 81414.437500 97448.210938 115534.351562 136732.390625 163373.796875 188080.546875 212586.437500 219037.875000 211360.296875 179195.406250 137593.187500 96392.492188 56304.214844 22449.933594 4960.590332 660.251648 97.918320 15.362325 2.419076 0.399477
0.214939 1.311813 8.371714 55.596809 393.814087 2368.602783 8374.055664 17149.664062 27303.302734 38607.222656 50079.296875 60322.488281 64701.867188 62109.972656 51865.500000 39702.234375 30667.082031 26193.142578 23851.882812 22661.177734 21931.968750 21852.671875 22329.238281 23380.027344 24825.312500 26813.660156 29259.261719 32405.595703 37843.378906 44631.097656 52904.343750 63760.242188 80889.468750 100006.203125 124241.468750 156944.484375 189905.484375 219584.640625 228478.406250 224924.531250 186425.109375 143312.984375 98310.281250 56131.347656 21657.703125 4339.401855 579.259705 89.964584 14.473527 2.531791
1.414775 8.303226 54.867786 379.953064 2151.555664 7275.652344 14679.583984 23210.578125 32437.011719 41742.437500 50503.332031 52507.550781 48401.992188 37414.929688 25392.857422 17012.914062 13084.645508 11442.315430 10449.495117 9669.429688 9223.940430 9170.837891 9378.823242 9911.067383 10679.182617 11922.829102 13472.384766 15636.312500 18523.509766 23002.650391 29429.203125 37133.972656 46966.695312 62936.699219 83234.664062 109147.320312 147436.062500 187884.890625 223332.703125 234271.625000 230437.109375 190049.468750 143712.125000 95807.335938 53529.425781 19871.488281 3619.809814 506.203613 81.489510 14.873857
9.003200 54.111996 359.441498 1917.461914 6243.792480 12313.835938 19270.974609 26718.785156 34480.566406 41053.300781 41130.164062 36503.109375 26123.523438 15582.355469 8247.833008 5578.590332 4619.018066 4107.286621 3693.287598 3358.364014 3184.818604 3147.004395 3204.454102 3370.516602 3681.202637 4103.406250 4768.129883 5830.288574 7493.973145 9657.980469 12756.021484 17085.722656 23450.429688 32751.017578 47779.835938 66973.968750 96390.281250 138019.578125 186636.406250 226073.265625 238517.062500 229211.984375 188878.968750 138672.312500 89888.601562 48999.355469 17341.753906 2913.110596 435.835144 80.998116
53.277649 331.330933 1676.768799 5282.606934 10160.641602 15740.726562 21699.257812 28112.044922 32204.078125 31722.673828 27430.076172 17983.322266 9011.462891 3574.433105 2159.104248 1650.432007 1402.323853 1233.557983 1080.946167 967.644409 916.629456 899.824524 915.476685 959.180115 1045.471436 1188.852417 1435.229492 1848.393921 2427.600586 3292.076172 4428.875977 6136.185059 9159.777344 13769.189453 21593.185547 36175.105469 54801.457031 88860.515625 133709.203125 188540.031250 230862.468750 241627.296875 221783.406250 181345.812500 129070.117188 82065.890625 42815.406250 14078.813477 2302.698975 413.143799
298.557343 1425.893433 4370.538574 8273.630859 12671.409180 17345.337891 22608.777344 24770.785156 24215.242188 20301.345703 12285.537109 5203.019531 1597.019043 794.688110 535.690979 418.132751 354.275635 304.638336 261.071869 230.824478 218.567719 215.437988 220.275986 231.195831 254.572678 297.864655 374.129486 498.756012 693.824341 972.847961 1373.470459 1987.742188 3075.332520 5142.261719 8693.187500 15989.055664 29565.337891 50889.171875 87044.187500 135600.359375 194199.750000 233325.796875 236544.296875 212531.359375 168200.875000 117254.937500 71885.890625 35243.031250 10738.467773 1968.512939
1198.669434 3529.533447 6625.625488 10078.930664 13782.413086 17777.916016 18996.345703 18450.837891 15092.764648 8591.747070 3156.300049 780.802856 295.621490 163.817673 111.889839 86.829292 72.300926 60.583870 50.768845 43.936764 42.422749 42.856712 44.220570 47.212368 52.941483 64.120583 85.671501 118.798943 172.686798 264.246307 400.496033 636.949463 1096.503662 2015.288208 3783.842529 7529.411621 15241.843750 28825.769531 54045.488281 91145.898438 146467.187500 199021.328125 232408.750000 226278.156250 199335.031250 151306.359375 103262.640625 59300.386719 27493.779297 8516.176758
2843.316406 5231.894531 7872.750488 10808.991211 13866.044922 14556.088867 14063.381836 11312.570312 6178.957520 2012.882690 436.208588 124.888199 51.361641 28.319021 18.767637 14.120403 11.457959 9.445598 7.816271 6.931277 6.880335 6.999368 7.397867 8.091685 9.457231 12.554551 17.044701 24.819006 39.797707 65.563599 116.349983 226.823135 426.479309 883.035034 1886.943970 4132.866699 8703.768555 17669.607422 34318.656250 62467.921875 104978.335938 159246.593750 207762.437500 227173.875000 214925.859375 179891.937500 133037.531250 85532.898438 46893.589844 21186.505859
4155.656250 6107.003418 8385.614258 10683.272461 11126.261719 10731.913086 8581.714844 4601.929199 1395.041992 286.584259 67.779938 19.499842 7.603995 3.924738 2.468497 1.783325 1.426897 1.199987 1.047003 0.959572 0.960198 0.993261 1.085804 1.252447 1.625650 2.113368 2.994760 4.742729 8.269652 16.853302 37.044357 86.546997 186.088348 432.664917 1043.232666 2541.603271 5713.403809 12063.395508 23942.607422 45212.968750 77734.921875 125041.273438 174819.671875 212436.500000 218223.500000 198216.687500 157984.250000 111234.328125 67873.796875 36441.179688
4833.807617 6446.048828 8186.565430 8490.060547 8200.019531 6583.440430 3514.259521 1043.003662 214.640137 53.169632 11.420634 2.808772 0.946105 0.438760 0.263239 0.000000 0.000000 0.000000 0.000000 0.000000 0.000000 0.000000 0.000000 0.000000 0.236396 0.319920 0.492636 0.871810 1.797113 4.544526 12.310046 33.800030 87.408325 229.030975 620.143005 1649.891113 4023.551270 8901.936523 18318.388672 35066.218750 61853.558594 101245.632812 146970.546875 190455.218750 210763.687500 204878.515625 175876.468750 134251.093750 88783.640625 53899.753906
5062.239258 6216.912598 6448.843750 6247.290039 5079.854004 2709.932617 787.584839 159.762878 43.548470 12.416731 2.312449 0.391818 0.000000 0.000000 0.000000 0.000000 0.000000 0.000000 0.000000 0.000000 0.000000 0.000000 0.000000 0.000000 0.000000 0.000000 0.000000 0.000000 0.412840 1.244370 4.209810 13.125920 40.053127 125.700829 369.758636 1041.077881 2753.358887 6563.428711 14256.301758 28195.941406 51430.261719 84933.671875 126218.664062 170114.718750 197975.609375 204408.687500 184760.406250 151202.671875 107916.015625 72002.992188
4752.253906 4862.773438 4727.564941 3898.645996 2080.899170 589.044861 114.769287 31.048021 9.621463 3.249450 0.579085 0.000000 0.000000 0.000000 0.000000 0.000000 0.000000 0.000000 0.000000 0.000000 0.000000 0.000000 0.000000 0.000000 0.000000 0.000000 0.000000 0.000000 0.000000 0.338399 1.326180 4.631003 15.727900 57.622841 190.438293 597.647583 1795.549683 4677.627930 10840.285156 22657.771484 43283.113281 73097.273438 110806.546875 152457.984375 184074.875000 198623.093750 188543.968750 162692.046875 123409.359375 88769.000000
3598.867188 3515.140625 2968.384521 1603.349609 453.362640 83.516159 21.340229 6.432916 2.064712 0.696395 0.000000 0.000000 0.000000 0.000000 0.000000 0.000000 0.000000 0.000000 0.000000 0.000000 0.000000 0.000000 0.000000 0.000000 0.000000 0.000000 0.000000 0.000000 0.000000 0.000000 0.366799 1.455962 5.567781 23.190237 89.265846 331.931824 1154.721558 3318.787842 8334.941406 18396.392578 36607.308594 63899.324219 99737.218750 139512.312500 171853.390625 191204.875000 187807.593750 169737.234375 135476.562500 102751.976562
2530.884766 2191.124023 1209.292114 353.579102 60.806412 14.351018 3.971749 1.179170 0.355781 0.000000 0.000000 0.000000 0.000000 0.000000 0.000000 0.000000 0.000000 0.000000 0.000000 0.000000 0.000000 0.000000 0.000000 0.000000 0.000000 0.000000 0.000000 0.000000 0.000000 0.000000 0.000000 0.493180 2.258244 11.102430 50.601749 212.765671 812.483215 2531.159180 6785.524902 15434.034180 31793.031250 56871.890625 91212.890625 129513.156250 162532.546875 183876.265625 185122.812500 172519.296875 142610.828125 113018.031250
1572.353271 888.724854 264.304230 41.982750 8.953010 2.306944 0.636142 0.000000 0.000000 0.000000 0.000000 0.000000 0.000000 0.000000 0.000000 0.000000 0.000000 0.000000 0.000000 0.000000 0.000000 0.000000 0.000000 0.000000 0.000000 0.000000 0.000000 0.000000 0.000000 0.000000 0.000000 0.247591 1.234636 6.541392 33.214184 155.413406 636.282288 2069.491699 5745.235840 13616.617188 28891.291016 52371.609375 85656.781250 121884.734375 155212.296875 178314.000000 181745.328125 173615.515625 147130.468750 120474.132812
690.273376 218.598602 30.146732 5.304564 1.218833 0.312051 0.000000 0.000000 0.000000 0.000000 0.000000 0.000000 0.000000 0.000000 0.000000 0.000000 0.000000 0.000000 0.000000 0.000000 0.000000 0.000000 0.000000 0.000000 0.000000 0.000000 0.000000 0.000000 0.000000 0.000000 0.000000 0.000000 0.823025 4.469913 23.745192 116.487755 502.606903 1699.760498 4937.628906 12284.335938 26753.494141 50009.312500 82225.226562 116776.562500 150121.468750 173396.468750 179790.578125 173706.437500 148745.312500 125422.335938
190.679825 32.130455 3.793109 0.636756 0.000000 0.000000 0.000000 0.000000 0.000000 0.000000 0.000000 0.000000 0.000000 0.000000 0.000000 0.000000 0.000000 0.000000 0.000000 0.000000 0.000000 0.000000 0.000000 0.000000 0.000000 0.000000 0.000000 0.000000 0.000000 0.000000 0.000000 0.000000 0.595999 3.208815 17.011185 87.723625 384.647247 1405.362427 4309.350586 11222.720703 25312.830078 49074.089844 80978.117188 114588.304688 148238.890625 169764.234375 178266.468750 172501.937500 148675.609375 126670.140625
32.246319 4.085853 0.437687 0.000000 0.000000 0.000000 0.000000 0.000000 0.000000 0.000000 0.000000 0.000000 0.000000 0.000000 0.000000 0.000000 0.000000 0.000000 0.000000 0.000000 0.000000 0.000000 0.000000 0.000000 0.000000 0.000000 0.000000 0.000000 0.000000 0.000000 0.000000 0.000000 0.447668 2.475368 13.938092 71.224762 324.371643 1230.267090 3921.999756 10537.482422 24518.734375 48886.816406 80636.007812 114863.968750 148727.156250 168926.921875 177789.281250 169575.968750 147821.359375 126536.109375
2.714064 0.315055 0.000000 0.000000 0.000000 0.000000 0.000000 0.000000 0.000000 0.000000 0.000000 0.000000 0.000000 0.000000 0.000000 0.000000 0.000000 0.000000 0.000000 0.000000 0.000000 0.000000 0.000000 0.000000 0.000000 0.000000 0.000000 0.000000 0.000000 0.000000 0.000000 0.000000 0.358606 2.146211 12.454717 64.353783 303.590485 1177.960815 3807.470947 10316.539062 24535.041016 49095.863281 80308.789062 117451.101562 151064.234375 169617.921875 178507.328125 167345.093750 147331.171875 124420.851562
0.000000 0.000000 0.000000 0.000000 0.000000 0.000000 0.000000 0.000000 0.000000 0.000000 0.000000 0.000000 0.000000 0.000000 0.000000 0.000000 0.000000 0.000000 0.000000 0.000000 0.000000 0.000000 0.000000 0.000000 0.000000 0.000000 0.000000 0.000000 0.000000 0.000000 0.000000 0.000000 0.326359 2.058171 11.807140 62.921520 297.605469 1192.504395 3849.135498 10694.317383 25329.966797 49997.628906 82000.804688 120346.062500 154596.921875 173474.046875 179267.484375 166808.718750 145684.859375 120886.109375
0.000000 0.000000 0.000000 0.000000 0.000000 0.000000 0.000000 0.000000 0.000000 0.000000 0.000000 0.000000 0.000000 0.000000 0.000000 0.000000 0.000000 0.000000 0.000000 0.000000 0.000000 0.000000 0.000000 0.000000 0.000000 0.000000 0.000000 0.000000 0.000000 0.000000 0.000000 0.000000 0.343120 2.167452 12.144257 63.086651 300.078186 1209.435791 4007.171631 11275.247070 27164.984375 52289.285156 86220.234375 125437.492188 157485.546875 179423.531250 180618.625000 168325.093750 144063.687500 116457.000000
0.000000 0.000000 0.000000 0.000000 0.000000 0.000000 0.000000 0.000000 0.000000 0.000000 0.000000 0.000000 0.000000 0.000000 0.000000 0.000000 0.000000 0.000000 0.000000 0.000000 0.000000 0.000000 0.000000 0.000000 0.000000 0.000000 0.000000 0.000000 0.000000 0.000000 0.000000 0.000000 0.464488 2.594114 13.484951 66.245049 299.244568 1238.539795 4206.091797 12222.050781 29488.943359 56372.851562 94090.437500 131673.390625 162789.062500 183494.468750 181934.562500 170238.828125 140557.515625 113142.343750
0.000000 0.000000 0.000000 0.000000 0.000000 0.000000 0.000000 0.000000 0.000000 0.000000 0.000000 0.000000 0.000000 0.000000 0.000000 0.000000 0.000000 0.000000 0.000000 0.000000 0.000000 0.000000 0.000000 0.000000 0.000000 0.000000 0.000000 0.000000 0.000000 0.000000 0.000000 0.000000 0.697434 3.433422 16.221184 73.609489 326.236176 1306.472534 4510.808594 13544.318359 32210.429688 63068.652344 101403.945312 139139.234375 171605.265625 185966.000000 184568.796875 167352.265625 136241.500000 105239.906250
