tests/test_03/output0/DepositFile_____final.dat
NCOLS    50
NROWS    50
XLLCORNER    -2289770.000
YLLCORNER     2591270.000
CELLSIZE        2000.000       2000.000
NODATA_VALUE -9999.
[rows 0 to 34 of 50, columns 0 to 49 of 50]
11.644767 14.013935 17.072170 20.745701 25.169024 30.414108 36.594673 43.741013 51.833050 60.739670 70.264404 80.169579 90.118683 99.514771 107.833931 114.598373 119.359131 122.550026 124.894264 126.533882 128.037567 129.694107 131.697159 133.903625 136.142075 138.491470 140.333817 141.500214 141.714493 140.235168 136.883621 131.022903 122.419563 111.672829 98.784386 84.726753 68.984680 47.171879 27.255548 17.414658 4.884689 1.507721 0.565036 0.120915 0.026039 0.004533 0.000550 0.000052 0.000003 0.000000
10.917380 13.143811 16.038588 19.554277 23.765314 28.792770 34.752556 41.654263 49.489052 58.099670 67.336143 76.929047 86.589706 95.793762 103.789528 109.861504 113.736717 116.083572 117.354568 118.138794 119.199547 120.814323 123.099792 126.004128 129.302536 132.807220 136.213257 139.044769 141.069794 141.503540 139.846512 135.520020 127.696442 117.678261 104.837898 90.368690 74.187836 51.110432 29.599434 19.036167 5.540183 1.660274 0.625603 0.135925 0.029348 0.005136 0.000631 0.000060 0.000003 0.000000
11.203798 13.494092 16.492207 20.103928 24.448053 29.670652 35.839687 43.004860 51.175369 60.139263 69.716118 79.524101 89.349503 98.733398 106.773788 112.403809 115.151367 116.148300 116.077820 115.603134 115.828171 116.940544 118.946205 121.869339 125.537712 129.642914 133.982971 137.958145 141.085419 142.824158 142.475571 139.299042 132.744324 123.336632 110.825508 96.393387 80.076981 55.766960 32.508167 21.095984 6.427753 1.862504 0.709746 0.155885 0.033696 0.005924 0.000736 0.000070 0.000004 0.000000
11.055186 13.323627 16.290136 19.893133 24.254578 29.466293 35.638664 42.862286 51.104576 60.157238 69.758530 79.543549 89.195152 98.255714 105.822159 110.610504 111.791603 111.270714 109.023743 107.338860 106.555321 106.903221 108.557205 111.576134 115.787941 120.806061 126.188461 131.497803 136.272202 139.645737 141.056442 139.452469 134.261154 125.987915 114.288971 100.334717 84.353020 59.512009 34.850975 22.724022 7.101862 2.028838 0.782191 0.173187 0.037729 0.006687 0.000839 0.000081 0.000004 0.000000
10.890752 13.112975 16.070557 19.668558 23.959736 29.143312 35.308903 42.522858 50.757198 59.823925 69.412399 78.986229 88.296265 96.915665 103.893555 107.620979 106.829964 104.064240 99.771599 96.324387 94.672684 94.254372 95.536369 98.558525 103.139320 108.799026 115.023338 121.643204 127.880058 133.052765 136.251999 136.625793 133.078339 126.241150 115.645561 102.483131 87.029121 62.148251 36.689049 24.089731 7.692597 2.166157 0.841263 0.188262 0.041616 0.007436 0.000942 0.000091 0.000005 0.000000
10.607739 12.752124 15.657944 19.161888 23.414713 28.545589 34.574001 41.692173 49.819305 58.891087 68.307304 77.633514 86.456284 94.544167 100.670082 103.389694 100.106026 94.994194 88.492577 83.521072 80.078590 78.950150 80.059189 83.115677 87.846191 93.891678 101.008675 108.870918 116.457146 123.281776 128.358597 130.629517 129.049301 123.860680 114.662621 102.650742 88.066719 63.584118 37.801788 24.991783 8.170651 2.272223 0.887405 0.200484 0.044902 0.008101 0.001037 0.000101 0.000006 0.000000
10.307975 12.390670 15.206699 18.587337 22.736664 27.704214 33.648376 40.623226 48.595947 57.447727 66.666092 75.807816 84.091644 91.513397 96.950562 98.595062 93.039513 85.022392 76.253983 69.505188 64.866646 63.420483 64.221405 67.129364 71.938812 78.301842 85.876305 94.374489 103.146988 111.468468 118.198578 122.312134 122.673790 119.402802 111.825249 101.080040 87.553337 63.971504 38.208508 25.379269 8.491630 2.340465 0.925624 0.211056 0.047363 0.008629 0.001119 0.000109 0.000006 0.000000
10.016595 12.027052 14.741020 18.075121 22.100740 26.915083 32.662086 39.448223 47.251434 55.923447 64.971046 73.712715 81.488937 88.258072 93.082207 93.791702 85.965797 75.065201 64.357056 55.252422 50.321980 48.561687 49.198185 51.951378 56.707161 63.132996 70.945671 79.896935 89.389191 98.598541 106.770927 112.486870 114.599709 113.223885 107.365089 98.041054 85.657051 63.320004 38.029579 25.288988 8.645971 2.365986 0.944100 0.217773 0.049289 0.009042 0.001184 0.000117 0.000007 0.000000
9.711464 11.647567 14.311944 17.521158 21.406801 26.094400 31.741367 38.336933 45.902760 54.331638 63.231953 71.700150 79.176720 85.250381 89.443275 89.654037 80.138817 66.248535 53.617733 42.396709 37.483822 36.111206 36.757236 39.358582 43.876526 50.089520 57.788120 66.718147 76.416321 86.308167 95.229752 102.149605 105.734428 105.894966 101.696709 93.831543 82.654060 61.843418 37.377205 24.777563 8.667125 2.347023 0.942470 0.220812 0.050546 0.009350 0.001233 0.000122 0.000007 0.000000
9.379251 11.258935 13.812333 16.941422 20.716442 25.303087 30.711884 37.098824 44.526302 52.788555 61.369568 69.685005 76.746651 82.498970 86.057114 86.003731 75.414421 58.980114 45.038788 31.855780 27.610397 26.592682 27.448879 30.066620 34.315834 40.088902 47.339249 55.918774 65.421494 75.254532 84.581833 92.156761 96.815277 98.149879 95.378853 88.827850 78.864189 59.649490 36.351852 24.029833 8.612226 2.298111 0.926778 0.219961 0.050968 0.009475 0.001263 0.000126 0.000007 0.000000
9.045296 10.849902 13.337090 16.337116 20.008411 24.444502 29.717739 36.004311 43.179504 51.150711 59.727886 67.778923 74.590134 79.892639 83.039223 82.655602 71.570587 52.978401 38.384129 24.102106 20.533800 19.868345 21.207508 23.934496 27.988403 33.349861 39.977440 47.848885 56.738888 66.148193 75.248444 83.058258 88.322609 90.489098 88.859833 83.425774 74.569756 56.975540 35.047791 23.086935 8.516789 2.230968 0.903951 0.216615 0.050540 0.009467 0.001271 0.000127 0.000007 0.000000
8.690648 10.441549 12.814427 15.725825 19.286280 23.543371 28.676638 34.723488 41.710186 49.652149 57.935696 65.825905 72.472023 77.469490 80.125893 79.817245 68.319008 48.877445 33.145267 18.841293 15.514679 15.416522 17.120188 19.960054 23.877995 28.877863 34.971130 42.167381 50.337299 59.070084 67.654800 75.201630 80.550957 83.180069 82.374176 77.829849 70.062622 54.040730 33.527718 22.028221 8.365763 2.148929 0.875710 0.212173 0.049715 0.009356 0.001261 0.000127 0.000007 0.000000
8.315538 9.995097 12.291595 15.115790 18.493650 22.631866 27.607161 33.447620 40.320080 47.972267 56.200550 64.182869 70.679192 75.395370 77.918915 77.556877 65.913651 45.676533 29.479357 15.249882 12.295290 12.571848 14.499628 17.380482 21.118826 25.753857 31.337238 37.895988 45.347866 53.376316 61.331455 68.433037 73.544548 76.404411 76.055252 72.244858 65.461647 50.877728 31.838903 20.865391 8.158666 2.054885 0.842213 0.206461 0.048543 0.009168 0.001240 0.000125 0.000007 0.000000
7.940364 9.541984 11.761065 14.424178 17.726856 21.729097 26.503668 32.213451 38.852951 46.406193 54.533451 62.495670 69.115311 73.976280 76.291008 75.942535 64.546455 43.142750 26.820545 12.769598 10.352820 10.826654 12.778701 15.555229 19.049221 23.313150 28.416594 34.397106 41.195290 48.545471 55.860771 62.453033 67.289955 70.147102 70.041550 66.790367 60.821468 47.597256 30.026485 19.603769 7.890382 1.949349 0.803521 0.199483 0.046996 0.008894 0.001206 0.000122 0.000007 0.000000
7.531308 9.083014 11.167465 13.760890 16.922297 20.738997 25.379412 30.898584 37.395370 44.773117 52.794117 60.912403 67.743401 72.790352 75.257004 75.428345 64.272072 41.810551 25.497322 10.886590 9.096662 9.597177 11.467295 14.055843 17.269108 21.163813 25.813501 31.259451 37.453110 44.164425 50.869610 56.943935 61.494446 64.218895 64.288849 61.442108 56.168789 44.234657 28.075687 18.265907 7.558668 1.833042 0.759379 0.191003 0.045092 0.008546 0.001164 0.000118 0.000007 0.000000
7.124532 8.573062 10.587931 13.059859 16.063839 19.765783 24.237545 29.623117 35.956463 43.255337 51.359066 59.573723 66.804008 72.127586 75.128387 75.826347 66.175758 41.906036 25.245468 9.789617 8.215010 8.603788 10.329278 12.694549 15.615810 19.150175 23.367470 28.305838 33.922504 40.013100 46.111679 51.661793 55.888939 58.436012 58.630272 56.129116 51.438847 40.753109 26.020140 16.862076 7.157081 1.706995 0.711169 0.181358 0.042851 0.008138 0.001113 0.000113 0.000007 0.000000
6.667690 8.043573 9.948135 12.267034 15.146547 18.676302 22.997992 28.220119 34.441273 41.760750 49.961826 58.603535 66.641449 72.368828 75.936935 76.908928 70.972092 44.134109 25.970131 9.261422 7.525073 7.730308 9.269598 11.403884 14.039816 17.228670 21.033552 25.488380 30.553625 36.043930 41.542912 46.560966 50.419064 52.788021 53.038815 50.836056 46.645073 37.148483 23.893042 15.414283 6.688167 1.574073 0.659406 0.170358 0.040305 0.007678 0.001054 0.000108 0.000006 0.000000
6.153360 7.440890 9.200967 11.391116 14.090253 17.425388 21.536715 26.534903 32.649731 39.920166 48.341156 57.564884 66.701492 73.831207 78.296295 79.356209 77.250069 51.214275 29.462646 9.067253 7.001488 6.918518 8.253530 10.158253 12.517077 15.371742 18.778559 22.766792 27.299135 32.206978 37.117939 41.606449 45.087570 47.237659 47.503372 45.563847 41.840126 33.530003 21.705118 13.935645 6.167412 1.435726 0.605027 0.158379 0.037502 0.007160 0.000988 0.000102 0.000006 0.000000
5.567526 6.734747 8.362438 10.370435 12.857333 15.950006 19.745790 24.479977 30.298807 37.396076 45.903088 55.751907 66.423439 76.244286 82.711594 85.372627 83.896118 66.438248 36.330902 10.625534 6.764276 6.174486 7.279036 8.957462 11.047717 13.579156 16.600592 20.136602 24.151743 28.492249 32.827374 36.796993 39.905342 41.815601 42.082695 40.384464 37.073509 29.905067 19.500828 12.444237 5.618558 1.294650 0.548801 0.145714 0.034576 0.006619 0.000917 0.000095 0.000006 0.000000
4.934004 5.988256 7.432927 9.223696 11.456957 14.219241 17.651516 21.916063 27.199471 33.781765 41.863308 51.686287 63.242592 75.829773 87.314766 94.251755 95.179596 90.294907 50.493301 20.520428 7.311310 5.649326 6.361265 7.804987 9.635540 11.855812 14.506083 17.606108 21.121431 24.911942 28.687523 32.157333 34.893734 36.587666 36.825340 35.342449 32.415981 26.311024 17.285851 10.944919 5.055040 1.153293 0.491370 0.132310 0.031419 0.006029 0.000841 0.000087 0.000005 0.000000
4.235291 5.174441 6.460927 8.058489 10.043862 12.493265 15.532124 19.296568 23.987108 29.774429 36.963123 45.849846 56.720375 69.944260 84.752937 98.892952 107.789551 108.599579 92.258430 45.675289 9.877750 6.279981 5.566355 6.708149 8.285881 10.208344 12.503756 15.187195 18.224749 21.488892 24.731932 27.724255 30.104340 31.589357 31.787640 30.480000 27.926086 22.817188 15.120359 9.486860 4.478073 1.013434 0.434708 0.118293 0.028203 0.005443 0.000764 0.000080 0.000005 0.000000
3.286366 4.115504 5.241535 6.645431 8.388968 10.557956 13.261398 16.616690 20.779770 25.949978 32.300213 40.164566 49.929268 61.873127 76.344688 93.232918 110.734306 123.029724 124.535049 96.021820 41.281937 8.911238 5.240057 5.692791 7.002922 8.639998 10.597273 12.884195 15.467748 18.233238 20.977308 23.515053 25.565853 26.833769 26.980377 25.867256 23.642292 19.447826 13.029442 8.091258 3.912017 0.876593 0.378717 0.104552 0.024975 0.004837 0.000684 0.000072 0.000004 0.000000
1.737674 2.329539 3.158540 4.248595 5.665258 7.457246 9.748521 12.674646 16.347734 20.972809 26.773794 33.930382 42.788143 53.703476 67.081924 83.467575 103.188248 125.050346 144.868317 153.292206 141.697357 60.998257 10.032683 5.341180 5.837922 7.167367 8.803711 10.716263 12.872447 15.170244 17.451910 19.566914 21.303339 22.357800 22.454123 21.509098 19.611956 16.240322 11.044181 6.796571 3.362529 0.748783 0.324529 0.091131 0.021824 0.004238 0.000605 0.000064 0.000004 0.000000
0.384432 0.561758 0.829728 1.225918 1.804763 2.653823 3.857089 5.524076 7.823418 10.976873 15.226601 20.947033 28.558168 38.358166 50.946743 66.682724 86.474297 111.284752 140.534241 173.196198 200.986801 210.731873 154.700150 57.718750 12.160191 6.855993 7.146638 8.712040 10.473118 12.340710 14.200740 15.932395 17.370089 18.216064 18.274635 17.482361 15.905189 13.258202 9.176304 5.605372 2.823861 0.645038 0.273973 0.078244 0.018817 0.003684 0.000530 0.000056 0.000004 0.000000
0.044525 0.064666 0.095906 0.143008 0.214630 0.323271 0.488648 0.741426 1.129715 1.723671 2.633535 4.034604 6.191825 9.491933 14.497375 22.010401 33.169727 48.865467 71.334000 103.364723 146.743057 201.037064 257.870636 306.222443 336.401520 56.681915 5.637517 6.886622 8.289199 9.769351 11.250890 12.643145 13.798024 14.460970 14.496195 13.853912 12.568904 10.538881 7.454226 4.527944 2.321716 0.555182 0.226559 0.066339 0.015997 0.003159 0.000460 0.000049 0.000003 0.000000
0.007962 0.010062 0.013000 0.016773 0.021618 0.027830 0.035786 0.045971 0.058996 0.075644 0.096896 0.124012 0.158585 0.202630 0.258687 0.329960 0.420488 0.535374 0.680930 0.865027 1.097408 1.389790 1.756233 2.212773 2.776906 3.465790 4.292203 5.257691 6.340269 7.478978 8.626443 9.719063 10.612927 11.122796 11.144471 10.631618 9.614143 8.103477 5.876386 3.565814 1.865468 0.475581 0.183063 0.055104 0.013308 0.002658 0.000394 0.000042 0.000003 0.000000
0.004654 0.005964 0.007805 0.010196 0.013298 0.017316 0.022513 0.029227 0.037889 0.049050 0.063413 0.081883 0.105604 0.136033 0.175029 0.224942 0.288777 0.370279 0.474168 0.606385 0.774189 0.986524 1.253929 1.588695 2.004229 2.513438 3.126117 3.842939 4.646021 5.491415 6.350677 7.178942 7.840447 8.216576 8.223465 7.832951 7.070909 5.982770 4.462391 2.753626 1.468516 0.407151 0.143967 0.044907 0.010826 0.002184 0.000329 0.000036 0.000002 0.000000
0.002402 0.003130 0.004161 0.005520 0.007309 0.009658 0.012738 0.016770 0.022038 0.028911 0.037860 0.049495 0.064597 0.084162 0.109479 0.142197 0.184394 0.238714 0.308524 0.398010 0.512449 0.658208 0.842958 1.075649 1.365968 1.723487 2.155091 2.661033 3.227698 3.828188 4.444077 5.040493 5.507626 5.763951 5.758931 5.475041 4.950721 4.207552 3.234977 2.083245 1.118852 0.350442 0.110352 0.035674 0.008556 0.001736 0.000266 0.000029 0.000002 0.000000
0.001069 0.001420 0.001922 0.002597 0.003500 0.004707 0.006317 0.008459 0.011302 0.015070 0.020052 0.026626 0.035279 0.046654 0.061575 0.081100 0.106604 0.139839 0.183042 0.239037 0.311366 0.404384 0.523359 0.674398 0.864248 1.099458 1.384790 1.720129 2.095405 2.498736 2.916283 3.313839 3.620636 3.779426 3.764204 3.579093 3.244705 2.780624 2.203597 1.505155 0.816585 0.302882 0.083256 0.027368 0.006510 0.001325 0.000208 0.000023 0.000002 0.000000
0.000403 0.000547 0.000755 0.001040 0.001430 0.001961 0.002684 0.003665 0.004992 0.006786 0.009202 0.012447 0.016799 0.022616 0.030376 0.040700 0.054400 0.072525 0.096440 0.127880 0.169055 0.222713 0.292210 0.381458 0.494800 0.636474 0.809577 1.013978 1.243461 1.494234 1.755921 1.997827 2.176866 2.260442 2.245071 2.139045 1.950491 1.690921 1.377109 0.997675 0.581622 0.246647 0.063391 0.020111 0.004752 0.000978 0.000157 0.000018 0.000001 0.000000
0.000128 0.000176 0.000248 0.000347 0.000487 0.000681 0.000952 0.001327 0.001846 0.002562 0.003548 0.004902 0.006755 0.009287 0.012736 0.017422 0.023763 0.032321 0.043825 0.059218 0.079728 0.106909 0.142674 0.189302 0.249334 0.325271 0.418874 0.529945 0.656188 0.795445 0.939423 1.065253 1.152367 1.191526 1.181286 1.125324 1.032751 0.902733 0.746050 0.563349 0.364467 0.172194 0.047470 0.013507 0.003231 0.000693 0.000114 0.000013 0.000001 0.000000
0.000037 0.000052 0.000073 0.000104 0.000147 0.000207 0.000292 0.000412 0.000581 0.000818 0.001150 0.001616 0.002267 0.003175 0.004441 0.006198 0.008633 0.011991 0.016603 0.022906 0.031471 0.043040 0.058561 0.079194 0.106254 0.141079 0.184635 0.236758 0.296857 0.363479 0.427641 0.478385 0.510601 0.521546 0.511777 0.483076 0.435446 0.376011 0.308726 0.237990 0.158991 0.077633 0.025741 0.006985 0.001827 0.000439 0.000077 0.000009 0.000001 0.000000
0.000010 0.000014 0.000020 0.000028 0.000040 0.000057 0.000081 0.000115 0.000163 0.000232 0.000328 0.000466 0.000660 0.000934 0.001321 0.001867 0.002633 0.003708 0.005208 0.007296 0.010186 0.014156 0.019571 0.026899 0.036691 0.049538 0.065909 0.085793 0.108993 0.134177 0.155091 0.169440 0.175458 0.172381 0.162002 0.144831 0.122209 0.100077 0.076772 0.054506 0.031780 0.013942 0.004428 0.001997 0.000755 0.000231 0.000045 0.000006 0.000000 0.000000
0.000002 0.000003 0.000005 0.000007 0.000010 0.000015 0.000021 0.000030 0.000042 0.000060 0.000086 0.000123 0.000175 0.000249 0.000354 0.000504 0.000715 0.001012 0.001429 0.002011 0.002818 0.003933 0.005458 0.007529 0.010305 0.013961 0.018638 0.024327 0.030884 0.036864 0.041022 0.042863 0.041209 0.037435 0.032215 0.026086 0.019674 0.014323 0.009834 0.005739 0.002768 0.001337 0.000832 0.000491 0.000248 0.000093 0.000023 0.000004 0.000000 0.000000
0.000001 0.000001 0.000001 0.000002 0.000002 0.000004 0.000005 0.000007 0.000010 0.000015 0.000021 0.000030 0.000043 0.000061 0.000087 0.000124 0.000176 0.000249 0.000350 0.000490 0.000681 0.000943 0.001300 0.001779 0.002415 0.003243 0.004283 0.005479 0.006574 0.007215 0.007217 0.006757 0.006057 0.005218 0.004407 0.003527 0.002693 0.001937 0.001257 0.000723 0.000438 0.000311 0.000218 0.000140 0.000079 0.000035 0.000010 0.000002 0.000000 0.000000
