tests/test_03/output0/DepositFile_____final.dat
NCOLS    50
NROWS    50
XLLCORNER    -2289770.000
YLLCORNER     2591270.000
CELLSIZE        2000.000       2000.000
NODATA_VALUE  0.000
[rows 0 to 49 of 50, columns 0 to 49 of 50]
11.645 14.014 17.072 20.746 25.169 30.414 36.595 43.741 51.833 60.740 70.264 80.170 90.119 99.515 107.834 114.598 119.359 122.550 124.894 126.534 128.038 129.694 131.697 133.904 136.142 138.491 140.334 141.500 141.714 140.235 136.884 131.023 122.420 111.673 98.784 84.727 68.985 47.172 27.256 17.415 4.885 1.508 0.565 0.121 0.026 0.000 0.000 0.000 0.000 0.000
10.917 13.144 16.039 19.554 23.765 28.793 34.753 41.654 49.489 58.100 67.336 76.929 86.590 95.794 103.790 109.861 113.737 116.084 117.355 118.139 119.200 120.814 123.100 126.004 129.302 132.807 136.213 139.045 141.070 141.503 139.846 135.520 127.696 117.678 104.838 90.369 74.188 51.110 29.599 19.036 5.540 1.660 0.626 0.136 0.029 0.000 0.000 0.000 0.000 0.000
11.204 13.494 16.492 20.104 24.448 29.671 35.840 43.005 51.175 60.139 69.716 79.524 89.350 98.733 106.774 112.404 115.151 116.148 116.078 115.603 115.828 116.941 118.946 121.869 125.538 129.643 133.983 137.958 141.085 142.824 142.476 139.299 132.744 123.337 110.825 96.393 80.077 55.767 32.508 21.096 6.428 1.863 0.710 0.156 0.034 0.000 0.000 0.000 0.000 0.000
11.055 13.324 16.290 19.893 24.255 29.466 35.639 42.862 51.105 60.157 69.759 79.544 89.195 98.256 105.822 110.610 111.792 111.271 109.024 107.339 106.555 106.903 108.557 111.576 115.788 120.806 126.188 131.498 136.272 139.646 141.056 139.452 134.261 125.988 114.289 100.335 84.353 59.512 34.851 22.724 7.102 2.029 0.782 0.173 0.038 0.000 0.000 0.000 0.000 0.000
10.891 13.113 16.071 19.669 23.960 29.143 35.309 42.523 50.757 59.824 69.412 78.986 88.296 96.916 103.894 107.621 106.830 104.064 99.772 96.324 94.673 94.254 95.536 98.558 103.139 108.799 115.023 121.643 127.880 133.053 136.252 136.626 133.078 126.241 115.646 102.483 87.029 62.148 36.689 24.090 7.693 2.166 0.841 0.188 0.042 0.000 0.000 0.000 0.000 0.000
10.608 12.752 15.658 19.162 23.415 28.546 34.574 41.692 49.819 58.891 68.307 77.634 86.456 94.544 100.670 103.390 100.106 94.994 88.493 83.521 80.079 78.950 80.059 83.116 87.846 93.892 101.009 108.871 116.457 123.282 128.359 130.629 129.049 123.861 114.663 102.651 88.067 63.584 37.802 24.992 8.171 2.272 0.887 0.200 0.045 0.000 0.000 0.000 0.000 0.000
10.308 12.391 15.207 18.587 22.737 27.704 33.648 40.623 48.596 57.448 66.666 75.808 84.092 91.513 96.951 98.595 93.039 85.022 76.254 69.505 64.867 63.420 64.221 67.129 71.939 78.302 85.876 94.374 103.147 111.468 118.199 122.312 122.674 119.403 111.825 101.080 87.553 63.971 38.208 25.379 8.492 2.340 0.926 0.211 0.047 0.000 0.000 0.000 0.000 0.000
10.017 12.027 14.741 18.075 22.101 26.915 32.662 39.448 47.251 55.923 64.971 73.713 81.489 88.258 93.082 93.792 85.966 75.065 64.357 55.252 50.322 48.562 49.198 51.951 56.707 63.133 70.946 79.897 89.389 98.598 106.771 112.487 114.600 113.224 107.365 98.041 85.657 63.320 38.030 25.289 8.646 2.366 0.944 0.218 0.049 0.000 0.000 0.000 0.000 0.000
9.711 11.648 14.312 17.521 21.407 26.094 31.741 38.337 45.903 54.332 63.232 71.700 79.177 85.250 89.443 89.654 80.139 66.249 53.618 42.397 37.484 36.111 36.757 39.359 43.876 50.089 57.788 66.718 76.416 86.308 95.230 102.150 105.734 105.895 101.697 93.832 82.654 61.843 37.377 24.778 8.667 2.347 0.942 0.221 0.051 0.000 0.000 0.000 0.000 0.000
9.379 11.259 13.812 16.941 20.716 25.303 30.712 37.099 44.526 52.789 61.370 69.685 76.747 82.499 86.057 86.004 75.414 58.980 45.039 31.856 27.610 26.593 27.449 30.067 34.316 40.089 47.339 55.919 65.421 75.254 84.582 92.157 96.815 98.150 95.379 88.828 78.864 59.649 36.352 24.030 8.612 2.298 0.927 0.220 0.051 0.000 0.000 0.000 0.000 0.000
9.045 10.850 13.337 16.337 20.008 24.445 29.718 36.004 43.180 51.151 59.728 67.779 74.590 79.893 83.039 82.656 71.571 52.978 38.384 24.102 20.534 19.868 21.207 23.934 27.988 33.350 39.977 47.849 56.739 66.148 75.248 83.058 88.323 90.489 88.860 83.426 74.570 56.976 35.048 23.087 8.517 2.231 0.904 0.217 0.051 0.000 0.000 0.000 0.000 0.000
8.691 10.442 12.814 15.726 19.286 23.543 28.677 34.723 41.710 49.652 57.936 65.826 72.472 77.469 80.126 79.817 68.319 48.877 33.145 18.841 15.515 15.417 17.120 19.960 23.878 28.878 34.971 42.167 50.337 59.070 67.655 75.202 80.551 83.180 82.374 77.830 70.063 54.041 33.528 22.028 8.366 2.149 0.876 0.212 0.050 0.000 0.000 0.000 0.000 0.000
8.316 9.995 12.292 15.116 18.494 22.632 27.607 33.448 40.320 47.972 56.201 64.183 70.679 75.395 77.919 77.557 65.914 45.677 29.479 15.250 12.295 12.572 14.500 17.380 21.119 25.754 31.337 37.896 45.348 53.376 61.331 68.433 73.545 76.404 76.055 72.245 65.462 50.878 31.839 20.865 8.159 2.055 0.842 0.206 0.049 0.000 0.000 0.000 0.000 0.000
7.940 9.542 11.761 14.424 17.727 21.729 26.504 32.213 38.853 46.406 54.533 62.496 69.115 73.976 76.291 75.943 64.546 43.143 26.821 12.770 10.353 10.827 12.779 15.555 19.049 23.313 28.417 34.397 41.195 48.545 55.861 62.453 67.290 70.147 70.042 66.790 60.821 47.597 30.026 19.604 7.890 1.949 0.804 0.199 0.047 0.000 0.000 0.000 0.000 0.000
7.531 9.083 11.167 13.761 16.922 20.739 25.379 30.899 37.395 44.773 52.794 60.912 67.743 72.790 75.257 75.428 64.272 41.811 25.497 10.887 9.097 9.597 11.467 14.056 17.269 21.164 25.813 31.259 37.453 44.164 50.870 56.944 61.494 64.219 64.289 61.442 56.169 44.235 28.076 18.266 7.559 1.833 0.759 0.191 0.045 0.000 0.000 0.000 0.000 0.000
7.125 8.573 10.588 13.060 16.064 19.766 24.238 29.623 35.956 43.255 51.359 59.574 66.804 72.128 75.128 75.826 66.176 41.906 25.245 9.790 8.215 8.604 10.329 12.695 15.616 19.150 23.367 28.306 33.922 40.013 46.112 51.662 55.889 58.436 58.630 56.129 51.439 40.753 26.020 16.862 7.157 1.707 0.711 0.181 0.043 0.000 0.000 0.000 0.000 0.000
6.668 8.044 9.948 12.267 15.147 18.676 22.998 28.220 34.441 41.761 49.962 58.604 66.641 72.369 75.937 76.909 70.972 44.134 25.970 9.261 7.525 7.730 9.270 11.404 14.040 17.229 21.034 25.488 30.554 36.044 41.543 46.561 50.419 52.788 53.039 50.836 46.645 37.148 23.893 15.414 6.688 1.574 0.659 0.170 0.040 0.000 0.000 0.000 0.000 0.000
6.153 7.441 9.201 11.391 14.090 17.425 21.537 26.535 32.650 39.920 48.341 57.565 66.701 73.831 78.296 79.356 77.250 51.214 29.463 9.067 7.001 6.919 8.254 10.158 12.517 15.372 18.779 22.767 27.299 32.207 37.118 41.606 45.088 47.238 47.503 45.564 41.840 33.530 21.705 13.936 6.167 1.436 0.605 0.158 0.038 0.000 0.000 0.000 0.000 0.000
5.568 6.735 8.362 10.370 12.857 15.950 19.746 24.480 30.299 37.396 45.903 55.752 66.423 76.244 82.712 85.373 83.896 66.438 36.331 10.626 6.764 6.174 7.279 8.957 11.048 13.579 16.601 20.137 24.152 28.492 32.827 36.797 39.905 41.816 42.083 40.384 37.073 29.905 19.501 12.444 5.619 1.295 0.549 0.146 0.035 0.000 0.000 0.000 0.000 0.000
4.934 5.988 7.433 9.224 11.457 14.219 17.652 21.916 27.199 33.782 41.863 51.686 63.243 75.830 87.315 94.252 95.180 90.295 50.493 20.520 7.311 5.649 6.361 7.805 9.636 11.856 14.506 17.606 21.121 24.912 28.688 32.157 34.894 36.588 36.825 35.342 32.416 26.311 17.286 10.945 5.055 1.153 0.491 0.132 0.031 0.000 0.000 0.000 0.000 0.000
4.235 5.174 6.461 8.058 10.044 12.493 15.532 19.297 23.987 29.774 36.963 45.850 56.720 69.944 84.753 98.893 107.790 108.600 92.258 45.675 9.878 6.280 5.566 6.708 8.286 10.208 12.504 15.187 18.225 21.489 24.732 27.724 30.104 31.589 31.788 30.480 27.926 22.817 15.120 9.487 4.478 1.013 0.435 0.118 0.028 0.000 0.000 0.000 0.000 0.000
3.286 4.116 5.242 6.645 8.389 10.558 13.261 16.617 20.780 25.950 32.300 40.165 49.929 61.873 76.345 93.233 110.734 123.030 124.535 96.022 41.282 8.911 5.240 5.693 7.003 8.640 10.597 12.884 15.468 18.233 20.977 23.515 25.566 26.834 26.980 25.867 23.642 19.448 13.029 8.091 3.912 0.877 0.379 0.105 0.025 0.000 0.000 0.000 0.000 0.000
1.738 2.330 3.159 4.249 5.665 7.457 9.749 12.675 16.348 20.973 26.774 33.930 42.788 53.703 67.082 83.468 103.188 125.050 144.868 153.292 141.697 60.998 10.033 5.341 5.838 7.167 8.804 10.716 12.872 15.170 17.452 19.567 21.303 22.358 22.454 21.509 19.612 16.240 11.044 6.797 3.363 0.749 0.325 0.091 0.022 0.000 0.000 0.000 0.000 0.000
0.384 0.562 0.830 1.226 1.805 2.654 3.857 5.524 7.823 10.977 15.227 20.947 28.558 38.358 50.947 66.683 86.474 111.285 140.534 173.196 200.987 210.732 154.700 57.719 12.160 6.856 7.147 8.712 10.473 12.341 14.201 15.932 17.370 18.216 18.275 17.482 15.905 13.258 9.176 5.605 2.824 0.645 0.274 0.078 0.019 0.000 0.000 0.000 0.000 0.000
0.045 0.065 0.096 0.143 0.215 0.323 0.489 0.741 1.130 1.724 2.634 4.035 6.192 9.492 14.497 22.010 33.170 48.865 71.334 103.365 146.743 201.037 257.871 306.222 336.401 56.682 5.638 6.887 8.289 9.769 11.251 12.643 13.798 14.461 14.496 13.854 12.569 10.539 7.454 4.528 2.322 0.555 0.227 0.066 0.016 0.000 0.000 0.000 0.000 0.000
0.000 0.010 0.013 0.017 0.022 0.028 0.036 0.046 0.059 0.076 0.097 0.124 0.159 0.203 0.259 0.330 0.420 0.535 0.681 0.865 1.097 1.390 1.756 2.213 2.777 3.466 4.292 5.258 6.340 7.479 8.626 9.719 10.613 11.123 11.144 10.632 9.614 8.103 5.876 3.566 1.865 0.476 0.183 0.055 0.013 0.000 0.000 0.000 0.000 0.000
0.000 0.000 0.000 0.010 0.013 0.017 0.023 0.029 0.038 0.049 0.063 0.082 0.106 0.136 0.175 0.225 0.289 0.370 0.474 0.606 0.774 0.987 1.254 1.589 2.004 2.513 3.126 3.843 4.646 5.491 6.351 7.179 7.840 8.217 8.223 7.833 7.071 5.983 4.462 2.754 1.469 0.407 0.144 0.045 0.011 0.000 0.000 0.000 0.000 0.000
0.000 0.000 0.000 0.000 0.000 0.000 0.013 0.017 0.022 0.029 0.038 0.049 0.065 0.084 0.109 0.142 0.184 0.239 0.309 0.398 0.512 0.658 0.843 1.076 1.366 1.723 2.155 2.661 3.228 3.828 4.444 5.040 5.508 5.764 5.759 5.475 4.951 4.208 3.235 2.083 1.119 0.350 0.110 0.036 0.000 0.000 0.000 0.000 0.000 0.000
0.000 0.000 0.000 0.000 0.000 0.000 0.000 0.000 0.011 0.015 0.020 0.027 0.035 0.047 0.062 0.081 0.107 0.140 0.183 0.239 0.311 0.404 0.523 0.674 0.864 1.099 1.385 1.720 2.095 2.499 2.916 3.314 3.621 3.779 3.764 3.579 3.245 2.781 2.204 1.505 0.817 0.303 0.083 0.027 0.000 0.000 0.000 0.000 0.000 0.000
0.000 0.000 0.000 0.000 0.000 0.000 0.000 0.000 0.000 0.000 0.000 0.012 0.017 0.023 0.030 0.041 0.054 0.073 0.096 0.128 0.169 0.223 0.292 0.381 0.495 0.636 0.810 1.014 1.243 1.494 1.756 1.998 2.177 2.260 2.245 2.139 1.950 1.691 1.377 0.998 0.582 0.247 0.063 0.020 0.000 0.000 0.000 0.000 0.000 0.000
0.000 0.000 0.000 0.000 0.000 0.000 0.000 0.000 0.000 0.000 0.000 0.000 0.000 0.000 0.013 0.017 0.024 0.032 0.044 0.059 0.080 0.107 0.143 0.189 0.249 0.325 0.419 0.530 0.656 0.795 0.939 1.065 1.152 1.192 1.181 1.125 1.033 0.903 0.746 0.563 0.364 0.172 0.047 0.014 0.000 0.000 0.000 0.000 0.000 0.000
0.000 0.000 0.000 0.000 0.000 0.000 0.000 0.000 0.000 0.000 0.000 0.000 0.000 0.000 0.000 0.000 0.000 0.012 0.017 0.023 0.031 0.043 0.059 0.079 0.106 0.141 0.185 0.237 0.297 0.363 0.428 0.478 0.511 0.522 0.512 0.483 0.435 0.376 0.309 0.238 0.159 0.078 0.026 0.000 0.000 0.000 0.000 0.000 0.000 0.000
0.000 0.000 0.000 0.000 0.000 0.000 0.000 0.000 0.000 0.000 0.000 0.000 0.000 0.000 0.000 0.000 0.000 0.000 0.000 0.000 0.010 0.014 0.020 0.027 0.037 0.050 0.066 0.086 0.109 0.134 0.155 0.169 0.175 0.172 0.162 0.145 0.122 0.100 0.077 0.055 0.032 0.014 0.000 0.000 0.000 0.000 0.000 0.000 0.000 0.000
0.000 0.000 0.000 0.000 0.000 0.000 0.000 0.000 0.000 0.000 0.000 0.000 0.000 0.000 0.000 0.000 0.000 0.000 0.000 0.000 0.000 0.000 0.000 0.000 0.010 0.014 0.019 0.024 0.031 0.037 0.041 0.043 0.041 0.037 0.032 0.026 0.020 0.014 0.000 0.000 0.000 0.000 0.000 0.000 0.000 0.000 0.000 0.000 0.000 0.000
0.000 0.000 0.000 0.000 0.000 0.000 0.000 0.000 0.000 0.000 0.000 0.000 0.000 0.000 0.000 0.000 0.000 0.000 0.000 0.000 0.000 0.000 0.000 0.000 0.000 0.000 0.000 0.000 0.000 0.000 0.000 0.000 0.000 0.000 0.000 0.000 0.000 0.000 0.000 0.000 0.000 0.000 0.000 0.000 0.000 0.000 0.000 0.000 0.000 0.000
0.000 0.000 0.000 0.000 0.000 0.000 0.000 0.000 0.000 0.000 0.000 0.000 0.000 0.000 0.000 0.000 0.000 0.000 0.000 0.000 0.000 0.000 0.000 0.000 0.000 0.000 0.000 0.000 0.000 0.000 0.000 0.000 0.000 0.000 0.000 0.000 0.000 0.000 0.000 0.000 0.000 0.000 0.000 0.000 0.000 0.000 0.000 0.000 0.000 0.000
0.000 0.000 0.000 0.000 0.000 0.000 0.000 0.000 0.000 0.000 0.000 0.000 0.000 0.000 0.000 0.000 0.000 0.000 0.000 0.000 0.000 0.000 0.000 0.000 0.000 0.000 0.000 0.000 0.000 0.000 0.000 0.000 0.000 0.000 0.000 0.000 0.000 0.000 0.000 0.000 0.000 0.000 0.000 0.000 0.000 0.000 0.000 0.000 0.000 0.000
0.000 0.000 0.000 0.000 0.000 0.000 0.000 0.000 0.000 0.000 0.000 0.000 0.000 0.000 0.000 0.000 0.000 0.000 0.000 0.000 0.000 0.000 0.000 0.000 0.000 0.000 0.000 0.000 0.000 0.000 0.000 0.000 0.000 0.000 0.000 0.000 0.000 0.000 0.000 0.000 0.000 0.000 0.000 0.000 0.000 0.000 0.000 0.000 0.000 0.000
0.000 0.000 0.000 0.000 0.000 0.000 0.000 0.000 0.000 0.000 0.000 0.000 0.000 0.000 0.000 0.000 0.000 0.000 0.000 0.000 0.000 0.000 0.000 0.000 0.000 0.000 0.000 0.000 0.000 0.000 0.000 0.000 0.000 0.000 0.000 0.000 0.000 0.000 0.000 0.000 0.000 0.000 0.000 0.000 0.000 0.000 0.000 0.000 0.000 0.000
0.000 0.000 0.000 0.000 0.000 0.000 0.000 0.000 0.000 0.000 0.000 0.000 0.000 0.000 0.000 0.000 0.000 0.000 0.000 0.000 0.000 0.000 0.000 0.000 0.000 0.000 0.000 0.000 0.000 0.000 0.000 0.000 0.000 0.000 0.000 0.000 0.000 0.000 0.000 0.000 0.000 0.000 0.000 0.000 0.000 0.000 0.000 0.000 0.000 0.000
0.000 0.000 0.000 0.000 0.000 0.000 0.000 0.000 0.000 0.000 0.000 0.000 0.000 0.000 0.000 0.000 0.000 0.000 0.000 0.000 0.000 0.000 0.000 0.000 0.000 0.000 0.000 0.000 0.000 0.000 0.000 0.000 0.000 0.000 0.000 0.000 0.000 0.000 0.000 0.000 0.000 0.000 0.000 0.000 0.000 0.000 0.000 0.000 0.000 0.000
0.000 0.000 0.000 0.000 0.000 0.000 0.000 0.000 0.000 0.000 0.000 0.000 0.000 0.000 0.000 0.000 0.000 0.000 0.000 0.000 0.000 0.000 0.000 0.000 0.000 0.000 0.000 0.000 0.000 0.000 0.000 0.000 0.000 0.000 0.000 0.000 0.000 0.000 0.000 0.000 0.000 0.000 0.000 0.000 0.000 0.000 0.000 0.000 0.000 0.000
0.000 0.000 0.000 0.000 0.000 0.000 0.000 0.000 0.000 0.000 0.000 0.000 0.000 0.000 0.000 0.000 0.000 0.000 0.000 0.000 0.000 0.000 0.000 0.000 0.000 0.000 0.000 0.000 0.000 0.000 0.000 0.000 0.000 0.000 0.000 0.000 0.000 0.000 0.000 0.000 0.000 0.000 0.000 0.000 0.000 0.000 0.000 0.000 0.000 0.000
0.000 0.000 0.000 0.000 0.000 0.000 0.000 0.000 0.000 0.000 0.000 0.000 0.000 0.000 0.000 0.000 0.000 0.000 0.000 0.000 0.000 0.000 0.000 0.000 0.000 0.000 0.000 0.000 0.000 0.000 0.000 0.000 0.000 0.000 0.000 0.000 0.000 0.000 0.000 0.000 0.000 0.000 0.000 0.000 0.000 0.000 0.000 0.000 0.000 0.000
0.000 0.000 0.000 0.000 0.000 0.000 0.000 0.000 0.000 0.000 0.000 0.000 0.000 0.000 0.000 0.000 0.000 0.000 0.000 0.000 0.000 0.000 0.000 0.000 0.000 0.000 0.000 0.000 0.000 0.000 0.000 0.000 0.000 0.000 0.000 0.000 0.000 0.000 0.000 0.000 0.000 0.000 0.000 0.000 0.000 0.000 0.000 0.000 0.000 0.000
0.000 0.000 0.000 0.000 0.000 0.000 0.000 0.000 0.000 0.000 0.000 0.000 0.000 0.000 0.000 0.000 0.000 0.000 0.000 0.000 0.000 0.000 0.000 0.000 0.000 0.000 0.000 0.000 0.000 0.000 0.000 0.000 0.000 0.000 0.000 0.000 0.000 0.000 0.000 0.000 0.000 0.000 0.000 0.000 0.000 0.000 0.000 0.000 0.000 0.000
0.000 0.000 0.000 0.000 0.000 0.000 0.000 0.000 0.000 0.000 0.000 0.000 0.000 0.000 0.000 0.000 0.000 0.000 0.000 0.000 0.000 0.000 0.000 0.000 0.000 0.000 0.000 0.000 0.000 0.000 0.000 0.000 0.000 0.000 0.000 0.000 0.000 0.000 0.000 0.000 0.000 0.000 0.000 0.000 0.000 0.000 0.000 0.000 0.000 0.000
0.000 0.000 0.000 0.000 0.000 0.000 0.000 0.000 0.000 0.000 0.000 0.000 0.000 0.000 0.000 0.000 0.000 0.000 0.000 0.000 0.000 0.000 0.000 0.000 0.000 0.000 0.000 0.000 0.000 0.000 0.000 0.000 0.000 0.000 0.000 0.000 0.000 0.000 0.000 0.000 0.000 0.000 0.000 0.000 0.000 0.000 0.000 0.000 0.000 0.000
0.000 0.000 0.000 0.000 0.000 0.000 0.000 0.000 0.000 0.000 0.000 0.000 0.000 0.000 0.000 0.000 0.000 0.000 0.000 0.000 0.000 0.000 0.000 0.000 0.000 0.000 0.000 0.000 0.000 0.000 0.000 0.000 0.000 0.000 0.000 0.000 0.000 0.000 0.000 0.000 0.000 0.000 0.000 0.000 0.000 0.000 0.000 0.000 0.000 0.000
0.000 0.000 0.000 0.000 0.000 0.000 0.000 0.000 0.000 0.000 0.000 0.000 0.000 0.000 0.000 0.000 0.000 0.000 0.000 0.000 0.000 0.000 0.000 0.000 0.000 0.000 0.000 0.000 0.000 0.000 0.000 0.000 0.000 0.000 0.000 0.000 0.000 0.000 0.000 0.000 0.000 0.000 0.000 0.000 0.000 0.000 0.000 0.000 0.000 0.000
