tests/test_03/output0/DepositFile_010.00hrs.dat
NCOLS    50
NROWS    50
XLLCORNER    -2289770.000
YLLCORNER     2591270.000
CELLSIZE        2000.000       2000.000
NODATA_VALUE -9999.
[rows 0 to 34 of 50, columns 0 to 49 of 50]
10.786837 13.045311 15.962028 19.472519 23.708059 28.736813 34.668064 41.526951 49.287426 57.811649 66.895706 76.293976 85.661415 94.391655 101.950424 107.848953 111.626862 113.705780 114.796638 115.030968 114.970123 114.898613 115.008842 115.162308 115.202972 115.244225 114.728584 113.579140 111.658943 108.433914 104.043037 98.280403 91.005920 82.471603 72.632278 61.748905 50.068115 35.139847 20.737787 13.324455 4.095683 1.269418 0.486377 0.107604 0.023472 0.004137 0.000511 0.000048 0.000003 0.000000
10.319714 12.457776 15.237977 18.619465 22.673206 27.516199 33.259632 39.907684 47.445385 55.708656 64.539932 73.661400 82.775047 91.345993 98.611259 103.843460 106.756599 108.004654 108.026344 107.399422 106.877594 106.728989 107.063889 107.834473 108.836006 109.917282 110.828758 111.182709 110.890953 109.386848 106.497955 102.087494 95.483688 87.576439 77.781982 66.511604 54.375408 38.369282 22.725098 14.667551 4.663036 1.403579 0.540590 0.121514 0.026559 0.004704 0.000587 0.000056 0.000003 0.000000
10.701828 12.912455 15.806445 19.295118 23.493738 28.544247 34.509830 41.434727 49.321968 57.952782 67.139091 76.490410 85.783173 94.547569 101.870049 106.671227 108.464928 108.368027 107.049835 105.161415 103.794212 103.122711 103.144775 103.887749 105.196518 106.795265 108.534760 109.903221 110.560600 110.186028 108.412186 104.954773 99.497292 92.077171 82.587273 71.388260 59.072380 42.070168 25.155455 16.349527 5.409750 1.579932 0.615932 0.139967 0.030602 0.005443 0.000687 0.000066 0.000004 0.000000
10.666946 12.866554 15.741998 19.235956 23.466831 28.522291 34.507935 41.508884 49.486420 58.225380 67.456291 76.805161 85.944550 94.405685 101.273491 105.250465 105.492332 103.888924 100.401627 97.304695 94.921547 93.465759 93.102219 93.892433 95.680344 98.108322 100.782661 103.352135 105.497742 106.573280 106.351196 104.253197 100.021416 93.608215 84.878105 74.184265 62.143539 44.829838 26.989496 17.587584 5.917499 1.718284 0.678948 0.155647 0.034307 0.006152 0.000784 0.000076 0.000004 0.000000
10.569834 12.731242 15.607650 19.107536 23.280193 28.320808 34.314362 41.321877 49.309269 58.081520 67.319893 76.478630 85.298264 93.340828 99.642761 102.580475 100.870102 97.039650 91.521408 86.670235 83.416664 81.181656 80.422600 81.179375 83.282181 86.277130 89.696434 93.454735 96.914085 99.611702 100.972069 100.630722 97.884369 92.782951 85.075699 75.200958 63.624523 46.467888 28.289738 18.558176 6.317142 1.825515 0.727976 0.168998 0.037843 0.006843 0.000880 0.000086 0.000005 0.000000
10.344577 12.435392 15.268965 18.684845 22.830587 27.831488 33.702438 40.630421 48.528564 57.325371 66.412270 75.345612 83.701828 91.237724 96.712791 98.667564 94.488586 88.333824 80.623573 74.258347 69.217445 66.268280 65.321808 66.084152 68.290764 71.606979 75.834183 80.726311 85.398872 89.581070 92.619499 93.948936 92.983665 89.405785 82.986938 74.280846 63.513794 46.908081 28.842962 19.065039 6.579972 1.899426 0.763352 0.179339 0.040753 0.007447 0.000969 0.000095 0.000005 0.000000
10.078965 12.113935 14.865225 18.166412 22.218494 27.067352 32.867050 39.666512 47.426735 56.021732 64.931038 73.702347 81.543900 88.439392 93.252586 94.159691 87.735786 78.700737 68.745575 60.621281 54.398193 51.139000 49.882824 50.481880 52.735901 56.319633 60.935703 66.374023 72.115936 77.645386 82.151016 85.101624 85.868477 84.064941 79.137634 71.693817 61.926781 46.324024 28.670229 19.061749 6.671075 1.934012 0.790129 0.187690 0.042802 0.007910 0.001043 0.000103 0.000006 0.000000
9.812972 11.780522 14.436120 17.698332 21.635601 26.341633 31.956129 38.580502 46.186779 54.619858 63.378609 71.772308 79.130821 85.400269 89.628548 89.629723 80.964714 69.074768 57.207047 46.752243 40.259998 36.705139 35.295692 35.740101 37.925545 41.539326 46.342335 52.162464 58.527763 64.816307 70.597397 74.942291 77.245354 77.173828 73.810600 67.747780 59.059799 44.737751 27.896336 18.590513 6.594011 1.925179 0.796668 0.191825 0.044278 0.008254 0.001100 0.000109 0.000006 0.000000
9.527056 11.424129 14.035410 17.179119 20.984051 25.572351 31.097387 37.543621 44.927124 53.134068 61.764950 69.906998 76.990005 82.590294 86.215630 85.748169 75.425575 60.578789 46.821728 34.283623 27.840895 24.703066 23.327473 23.636274 25.588457 28.978279 33.637135 39.384857 45.880428 52.744816 59.129181 64.486565 68.047501 69.343033 67.470222 62.778854 55.224270 42.372993 26.629135 17.715778 6.377714 1.871424 0.782688 0.191891 0.045042 0.008490 0.001141 0.000114 0.000007 0.000000
9.211323 11.055373 13.560276 16.629452 20.330523 24.826027 30.122711 36.372066 43.631073 51.687469 60.017532 68.027832 74.719444 80.024376 83.043518 82.343285 70.981010 53.627522 38.599281 24.139259 18.403763 15.659534 14.530847 14.888385 16.595922 19.556833 23.760937 29.130718 35.379299 42.102844 48.771931 54.612389 59.042156 61.330540 60.710403 57.204647 50.762272 39.385986 24.986134 16.630123 6.082557 1.788034 0.754220 0.187778 0.044935 0.008541 0.001162 0.000117 0.000007 0.000000
8.892116 10.664165 13.107021 16.052223 19.655773 24.008291 29.178614 35.338581 42.358219 50.138695 58.482555 66.248787 72.713112 77.594383 80.231514 79.234512 67.414268 47.944736 32.308640 16.796524 11.785660 9.441658 8.844157 9.357836 10.911861 13.493181 17.091272 21.750628 27.361172 33.606613 39.954769 45.881527 50.729130 53.664173 53.992733 51.456978 45.989140 36.051281 23.117376 15.386758 5.745813 1.687519 0.718415 0.180870 0.043945 0.008456 0.001161 0.000118 0.000007 0.000000
8.551208 10.272361 12.604745 15.466041 18.964540 23.145130 28.183998 34.114441 40.957760 48.723396 56.790539 64.415718 70.738022 75.341011 77.518799 76.632156 64.439072 44.165596 27.441612 11.961352 7.248794 5.530837 5.358426 6.046228 7.523046 9.794410 12.897879 16.904432 21.795851 27.339209 33.106960 38.650707 43.415218 46.633858 47.580647 45.769424 41.221325 32.604050 21.115288 14.079472 5.360452 1.574046 0.677214 0.172670 0.042535 0.008267 0.001143 0.000117 0.000007 0.000000
8.189029 9.841529 12.101162 14.879718 18.201092 22.269415 27.158278 32.891983 39.632717 47.122490 55.150879 62.887806 69.083702 73.433029 75.510086 74.606964 62.311008 41.289803 24.154484 8.807999 4.531861 3.257288 3.381151 4.184823 5.557521 7.536160 10.193639 13.613031 17.816736 22.659626 27.764164 32.771919 37.151588 40.425518 41.627060 40.366493 36.601398 29.123552 19.050266 12.729386 4.940239 1.452106 0.631157 0.163035 0.040762 0.008000 0.001112 0.000114 0.000007 0.000000
7.826261 9.403383 11.589058 14.210768 17.462139 21.400818 26.096693 31.709118 38.228294 45.632973 53.577000 61.313717 67.656685 72.179161 74.080811 73.229851 61.224983 39.087055 21.883482 6.779727 3.112730 2.112783 2.342985 3.128384 4.346073 6.043551 8.306946 11.224646 14.835953 19.038582 23.506037 27.946577 31.930967 35.031200 36.278248 35.377529 32.184479 25.714312 16.996202 11.352622 4.487654 1.324219 0.581691 0.152266 0.038616 0.007647 0.001070 0.000110 0.000007 0.000000
7.429225 8.958915 11.013310 13.569448 16.684593 20.443918 25.013197 30.444220 36.831882 44.074699 51.929035 59.841736 66.419830 71.156662 73.243996 72.952446 61.233097 38.089710 20.955187 5.360529 2.398342 1.511261 1.752306 2.448028 3.488633 4.924757 6.842487 9.328066 12.424793 16.057844 19.950523 23.852188 27.457279 30.268690 31.488024 30.784369 28.025917 22.426775 14.938936 9.981961 4.008508 1.191453 0.529082 0.140647 0.036166 0.007222 0.001018 0.000105 0.000006 0.000000
7.034051 8.462959 10.451009 12.889627 15.852235 19.502810 23.910797 29.217245 35.452484 42.629841 50.583279 58.612259 65.613503 70.655319 73.310516 73.585533 63.418774 38.521687 21.102718 4.735251 2.070845 1.164612 1.362897 1.945166 2.811150 4.011969 5.627702 7.735363 10.376067 13.491627 16.849611 20.244532 23.448988 25.943926 27.083878 26.508118 24.082544 19.252548 12.905997 8.635722 3.513741 1.056122 0.474785 0.128599 0.033453 0.006742 0.000958 0.000100 0.000006 0.000000
6.588403 7.946983 9.827856 12.117296 14.960174 18.444378 22.709446 27.861225 33.995018 41.206100 49.272869 57.748390 65.580864 71.054703 74.310783 74.899963 68.494766 41.085674 22.228519 4.683183 1.942953 0.950970 1.073012 1.545614 2.257584 3.253381 4.605714 6.382984 8.621224 11.271662 14.137286 17.057032 19.839775 22.027288 23.029823 22.523294 20.369188 16.202829 10.941857 7.333063 2.996092 0.921123 0.419678 0.115872 0.030525 0.006217 0.000891 0.000093 0.000006 0.000000
6.084815 7.357264 9.096670 11.261077 13.928151 17.223364 21.284992 26.221336 32.259235 39.434036 47.736259 56.812729 65.766975 72.671051 76.857536 77.574646 75.048149 48.498344 26.120367 4.965452 1.984440 0.806248 0.840641 1.214925 1.794359 2.612154 3.732464 5.216739 7.096782 9.329341 11.746046 14.227177 16.611042 18.470329 19.317488 18.845358 16.915321 13.366462 9.072775 6.089487 2.467012 0.788015 0.364437 0.102797 0.027441 0.005646 0.000818 0.000087 0.000005 0.000000
5.509202 6.663466 8.273371 10.259176 12.718390 15.776530 19.529253 24.209755 29.961691 36.975651 45.378975 55.098896 65.610413 75.232941 81.454796 83.812744 81.963326 64.048149 33.381702 6.995622 2.310452 0.730810 0.656103 0.942618 1.408574 2.072907 2.990007 4.214308 5.774234 7.630662 9.639121 11.720973 13.734787 15.270312 15.963216 15.508707 13.749750 10.779424 7.335335 4.922491 1.948041 0.659371 0.309876 0.089547 0.024342 0.005069 0.000741 0.000079 0.000005 0.000000
4.885327 5.928640 7.358269 9.130229 11.339978 14.072876 17.468430 21.687109 26.913244 33.424068 41.416462 51.128323 62.546310 74.961655 86.233498 92.906479 93.508125 88.221939 47.928055 17.353893 3.414060 0.870142 0.526949 0.721353 1.089814 1.623555 2.365493 3.362152 4.638793 6.160473 7.802678 9.527411 11.193127 12.450729 12.978808 12.512883 10.900999 8.452101 5.764661 3.841429 1.463567 0.537870 0.256790 0.076384 0.021150 0.004460 0.000661 0.000071 0.000004 0.000000
4.195575 5.125680 6.399698 7.981637 9.947430 12.372302 15.380439 19.106413 23.748812 29.475908 36.589310 45.381958 56.135056 69.212570 83.839134 97.752945 106.369110 106.832504 90.064644 42.958813 6.524035 2.153838 0.511526 0.548656 0.829522 1.252419 1.846265 2.647801 3.677271 4.904198 6.229465 7.636497 8.987420 9.996775 10.369248 9.856858 8.405198 6.424725 4.387699 2.886048 1.039972 0.426629 0.206988 0.063290 0.018029 0.003874 0.000581 0.000064 0.000004 0.000000
3.254843 4.076681 5.192625 6.583845 8.311449 10.460423 13.138727 16.462463 20.585943 25.706472 31.994427 39.780750 49.447765 61.269463 75.588470 92.286606 109.551628 121.553841 122.696663 93.737373 38.451820 5.417561 0.945218 0.440049 0.619801 0.945203 1.411780 2.047523 2.865429 3.836743 4.891436 6.018240 7.097598 7.875422 8.093256 7.561776 6.269421 4.711411 3.213062 2.059479 0.701250 0.326769 0.160691 0.050823 0.015007 0.003289 0.000502 0.000056 0.000004 0.000000
1.713512 2.299657 3.120736 4.200799 5.604858 7.380956 9.652204 12.553108 16.194439 20.779545 26.530258 33.623657 42.402058 53.217796 66.471420 82.700920 102.226730 123.846283 143.363159 151.414780 139.362274 58.104496 6.462250 0.958661 0.492572 0.699187 1.054652 1.546561 2.183645 2.937376 3.764676 4.647514 5.487938 6.057425 6.139966 5.584460 4.499042 3.308921 2.258058 1.368960 0.453595 0.241093 0.119601 0.039236 0.012174 0.002728 0.000426 0.000048 0.000003 0.000000
0.366707 0.539723 0.801704 1.190306 1.759534 2.596417 3.784270 5.431762 7.706456 10.828766 15.039157 20.709948 28.258472 37.979588 50.468895 66.080170 85.715378 110.330307 139.336151 171.695587 199.112305 208.398254 151.807678 54.153248 7.794175 1.552821 0.769946 1.140956 1.623706 2.193701 2.832844 3.510906 4.145560 4.524555 4.497582 3.943933 3.090487 2.224291 1.506821 0.817344 0.283846 0.171195 0.085460 0.028857 0.009601 0.002224 0.000355 0.000041 0.000003 0.000000
0.032209 0.049251 0.076172 0.117767 0.182372 0.282077 0.436083 0.674406 1.044322 1.614948 2.495201 3.858725 5.968367 9.208228 14.137467 21.554264 32.592300 48.135529 70.412949 102.205292 145.287735 199.216476 255.602539 303.411957 332.943085 52.463154 0.545607 0.820039 1.176816 1.595430 2.075584 2.586279 3.045756 3.274004 3.161138 2.672493 2.034707 1.434395 0.933429 0.429725 0.187932 0.114903 0.057386 0.020449 0.007339 0.001755 0.000288 0.000034 0.000002 0.000000
0.000000 0.000000 0.000000 0.000000 0.000000 0.000000 0.000000 0.000000 0.000000 0.000001 0.000001 0.000004 0.000011 0.000028 0.000072 0.000181 0.000449 0.001119 0.002689 0.005952 0.012375 0.024363 0.045495 0.081057 0.138917 0.230267 0.368588 0.565504 0.822878 1.122994 1.470942 1.843646 2.154171 2.273628 2.106440 1.708234 1.267318 0.881640 0.509453 0.202481 0.119633 0.072735 0.035908 0.013798 0.005365 0.001333 0.000228 0.000027 0.000002 0.000000
0.000000 0.000000 0.000000 0.000000 0.000000 0.000000 0.000000 0.000000 0.000000 0.000000 0.000001 0.000001 0.000004 0.000010 0.000027 0.000069 0.000174 0.000431 0.001065 0.002620 0.005898 0.012294 0.024454 0.046451 0.083817 0.143912 0.235923 0.368792 0.545122 0.756113 1.001707 1.265905 1.455719 1.489725 1.307089 1.015111 0.737943 0.486632 0.225236 0.107466 0.071516 0.042538 0.020691 0.009014 0.003746 0.000976 0.000174 0.000022 0.000002 0.000000
0.000000 0.000000 0.000000 0.000000 0.000000 0.000000 0.000000 0.000000 0.000000 0.000000 0.000000 0.000001 0.000001 0.000004 0.000010 0.000026 0.000066 0.000167 0.000415 0.001021 0.002503 0.005839 0.012433 0.024707 0.046585 0.083584 0.142272 0.228354 0.342528 0.483250 0.647961 0.826861 0.933231 0.905149 0.754101 0.562077 0.407381 0.218019 0.091134 0.061360 0.039898 0.023066 0.011346 0.005743 0.002492 0.000677 0.000129 0.000017 0.000001 0.000000
0.000000 0.000000 0.000000 0.000000 0.000000 0.000000 0.000000 0.000000 0.000000 0.000000 0.000000 0.000000 0.000001 0.000002 0.000004 0.000010 0.000025 0.000064 0.000160 0.000403 0.001002 0.002450 0.005737 0.012355 0.024524 0.045679 0.080436 0.133165 0.204211 0.294747 0.399667 0.504285 0.551063 0.500045 0.394164 0.292491 0.187999 0.077657 0.047310 0.032471 0.020256 0.011358 0.006281 0.003477 0.001544 0.000445 0.000092 0.000012 0.000001 0.000000
0.000000 0.000000 0.000000 0.000000 0.000000 0.000000 0.000000 0.000000 0.000000 0.000000 0.000000 0.000000 0.000000 0.000001 0.000002 0.000004 0.000010 0.000025 0.000062 0.000154 0.000383 0.000952 0.002303 0.005307 0.011446 0.022917 0.042566 0.072754 0.113907 0.168162 0.232617 0.285312 0.290614 0.245526 0.185394 0.130974 0.064755 0.033111 0.023833 0.015852 0.009609 0.005579 0.003465 0.001999 0.000894 0.000283 0.000063 0.000009 0.000001 0.000000
0.000000 0.000000 0.000000 0.000000 0.000000 0.000000 0.000000 0.000000 0.000000 0.000000 0.000000 0.000000 0.000000 0.000000 0.000001 0.000002 0.000004 0.000011 0.000025 0.000060 0.000145 0.000355 0.000877 0.002155 0.005058 0.010847 0.021221 0.037746 0.061218 0.091671 0.125361 0.143516 0.133127 0.107390 0.079937 0.046223 0.021071 0.015984 0.011261 0.007319 0.004457 0.002887 0.001866 0.001076 0.000504 0.000178 0.000042 0.000006 0.000000 0.000000
0.000000 0.000000 0.000000 0.000000 0.000000 0.000000 0.000000 0.000000 0.000000 0.000000 0.000000 0.000000 0.000000 0.000000 0.000000 0.000001 0.000002 0.000005 0.000011 0.000025 0.000057 0.000131 0.000312 0.000757 0.001863 0.004403 0.009382 0.017786 0.030296 0.046957 0.060683 0.062192 0.054553 0.042848 0.029649 0.015349 0.009669 0.007276 0.005097 0.003261 0.002120 0.001455 0.000953 0.000564 0.000282 0.000110 0.000027 0.000004 0.000000 0.000000
0.000000 0.000000 0.000000 0.000000 0.000000 0.000000 0.000000 0.000000 0.000000 0.000000 0.000000 0.000000 0.000000 0.000000 0.000000 0.000000 0.000001 0.000002 0.000005 0.000011 0.000023 0.000051 0.000114 0.000262 0.000623 0.001503 0.003518 0.007266 0.013145 0.020673 0.024386 0.023398 0.019366 0.014992 0.008474 0.004886 0.003856 0.002852 0.001961 0.001366 0.000987 0.000690 0.000455 0.000280 0.000153 0.000065 0.000016 0.000003 0.000000 0.000000
0.000000 0.000000 0.000000 0.000000 0.000000 0.000000 0.000000 0.000000 0.000000 0.000000 0.000000 0.000000 0.000000 0.000000 0.000000 0.000000 0.000000 0.000001 0.000002 0.000005 0.000010 0.000021 0.000046 0.000099 0.000218 0.000498 0.001166 0.002440 0.004448 0.006047 0.006299 0.005665 0.004401 0.002693 0.001751 0.001437 0.001077 0.000821 0.000665 0.000530 0.000402 0.000291 0.000202 0.000131 0.000077 0.000036 0.000009 0.000002 0.000000 0.000000
0.000000 0.000000 0.000000 0.000000 0.000000 0.000000 0.000000 0.000000 0.000000 0.000000 0.000000 0.000000 0.000000 0.000000 0.000000 0.000000 0.000000 0.000000 0.000001 0.000002 0.000004 0.000009 0.000019 0.000039 0.000080 0.000166 0.000345 0.000632 0.000854 0.000871 0.000813 0.000526 0.000362 0.000351 0.000345 0.000333 0.000305 0.000265 0.000222 0.000182 0.000147 0.000114 0.000084 0.000057 0.000035 0.000017 0.000005 0.000001 0.000000 0.000000
