tests/test_03/output0/DepositFile_____final.dat
NCOLS    50
NROWS    50
XLLCORNER    -2289770.000
YLLCORNER     2591270.000
CELLSIZE        2000.000       2000.000
NODATA_VALUE  0.000
[rows 0 to 34 of 50, columns 0 to 49 of 50]
11.644772 14.013940 17.072176 20.745707 25.169031 30.414116 36.594681 43.741024 51.833061 60.739677 70.264412 80.169586 90.118690 99.514771 107.833931 114.598366 119.359116 122.550003 124.894241 126.533859 128.037552 129.694077 131.697128 133.903595 136.142044 138.491440 140.333786 141.500183 141.714462 140.235138 136.883591 131.022873 122.419533 111.672798 98.784370 84.726738 68.984665 47.171867 27.255541 17.414652 4.884686 1.507721 0.565036 0.120915 0.026039 0.000000 0.000000 0.000000 0.000000 0.000000
10.917385 13.143816 16.038593 19.554283 23.765320 28.792778 34.752567 41.654270 49.489059 58.099678 67.336151 76.929047 86.589706 95.793755 103.789520 109.861488 113.736702 116.083549 117.354538 118.138763 119.199509 120.814293 123.099754 126.004097 129.302490 132.807190 136.213211 139.044739 141.069748 141.503494 139.846481 135.519989 127.696404 117.678230 104.837868 90.368675 74.187820 51.110416 29.599426 19.036161 5.540179 1.660274 0.625602 0.135925 0.029348 0.000000 0.000000 0.000000 0.000000 0.000000
11.203802 13.494097 16.492212 20.103935 24.448059 29.670660 35.839695 43.004868 51.175377 60.139271 69.716125 79.524101 89.349503 98.733391 106.773781 112.403793 115.151337 116.148270 116.077789 115.603096 115.828140 116.940506 118.946167 121.869301 125.537674 129.642868 133.982925 137.958099 141.085373 142.824112 142.475525 139.298996 132.744278 123.336601 110.825478 96.393364 80.076958 55.766945 32.508160 21.095978 6.427749 1.862504 0.709746 0.155885 0.033696 0.000000 0.000000 0.000000 0.000000 0.000000
11.055190 13.323631 16.290142 19.893139 24.254583 29.466301 35.638672 42.862293 51.104584 60.157242 69.758537 79.543549 89.195152 98.255707 105.822144 110.610481 111.791573 111.270683 109.023705 107.338821 106.555283 106.903183 108.557167 111.576088 115.787903 120.806015 126.188416 131.497742 136.272156 139.645691 141.056396 139.452423 134.261108 125.987877 114.288933 100.334686 84.352997 59.511990 34.850967 22.724016 7.101857 2.028837 0.782190 0.173186 0.037729 0.000000 0.000000 0.000000 0.000000 0.000000
10.890756 13.112980 16.070560 19.668564 23.959742 29.143320 35.308910 42.522865 50.757206 59.823933 69.412399 78.986229 88.296257 96.915657 103.893539 107.620956 106.829933 104.064209 99.771561 96.324348 94.672646 94.254326 95.536331 98.558479 103.139275 108.798981 115.023285 121.643150 127.880005 133.052704 136.251953 136.625732 133.078293 126.241104 115.645523 102.483101 87.029099 62.148228 36.689037 24.089724 7.692592 2.166156 0.841263 0.188262 0.041616 0.000000 0.000000 0.000000 0.000000 0.000000
10.607743 12.752129 15.657948 19.161894 23.414719 28.545597 34.574009 41.692181 49.819313 58.891094 68.307304 77.633514 86.456284 94.544159 100.670074 103.389671 100.105995 94.994164 88.492546 83.521042 80.078552 78.950111 80.059151 83.115631 87.846146 93.891632 101.008629 108.870865 116.457092 123.281723 128.358551 130.629456 129.049255 123.860634 114.662582 102.650711 88.066696 63.584095 37.801773 24.991776 8.170646 2.272222 0.887405 0.200484 0.044902 0.000000 0.000000 0.000000 0.000000 0.000000
10.307979 12.390675 15.206704 18.587343 22.736670 27.704220 33.648384 40.623234 48.595955 57.447731 66.666092 75.807816 84.091644 91.513390 96.950546 98.595039 93.039482 85.022362 76.253952 69.505150 64.866615 63.420452 64.221375 67.129326 71.938774 78.301796 85.876259 94.374443 103.146935 111.468414 118.198517 122.312080 122.673737 119.402756 111.825203 101.080002 87.553307 63.971481 38.208492 25.379261 8.491624 2.340464 0.925624 0.211056 0.047363 0.000000 0.000000 0.000000 0.000000 0.000000
10.016599 12.027057 14.741026 18.075127 22.100746 26.915091 32.662094 39.448231 47.251442 55.923450 64.971054 73.712715 81.488937 88.258064 93.082191 93.791687 85.965767 75.065163 64.357025 55.252392 50.321953 48.561661 49.198158 51.951347 56.707130 63.132961 70.945633 79.896889 89.389137 98.598495 106.770874 112.486816 114.599655 113.223839 107.365044 98.041016 85.657021 63.319981 38.029564 25.288980 8.645965 2.365985 0.944100 0.217772 0.049289 0.000000 0.000000 0.000000 0.000000 0.000000
9.711468 11.647572 14.311949 17.521164 21.406809 26.094408 31.741375 38.336941 45.902767 54.331646 63.231956 71.700142 79.176712 85.250374 89.443260 89.654015 80.138786 66.248505 53.617706 42.396683 37.483803 36.111187 36.757217 39.358562 43.876499 50.089493 57.788086 66.718109 76.416275 86.308121 95.229706 102.149551 105.734375 105.894913 101.696663 93.831505 82.654030 61.843395 37.377190 24.777554 8.667118 2.347021 0.942470 0.220812 0.050546 0.000000 0.000000 0.000000 0.000000 0.000000
9.379254 11.258939 13.812338 16.941425 20.716448 25.303095 30.711889 37.098831 44.526310 52.788563 61.369572 69.685005 76.746651 82.498955 86.057098 86.003708 75.414391 58.980087 45.038765 31.855762 27.610382 26.592667 27.448864 30.066605 34.315815 40.088882 47.339222 55.918743 65.421463 75.254494 84.581787 92.156715 96.815224 98.149834 95.378815 88.827812 78.864159 59.649467 36.351837 24.029825 8.612219 2.298110 0.926778 0.219961 0.050968 0.000000 0.000000 0.000000 0.000000 0.000000
9.045300 10.849906 13.337095 16.337122 20.008417 24.444508 29.717747 36.004318 43.179512 51.150719 59.727890 67.778923 74.590134 79.892632 83.039215 82.655579 71.570557 52.978378 38.384106 24.102093 20.533789 19.868336 21.207497 23.934483 27.988390 33.349846 39.977421 47.848862 56.738857 66.148155 75.248398 83.058220 88.322563 90.489052 88.859787 83.425735 74.569725 56.975513 35.047775 23.086926 8.516783 2.230967 0.903950 0.216615 0.050540 0.000000 0.000000 0.000000 0.000000 0.000000
8.690652 10.441552 12.814431 15.725830 19.286283 23.543377 28.676645 34.723492 41.710194 49.652157 57.935699 65.825905 72.472023 77.469482 80.125877 79.817230 68.318977 48.877422 33.145248 18.841282 15.514671 15.416514 17.120180 19.960045 23.877983 28.877848 34.971111 42.167358 50.337273 59.070049 67.654770 75.201584 80.550911 83.180023 82.374130 77.829819 70.062592 54.040703 33.527702 22.028214 8.365756 2.148928 0.875710 0.212173 0.049715 0.000000 0.000000 0.000000 0.000000 0.000000
8.315542 9.995101 12.291599 15.115795 18.493654 22.631872 27.607166 33.447624 40.320087 47.972271 56.200554 64.182869 70.679192 75.395363 77.918907 77.556862 65.913620 45.676514 29.479340 15.249874 12.295284 12.571843 14.499621 17.380474 21.118816 25.753845 31.337223 37.895969 45.347843 53.376289 61.331421 68.432999 73.544502 76.404366 76.055214 72.244820 65.461624 50.877705 31.838888 20.865383 8.158659 2.054884 0.842213 0.206460 0.048543 0.000000 0.000000 0.000000 0.000000 0.000000
7.940367 9.541986 11.761068 14.424182 17.726862 21.729103 26.503674 32.213459 38.852959 46.406200 54.533459 62.495674 69.115303 73.976273 76.290993 75.942520 64.546432 43.142727 26.820526 12.769591 10.352816 10.826650 12.778696 15.555223 19.049213 23.313139 28.416580 34.397087 41.195271 48.545448 55.860741 62.452999 67.289917 70.147064 70.041512 66.790337 60.821445 47.597233 30.026472 19.603762 7.890376 1.949349 0.803521 0.199483 0.046996 0.000000 0.000000 0.000000 0.000000 0.000000
7.531311 9.083017 11.167469 13.760895 16.922300 20.739002 25.379417 30.898592 37.395378 44.773121 52.794121 60.912403 67.743401 72.790352 75.256996 75.428337 64.272049 41.810532 25.497303 10.886584 9.096658 9.597173 11.467291 14.055838 17.269100 21.163803 25.813490 31.259436 37.453091 44.164402 50.869583 56.943905 61.494411 64.218864 64.288818 61.442081 56.168762 44.234638 28.075674 18.265902 7.558662 1.833041 0.759379 0.191003 0.045092 0.000000 0.000000 0.000000 0.000000 0.000000
7.124535 8.573065 10.587934 13.059863 16.063843 19.765789 24.237551 29.623123 35.956470 43.255344 51.359070 59.573727 66.804008 72.127579 75.128380 75.826332 66.175735 41.906017 25.245449 9.789612 8.215007 8.603785 10.329274 12.694543 15.615804 19.150167 23.367460 28.305824 33.922485 40.013081 46.111656 51.661762 55.888912 58.435982 58.630245 56.129089 51.438828 40.753090 26.020126 16.862070 7.157076 1.706995 0.711168 0.181358 0.042851 0.000000 0.000000 0.000000 0.000000 0.000000
6.667692 8.043576 9.948138 12.267037 15.146551 18.676308 22.997997 28.220125 34.441280 41.760757 49.961830 58.603539 66.641449 72.368820 75.936928 76.908913 70.972069 44.134083 25.970114 9.261416 7.525070 7.730305 9.269594 11.403879 14.039809 17.228662 21.033543 25.488367 30.553610 36.043911 41.542892 46.560944 50.419037 52.787994 53.038788 50.836037 46.645054 37.148468 23.893028 15.414277 6.688162 1.574072 0.659406 0.170357 0.040305 0.000000 0.000000 0.000000 0.000000 0.000000
6.153362 7.440892 9.200969 11.391119 14.090257 17.425392 21.536718 26.534908 32.649734 39.920174 48.341164 57.564888 66.701500 73.831200 78.296288 79.356201 77.250053 51.214249 29.462629 9.067247 7.001485 6.918515 8.253526 10.158248 12.517073 15.371736 18.778549 22.766781 27.299122 32.206959 37.117920 41.606430 45.087543 47.237637 47.503349 45.563828 41.840111 33.529991 21.705107 13.935640 6.167408 1.435726 0.605026 0.158379 0.037502 0.000000 0.000000 0.000000 0.000000 0.000000
5.567528 6.734749 8.362440 10.370437 12.857336 15.950008 19.745794 24.479980 30.298811 37.396080 45.903095 55.751911 66.423439 76.244286 82.711586 85.372612 83.896103 66.438217 36.330887 10.625525 6.764274 6.174484 7.279033 8.957458 11.047712 13.579150 16.600584 20.136593 24.151731 28.492233 32.827354 36.796974 39.905319 41.815578 42.082672 40.384445 37.073498 29.905056 19.500818 12.444233 5.618555 1.294650 0.548801 0.145713 0.034576 0.000000 0.000000 0.000000 0.000000 0.000000
4.934006 5.988257 7.432929 9.223698 11.456960 14.219244 17.651520 21.916065 27.199474 33.781769 41.863312 51.686291 63.242592 75.829773 87.314758 94.251747 95.179581 90.294884 50.493275 20.520409 7.311307 5.649324 6.361263 7.804984 9.635536 11.855806 14.506077 17.606098 21.121422 24.911928 28.687508 32.157318 34.893715 36.587650 36.825325 35.342434 32.415966 26.311014 17.285843 10.944915 5.055037 1.153293 0.491369 0.132310 0.031419 0.000000 0.000000 0.000000 0.000000 0.000000
4.235293 5.174443 6.460928 8.058491 10.043864 12.493267 15.532125 19.296570 23.987112 29.774431 36.963127 45.849850 56.720379 69.944260 84.752937 98.892944 107.789543 108.599571 92.258392 45.675270 9.877746 6.279979 5.566353 6.708147 8.285878 10.208339 12.503750 15.187187 18.224739 21.488880 24.731918 27.724241 30.104324 31.589342 31.787624 30.479988 27.926077 22.817179 15.120353 9.486857 4.478070 1.013434 0.434707 0.118293 0.028203 0.000000 0.000000 0.000000 0.000000 0.000000
3.286367 4.115505 5.241536 6.645432 8.388969 10.557958 13.261401 16.616693 20.779772 25.949980 32.300217 40.164570 49.929268 61.873131 76.344688 93.232918 110.734306 123.029716 124.535034 96.021782 41.281906 8.911234 5.240055 5.692788 7.002919 8.639995 10.597268 12.884190 15.467740 18.233229 20.977299 23.515041 25.565840 26.833755 26.980366 25.867247 23.642284 19.447821 13.029436 8.091256 3.912014 0.876592 0.378717 0.104552 0.024975 0.000000 0.000000 0.000000 0.000000 0.000000
1.737675 2.329540 3.158540 4.248596 5.665259 7.457248 9.748522 12.674648 16.347738 20.972811 26.773796 33.930386 42.788147 53.703480 67.081924 83.467575 103.188240 125.050339 144.868317 153.292191 141.697311 60.998230 10.032679 5.341178 5.837920 7.167364 8.803707 10.716258 12.872440 15.170238 17.451900 19.566904 21.303329 22.357790 22.454113 21.509090 19.611950 16.240316 11.044176 6.796569 3.362527 0.748783 0.324529 0.091131 0.021824 0.000000 0.000000 0.000000 0.000000 0.000000
0.384432 0.561758 0.829729 1.225918 1.804764 2.653824 3.857090 5.524077 7.823419 10.976875 15.226603 20.947035 28.558170 38.358170 50.946743 66.682724 86.474297 111.284744 140.534241 173.196182 200.986771 210.731842 154.700104 57.718731 12.160187 6.855990 7.146635 8.712036 10.473112 12.340703 14.200732 15.932387 17.370081 18.216057 18.274628 17.482355 15.905184 13.258198 9.176301 5.605371 2.823859 0.645038 0.273973 0.078244 0.018817 0.000000 0.000000 0.000000 0.000000 0.000000
0.044525 0.064666 0.095906 0.143008 0.214630 0.323272 0.488648 0.741427 1.129715 1.723671 2.633535 4.034604 6.191825 9.491934 14.497375 22.010401 33.169727 48.865467 71.334000 103.364723 146.743057 201.037048 257.870605 306.222412 336.401489 56.681908 5.637515 6.886619 8.289195 9.769346 11.250885 12.643139 13.798018 14.460964 14.496189 13.853908 12.568900 10.538878 7.454224 4.527943 2.321715 0.555182 0.226558 0.066339 0.015997 0.000000 0.000000 0.000000 0.000000 0.000000
0.000000 0.010062 0.013000 0.016773 0.021618 0.027830 0.035786 0.045971 0.058996 0.075644 0.096896 0.124012 0.158585 0.202630 0.258687 0.329959 0.420487 0.535374 0.680929 0.865027 1.097408 1.389789 1.756232 2.212772 2.776905 3.465788 4.292201 5.257689 6.340265 7.478974 8.626438 9.719058 10.612923 11.122791 11.144466 10.631615 9.614141 8.103474 5.876384 3.565814 1.865467 0.475580 0.183063 0.055104 0.013308 0.000000 0.000000 0.000000 0.000000 0.000000
0.000000 0.000000 0.000000 0.010196 0.013298 0.017316 0.022513 0.029227 0.037889 0.049050 0.063413 0.081883 0.105604 0.136033 0.175029 0.224942 0.288777 0.370278 0.474168 0.606385 0.774189 0.986524 1.253928 1.588694 2.004228 2.513437 3.126115 3.842937 4.646019 5.491412 6.350674 7.178938 7.840444 8.216572 8.223462 7.832948 7.070907 5.982769 4.462390 2.753625 1.468516 0.407150 0.143967 0.044907 0.010826 0.000000 0.000000 0.000000 0.000000 0.000000
0.000000 0.000000 0.000000 0.000000 0.000000 0.000000 0.012738 0.016770 0.022038 0.028911 0.037860 0.049495 0.064597 0.084162 0.109479 0.142197 0.184393 0.238714 0.308524 0.398009 0.512448 0.658208 0.842957 1.075648 1.365967 1.723486 2.155090 2.661031 3.227696 3.828186 4.444074 5.040491 5.507623 5.763948 5.758928 5.475039 4.950719 4.207551 3.234976 2.083245 1.118852 0.350442 0.110352 0.035674 0.000000 0.000000 0.000000 0.000000 0.000000 0.000000
0.000000 0.000000 0.000000 0.000000 0.000000 0.000000 0.000000 0.000000 0.011302 0.015070 0.020052 0.026626 0.035279 0.046654 0.061575 0.081100 0.106604 0.139839 0.183042 0.239037 0.311366 0.404383 0.523358 0.674398 0.864248 1.099458 1.384789 1.720128 2.095404 2.498734 2.916282 3.313838 3.620634 3.779424 3.764203 3.579091 3.244704 2.780623 2.203597 1.505155 0.816585 0.302882 0.083256 0.027368 0.000000 0.000000 0.000000 0.000000 0.000000 0.000000
0.000000 0.000000 0.000000 0.000000 0.000000 0.000000 0.000000 0.000000 0.000000 0.000000 0.000000 0.012447 0.016799 0.022616 0.030376 0.040700 0.054400 0.072524 0.096440 0.127880 0.169055 0.222713 0.292210 0.381458 0.494800 0.636474 0.809576 1.013978 1.243461 1.494233 1.755920 1.997826 2.176865 2.260441 2.245070 2.139044 1.950491 1.690921 1.377109 0.997675 0.581622 0.246647 0.063391 0.020111 0.000000 0.000000 0.000000 0.000000 0.000000 0.000000
0.000000 0.000000 0.000000 0.000000 0.000000 0.000000 0.000000 0.000000 0.000000 0.000000 0.000000 0.000000 0.000000 0.000000 0.012736 0.017422 0.023763 0.032321 0.043825 0.059218 0.079728 0.106909 0.142673 0.189302 0.249334 0.325271 0.418874 0.529945 0.656187 0.795444 0.939422 1.065252 1.152366 1.191525 1.181286 1.125323 1.032750 0.902733 0.746050 0.563349 0.364467 0.172194 0.047470 0.013507 0.000000 0.000000 0.000000 0.000000 0.000000 0.000000
0.000000 0.000000 0.000000 0.000000 0.000000 0.000000 0.000000 0.000000 0.000000 0.000000 0.000000 0.000000 0.000000 0.000000 0.000000 0.000000 0.000000 0.011991 0.016603 0.022906 0.031471 0.043040 0.058561 0.079194 0.106254 0.141079 0.184635 0.236758 0.296857 0.363479 0.427641 0.478384 0.510600 0.521546 0.511777 0.483076 0.435446 0.376010 0.308726 0.237990 0.158991 0.077633 0.025741 0.000000 0.000000 0.000000 0.000000 0.000000 0.000000 0.000000
0.000000 0.000000 0.000000 0.000000 0.000000 0.000000 0.000000 0.000000 0.000000 0.000000 0.000000 0.000000 0.000000 0.000000 0.000000 0.000000 0.000000 0.000000 0.000000 0.000000 0.010186 0.014156 0.019571 0.026899 0.036691 0.049538 0.065909 0.085793 0.108993 0.134177 0.155091 0.169439 0.175458 0.172381 0.162002 0.144831 0.122208 0.100077 0.076772 0.054506 0.031780 0.013942 0.000000 0.000000 0.000000 0.000000 0.000000 0.000000 0.000000 0.000000
0.000000 0.000000 0.000000 0.000000 0.000000 0.000000 0.000000 0.000000 0.000000 0.000000 0.000000 0.000000 0.000000 0.000000 0.000000 0.000000 0.000000 0.000000 0.000000 0.000000 0.000000 0.000000 0.000000 0.000000 0.010305 0.013961 0.018638 0.024327 0.030884 0.036864 0.041022 0.042863 0.041209 0.037435 0.032215 0.026086 0.019674 0.014323 0.000000 0.000000 0.000000 0.000000 0.000000 0.000000 0.000000 0.000000 0.000000 0.000000 0.000000 0.000000
0.000000 0.000000 0.000000 0.000000 0.000000 0.000000 0.000000 0.000000 0.000000 0.000000 0.000000 0.000000 0.000000 0.000000 0.000000 0.000000 0.000000 0.000000 0.000000 0.000000 0.000000 0.000000 0.000000 0.000000 0.000000 0.000000 0.000000 0.000000 0.000000 0.000000 0.000000 0.000000 0.000000 0.000000 0.000000 0.000000 0.000000 0.000000 0.000000 0.000000 0.000000 0.000000 0.000000 0.000000 0.000000 0.000000 0.000000 0.000000 0.000000 0.000000
