tests/test_03/output0/DepositFile_010.00hrs.dat
NCOLS    50
NROWS    50
XLLCORNER    -2289770.000
YLLCORNER     2591270.000
CELLSIZE        2000.000       2000.000
NODATA_VALUE  0.000
[rows 0 to 34 of 50, columns 0 to 49 of 50]
10.786841 13.045317 15.962034 19.472525 23.708067 28.736822 34.668076 41.526962 49.287434 57.811657 66.895714 76.293983 85.661423 94.391655 101.950417 107.848938 111.626839 113.705765 114.796616 115.030945 114.970093 114.898582 115.008812 115.162277 115.202942 115.244194 114.728554 113.579102 111.658905 108.433884 104.043015 98.280373 91.005898 82.471588 72.632263 61.748894 50.068108 35.139839 20.737783 13.324452 4.095680 1.269418 0.486377 0.107604 0.023472 0.000000 0.000000 0.000000 0.000000 0.000000
10.319718 12.457780 15.237982 18.619471 22.673212 27.516207 33.259640 39.907692 47.445393 55.708660 64.539932 73.661400 82.775047 91.345993 98.611252 103.843445 106.756584 108.004631 108.026321 107.399391 106.877563 106.728958 107.063858 107.834442 108.835968 109.917244 110.828720 111.182671 110.890915 109.386810 106.497925 102.087463 95.483658 87.576416 77.781967 66.511597 54.375397 38.369274 22.725094 14.667548 4.663034 1.403578 0.540590 0.121514 0.026559 0.000000 0.000000 0.000000 0.000000 0.000000
10.701833 12.912459 15.806451 19.295124 23.493746 28.544254 34.509838 41.434734 49.321976 57.952785 67.139099 76.490410 85.783173 94.547569 101.870041 106.671204 108.464905 108.367996 107.049805 105.161385 103.794182 103.122681 103.144737 103.887703 105.196480 106.795227 108.534721 109.903175 110.560555 110.185989 108.412148 104.954735 99.497253 92.077141 82.587250 71.388245 59.072369 42.070160 25.155449 16.349525 5.409748 1.579931 0.615932 0.139967 0.030602 0.000000 0.000000 0.000000 0.000000 0.000000
10.666951 12.866558 15.742002 19.235962 23.466839 28.522299 34.507942 41.508892 49.486427 58.225388 67.456299 76.805161 85.944550 94.405678 101.273476 105.250443 105.492310 103.888893 100.401596 97.304665 94.921509 93.465721 93.102180 93.892395 95.680298 98.108276 100.782616 103.352089 105.497696 106.573235 106.351151 104.253159 100.021385 93.608185 84.878082 74.184242 62.143524 44.829826 26.989489 17.587582 5.917496 1.718284 0.678947 0.155647 0.034307 0.000000 0.000000 0.000000 0.000000 0.000000
10.569838 12.731247 15.607655 19.107544 23.280199 28.320816 34.314369 41.321884 49.309277 58.081528 67.319893 76.478630 85.298264 93.340820 99.642746 102.580452 100.870071 97.039612 91.521370 86.670197 83.416626 81.181618 80.422562 81.179337 83.282143 86.277092 89.696388 93.454689 96.914032 99.611649 100.972023 100.630676 97.884331 92.782913 85.075668 75.200935 63.624504 46.467873 28.289728 18.558172 6.317139 1.825514 0.727975 0.168998 0.037843 0.000000 0.000000 0.000000 0.000000 0.000000
10.344581 12.435397 15.268970 18.684851 22.830593 27.831493 33.702446 40.630428 48.528572 57.325378 66.412277 75.345612 83.701820 91.237717 96.712776 98.667542 94.488556 88.333794 80.623535 74.258308 69.217407 66.268242 65.321770 66.084114 68.290718 71.606934 75.834137 80.726265 85.398819 89.581024 92.619453 93.948891 92.983620 89.405739 82.986908 74.280823 63.513775 46.908066 28.842953 19.065033 6.579968 1.899425 0.763351 0.179339 0.040753 0.000000 0.000000 0.000000 0.000000 0.000000
10.078969 12.113940 14.865230 18.166418 22.218502 27.067360 32.867058 39.666519 47.426739 56.021740 64.931038 73.702347 81.543892 88.439384 93.252571 94.159668 87.735764 78.700699 68.745544 60.621246 54.398163 51.138973 49.882793 50.481850 52.735867 56.319595 60.935661 66.373978 72.115891 77.645340 82.150970 85.101578 85.868431 84.064896 79.137596 71.693787 61.926758 46.324009 28.670218 19.061743 6.671071 1.934011 0.790129 0.187690 0.042802 0.000000 0.000000 0.000000 0.000000 0.000000
9.812976 11.780526 14.436126 17.698338 21.635609 26.341639 31.956137 38.580509 46.186787 54.619862 63.378613 71.772308 79.130821 85.400253 89.628532 89.629700 80.964691 69.074730 57.207020 46.752216 40.259975 36.705116 35.295666 35.740078 37.925518 41.539295 46.342300 52.162426 58.527721 64.816261 70.597351 74.942245 77.245308 77.173782 73.810562 67.747749 59.059776 44.737736 27.896324 18.590508 6.594007 1.925178 0.796668 0.191825 0.044278 0.000000 0.000000 0.000000 0.000000 0.000000
9.527060 11.424133 14.035416 17.179125 20.984056 25.572357 31.097395 37.543629 44.927132 53.134071 61.764954 69.906998 76.989998 82.590286 86.215614 85.748154 75.425545 60.578762 46.821705 34.283600 27.840876 24.703047 23.327454 23.636255 25.588436 28.978254 33.637108 39.384827 45.880390 52.744778 59.129135 64.486519 68.047455 69.342987 67.470184 62.778824 55.224247 42.372974 26.629124 17.715773 6.377710 1.871423 0.782687 0.191891 0.045042 0.000000 0.000000 0.000000 0.000000 0.000000
9.211326 11.055377 13.560281 16.629457 20.330528 24.826035 30.122719 36.372074 43.631081 51.687477 60.017536 68.027832 74.719444 80.024368 83.043503 82.343262 70.980980 53.627495 38.599258 24.139244 18.403748 15.659521 14.530835 14.888372 16.595907 19.556816 23.760916 29.130692 35.379269 42.102810 48.771893 54.612347 59.042114 61.330502 60.710369 57.204617 50.762249 39.385971 24.986122 16.630117 6.082553 1.788034 0.754220 0.187778 0.044935 0.000000 0.000000 0.000000 0.000000 0.000000
8.892119 10.664169 13.107026 16.052229 19.655779 24.008297 29.178621 35.338589 42.358227 50.138699 58.482559 66.248787 72.713104 77.594376 80.231506 79.234497 67.414246 47.944714 32.308620 16.796511 11.785650 9.441650 8.844149 9.357827 10.911851 13.493168 17.091257 21.750608 27.361147 33.606586 39.954735 45.881489 50.729092 53.664139 53.992699 51.456947 45.989117 36.051262 23.117365 15.386753 5.745810 1.687519 0.718415 0.180870 0.043945 0.000000 0.000000 0.000000 0.000000 0.000000
8.551211 10.272365 12.604749 15.466045 18.964546 23.145136 28.184006 34.114449 40.957764 48.723404 56.790543 64.415718 70.738014 75.341003 77.518784 76.632141 64.439049 44.165577 27.441595 11.961342 7.248788 5.530832 5.358420 6.046222 7.523038 9.794400 12.897866 16.904415 21.795830 27.339184 33.106930 38.650677 43.415184 46.633827 47.580616 45.769398 41.221306 32.604031 21.115276 14.079466 5.360448 1.574045 0.677214 0.172670 0.042535 0.000000 0.000000 0.000000 0.000000 0.000000
8.189033 9.841533 12.101166 14.879723 18.201097 22.269421 27.158283 32.891991 39.632725 47.122498 55.150883 62.887806 69.083694 73.433022 75.510071 74.606949 62.310982 41.289783 24.154467 8.807992 4.531857 3.257285 3.381147 4.184818 5.557515 7.536153 10.193628 13.613017 17.816719 22.659605 27.764139 32.771893 37.151558 40.425488 41.627029 40.366467 36.601379 29.123537 19.050257 12.729381 4.940236 1.452105 0.631157 0.163035 0.040762 0.000000 0.000000 0.000000 0.000000 0.000000
7.826263 9.403386 11.589062 14.210772 17.462143 21.400824 26.096701 31.709124 38.228302 45.632980 53.577003 61.313717 67.656677 72.179153 74.080803 73.229836 61.224960 39.087036 21.883463 6.779721 3.112727 2.112780 2.342982 3.128381 4.346068 6.043544 8.306937 11.224634 14.835938 19.038563 23.506016 27.946552 31.930941 35.031174 36.278221 35.377506 32.184460 25.714298 16.996193 11.352617 4.487651 1.324219 0.581690 0.152265 0.038616 0.000000 0.000000 0.000000 0.000000 0.000000
7.429228 8.958918 11.013314 13.569452 16.684599 20.443924 25.013203 30.444227 36.831886 44.074703 51.929039 59.841736 66.419830 71.156654 73.243988 72.952438 61.233070 38.089691 20.955170 5.360524 2.398340 1.511259 1.752304 2.448025 3.488629 4.924752 6.842480 9.328056 12.424780 16.057829 19.950504 23.852165 27.457254 30.268665 31.488001 30.784349 28.025900 22.426762 14.938929 9.981956 4.008505 1.191452 0.529082 0.140647 0.036166 0.000000 0.000000 0.000000 0.000000 0.000000
7.034053 8.462962 10.451012 12.889632 15.852240 19.502815 23.910803 29.217251 35.452488 42.629845 50.583282 58.612259 65.613503 70.655312 73.310509 73.585518 63.418751 38.521667 21.102701 4.735248 2.070843 1.164611 1.362895 1.945164 2.811147 4.011964 5.627695 7.735354 10.376056 13.491612 16.849596 20.244513 23.448967 25.943903 27.083857 26.508101 24.082531 19.252537 12.905991 8.635718 3.513739 1.056122 0.474784 0.128599 0.033453 0.000000 0.000000 0.000000 0.000000 0.000000
6.588405 7.946985 9.827859 12.117300 14.960177 18.444382 22.709452 27.861231 33.995026 41.206108 49.272873 57.748394 65.580864 71.054695 74.310776 74.899948 68.494743 41.085651 22.228502 4.683178 1.942951 0.950969 1.073010 1.545612 2.257581 3.253377 4.605709 6.382977 8.621215 11.271649 14.137272 17.057014 19.839756 22.027269 23.029806 22.523277 20.369175 16.202820 10.941852 7.333059 2.996090 0.921123 0.419678 0.115872 0.030525 0.000000 0.000000 0.000000 0.000000 0.000000
6.084816 7.357266 9.096673 11.261080 13.928155 17.223368 21.284996 26.221340 32.259239 39.434044 47.736267 56.812733 65.766975 72.671043 76.857529 77.574638 75.048134 48.498318 26.120352 4.965448 1.984439 0.806248 0.840640 1.214924 1.794357 2.612150 3.732459 5.216733 7.096774 9.329331 11.746034 14.227162 16.611025 18.470312 19.317471 18.845345 16.915310 13.366454 9.072770 6.089484 2.467011 0.788015 0.364436 0.102797 0.027441 0.000000 0.000000 0.000000 0.000000 0.000000
5.509203 6.663468 8.273373 10.259179 12.718392 15.776533 19.529257 24.209759 29.961697 36.975655 45.378983 55.098900 65.610413 75.232941 81.454788 83.812737 81.963318 64.048119 33.381691 6.995613 2.310450 0.730809 0.656102 0.942617 1.408572 2.072905 2.990004 4.214303 5.774227 7.630654 9.639111 11.720962 13.734774 15.270299 15.963203 15.508696 13.749742 10.779417 7.335331 4.922489 1.948040 0.659371 0.309876 0.089547 0.024342 0.000000 0.000000 0.000000 0.000000 0.000000
4.885328 5.928642 7.358271 9.130231 11.339980 14.072879 17.468431 21.687113 26.913248 33.424072 41.416466 51.128326 62.546314 74.961655 86.233490 92.906471 93.508110 88.221916 47.928032 17.353874 3.414058 0.870141 0.526948 0.721352 1.089813 1.623553 2.365490 3.362148 4.638787 6.160466 7.802669 9.527402 11.193115 12.450718 12.978798 12.512874 10.900992 8.452096 5.764657 3.841428 1.463566 0.537870 0.256790 0.076384 0.021150 0.000000 0.000000 0.000000 0.000000 0.000000
4.195577 5.125681 6.399700 7.981638 9.947432 12.372304 15.380441 19.106415 23.748816 29.475912 36.589310 45.381958 56.135059 69.212570 83.839134 97.752937 106.369102 106.832489 90.064613 42.958797 6.524032 2.153837 0.511526 0.548655 0.829520 1.252417 1.846262 2.647797 3.677266 4.904192 6.229457 7.636489 8.987411 9.996765 10.369240 9.856852 8.405192 6.424721 4.387696 2.886047 1.039971 0.426629 0.206988 0.063290 0.018029 0.000000 0.000000 0.000000 0.000000 0.000000
3.254844 4.076683 5.192626 6.583846 8.311451 10.460424 13.138729 16.462465 20.585945 25.706474 31.994431 39.780750 49.447769 61.269466 75.588470 92.286606 109.551620 121.553825 122.696648 93.737335 38.451794 5.417558 0.945217 0.440048 0.619801 0.945202 1.411778 2.047520 2.865426 3.836739 4.891430 6.018234 7.097590 7.875415 8.093249 7.561770 6.269416 4.711408 3.213060 2.059478 0.701250 0.326768 0.160691 0.050823 0.015007 0.000000 0.000000 0.000000 0.000000 0.000000
1.713512 2.299658 3.120737 4.200800 5.604859 7.380957 9.652205 12.553110 16.194441 20.779549 26.530260 33.623661 42.402061 53.217796 66.471420 82.700920 102.226730 123.846275 143.363144 151.414749 139.362228 58.104469 6.462247 0.958661 0.492571 0.699186 1.054650 1.546559 2.183642 2.937372 3.764671 4.647509 5.487933 6.057419 6.139960 5.584456 4.499038 3.308918 2.258056 1.368959 0.453594 0.241093 0.119601 0.039236 0.012174 0.000000 0.000000 0.000000 0.000000 0.000000
0.366707 0.539723 0.801704 1.190306 1.759535 2.596418 3.784271 5.431763 7.706458 10.828768 15.039160 20.709949 28.258474 37.979591 50.468899 66.080170 85.715378 110.330299 139.336136 171.695587 199.112289 208.398239 151.807632 54.153229 7.794173 1.552820 0.769944 1.140954 1.623703 2.193698 2.832841 3.510902 4.145555 4.524550 4.497578 3.943929 3.090484 2.224290 1.506820 0.817343 0.283846 0.171195 0.085460 0.028856 0.000000 0.000000 0.000000 0.000000 0.000000 0.000000
0.032209 0.049251 0.076172 0.117767 0.182372 0.282077 0.436084 0.674406 1.044322 1.614949 2.495202 3.858725 5.968367 9.208229 14.137468 21.554264 32.592300 48.135529 70.412949 102.205292 145.287735 199.216446 255.602509 303.411926 332.943054 52.463150 0.545606 0.820038 1.176814 1.595428 2.075582 2.586276 3.045753 3.274001 3.161135 2.672491 2.034706 1.434394 0.933429 0.429724 0.187932 0.114903 0.057386 0.020449 0.000000 0.000000 0.000000 0.000000 0.000000 0.000000
0.000000 0.000000 0.000000 0.000000 0.000000 0.000000 0.000000 0.000000 0.000000 0.000000 0.000000 0.000000 0.000000 0.000000 0.000000 0.000000 0.000000 0.000000 0.000000 0.000000 0.012375 0.024363 0.045495 0.081057 0.138917 0.230267 0.368588 0.565503 0.822877 1.122993 1.470940 1.843644 2.154169 2.273626 2.106438 1.708232 1.267317 0.881639 0.509452 0.202481 0.119633 0.072735 0.035908 0.013798 0.000000 0.000000 0.000000 0.000000 0.000000 0.000000
0.000000 0.000000 0.000000 0.000000 0.000000 0.000000 0.000000 0.000000 0.000000 0.000000 0.000000 0.000000 0.000000 0.000000 0.000000 0.000000 0.000000 0.000000 0.000000 0.000000 0.000000 0.012294 0.024454 0.046451 0.083817 0.143912 0.235923 0.368792 0.545121 0.756112 1.001706 1.265903 1.455718 1.489723 1.307088 1.015110 0.737942 0.486631 0.225235 0.107466 0.071516 0.042538 0.020691 0.000000 0.000000 0.000000 0.000000 0.000000 0.000000 0.000000
0.000000 0.000000 0.000000 0.000000 0.000000 0.000000 0.000000 0.000000 0.000000 0.000000 0.000000 0.000000 0.000000 0.000000 0.000000 0.000000 0.000000 0.000000 0.000000 0.000000 0.000000 0.000000 0.012433 0.024706 0.046585 0.083584 0.142272 0.228354 0.342527 0.483249 0.647960 0.826860 0.933230 0.905148 0.754100 0.562076 0.407380 0.218019 0.091134 0.061360 0.039898 0.023066 0.011346 0.000000 0.000000 0.000000 0.000000 0.000000 0.000000 0.000000
0.000000 0.000000 0.000000 0.000000 0.000000 0.000000 0.000000 0.000000 0.000000 0.000000 0.000000 0.000000 0.000000 0.000000 0.000000 0.000000 0.000000 0.000000 0.000000 0.000000 0.000000 0.000000 0.000000 0.012355 0.024524 0.045679 0.080436 0.133165 0.204210 0.294746 0.399666 0.504284 0.551062 0.500044 0.394163 0.292490 0.187998 0.077657 0.047310 0.032471 0.020256 0.011358 0.000000 0.000000 0.000000 0.000000 0.000000 0.000000 0.000000 0.000000
0.000000 0.000000 0.000000 0.000000 0.000000 0.000000 0.000000 0.000000 0.000000 0.000000 0.000000 0.000000 0.000000 0.000000 0.000000 0.000000 0.000000 0.000000 0.000000 0.000000 0.000000 0.000000 0.000000 0.000000 0.011446 0.022917 0.042566 0.072754 0.113906 0.168162 0.232616 0.285312 0.290613 0.245525 0.185393 0.130974 0.064754 0.033111 0.023833 0.015852 0.000000 0.000000 0.000000 0.000000 0.000000 0.000000 0.000000 0.000000 0.000000 0.000000
0.000000 0.000000 0.000000 0.000000 0.000000 0.000000 0.000000 0.000000 0.000000 0.000000 0.000000 0.000000 0.000000 0.000000 0.000000 0.000000 0.000000 0.000000 0.000000 0.000000 0.000000 0.000000 0.000000 0.000000 0.000000 0.010847 0.021221 0.037745 0.061218 0.091670 0.125361 0.143516 0.133127 0.107390 0.079936 0.046223 0.021071 0.015984 0.011261 0.000000 0.000000 0.000000 0.000000 0.000000 0.000000 0.000000 0.000000 0.000000 0.000000 0.000000
0.000000 0.000000 0.000000 0.000000 0.000000 0.000000 0.000000 0.000000 0.000000 0.000000 0.000000 0.000000 0.000000 0.000000 0.000000 0.000000 0.000000 0.000000 0.000000 0.000000 0.000000 0.000000 0.000000 0.000000 0.000000 0.000000 0.000000 0.017786 0.030296 0.046957 0.060683 0.062191 0.054553 0.042848 0.029649 0.015349 0.000000 0.000000 0.000000 0.000000 0.000000 0.000000 0.000000 0.000000 0.000000 0.000000 0.000000 0.000000 0.000000 0.000000
0.000000 0.000000 0.000000 0.000000 0.000000 0.000000 0.000000 0.000000 0.000000 0.000000 0.000000 0.000000 0.000000 0.000000 0.000000 0.000000 0.000000 0.000000 0.000000 0.000000 0.000000 0.000000 0.000000 0.000000 0.000000 0.000000 0.000000 0.000000 0.013145 0.020673 0.024386 0.023398 0.019366 0.014992 0.000000 0.000000 0.000000 0.000000 0.000000 0.000000 0.000000 0.000000 0.000000 0.000000 0.000000 0.000000 0.000000 0.000000 0.000000 0.000000
0.000000 0.000000 0.000000 0.000000 0.000000 0.000000 0.000000 0.000000 0.000000 0.000000 0.000000 0.000000 0.000000 0.000000 0.000000 0.000000 0.000000 0.000000 0.000000 0.000000 0.000000 0.000000 0.000000 0.000000 0.000000 0.000000 0.000000 0.000000 0.000000 0.000000 0.000000 0.000000 0.000000 0.000000 0.000000 0.000000 0.000000 0.000000 0.000000 0.000000 0.000000 0.000000 0.000000 0.000000 0.000000 0.000000 0.000000 0.000000 0.000000 0.000000
0.000000 0.000000 0.000000 0.000000 0.000000 0.000000 0.000000 0.000000 0.000000 0.000000 0.000000 0.000000 0.000000 0.000000 0.000000 0.000000 0.000000 0.000000 0.000000 0.000000 0.000000 0.000000 0.000000 0.000000 0.000000 0.000000 0.000000 0.000000 0.000000 0.000000 0.000000 0.000000 0.000000 0.000000 0.000000 0.000000 0.000000 0.000000 0.000000 0.000000 0.000000 0.000000 0.000000 0.000000 0.000000 0.000000 0.000000 0.000000 0.000000 0.000000
