tests/test_03/output0/DepositFile_010.00hrs.dat
NCOLS    50
NROWS    50
XLLCORNER    -2289770.000
YLLCORNER     2591270.000
CELLSIZE        2000.000       2000.000
NODATA_VALUE  0.000
[rows 0 to 49 of 50, columns 0 to 49 of 50]
10.787 13.045 15.962 19.473 23.708 28.737 34.668 41.527 49.287 57.812 66.896 76.294 85.661 94.392 101.950 107.849 111.627 113.706 114.797 115.031 114.970 114.899 115.009 115.162 115.203 115.244 114.729 113.579 111.659 108.434 104.043 98.280 91.006 82.472 72.632 61.749 50.068 35.140 20.738 13.324 4.096 1.269 0.486 0.108 0.023 0.004 0.001 0.000 0.000 0.000
10.320 12.458 15.238 18.619 22.673 27.516 33.260 39.908 47.445 55.709 64.540 73.661 82.775 91.346 98.611 103.843 106.757 108.005 108.026 107.399 106.878 106.729 107.064 107.834 108.836 109.917 110.829 111.183 110.891 109.387 106.498 102.087 95.484 87.576 77.782 66.512 54.375 38.369 22.725 14.668 4.663 1.404 0.541 0.122 0.027 0.005 0.001 0.000 0.000 0.000
10.702 12.912 15.806 19.295 23.494 28.544 34.510 41.435 49.322 57.953 67.139 76.490 85.783 94.548 101.870 106.671 108.465 108.368 107.050 105.161 103.794 103.123 103.145 103.888 105.197 106.795 108.535 109.903 110.561 110.186 108.412 104.955 99.497 92.077 82.587 71.388 59.072 42.070 25.155 16.350 5.410 1.580 0.616 0.140 0.031 0.005 0.001 0.000 0.000 0.000
10.667 12.867 15.742 19.236 23.467 28.522 34.508 41.509 49.486 58.225 67.456 76.805 85.945 94.406 101.273 105.250 105.492 103.889 100.402 97.305 94.922 93.466 93.102 93.892 95.680 98.108 100.783 103.352 105.498 106.573 106.351 104.253 100.021 93.608 84.878 74.184 62.144 44.830 26.990 17.588 5.918 1.718 0.679 0.156 0.034 0.006 0.001 0.000 0.000 0.000
10.570 12.731 15.608 19.108 23.280 28.321 34.314 41.322 49.309 58.082 67.320 76.479 85.298 93.341 99.643 102.580 100.870 97.040 91.521 86.670 83.417 81.182 80.423 81.179 83.282 86.277 89.696 93.455 96.914 99.612 100.972 100.631 97.884 92.783 85.076 75.201 63.625 46.468 28.290 18.558 6.317 1.826 0.728 0.169 0.038 0.007 0.001 0.000 0.000 0.000
10.345 12.435 15.269 18.685 22.831 27.831 33.702 40.630 48.529 57.325 66.412 75.346 83.702 91.238 96.713 98.668 94.489 88.334 80.624 74.258 69.217 66.268 65.322 66.084 68.291 71.607 75.834 80.726 85.399 89.581 92.620 93.949 92.984 89.406 82.987 74.281 63.514 46.908 28.843 19.065 6.580 1.899 0.763 0.179 0.041 0.007 0.001 0.000 0.000 0.000
10.079 12.114 14.865 18.166 22.218 27.067 32.867 39.667 47.427 56.022 64.931 73.702 81.544 88.439 93.253 94.160 87.736 78.701 68.746 60.621 54.398 51.139 49.883 50.482 52.736 56.320 60.936 66.374 72.116 77.645 82.151 85.102 85.868 84.065 79.138 71.694 61.927 46.324 28.670 19.062 6.671 1.934 0.790 0.188 0.043 0.008 0.001 0.000 0.000 0.000
9.813 11.781 14.436 17.698 21.636 26.342 31.956 38.581 46.187 54.620 63.379 71.772 79.131 85.400 89.629 89.630 80.965 69.075 57.207 46.752 40.260 36.705 35.296 35.740 37.926 41.539 46.342 52.162 58.528 64.816 70.597 74.942 77.245 77.174 73.811 67.748 59.060 44.738 27.896 18.591 6.594 1.925 0.797 0.192 0.044 0.008 0.001 0.000 0.000 0.000
9.527 11.424 14.035 17.179 20.984 25.572 31.097 37.544 44.927 53.134 61.765 69.907 76.990 82.590 86.216 85.748 75.426 60.579 46.822 34.284 27.841 24.703 23.327 23.636 25.588 28.978 33.637 39.385 45.880 52.745 59.129 64.487 68.048 69.343 67.470 62.779 55.224 42.373 26.629 17.716 6.378 1.871 0.783 0.192 0.045 0.008 0.001 0.000 0.000 0.000
9.211 11.055 13.560 16.629 20.331 24.826 30.123 36.372 43.631 51.687 60.018 68.028 74.719 80.024 83.044 82.343 70.981 53.628 38.599 24.139 18.404 15.660 14.531 14.888 16.596 19.557 23.761 29.131 35.379 42.103 48.772 54.612 59.042 61.331 60.710 57.205 50.762 39.386 24.986 16.630 6.083 1.788 0.754 0.188 0.045 0.009 0.001 0.000 0.000 0.000
8.892 10.664 13.107 16.052 19.656 24.008 29.179 35.339 42.358 50.139 58.483 66.249 72.713 77.594 80.232 79.235 67.414 47.945 32.309 16.797 11.786 9.442 8.844 9.358 10.912 13.493 17.091 21.751 27.361 33.607 39.955 45.882 50.729 53.664 53.993 51.457 45.989 36.051 23.117 15.387 5.746 1.688 0.718 0.181 0.044 0.008 0.001 0.000 0.000 0.000
8.551 10.272 12.605 15.466 18.965 23.145 28.184 34.114 40.958 48.723 56.791 64.416 70.738 75.341 77.519 76.632 64.439 44.166 27.442 11.961 7.249 5.531 5.358 6.046 7.523 9.794 12.898 16.904 21.796 27.339 33.107 38.651 43.415 46.634 47.581 45.769 41.221 32.604 21.115 14.079 5.360 1.574 0.677 0.173 0.043 0.008 0.001 0.000 0.000 0.000
8.189 9.842 12.101 14.880 18.201 22.269 27.158 32.892 39.633 47.122 55.151 62.888 69.084 73.433 75.510 74.607 62.311 41.290 24.154 8.808 4.532 3.257 3.381 4.185 5.558 7.536 10.194 13.613 17.817 22.660 27.764 32.772 37.152 40.426 41.627 40.367 36.601 29.124 19.050 12.729 4.940 1.452 0.631 0.163 0.041 0.008 0.001 0.000 0.000 0.000
7.826 9.403 11.589 14.211 17.462 21.401 26.097 31.709 38.228 45.633 53.577 61.314 67.657 72.179 74.081 73.230 61.225 39.087 21.883 6.780 3.113 2.113 2.343 3.128 4.346 6.044 8.307 11.225 14.836 19.039 23.506 27.947 31.931 35.031 36.278 35.378 32.184 25.714 16.996 11.353 4.488 1.324 0.582 0.152 0.039 0.008 0.001 0.000 0.000 0.000
7.429 8.959 11.013 13.569 16.685 20.444 25.013 30.444 36.832 44.075 51.929 59.842 66.420 71.157 73.244 72.952 61.233 38.090 20.955 5.361 2.398 1.511 1.752 2.448 3.489 4.925 6.842 9.328 12.425 16.058 19.951 23.852 27.457 30.269 31.488 30.784 28.026 22.427 14.939 9.982 4.009 1.191 0.529 0.141 0.036 0.007 0.001 0.000 0.000 0.000
7.034 8.463 10.451 12.890 15.852 19.503 23.911 29.217 35.452 42.630 50.583 58.612 65.614 70.655 73.311 73.586 63.419 38.522 21.103 4.735 2.071 1.165 1.363 1.945 2.811 4.012 5.628 7.735 10.376 13.492 16.850 20.245 23.449 25.944 27.084 26.508 24.083 19.253 12.906 8.636 3.514 1.056 0.475 0.129 0.033 0.007 0.001 0.000 0.000 0.000
6.588 7.947 9.828 12.117 14.960 18.444 22.709 27.861 33.995 41.206 49.273 57.748 65.581 71.055 74.311 74.900 68.495 41.086 22.229 4.683 1.943 0.951 1.073 1.546 2.258 3.253 4.606 6.383 8.621 11.272 14.137 17.057 19.840 22.027 23.030 22.523 20.369 16.203 10.942 7.333 2.996 0.921 0.420 0.116 0.031 0.006 0.001 0.000 0.000 0.000
6.085 7.357 9.097 11.261 13.928 17.223 21.285 26.221 32.259 39.434 47.736 56.813 65.767 72.671 76.858 77.575 75.048 48.498 26.120 4.965 1.984 0.806 0.841 1.215 1.794 2.612 3.732 5.217 7.097 9.329 11.746 14.227 16.611 18.470 19.317 18.845 16.915 13.366 9.073 6.089 2.467 0.788 0.364 0.103 0.027 0.006 0.001 0.000 0.000 0.000
5.509 6.663 8.273 10.259 12.718 15.777 19.529 24.210 29.962 36.976 45.379 55.099 65.610 75.233 81.455 83.813 81.963 64.048 33.382 6.996 2.310 0.731 0.656 0.943 1.409 2.073 2.990 4.214 5.774 7.631 9.639 11.721 13.735 15.270 15.963 15.509 13.750 10.779 7.335 4.922 1.948 0.659 0.310 0.090 0.024 0.005 0.001 0.000 0.000 0.000
4.885 5.929 7.358 9.130 11.340 14.073 17.468 21.687 26.913 33.424 41.416 51.128 62.546 74.962 86.233 92.906 93.508 88.222 47.928 17.354 3.414 0.870 0.527 0.721 1.090 1.624 2.365 3.362 4.639 6.160 7.803 9.527 11.193 12.451 12.979 12.513 10.901 8.452 5.765 3.841 1.464 0.538 0.257 0.076 0.021 0.004 0.001 0.000 0.000 0.000
4.196 5.126 6.400 7.982 9.947 12.372 15.380 19.106 23.749 29.476 36.589 45.382 56.135 69.213 83.839 97.753 106.369 106.833 90.065 42.959 6.524 2.154 0.512 0.549 0.830 1.252 1.846 2.648 3.677 4.904 6.229 7.636 8.987 9.997 10.369 9.857 8.405 6.425 4.388 2.886 1.040 0.427 0.207 0.063 0.018 0.004 0.001 0.000 0.000 0.000
3.255 4.077 5.193 6.584 8.311 10.460 13.139 16.462 20.586 25.706 31.994 39.781 49.448 61.269 75.588 92.287 109.552 121.554 122.697 93.737 38.452 5.418 0.945 0.440 0.620 0.945 1.412 2.048 2.865 3.837 4.891 6.018 7.098 7.875 8.093 7.562 6.269 4.711 3.213 2.059 0.701 0.327 0.161 0.051 0.015 0.003 0.001 0.000 0.000 0.000
1.714 2.300 3.121 4.201 5.605 7.381 9.652 12.553 16.194 20.780 26.530 33.624 42.402 53.218 66.471 82.701 102.227 123.846 143.363 151.415 139.362 58.104 6.462 0.959 0.493 0.699 1.055 1.547 2.184 2.937 3.765 4.648 5.488 6.057 6.140 5.584 4.499 3.309 2.258 1.369 0.454 0.241 0.120 0.039 0.012 0.003 0.000 0.000 0.000 0.000
0.367 0.540 0.802 1.190 1.760 2.596 3.784 5.432 7.706 10.829 15.039 20.710 28.258 37.980 50.469 66.080 85.715 110.330 139.336 171.696 199.112 208.398 151.808 54.153 7.794 1.553 0.770 1.141 1.624 2.194 2.833 3.511 4.146 4.525 4.498 3.944 3.090 2.224 1.507 0.817 0.284 0.171 0.085 0.029 0.010 0.002 0.000 0.000 0.000 0.000
0.032 0.049 0.076 0.118 0.182 0.282 0.436 0.674 1.044 1.615 2.495 3.859 5.968 9.208 14.137 21.554 32.592 48.136 70.413 102.205 145.288 199.216 255.603 303.412 332.943 52.463 0.546 0.820 1.177 1.595 2.076 2.586 3.046 3.274 3.161 2.672 2.035 1.434 0.933 0.430 0.188 0.115 0.057 0.020 0.007 0.002 0.000 0.000 0.000 0.000
0.000 0.000 0.000 0.000 0.000 0.000 0.000 0.000 0.000 0.000 0.000 0.000 0.000 0.000 0.000 0.000 0.000 0.001 0.003 0.006 0.012 0.024 0.045 0.081 0.139 0.230 0.369 0.566 0.823 1.123 1.471 1.844 2.154 2.274 2.106 1.708 1.267 0.882 0.509 0.202 0.120 0.073 0.036 0.014 0.005 0.001 0.000 0.000 0.000 0.000
0.000 0.000 0.000 0.000 0.000 0.000 0.000 0.000 0.000 0.000 0.000 0.000 0.000 0.000 0.000 0.000 0.000 0.000 0.001 0.003 0.006 0.012 0.024 0.046 0.084 0.144 0.236 0.369 0.545 0.756 1.002 1.266 1.456 1.490 1.307 1.015 0.738 0.487 0.225 0.107 0.072 0.043 0.021 0.009 0.004 0.001 0.000 0.000 0.000 0.000
0.000 0.000 0.000 0.000 0.000 0.000 0.000 0.000 0.000 0.000 0.000 0.000 0.000 0.000 0.000 0.000 0.000 0.000 0.000 0.001 0.003 0.006 0.012 0.025 0.047 0.084 0.142 0.228 0.343 0.483 0.648 0.827 0.933 0.905 0.754 0.562 0.407 0.218 0.091 0.061 0.040 0.023 0.011 0.006 0.002 0.001 0.000 0.000 0.000 0.000
0.000 0.000 0.000 0.000 0.000 0.000 0.000 0.000 0.000 0.000 0.000 0.000 0.000 0.000 0.000 0.000 0.000 0.000 0.000 0.000 0.001 0.002 0.006 0.012 0.025 0.046 0.080 0.133 0.204 0.295 0.400 0.504 0.551 0.500 0.394 0.292 0.188 0.078 0.047 0.032 0.020 0.011 0.006 0.003 0.002 0.000 0.000 0.000 0.000 0.000
0.000 0.000 0.000 0.000 0.000 0.000 0.000 0.000 0.000 0.000 0.000 0.000 0.000 0.000 0.000 0.000 0.000 0.000 0.000 0.000 0.000 0.001 0.002 0.005 0.011 0.023 0.043 0.073 0.114 0.168 0.233 0.285 0.291 0.246 0.185 0.131 0.065 0.033 0.024 0.016 0.010 0.006 0.003 0.002 0.001 0.000 0.000 0.000 0.000 0.000
0.000 0.000 0.000 0.000 0.000 0.000 0.000 0.000 0.000 0.000 0.000 0.000 0.000 0.000 0.000 0.000 0.000 0.000 0.000 0.000 0.000 0.000 0.001 0.002 0.005 0.011 0.021 0.038 0.061 0.092 0.125 0.144 0.133 0.107 0.080 0.046 0.021 0.016 0.011 0.007 0.004 0.003 0.002 0.001 0.001 0.000 0.000 0.000 0.000 0.000
0.000 0.000 0.000 0.000 0.000 0.000 0.000 0.000 0.000 0.000 0.000 0.000 0.000 0.000 0.000 0.000 0.000 0.000 0.000 0.000 0.000 0.000 0.000 0.001 0.002 0.004 0.009 0.018 0.030 0.047 0.061 0.062 0.055 0.043 0.030 0.015 0.010 0.007 0.005 0.003 0.002 0.001 0.001 0.001 0.000 0.000 0.000 0.000 0.000 0.000
0.000 0.000 0.000 0.000 0.000 0.000 0.000 0.000 0.000 0.000 0.000 0.000 0.000 0.000 0.000 0.000 0.000 0.000 0.000 0.000 0.000 0.000 0.000 0.000 0.001 0.002 0.004 0.007 0.013 0.021 0.024 0.023 0.019 0.015 0.008 0.005 0.004 0.003 0.002 0.001 0.001 0.001 0.000 0.000 0.000 0.000 0.000 0.000 0.000 0.000
0.000 0.000 0.000 0.000 0.000 0.000 0.000 0.000 0.000 0.000 0.000 0.000 0.000 0.000 0.000 0.000 0.000 0.000 0.000 0.000 0.000 0.000 0.000 0.000 0.000 0.000 0.001 0.002 0.004 0.006 0.006 0.006 0.004 0.003 0.002 0.001 0.001 0.001 0.001 0.001 0.000 0.000 0.000 0.000 0.000 0.000 0.000 0.000 0.000 0.000
0.000 0.000 0.000 0.000 0.000 0.000 0.000 0.000 0.000 0.000 0.000 0.000 0.000 0.000 0.000 0.000 0.000 0.000 0.000 0.000 0.000 0.000 0.000 0.000 0.000 0.000 0.000 0.001 0.001 0.001 0.001 0.001 0.000 0.000 0.000 0.000 0.000 0.000 0.000 0.000 0.000 0.000 0.000 0.000 0.000 0.000 0.000 0.000 0.000 0.000
0.000 0.000 0.000 0.000 0.000 0.000 0.000 0.000 0.000 0.000 0.000 0.000 0.000 0.000 0.000 0.000 0.000 0.000 0.000 0.000 0.000 0.000 0.000 0.000 0.000 0.000 0.000 0.000 0.000 0.000 0.000 0.000 0.000 0.000 0.000 0.000 0.000 0.000 0.000 0.000 0.000 0.000 0.000 0.000 0.000 0.000 0.000 0.000 0.000 0.000
0.000 0.000 0.000 0.000 0.000 0.000 0.000 0.000 0.000 0.000 0.000 0.000 0.000 0.000 0.000 0.000 0.000 0.000 0.000 0.000 0.000 0.000 0.000 0.000 0.000 0.000 0.000 0.000 0.000 0.000 0.000 0.000 0.000 0.000 0.000 0.000 0.000 0.000 0.000 0.000 0.000 0.000 0.000 0.000 0.000 0.000 0.000 0.000 0.000 0.000
0.000 0.000 0.000 0.000 0.000 0.000 0.000 0.000 0.000 0.000 0.000 0.000 0.000 0.000 0.000 0.000 0.000 0.000 0.000 0.000 0.000 0.000 0.000 0.000 0.000 0.000 0.000 0.000 0.000 0.000 0.000 0.000 0.000 0.000 0.000 0.000 0.000 0.000 0.000 0.000 0.000 0.000 0.000 0.000 0.000 0.000 0.000 0.000 0.000 0.000
0.000 0.000 0.000 0.000 0.000 0.000 0.000 0.000 0.000 0.000 0.000 0.000 0.000 0.000 0.000 0.000 0.000 0.000 0.000 0.000 0.000 0.000 0.000 0.000 0.000 0.000 0.000 0.000 0.000 0.000 0.000 0.000 0.000 0.000 0.000 0.000 0.000 0.000 0.000 0.000 0.000 0.000 0.000 0.000 0.000 0.000 0.000 0.000 0.000 0.000
0.000 0.000 0.000 0.000 0.000 0.000 0.000 0.000 0.000 0.000 0.000 0.000 0.000 0.000 0.000 0.000 0.000 0.000 0.000 0.000 0.000 0.000 0.000 0.000 0.000 0.000 0.000 0.000 0.000 0.000 0.000 0.000 0.000 0.000 0.000 0.000 0.000 0.000 0.000 0.000 0.000 0.000 0.000 0.000 0.000 0.000 0.000 0.000 0.000 0.000
0.000 0.000 0.000 0.000 0.000 0.000 0.000 0.000 0.000 0.000 0.000 0.000 0.000 0.000 0.000 0.000 0.000 0.000 0.000 0.000 0.000 0.000 0.000 0.000 0.000 0.000 0.000 0.000 0.000 0.000 0.000 0.000 0.000 0.000 0.000 0.000 0.000 0.000 0.000 0.000 0.000 0.000 0.000 0.000 0.000 0.000 0.000 0.000 0.000 0.000
0.000 0.000 0.000 0.000 0.000 0.000 0.000 0.000 0.000 0.000 0.000 0.000 0.000 0.000 0.000 0.000 0.000 0.000 0.000 0.000 0.000 0.000 0.000 0.000 0.000 0.000 0.000 0.000 0.000 0.000 0.000 0.000 0.000 0.000 0.000 0.000 0.000 0.000 0.000 0.000 0.000 0.000 0.000 0.000 0.000 0.000 0.000 0.000 0.000 0.000
0.000 0.000 0.000 0.000 0.000 0.000 0.000 0.000 0.000 0.000 0.000 0.000 0.000 0.000 0.000 0.000 0.000 0.000 0.000 0.000 0.000 0.000 0.000 0.000 0.000 0.000 0.000 0.000 0.000 0.000 0.000 0.000 0.000 0.000 0.000 0.000 0.000 0.000 0.000 0.000 0.000 0.000 0.000 0.000 0.000 0.000 0.000 0.000 0.000 0.000
0.000 0.000 0.000 0.000 0.000 0.000 0.000 0.000 0.000 0.000 0.000 0.000 0.000 0.000 0.000 0.000 0.000 0.000 0.000 0.000 0.000 0.000 0.000 0.000 0.000 0.000 0.000 0.000 0.000 0.000 0.000 0.000 0.000 0.000 0.000 0.000 0.000 0.000 0.000 0.000 0.000 0.000 0.000 0.000 0.000 0.000 0.000 0.000 0.000 0.000
0.000 0.000 0.000 0.000 0.000 0.000 0.000 0.000 0.000 0.000 0.000 0.000 0.000 0.000 0.000 0.000 0.000 0.000 0.000 0.000 0.000 0.000 0.000 0.000 0.000 0.000 0.000 0.000 0.000 0.000 0.000 0.000 0.000 0.000 0.000 0.000 0.000 0.000 0.000 0.000 0.000 0.000 0.000 0.000 0.000 0.000 0.000 0.000 0.000 0.000
0.000 0.000 0.000 0.000 0.000 0.000 0.000 0.000 0.000 0.000 0.000 0.000 0.000 0.000 0.000 0.000 0.000 0.000 0.000 0.000 0.000 0.000 0.000 0.000 0.000 0.000 0.000 0.000 0.000 0.000 0.000 0.000 0.000 0.000 0.000 0.000 0.000 0.000 0.000 0.000 0.000 0.000 0.000 0.000 0.000 0.000 0.000 0.000 0.000 0.000
0.000 0.000 0.000 0.000 0.000 0.000 0.000 0.000 0.000 0.000 0.000 0.000 0.000 0.000 0.000 0.000 0.000 0.000 0.000 0.000 0.000 0.000 0.000 0.000 0.000 0.000 0.000 0.000 0.000 0.000 0.000 0.000 0.000 0.000 0.000 0.000 0.000 0.000 0.000 0.000 0.000 0.000 0.000 0.000 0.000 0.000 0.000 0.000 0.000 0.000
0.000 0.000 0.000 0.000 0.000 0.000 0.000 0.000 0.000 0.000 0.000 0.000 0.000 0.000 0.000 0.000 0.000 0.000 0.000 0.000 0.000 0.000 0.000 0.000 0.000 0.000 0.000 0.000 0.000 0.000 0.000 0.000 0.000 0.000 0.000 0.000 0.000 0.000 0.000 0.000 0.000 0.000 0.000 0.000 0.000 0.000 0.000 0.000 0.000 0.000
0.000 0.000 0.000 0.000 0.000 0.000 0.000 0.000 0.000 0.000 0.000 0.000 0.000 0.000 0.000 0.000 0.000 0.000 0.000 0.000 0.000 0.000 0.000 0.000 0.000 0.000 0.000 0.000 0.000 0.000 0.000 0.000 0.000 0.000 0.000 0.000 0.000 0.000 0.000 0.000 0.000 0.000 0.000 0.000 0.000 0.000 0.000 0.000 0.000 0.000
0.000 0.000 0.000 0.000 0.000 0.000 0.000 0.000 0.000 0.000 0.000 0.000 0.000 0.000 0.000 0.000 0.000 0.000 0.000 0.000 0.000 0.000 0.000 0.000 0.000 0.000 0.000 0.000 0.000 0.000 0.000 0.000 0.000 0.000 0.000 0.000 0.000 0.000 0.000 0.000 0.000 0.000 0.000 0.000 0.000 0.000 0.000 0.000 0.000 0.000
