tests/test_03/output1/CloudConcentration_005.00hrs.dat
NCOLS    50
NROWS    50
XLLCORNER    -2289770.000
YLLCORNER     2591270.000
CELLSIZE        2000.000       2000.000
NODATA_VALUE  0.000
[rows 0 to 49 of 50, columns 0 to 49 of 50]
0.000 0.000 0.000 0.000 0.000 0.000 0.000 0.000 0.000 0.000 0.000 0.000 0.279 0.402 0.555 0.752 1.007 1.350 1.794 2.331 2.976 3.725 4.590 5.646 6.870 7.969 8.485 8.577 8.068 7.494 6.556 5.466 4.139 2.874 1.721 0.996 0.497 0.264 0.110 0.000 0.000 0.000 0.000 0.000 0.000 0.000 0.000 0.000 0.000 0.000
0.000 0.000 0.000 0.000 0.000 0.000 0.000 0.000 0.000 0.000 0.243 0.404 0.611 0.855 1.175 1.582 2.102 2.745 3.519 4.545 5.849 7.340 9.383 12.359 15.774 18.362 19.387 19.723 19.012 17.530 13.905 11.246 8.639 5.625 3.331 2.081 1.122 0.551 0.263 0.115 0.000 0.000 0.000 0.000 0.000 0.000 0.000 0.000 0.000 0.000
0.000 0.000 0.000 0.000 0.000 0.000 0.000 0.000 0.225 0.417 0.699 1.070 1.530 2.143 2.984 4.038 5.262 6.709 8.945 12.214 16.096 21.237 28.473 36.983 44.356 48.217 50.317 50.730 44.720 36.951 29.031 21.356 16.408 10.671 6.602 4.139 2.216 1.078 0.561 0.240 0.000 0.000 0.000 0.000 0.000 0.000 0.000 0.000 0.000 0.000
0.000 0.000 0.000 0.000 0.000 0.000 0.000 0.326 0.630 1.217 2.026 3.024 4.349 6.030 8.224 10.823 13.919 18.162 24.051 31.966 41.963 54.345 68.495 82.124 93.215 102.150 106.974 101.238 87.942 71.606 56.254 39.769 30.204 21.251 13.701 7.580 4.309 2.080 0.993 0.436 0.163 0.000 0.000 0.000 0.000 0.000 0.000 0.000 0.000 0.000
0.000 0.000 0.000 0.000 0.000 0.256 0.500 1.248 2.612 4.145 5.865 7.849 10.448 13.853 17.957 23.062 29.711 39.033 51.158 66.447 85.912 107.595 129.688 149.863 168.495 184.405 189.608 179.441 158.655 133.196 102.717 75.217 54.927 41.778 26.730 14.331 8.123 4.034 1.807 0.814 0.296 0.000 0.000 0.000 0.000 0.000 0.000 0.000 0.000 0.000
0.000 0.000 0.000 0.000 0.399 1.082 2.683 4.696 6.968 9.484 12.507 16.299 21.162 27.435 34.965 44.712 57.816 74.939 97.029 124.050 155.337 187.935 219.463 249.517 280.016 299.761 305.233 297.675 274.908 233.677 182.862 137.045 97.816 71.631 47.424 26.298 14.486 8.119 3.641 1.480 0.532 0.145 0.000 0.000 0.000 0.000 0.000 0.000 0.000 0.000
0.000 0.000 0.287 0.831 2.291 4.364 6.919 9.931 13.455 17.608 22.718 29.485 38.117 48.936 62.663 80.609 104.063 132.914 168.442 210.026 254.151 298.532 343.525 389.985 431.545 453.285 465.858 472.689 444.279 383.293 311.749 235.506 169.952 110.025 77.201 47.977 27.697 14.094 7.005 3.008 1.087 0.275 0.000 0.000 0.000 0.000 0.000 0.000 0.000 0.000
0.000 0.523 1.604 3.422 5.832 8.815 12.409 16.661 21.785 28.118 36.090 46.799 60.703 78.138 101.012 130.566 167.309 211.341 262.812 319.266 377.536 438.907 504.424 570.651 621.436 652.152 686.385 705.393 679.767 603.206 497.299 382.413 271.713 180.230 126.114 82.768 45.652 23.285 11.873 5.011 1.745 0.514 0.121 0.000 0.000 0.000 0.000 0.000 0.000 0.000
0.986 2.274 4.194 6.743 9.996 13.962 18.594 24.181 31.181 39.930 51.251 66.578 86.668 112.380 145.956 188.160 239.215 299.590 367.938 441.342 520.499 607.756 698.280 781.574 845.570 916.901 992.619 1016.695 992.379 906.733 772.546 606.769 431.161 292.915 203.928 136.298 73.052 39.349 18.036 7.550 2.619 0.792 0.214 0.000 0.000 0.000 0.000 0.000 0.000 0.000
2.651 4.479 7.094 10.306 13.975 18.265 23.456 30.091 38.694 49.942 65.318 86.225 113.333 148.324 193.611 248.088 311.853 387.421 472.528 568.585 679.082 796.564 911.797 1013.502 1133.114 1294.365 1420.410 1447.095 1435.476 1362.138 1211.342 964.715 684.707 469.219 324.076 216.474 116.487 61.431 28.093 11.975 4.270 1.245 0.348 0.112 0.000 0.000 0.000 0.000 0.000 0.000
4.633 6.567 9.038 11.953 15.359 19.447 24.679 31.544 40.483 52.733 70.097 93.529 124.885 167.707 224.468 292.686 369.664 459.102 567.073 695.371 841.277 994.818 1147.471 1318.709 1547.754 1821.618 2048.615 2133.996 2167.275 2092.384 1884.377 1525.645 1089.152 738.872 504.886 334.208 182.345 93.481 45.437 19.298 7.279 2.164 0.589 0.193 0.000 0.000 0.000 0.000 0.000 0.000
5.660 7.285 9.472 12.226 15.457 19.299 24.315 30.904 39.792 52.618 70.560 94.250 126.432 171.314 229.990 302.276 392.774 508.531 651.909 817.166 1004.590 1218.928 1468.785 1770.947 2140.008 2563.387 2993.866 3262.385 3356.395 3263.641 2870.881 2346.306 1701.558 1136.924 769.232 503.191 281.875 147.390 72.158 30.840 11.957 3.783 1.024 0.325 0.123 0.000 0.000 0.000 0.000 0.000
5.874 7.366 8.972 10.359 12.032 14.555 18.231 23.108 30.683 42.861 59.019 81.360 116.255 164.361 221.201 292.618 396.446 543.798 731.013 948.375 1204.289 1522.522 1920.043 2404.736 2980.166 3634.068 4330.499 4908.231 5105.524 4991.896 4253.765 3452.090 2531.424 1684.398 1135.268 735.777 423.328 222.569 113.916 49.198 19.404 6.318 1.748 0.541 0.203 0.000 0.000 0.000 0.000 0.000
4.926 5.326 5.607 5.961 6.865 8.544 10.987 14.450 20.339 29.407 41.288 60.017 90.716 132.543 185.705 262.367 382.610 561.396 803.069 1106.870 1475.958 1936.879 2524.829 3253.955 4114.973 5075.564 6086.009 7011.684 7352.779 7233.032 6053.787 4851.229 3563.074 2378.713 1600.485 1035.039 607.036 321.908 171.581 75.935 31.357 10.955 3.054 0.874 0.322 0.126 0.000 0.000 0.000 0.000
2.626 2.306 2.175 2.174 2.315 2.962 4.048 6.111 10.123 15.922 24.431 39.418 64.404 100.299 152.087 233.898 365.096 569.247 870.704 1283.582 1809.206 2462.246 3283.689 4300.443 5499.555 6822.512 8180.613 9420.632 9935.516 9812.609 8186.463 6510.873 4757.169 3187.609 2144.707 1390.840 824.848 440.778 244.616 111.883 48.331 17.748 5.598 1.364 0.480 0.187 0.000 0.000 0.000 0.000
0.810 0.569 0.551 0.554 0.584 0.705 0.997 1.585 2.809 5.006 9.321 18.700 37.002 69.920 125.720 215.782 358.373 584.249 936.285 1458.227 2171.540 3065.947 4150.369 5463.981 7021.079 8740.977 10481.502 11972.356 12640.392 12555.132 10500.375 8333.439 6046.679 4063.571 2731.910 1781.460 1064.667 571.998 326.989 156.139 69.073 26.842 9.445 2.468 0.690 0.263 0.100 0.000 0.000 0.000
0.000 0.000 0.000 0.000 0.000 0.000 0.214 0.366 0.701 1.461 3.256 7.575 17.998 44.232 103.663 203.833 360.726 605.790 993.286 1611.968 2521.903 3690.689 5055.950 6662.732 8583.489 10722.955 12866.929 14550.714 15353.604 15328.005 12875.753 10218.598 7370.199 4970.713 3333.222 2188.715 1311.748 708.049 411.713 203.304 92.642 38.007 14.627 4.245 1.086 0.365 0.136 0.000 0.000 0.000
0.000 0.000 0.000 0.000 0.000 0.000 0.000 0.000 0.000 0.507 1.427 4.040 11.146 29.731 80.071 187.933 359.098 621.267 1028.088 1671.314 2654.988 3998.298 5613.415 7458.187 9609.379 12048.443 14519.362 16323.496 17159.213 17169.145 14548.722 11525.296 8238.346 5649.595 3817.483 2544.420 1534.033 842.341 495.472 249.979 117.723 49.547 20.568 6.695 1.840 0.546 0.198 0.000 0.000 0.000
0.000 0.000 0.000 0.000 0.000 0.000 0.000 0.000 0.000 0.236 0.800 2.599 7.969 22.627 59.432 154.400 336.106 617.499 1034.668 1680.035 2671.251 4047.254 5725.191 7636.084 9839.646 12349.079 14901.470 16761.986 17564.622 17583.192 14956.433 11843.616 8457.807 5827.639 3954.336 2649.517 1618.324 902.917 545.092 287.341 140.581 61.181 26.584 9.479 2.835 0.777 0.273 0.098 0.000 0.000
0.000 0.000 0.000 0.000 0.000 0.000 0.000 0.000 0.000 0.000 0.524 1.844 5.875 16.957 44.666 109.942 258.625 528.466 953.681 1573.356 2492.255 3806.533 5486.547 7429.002 9613.345 12055.869 14585.979 16371.002 17082.643 17143.225 14727.821 11698.625 8368.679 5786.203 3940.761 2647.475 1624.243 910.940 555.011 295.971 148.344 69.961 31.833 12.157 3.957 1.049 0.344 0.125 0.000 0.000
0.000 0.000 0.000 0.000 0.000 0.000 0.000 0.000 0.000 0.000 0.328 1.166 3.755 11.023 29.868 76.081 185.951 392.196 730.379 1240.530 1987.540 3051.677 4461.280 6140.829 8013.215 10058.902 12211.550 13874.953 14444.508 14456.463 12466.620 9961.625 7180.939 5006.086 3493.240 2354.563 1492.457 874.356 538.020 295.127 148.610 72.065 34.141 14.251 4.917 1.362 0.405 0.148 0.000 0.000
0.000 0.000 0.000 0.000 0.000 0.000 0.000 0.000 0.000 0.000 0.000 0.475 1.653 5.297 15.633 43.046 113.174 256.030 502.722 889.994 1462.220 2279.234 3373.447 4703.754 6199.335 7816.543 9512.954 10929.824 11423.141 11412.859 9813.859 7842.856 5645.717 3913.986 2805.644 1882.369 1201.197 727.011 452.922 259.412 138.195 71.753 34.466 15.004 5.490 1.751 0.466 0.162 0.000 0.000
0.000 0.000 0.000 0.000 0.000 0.000 0.000 0.000 0.000 0.000 0.000 0.000 0.523 1.784 5.678 16.836 46.887 127.984 284.425 538.363 926.995 1495.884 2267.266 3225.354 4320.206 5499.923 6714.704 7836.581 8280.163 8283.769 7097.090 5666.412 4087.696 2831.473 2094.065 1406.379 908.657 577.223 358.457 208.941 112.799 63.032 32.260 14.863 5.789 2.181 0.582 0.168 0.000 0.000
0.000 0.000 0.000 0.000 0.000 0.000 0.000 0.000 0.000 0.000 0.000 0.000 0.000 0.553 1.837 5.662 16.128 43.189 110.160 238.301 456.560 791.661 1261.672 1867.090 2581.778 3359.147 4150.134 4887.221 5258.588 5298.016 4517.444 3593.725 2595.539 1824.481 1388.422 949.239 625.504 421.749 267.780 159.912 91.581 51.696 26.843 12.968 5.874 2.319 0.736 0.197 0.000 0.000
0.000 0.000 0.000 0.000 0.000 0.000 0.000 0.000 0.000 0.000 0.000 0.000 0.000 0.000 0.532 1.731 5.191 14.301 37.445 90.407 181.074 323.234 540.212 857.057 1265.436 1721.216 2188.980 2635.321 2856.791 2895.370 2484.567 1988.344 1446.612 1082.460 819.030 580.087 409.763 284.790 185.232 112.573 70.191 39.802 21.129 10.208 5.233 2.297 0.816 0.231 0.000 0.000
0.000 0.000 0.000 0.000 0.000 0.000 0.000 0.000 0.000 0.000 0.000 0.000 0.000 0.000 0.000 0.472 1.503 4.393 11.794 30.267 66.793 127.736 220.126 352.382 535.939 765.717 1012.419 1238.275 1352.369 1365.683 1190.043 958.684 718.901 592.965 448.128 328.758 252.477 179.011 119.022 79.431 50.390 29.159 15.278 8.373 4.167 1.941 0.789 0.249 0.000 0.000
0.000 0.000 0.000 0.000 0.000 0.000 0.000 0.000 0.000 0.000 0.000 0.000 0.000 0.000 0.000 0.000 0.380 1.184 3.388 9.093 21.676 44.613 82.786 139.789 217.617 318.240 435.556 546.524 592.656 589.027 521.673 422.843 355.300 298.564 233.170 188.079 145.235 105.409 73.859 51.376 33.077 19.664 11.594 6.249 3.125 1.465 0.626 0.253 0.000 0.000
0.000 0.000 0.000 0.000 0.000 0.000 0.000 0.000 0.000 0.000 0.000 0.000 0.000 0.000 0.000 0.000 0.000 0.276 0.844 2.377 6.351 14.282 27.702 49.873 82.678 123.940 170.224 216.033 234.255 231.350 207.243 169.337 158.561 135.507 116.586 99.539 77.273 58.307 44.679 31.328 20.498 13.300 8.094 4.456 2.230 1.038 0.502 0.213 0.000 0.000
0.000 0.000 0.000 0.000 0.000 0.000 0.000 0.000 0.000 0.000 0.000 0.000 0.000 0.000 0.000 0.000 0.000 0.000 0.000 0.553 1.541 4.029 8.663 16.077 27.233 42.782 61.156 75.832 82.021 83.331 72.370 69.821 65.511 58.328 55.297 48.151 39.384 33.041 25.529 18.254 12.639 8.519 5.228 2.997 1.539 0.810 0.367 0.154 0.000 0.000
0.000 0.000 0.000 0.000 0.000 0.000 0.000 0.000 0.000 0.000 0.000 0.000 0.000 0.000 0.000 0.000 0.000 0.000 0.000 0.000 0.336 0.939 2.279 4.706 8.439 13.366 19.201 24.602 26.318 25.972 25.317 26.421 25.549 26.508 24.738 22.962 20.856 17.342 13.676 10.537 7.742 5.132 3.244 1.859 1.115 0.579 0.265 0.097 0.000 0.000
0.000 0.000 0.000 0.000 0.000 0.000 0.000 0.000 0.000 0.000 0.000 0.000 0.000 0.000 0.000 0.000 0.000 0.000 0.000 0.000 0.000 0.000 0.523 1.155 2.244 3.830 5.602 6.827 7.626 7.644 9.009 9.447 10.895 11.423 11.404 11.532 10.352 8.788 7.582 6.009 4.390 2.972 1.864 1.234 0.704 0.375 0.169 0.000 0.000 0.000
0.000 0.000 0.000 0.000 0.000 0.000 0.000 0.000 0.000 0.000 0.000 0.000 0.000 0.000 0.000 0.000 0.000 0.000 0.000 0.000 0.000 0.000 0.000 0.248 0.517 0.923 1.433 1.808 1.927 2.468 2.850 3.691 4.315 5.029 5.581 5.642 5.306 4.887 4.165 3.314 2.345 1.663 1.159 0.699 0.409 0.208 0.106 0.000 0.000 0.000
0.000 0.000 0.000 0.000 0.000 0.000 0.000 0.000 0.000 0.000 0.000 0.000 0.000 0.000 0.000 0.000 0.000 0.000 0.000 0.000 0.000 0.000 0.000 0.000 0.000 0.192 0.310 0.409 0.495 0.698 0.970 1.339 1.755 2.301 2.600 2.827 2.912 2.642 2.263 1.696 1.347 0.957 0.618 0.387 0.197 0.116 0.000 0.000 0.000 0.000
0.000 0.000 0.000 0.000 0.000 0.000 0.000 0.000 0.000 0.000 0.000 0.000 0.000 0.000 0.000 0.000 0.000 0.000 0.000 0.000 0.000 0.000 0.000 0.000 0.000 0.000 0.000 0.078 0.123 0.193 0.321 0.492 0.740 0.982 1.255 1.461 1.517 1.387 1.171 1.008 0.733 0.502 0.324 0.185 0.107 0.000 0.000 0.000 0.000 0.000
0.000 0.000 0.000 0.000 0.000 0.000 0.000 0.000 0.000 0.000 0.000 0.000 0.000 0.000 0.000 0.000 0.000 0.000 0.000 0.000 0.000 0.000 0.000 0.000 0.000 0.000 0.000 0.000 0.000 0.058 0.115 0.197 0.300 0.455 0.612 0.732 0.745 0.740 0.671 0.528 0.387 0.249 0.159 0.093 0.000 0.000 0.000 0.000 0.000 0.000
0.000 0.000 0.000 0.000 0.000 0.000 0.000 0.000 0.000 0.000 0.000 0.000 0.000 0.000 0.000 0.000 0.000 0.000 0.000 0.000 0.000 0.000 0.000 0.000 0.000 0.000 0.000 0.000 0.000 0.000 0.000 0.082 0.141 0.214 0.287 0.341 0.402 0.399 0.349 0.276 0.181 0.126 0.000 0.000 0.000 0.000 0.000 0.000 0.000 0.000
0.000 0.000 0.000 0.000 0.000 0.000 0.000 0.000 0.000 0.000 0.000 0.000 0.000 0.000 0.000 0.000 0.000 0.000 0.000 0.000 0.000 0.000 0.000 0.000 0.000 0.000 0.000 0.000 0.000 0.000 0.000 0.000 0.000 0.097 0.137 0.179 0.202 0.199 0.176 0.127 0.096 0.000 0.000 0.000 0.000 0.000 0.000 0.000 0.000 0.000
0.000 0.000 0.000 0.000 0.000 0.000 0.000 0.000 0.000 0.000 0.000 0.000 0.000 0.000 0.000 0.000 0.000 0.000 0.000 0.000 0.000 0.000 0.000 0.000 0.000 0.000 0.000 0.000 0.000 0.000 0.000 0.000 0.000 0.000 0.000 0.086 0.096 0.093 0.000 0.000 0.000 0.000 0.000 0.000 0.000 0.000 0.000 0.000 0.000 0.000
0.000 0.000 0.000 0.000 0.000 0.000 0.000 0.000 0.000 0.000 0.000 0.000 0.000 0.000 0.000 0.000 0.000 0.000 0.000 0.000 0.000 0.000 0.000 0.000 0.000 0.000 0.000 0.000 0.000 0.000 0.000 0.000 0.000 0.000 0.000 0.000 0.000 0.000 0.000 0.000 0.000 0.000 0.000 0.000 0.000 0.000 0.000 0.000 0.000 0.000
0.000 0.000 0.000 0.000 0.000 0.000 0.000 0.000 0.000 0.000 0.000 0.000 0.000 0.000 0.000 0.000 0.000 0.000 0.000 0.000 0.000 0.000 0.000 0.000 0.000 0.000 0.000 0.000 0.000 0.000 0.000 0.000 0.000 0.000 0.000 0.000 0.000 0.000 0.000 0.000 0.000 0.000 0.000 0.000 0.000 0.000 0.000 0.000 0.000 0.000
0.000 0.000 0.000 0.000 0.000 0.000 0.000 0.000 0.000 0.000 0.000 0.000 0.000 0.000 0.000 0.000 0.000 0.000 0.000 0.000 0.000 0.000 0.000 0.000 0.000 0.000 0.000 0.000 0.000 0.000 0.000 0.000 0.000 0.000 0.000 0.000 0.000 0.000 0.000 0.000 0.000 0.000 0.000 0.000 0.000 0.000 0.000 0.000 0.000 0.000
0.000 0.000 0.000 0.000 0.000 0.000 0.000 0.000 0.000 0.000 0.000 0.000 0.000 0.000 0.000 0.000 0.000 0.000 0.000 0.000 0.000 0.000 0.000 0.000 0.000 0.000 0.000 0.000 0.000 0.000 0.000 0.000 0.000 0.000 0.000 0.000 0.000 0.000 0.000 0.000 0.000 0.000 0.000 0.000 0.000 0.000 0.000 0.000 0.000 0.000
0.000 0.000 0.000 0.000 0.000 0.000 0.000 0.000 0.000 0.000 0.000 0.000 0.000 0.000 0.000 0.000 0.000 0.000 0.000 0.000 0.000 0.000 0.000 0.000 0.000 0.000 0.000 0.000 0.000 0.000 0.000 0.000 0.000 0.000 0.000 0.000 0.000 0.000 0.000 0.000 0.000 0.000 0.000 0.000 0.000 0.000 0.000 0.000 0.000 0.000
0.000 0.000 0.000 0.000 0.000 0.000 0.000 0.000 0.000 0.000 0.000 0.000 0.000 0.000 0.000 0.000 0.000 0.000 0.000 0.000 0.000 0.000 0.000 0.000 0.000 0.000 0.000 0.000 0.000 0.000 0.000 0.000 0.000 0.000 0.000 0.000 0.000 0.000 0.000 0.000 0.000 0.000 0.000 0.000 0.000 0.000 0.000 0.000 0.000 0.000
0.000 0.000 0.000 0.000 0.000 0.000 0.000 0.000 0.000 0.000 0.000 0.000 0.000 0.000 0.000 0.000 0.000 0.000 0.000 0.000 0.000 0.000 0.000 0.000 0.000 0.000 0.000 0.000 0.000 0.000 0.000 0.000 0.000 0.000 0.000 0.000 0.000 0.000 0.000 0.000 0.000 0.000 0.000 0.000 0.000 0.000 0.000 0.000 0.000 0.000
0.000 0.000 0.000 0.000 0.000 0.000 0.000 0.000 0.000 0.000 0.000 0.000 0.000 0.000 0.000 0.000 0.000 0.000 0.000 0.000 0.000 0.000 0.000 0.000 0.000 0.000 0.000 0.000 0.000 0.000 0.000 0.000 0.000 0.000 0.000 0.000 0.000 0.000 0.000 0.000 0.000 0.000 0.000 0.000 0.000 0.000 0.000 0.000 0.000 0.000
0.000 0.000 0.000 0.000 0.000 0.000 0.000 0.000 0.000 0.000 0.000 0.000 0.000 0.000 0.000 0.000 0.000 0.000 0.000 0.000 0.000 0.000 0.000 0.000 0.000 0.000 0.000 0.000 0.000 0.000 0.000 0.000 0.000 0.000 0.000 0.000 0.000 0.000 0.000 0.000 0.000 0.000 0.000 0.000 0.000 0.000 0.000 0.000 0.000 0.000
0.000 0.000 0.000 0.000 0.000 0.000 0.000 0.000 0.000 0.000 0.000 0.000 0.000 0.000 0.000 0.000 0.000 0.000 0.000 0.000 0.000 0.000 0.000 0.000 0.000 0.000 0.000 0.000 0.000 0.000 0.000 0.000 0.000 0.000 0.000 0.000 0.000 0.000 0.000 0.000 0.000 0.000 0.000 0.000 0.000 0.000 0.000 0.000 0.000 0.000
0.000 0.000 0.000 0.000 0.000 0.000 0.000 0.000 0.000 0.000 0.000 0.000 0.000 0.000 0.000 0.000 0.000 0.000 0.000 0.000 0.000 0.000 0.000 0.000 0.000 0.000 0.000 0.000 0.000 0.000 0.000 0.000 0.000 0.000 0.000 0.000 0.000 0.000 0.000 0.000 0.000 0.000 0.000 0.000 0.000 0.000 0.000 0.000 0.000 0.000
0.000 0.000 0.000 0.000 0.000 0.000 0.000 0.000 0.000 0.000 0.000 0.000 0.000 0.000 0.000 0.000 0.000 0.000 0.000 0.000 0.000 0.000 0.000 0.000 0.000 0.000 0.000 0.000 0.000 0.000 0.000 0.000 0.000 0.000 0.000 0.000 0.000 0.000 0.000 0.000 0.000 0.000 0.000 0.000 0.000 0.000 0.000 0.000 0.000 0.000
