tests/test_03/output1/CloudConcentration_010.00hrs.dat
NCOLS    50
NROWS    50
XLLCORNER    -2289770.000
YLLCORNER     2591270.000
CELLSIZE        2000.000       2000.000
NODATA_VALUE  0.000
[rows 0 to 46 of 50, columns 0 to 49 of 50]
296.527 321.931 355.241 394.047 438.470 488.615 544.916 607.695 677.795 757.067 847.806 952.497 1074.425 1215.752 1379.396 1570.722 1793.291 2049.051 2343.893 2689.135 3095.858 3566.249 4097.710 4694.593 5367.677 6126.723 6970.122 7876.556 8822.054 9774.438 10673.135 11382.733 11712.813 11558.911 11036.173 10115.967 9100.457 8438.950 8424.328 7631.519 6621.075 5441.587 4902.723 4243.768 3331.501 2254.265 1765.936 1278.942 680.796 138.408
162.593 179.294 201.076 226.030 254.172 285.865 321.837 363.195 411.401 468.353 536.174 616.874 712.548 826.339 963.059 1126.840 1319.427 1545.473 1816.646 2144.333 2530.412 2971.621 3477.381 4069.364 4762.135 5550.036 6413.052 7350.467 8362.281 9408.026 10403.363 11212.863 11605.594 11568.049 11140.936 10263.505 9289.262 8673.600 8687.698 7943.022 6951.819 5757.378 5226.289 4541.909 3589.335 2454.324 1936.046 1407.538 759.421 163.777
115.675 128.780 145.759 165.084 186.836 211.501 239.928 273.470 313.698 362.337 421.121 491.709 576.295 678.813 803.747 953.898 1131.952 1345.022 1605.067 1920.054 2287.727 2708.466 3199.578 3782.845 4468.320 5250.993 6117.321 7062.984 8086.899 9160.998 10210.633 11083.549 11552.785 11578.676 11274.402 10466.408 9556.836 9005.273 9053.461 8359.774 7392.545 6181.448 5655.693 4942.152 3937.855 2724.955 2162.868 1576.272 858.958 197.468
61.647 70.305 81.363 93.869 108.006 124.433 144.159 168.608 199.353 237.894 285.439 343.402 414.695 503.737 613.668 746.525 907.047 1104.339 1348.958 1644.924 1988.526 2385.422 2859.576 3432.925 4113.292 4894.418 5765.619 6722.577 7764.753 8870.867 9983.787 10954.448 11505.308 11592.673 11414.579 10678.788 9844.082 9374.830 9457.586 8802.896 7853.955 6632.383 6123.299 5383.164 4324.069 3026.824 2421.587 1765.128 969.889 239.342
34.330 39.691 46.475 54.374 63.706 75.148 89.812 108.544 132.403 162.620 200.409 247.967 309.095 386.601 482.478 600.075 745.022 926.612 1151.558 1420.518 1737.068 2115.692 2576.032 3134.145 3800.711 4577.805 5455.034 6423.167 7478.258 8605.277 9755.278 10812.151 11485.163 11628.976 11575.227 10903.554 10137.498 9762.837 9892.593 9273.104 8331.844 7103.879 6624.880 5863.470 4746.543 3361.346 2713.852 1973.665 1092.643 288.174
13.755 16.309 19.862 24.486 30.631 38.611 48.850 62.336 79.818 102.078 131.271 170.416 221.580 286.355 368.307 471.009 599.006 759.234 958.900 1204.110 1502.522 1864.979 2306.401 2844.867 3496.117 4266.252 5151.235 6140.227 7216.024 8356.713 9528.163 10636.210 11433.096 11698.306 11734.210 11145.512 10433.702 10138.691 10337.387 9783.214 8824.868 7592.555 7153.648 6381.284 5204.794 3725.184 3045.675 2204.823 1229.642 348.157
5.501 6.580 8.255 10.771 14.433 19.667 26.803 36.061 48.216 65.042 88.542 120.303 162.194 216.900 286.889 374.648 484.328 623.617 802.081 1027.980 1308.857 1654.245 2076.796 2593.663 3223.021 3979.878 4868.623 5876.234 6979.319 8146.225 9336.193 10457.893 11335.869 11731.661 11879.803 11391.748 10733.912 10519.570 10757.835 10325.205 9332.088 8096.804 7707.170 6931.608 5701.166 4120.387 3419.658 2463.317 1382.689 421.714
2.095 2.595 3.465 4.846 6.930 9.886 14.037 20.155 29.377 42.633 60.909 85.825 119.581 164.216 221.719 294.771 388.154 509.586 669.056 876.297 1140.050 1469.437 1874.871 2371.244 2978.754 3717.087 4598.872 5619.394 6751.860 7954.037 9172.784 10313.088 11214.063 11712.867 11961.467 11612.831 11032.501 10902.730 11174.900 10870.195 9850.494 8614.694 8283.213 7507.642 6233.019 4552.472 3842.216 2752.896 1553.355 510.761
0.761 1.029 1.508 2.240 3.352 5.057 7.799 12.315 19.319 29.305 43.069 62.079 88.201 123.422 170.012 231.132 311.844 419.205 562.396 751.741 997.100 1308.630 1698.216 2179.976 2770.742 3489.606 4354.223 5369.668 6516.155 7749.288 9005.300 10174.372 11086.823 11658.389 11988.639 11765.025 11304.414 11285.422 11579.820 11403.752 10373.178 9141.477 8877.804 8102.478 6792.963 5021.563 4313.279 3077.422 1747.172 617.345
0.268 0.434 0.682 1.037 1.653 2.829 4.861 8.180 13.145 20.312 30.597 44.979 64.620 91.634 129.249 181.385 252.622 348.825 477.843 649.304 874.034 1164.751 1537.348 2007.436 2587.792 3292.477 4136.895 5133.878 6277.164 7527.912 8817.901 10024.869 10950.354 11565.762 11950.107 11814.744 11477.854 11678.717 11979.081 11904.402 10889.565 9670.052 9491.861 8708.853 7372.928 5521.436 4838.269 3438.120 1962.688 740.477
0.000 0.000 0.311 0.507 0.900 1.783 3.444 5.689 8.805 13.689 21.150 31.655 46.216 67.179 98.175 143.407 206.977 293.607 409.838 564.744 770.182 1040.443 1391.931 1843.156 2410.866 3106.607 3940.442 4921.104 6048.626 7297.017 8599.987 9834.496 10783.511 11461.885 11836.338 11790.672 11554.298 11957.467 12365.646 12358.050 11376.635 10185.253 10115.171 9326.746 7961.813 6041.353 5405.243 3831.870 2201.275 881.862
0.000 0.000 0.000 0.283 0.586 1.220 2.145 3.465 5.440 8.534 13.490 21.221 32.770 49.864 75.548 114.195 170.494 248.608 353.681 494.206 682.994 934.762 1265.927 1694.929 2241.010 2920.880 3745.992 4718.076 5831.523 7063.349 8355.191 9590.099 10546.069 11312.787 11697.422 11702.603 11570.373 12062.863 12632.951 12749.104 11807.088 10658.983 10722.176 9959.816 8549.620 6571.463 6003.317 4257.228 2463.312 1043.402
0.000 0.000 0.000 0.000 0.370 0.596 1.032 1.924 3.308 5.302 8.660 14.636 24.337 38.942 60.630 93.008 140.795 209.230 304.139 433.468 608.722 844.486 1156.267 1561.808 2081.528 2737.162 3544.381 4505.139 5606.575 6817.295 8082.115 9295.959 10230.052 11063.706 11507.900 11559.839 11505.899 12079.216 12731.684 12997.806 12184.506 11071.312 11289.145 10603.826 9121.653 7102.444 6627.542 4708.881 2745.785 1221.230
0.000 0.000 0.000 0.000 0.000 0.286 0.545 1.034 2.002 3.636 6.218 10.561 18.185 30.888 50.021 77.441 116.971 174.635 258.399 377.212 541.448 763.191 1057.459 1441.655 1936.148 2563.098 3342.555 4282.295 5366.210 6551.655 7775.335 8923.898 9862.277 10708.812 11195.288 11355.219 11376.283 12080.240 12729.040 13057.230 12529.350 11433.702 11762.584 11215.176 9660.467 7619.463 7257.720 5179.722 3050.964 1418.830
0.000 0.000 0.000 0.000 0.000 0.000 0.266 0.552 1.160 2.413 4.527 7.927 13.761 23.944 40.181 63.930 98.008 147.599 220.346 326.239 476.421 682.781 959.468 1324.665 1797.958 2399.408 3146.695 4050.704 5102.277 6257.194 7439.950 8517.335 9448.610 10292.902 10746.576 11025.115 11129.649 12013.095 12665.290 12948.249 12629.598 11741.130 12143.077 11764.662 10149.642 8107.509 7886.569 5667.676 3376.424 1631.465
0.000 0.000 0.000 0.000 0.000 0.000 0.000 0.355 0.750 1.594 3.297 6.187 10.868 18.620 31.295 51.121 80.865 124.847 189.776 284.016 417.784 604.473 860.270 1203.756 1655.301 2232.562 2949.809 3814.695 4818.980 5924.961 7057.463 8067.396 8988.668 9807.998 10223.017 10564.988 10808.935 11847.469 12496.512 12714.899 12571.004 11983.158 12416.569 12219.396 10571.344 8548.651 8496.220 6162.395 3720.583 1856.181
0.000 0.000 0.000 0.000 0.000 0.000 0.000 0.251 0.529 1.097 2.334 4.669 8.430 14.351 24.028 39.891 65.449 104.937 163.043 246.392 365.300 533.145 766.263 1083.993 1507.511 2054.944 2738.513 3562.238 4513.112 5556.828 6623.633 7557.786 8459.785 9212.395 9636.962 10003.667 10455.279 11525.878 12218.014 12374.116 12314.631 12104.579 12542.905 12528.002 10908.193 9039.982 9057.106 6653.880 4082.622 2093.083
0.000 0.000 0.000 0.000 0.000 0.000 0.000 0.000 0.349 0.716 1.469 3.113 6.143 10.874 18.487 31.323 52.427 85.726 136.423 210.630 317.181 468.109 679.370 970.123 1359.938 1868.154 2509.836 3285.785 4177.831 5141.558 6116.557 6992.450 7851.736 8530.878 8992.758 9361.004 10010.688 11063.159 11809.114 11940.838 11928.176 12004.275 12564.569 12650.598 11141.314 9498.593 9542.811 7119.476 4460.261 2329.436
0.000 0.000 0.000 0.000 0.000 0.000 0.000 0.000 0.000 0.512 1.048 2.051 4.121 8.072 14.693 25.211 42.004 69.049 111.189 174.744 268.777 404.465 595.567 859.125 1213.740 1677.577 2264.471 2979.687 3805.628 4694.366 5570.245 6385.082 7186.504 7782.038 8273.181 8671.017 9474.176 10484.363 11168.275 11408.709 11444.567 11826.266 12343.916 12597.347 11235.512 9894.929 9883.558 7529.325 4850.491 2570.181
0.000 0.000 0.000 0.000 0.000 0.000 0.000 0.000 0.000 0.293 0.729 1.591 2.975 5.601 10.814 19.700 33.747 55.497 89.555 142.166 221.831 339.456 508.435 744.191 1063.572 1482.951 2013.352 2659.555 3408.405 4214.500 4997.931 5750.146 6479.882 6994.135 7483.890 7903.028 8846.807 9815.042 10403.649 10753.390 10863.165 11545.802 12059.435 12239.274 11236.095 10227.814 10123.900 7839.342 5249.347 2823.968
0.000 0.000 0.000 0.000 0.000 0.000 0.000 0.000 0.000 0.000 0.435 1.028 2.092 4.023 7.628 13.988 24.951 42.963 71.198 114.725 180.840 278.780 422.028 625.704 907.362 1281.193 1755.071 2330.936 2996.109 3712.790 4403.315 5090.543 5727.531 6192.749 6649.371 7173.515 8170.126 9041.404 9571.604 9982.478 10171.700 11105.789 11656.664 11747.194 11052.105 10389.808 10284.414 8079.624 5650.019 3078.886
0.000 0.000 0.000 0.000 0.000 0.000 0.000 0.000 0.000 0.000 0.214 0.500 1.155 2.666 5.228 9.560 17.513 31.239 53.574 89.094 143.884 224.984 343.438 513.508 752.442 1075.012 1489.254 1995.322 2575.856 3197.985 3799.094 4413.385 4955.632 5397.444 5803.657 6490.071 7419.539 8144.355 8697.896 9130.917 9586.854 10557.341 11127.227 11167.660 10743.760 10451.643 10338.345 8244.786 6044.651 3346.294
0.000 0.000 0.000 0.000 0.000 0.000 0.000 0.000 0.000 0.000 0.000 0.239 0.580 1.390 3.228 6.419 11.934 21.458 37.929 64.939 107.704 174.034 273.030 413.229 608.784 874.899 1224.759 1659.525 2159.029 2686.022 3205.655 3739.234 4187.399 4598.935 4985.604 5786.693 6620.575 7237.750 7794.844 8243.595 8991.929 9890.116 10401.742 10519.010 10313.971 10297.031 10348.771 8320.683 6419.842 3592.217
0.000 0.000 0.000 0.000 0.000 0.000 0.000 0.000 0.000 0.000 0.000 0.000 0.284 0.688 1.573 3.514 7.641 14.755 26.287 45.389 77.100 127.309 203.735 317.951 479.898 696.235 980.176 1337.214 1753.513 2192.652 2637.092 3091.150 3452.213 3822.793 4298.456 5073.767 5765.121 6336.703 6871.610 7373.757 8357.155 9140.807 9591.335 9805.098 9778.556 10043.789 10203.807 8323.297 6765.606 3787.713
0.000 0.000 0.000 0.000 0.000 0.000 0.000 0.000 0.000 0.000 0.000 0.000 0.000 0.298 0.734 1.734 3.842 8.244 16.545 30.741 53.755 89.760 145.275 229.883 354.571 531.945 767.289 1053.705 1380.685 1728.468 2099.782 2466.601 2783.325 3098.308 3670.820 4359.788 4927.010 5467.542 5966.318 6750.082 7640.119 8289.450 8750.713 9025.012 9241.880 9669.106 9888.960 8256.628 7074.832 3962.097
0.000 0.000 0.000 0.000 0.000 0.000 0.000 0.000 0.000 0.000 0.000 0.000 0.000 0.000 0.314 0.777 1.933 4.347 8.962 17.778 33.517 59.180 100.022 162.233 253.253 385.994 567.404 794.411 1055.293 1327.017 1616.254 1898.018 2179.750 2509.953 3079.746 3640.821 4151.994 4636.274 5209.251 6092.733 6839.941 7443.411 7929.644 8218.040 8806.884 9259.202 9388.227 8105.079 7312.445 4126.273
0.000 0.000 0.000 0.000 0.000 0.000 0.000 0.000 0.000 0.000 0.000 0.000 0.000 0.000 0.000 0.349 0.861 2.104 5.118 10.472 19.480 35.494 63.187 108.203 177.243 276.730 408.486 572.654 766.319 981.009 1212.607 1425.209 1647.190 2047.556 2533.978 2977.368 3434.223 3887.456 4646.751 5406.441 6040.937 6615.976 7102.857 7559.231 8331.149 8762.311 8779.100 7866.744 7441.283 4280.377
0.000 0.000 0.000 0.000 0.000 0.000 0.000 0.000 0.000 0.000 0.000 0.000 0.000 0.000 0.000 0.000 0.395 0.984 2.344 5.328 10.977 21.284 39.382 68.864 115.223 185.061 282.343 405.043 542.473 694.728 860.505 1037.654 1264.433 1628.410 2017.234 2407.403 2793.512 3372.305 4069.863 4691.159 5278.713 5811.243 6295.523 7070.369 7758.894 8108.794 8154.281 7568.016 7505.267 4425.872
0.000 0.000 0.000 0.000 0.000 0.000 0.000 0.000 0.000 0.000 0.000 0.000 0.000 0.000 0.000 0.000 0.000 0.417 1.019 2.431 5.572 11.595 22.648 41.882 73.194 120.268 184.078 264.774 363.363 480.958 600.102 726.340 978.495 1275.290 1572.950 1894.331 2303.962 2883.007 3455.765 4005.166 4533.269 5013.685 5699.476 6438.086 7033.707 7416.982 7502.501 7136.778 7353.831 4556.571
0.000 0.000 0.000 0.000 0.000 0.000 0.000 0.000 0.000 0.000 0.000 0.000 0.000 0.000 0.000 0.000 0.000 0.000 0.420 1.017 2.427 5.622 12.015 23.843 42.964 72.502 114.847 170.195 236.856 311.670 396.346 541.609 739.845 954.130 1197.028 1461.761 1895.629 2369.697 2836.589 3302.853 3752.378 4307.542 5028.396 5659.441 6182.763 6614.975 6766.076 6825.936 7051.899 4678.481
0.000 0.000 0.000 0.000 0.000 0.000 0.000 0.000 0.000 0.000 0.000 0.000 0.000 0.000 0.000 0.000 0.000 0.000 0.000 0.411 0.966 2.264 5.323 11.576 22.540 40.678 67.938 101.971 144.734 195.081 269.377 387.840 531.318 695.442 870.278 1142.850 1479.885 1840.536 2214.292 2593.925 2993.372 3624.807 4240.501 4775.972 5246.989 5703.925 5935.354 6359.931 6613.810 4691.271
0.000 0.000 0.000 0.000 0.000 0.000 0.000 0.000 0.000 0.000 0.000 0.000 0.000 0.000 0.000 0.000 0.000 0.000 0.000 0.174 0.400 0.927 2.129 4.789 10.586 21.009 36.402 57.174 83.527 118.180 180.289 262.408 358.843 465.972 617.474 827.052 1070.502 1328.903 1610.293 1915.014 2389.573 2886.588 3381.117 3868.203 4300.663 4713.609 5197.177 5742.617 6013.587 4560.746
0.000 0.000 0.000 0.000 0.000 0.000 0.000 0.000 0.000 0.000 0.000 0.000 0.000 0.000 0.000 0.000 0.000 0.000 0.000 0.000 0.163 0.361 0.817 1.870 4.345 9.266 17.300 28.912 43.489 71.581 110.481 157.984 212.429 292.128 405.015 539.770 693.987 869.006 1109.523 1425.395 1772.112 2155.297 2558.879 2966.281 3372.882 3936.119 4483.637 4978.604 5193.441 4402.736
0.000 0.000 0.000 0.000 0.000 0.000 0.000 0.000 0.000 0.000 0.000 0.000 0.000 0.000 0.000 0.000 0.000 0.000 0.000 0.000 0.000 0.148 0.321 0.703 1.585 3.542 6.878 12.335 22.160 35.971 53.423 81.669 119.505 165.828 226.074 307.531 427.183 577.963 763.589 982.673 1233.431 1516.374 1849.537 2298.396 2777.638 3236.628 3660.499 4086.991 4337.533 4261.123
0.000 0.000 0.000 0.000 0.000 0.000 0.000 0.000 0.000 0.000 0.000 0.000 0.000 0.000 0.000 0.000 0.000 0.000 0.000 0.000 0.000 0.062 0.129 0.305 0.700 1.544 3.116 5.814 10.196 17.071 27.519 43.696 67.879 99.800 141.388 197.325 271.461 367.661 490.008 652.285 878.382 1144.614 1429.148 1753.190 2122.514 2507.200 2879.897 3231.430 3500.724 3938.273
0.000 0.000 0.000 0.000 0.000 0.000 0.000 0.000 0.000 0.000 0.000 0.000 0.000 0.000 0.000 0.000 0.000 0.000 0.000 0.000 0.000 0.000 0.096 0.229 0.500 1.028 2.010 3.697 6.497 10.922 17.700 27.761 42.304 62.524 89.512 131.205 188.040 260.133 351.281 473.081 630.173 819.754 1032.810 1274.747 1560.525 1869.309 2187.068 2578.764 2924.497 3449.446
0.000 0.000 0.000 0.000 0.000 0.000 0.000 0.000 0.000 0.000 0.000 0.000 0.000 0.000 0.000 0.000 0.000 0.000 0.000 0.000 0.000 0.000 0.072 0.176 0.391 0.786 1.480 2.615 4.318 7.173 11.917 19.134 29.580 44.347 65.529 94.853 133.204 182.807 247.216 330.368 436.933 570.132 743.172 960.377 1213.400 1503.284 1812.123 2124.799 2405.482 2867.992
0.000 0.000 0.000 0.000 0.000 0.000 0.000 0.000 0.000 0.000 0.000 0.000 0.000 0.000 0.000 0.000 0.000 0.000 0.000 0.000 0.000 0.000 0.000 0.131 0.268 0.522 1.014 1.908 3.398 5.649 9.024 13.986 21.158 31.493 46.293 66.242 92.772 133.181 189.462 259.207 346.806 459.613 589.285 750.247 943.110 1172.289 1420.876 1668.537 1879.661 2238.036
0.000 0.000 0.000 0.000 0.000 0.000 0.000 0.000 0.000 0.000 0.000 0.000 0.000 0.000 0.000 0.000 0.000 0.000 0.000 0.000 0.000 0.000 0.000 0.098 0.213 0.421 0.784 1.426 2.500 4.140 6.579 10.584 16.571 25.287 37.734 54.638 76.377 107.230 149.794 202.815 269.087 351.974 443.832 558.430 695.465 856.167 1028.252 1206.411 1365.935 1658.875
0.000 0.000 0.000 0.000 0.000 0.000 0.000 0.000 0.000 0.000 0.000 0.000 0.000 0.000 0.000 0.000 0.000 0.000 0.000 0.000 0.000 0.000 0.000 0.000 0.161 0.317 0.621 1.122 2.082 3.581 5.714 8.921 13.625 20.524 30.306 42.944 59.042 81.147 110.652 147.829 193.622 247.551 313.662 395.470 492.715 604.444 725.971 859.723 995.094 1263.776
0.000 0.000 0.000 0.000 0.000 0.000 0.000 0.000 0.000 0.000 0.000 0.000 0.000 0.000 0.000 0.000 0.000 0.000 0.000 0.000 0.000 0.000 0.000 0.000 0.140 0.296 0.559 0.985 1.709 2.865 4.545 6.978 10.409 15.283 22.031 30.483 41.860 56.562 76.614 102.655 138.138 178.955 232.373 297.968 377.252 471.147 580.779 706.620 818.275 1028.390
0.000 0.000 0.000 0.000 0.000 0.000 0.000 0.000 0.000 0.000 0.000 0.000 0.000 0.000 0.000 0.000 0.000 0.000 0.000 0.000 0.000 0.000 0.000 0.000 0.120 0.240 0.447 0.787 1.293 2.059 3.231 4.952 7.557 11.376 16.835 23.856 32.768 44.468 61.034 83.497 110.597 143.212 185.571 236.444 295.878 365.213 443.518 530.215 606.957 747.964
0.000 0.000 0.000 0.000 0.000 0.000 0.000 0.000 0.000 0.000 0.000 0.000 0.000 0.000 0.000 0.000 0.000 0.000 0.000 0.000 0.000 0.000 0.000 0.000 0.094 0.179 0.337 0.617 1.064 1.762 2.774 4.290 6.355 9.250 13.322 18.744 25.704 34.746 46.984 62.388 80.355 101.866 130.477 163.398 203.509 249.973 300.315 356.040 407.154 488.840
0.000 0.000 0.000 0.000 0.000 0.000 0.000 0.000 0.000 0.000 0.000 0.000 0.000 0.000 0.000 0.000 0.000 0.000 0.000 0.000 0.000 0.000 0.000 0.000 0.000 0.178 0.331 0.577 0.931 1.412 2.146 3.189 4.652 6.702 9.484 13.159 17.818 23.825 31.526 40.677 51.223 63.682 78.851 97.725 121.441 148.860 179.236 213.819 252.364 309.425
0.000 0.000 0.000 0.000 0.000 0.000 0.000 0.000 0.000 0.000 0.000 0.000 0.000 0.000 0.000 0.000 0.000 0.000 0.000 0.000 0.000 0.000 0.000 0.000 0.000 0.149 0.254 0.419 0.666 1.014 1.466 2.037 2.916 4.142 5.754 7.961 11.004 14.995 20.123 26.499 33.838 41.836 51.107 63.714 78.366 95.550 115.520 142.786 170.343 218.692
0.000 0.000 0.000 0.000 0.000 0.000 0.000 0.000 0.000 0.000 0.000 0.000 0.000 0.000 0.000 0.000 0.000 0.000 0.000 0.000 0.000 0.000 0.000 0.000 0.000 0.102 0.173 0.294 0.488 0.756 1.124 1.635 2.303 3.182 4.425 6.072 8.217 10.930 14.239 18.136 22.655 28.080 34.793 43.157 53.039 64.294 76.716 92.294 108.058 132.298
0.000 0.000 0.000 0.000 0.000 0.000 0.000 0.000 0.000 0.000 0.000 0.000 0.000 0.000 0.000 0.000 0.000 0.000 0.000 0.000 0.000 0.000 0.000 0.000 0.000 0.000 0.164 0.254 0.371 0.528 0.761 1.083 1.523 2.117 2.895 3.888 5.132 6.647 8.368 10.232 12.299 14.810 17.775 21.322 25.834 30.618 36.241 43.915 51.030 62.439
