tests/test_03/output1/CloudConcentration_005.00hrs.dat
NCOLS    50
NROWS    50
XLLCORNER    -2289770.000
YLLCORNER     2591270.000
CELLSIZE        2000.000       2000.000
NODATA_VALUE  0.000
[rows 0 to 41 of 50, columns 0 to 49 of 50]
0.000 0.000 0.000 0.000 0.000 0.000 0.000 0.266 1.638 9.350 49.951 246.608 1229.499 6304.323 13880.631 22512.588 30814.672 37933.317 43474.814 46011.469 46693.178 46064.253 45912.330 49670.920 52864.196 52870.190 52087.976 48404.222 44669.523 46793.935 47450.125 43059.775 37104.167 28692.234 23077.003 17424.441 11465.665 5104.391 1913.510 417.796 53.617 8.071 1.286 0.210 0.000 0.000 0.000 0.000 0.000 0.000
0.000 0.000 0.000 0.000 0.000 0.000 0.252 1.576 9.223 51.558 271.718 1518.460 7002.867 14625.467 23247.537 32486.551 41541.835 48660.514 52895.756 54914.147 54547.180 52452.299 50175.087 48585.358 52328.360 55376.384 56630.047 56362.085 52561.823 48459.139 53333.590 54405.913 48978.301 41334.048 33252.808 27762.734 21452.180 13834.305 5449.005 1979.957 380.596 51.946 7.850 1.262 0.202 0.000 0.000 0.000 0.000 0.000
0.000 0.000 0.000 0.000 0.000 0.274 1.689 10.192 59.163 339.079 2109.495 9086.647 18329.438 27335.842 35809.229 43684.778 52909.127 57902.132 59626.390 59162.873 57966.547 56427.194 54071.537 51381.687 49425.368 53063.784 56352.646 57701.329 58837.299 56851.224 53486.243 58407.420 60310.159 56951.031 47002.435 39424.900 33580.326 25882.646 15840.788 6248.358 2107.971 350.625 50.035 7.622 1.208 0.187 0.000 0.000 0.000 0.000
0.000 0.000 0.000 0.000 0.308 1.843 11.068 66.770 409.276 2661.429 11089.416 22099.466 32953.522 42602.952 50793.627 54958.569 55815.847 58144.740 58776.281 57519.215 55878.649 54360.694 52998.289 51245.120 48759.547 46243.478 49764.438 54592.496 57074.142 58450.516 57056.279 55820.052 61882.276 64799.553 62163.963 52260.390 47035.874 39180.304 29605.136 18005.579 7163.822 2080.754 339.540 47.162 7.217 1.124 0.169 0.000 0.000 0.000
0.000 0.000 0.000 0.343 2.020 12.000 73.203 472.580 3169.047 12484.053 24681.231 37026.935 49116.790 58830.396 61731.381 61277.449 58861.236 54474.910 49370.121 46462.109 45201.472 45000.857 44997.767 44086.272 43428.587 42102.040 40539.710 42745.450 49882.034 54471.163 56452.597 55356.269 57706.339 64597.369 67988.525 65243.711 56610.697 54157.069 44195.814 32350.350 18851.077 7632.293 2121.620 314.936 44.101 6.743 1.039 0.156 0.000 0.000
0.000 0.000 0.360 2.142 12.752 78.694 523.518 3429.773 12790.203 25679.617 39272.140 52646.084 63057.999 66217.321 66051.549 62374.260 55424.813 47928.410 41123.114 35714.496 32027.560 30316.811 31065.464 31947.194 32642.748 33122.353 33555.506 33176.085 33731.190 41300.475 47827.228 51624.180 52236.026 58745.162 65954.364 69001.532 66876.407 62936.303 59878.516 47159.300 33964.796 18906.079 8092.703 2078.537 284.311 40.733 6.266 0.977 0.149 0.000
0.000 0.360 2.172 13.127 82.242 559.245 3481.222 12415.226 24768.735 38480.709 52784.746 63758.436 67178.166 67686.200 63484.704 53243.980 43059.334 34978.719 29646.598 26204.671 23370.563 20944.926 18997.929 18907.076 20128.859 21720.027 23081.575 24303.799 24520.771 25151.936 32461.761 39604.664 44731.328 47377.375 58049.919 66025.224 68056.451 66745.876 69067.663 62125.841 48880.017 33340.483 18860.820 8412.375 1960.800 251.892 37.247 5.863 0.933 0.162
0.364 2.146 13.193 84.673 583.789 3430.783 11601.956 22892.646 35801.539 49380.986 60038.148 65811.951 66375.546 59934.867 46769.829 34761.101 25765.873 20794.602 18131.269 16230.256 14489.588 13088.098 12046.055 11123.437 10330.473 11129.889 12619.174 14278.780 15841.014 17105.423 18131.774 24937.583 31807.251 37285.693 41163.475 55928.796 65243.443 66101.081 69254.834 72013.805 62774.520 47800.521 31994.612 18136.943 8395.865 1717.110 218.481 33.748 5.482 1.014
2.328 13.242 85.555 585.516 3265.636 10566.512 20595.420 32036.222 43893.702 54108.965 60947.098 60464.524 52896.657 38681.742 24788.505 15244.941 11398.753 9795.901 8742.143 7749.032 6942.557 6401.619 6027.987 5694.309 5454.665 5287.333 5029.371 6195.410 7916.100 9511.462 11082.768 12180.651 18121.825 24579.478 29600.467 35733.289 51146.229 60609.654 65219.336 71927.676 72640.644 60556.708 45401.624 30008.454 18669.614 7893.553 1408.407 183.977 29.780 5.817
14.900 87.289 572.603 3015.404 9405.436 18120.825 27996.530 38064.542 47378.294 53369.640 52047.233 44197.014 29950.542 16269.844 7599.409 5131.185 4177.987 3647.991 3190.741 2763.201 2468.265 2300.220 2203.952 2160.192 2163.267 2129.929 2232.235 2263.173 2653.271 3767.824 5062.495 6401.956 7464.205 12579.859 18183.824 21728.629 32618.615 46188.828 54091.290 67648.235 73013.100 69210.756 57319.306 42069.648 29885.157 17969.921 6780.253 1042.641 151.184 30.107
90.101 545.566 2708.153 8191.821 15548.313 23892.533 32375.018 40781.748 44711.179 43260.629 35954.352 22457.267 10028.514 3552.406 2082.779 1553.688 1289.481 1107.550 936.099 795.267 712.805 672.744 648.107 645.142 664.782 703.493 749.423 839.354 919.490 1090.132 1650.673 2344.526 3243.479 4357.749 8106.688 12646.525 17339.209 30156.654 40323.719 54238.683 69003.388 69699.653 64352.343 53238.596 41917.067 28783.353 15683.638 5171.650 727.413 144.991
517.909 2394.780 6998.036 13060.437 19967.190 26944.505 34172.881 36575.711 35268.291 28566.532 16616.174 6261.528 1719.779 804.054 518.582 390.145 321.357 269.876 222.908 187.006 168.221 160.912 156.738 158.417 165.178 181.489 211.804 251.932 301.469 348.759 457.331 721.819 1093.856 1521.574 2889.166 5419.140 8568.772 16751.748 27414.300 38132.632 56896.871 66428.723 65501.924 61961.801 53606.564 39357.242 24887.630 12438.063 3477.766 629.668
2112.884 5889.772 10799.550 16456.338 22174.492 28047.103 29643.579 28469.230 22641.779 12553.100 4174.697 929.191 323.212 165.983 107.294 79.374 63.940 52.198 42.219 34.917 32.309 31.602 31.416 31.816 33.481 38.477 49.109 63.714 80.786 104.258 124.483 219.020 381.871 581.737 1185.271 2430.391 4084.470 8808.704 16649.437 24456.738 42961.192 55857.241 63084.079 65669.028 62288.895 49309.199 34216.077 19637.497 8875.845 2697.711
4873.392 8841.418 13402.366 18066.367 22770.424 23812.348 22829.464 18066.555 9756.066 2969.612 582.105 153.668 56.673 28.541 17.718 12.578 9.806 7.871 6.369 5.400 5.106 5.080 5.137 5.342 5.881 7.356 9.627 13.384 19.713 27.078 37.102 74.298 145.589 247.114 590.864 1301.613 2289.832 5178.975 9897.433 16276.504 30803.777 45004.177 54589.940 65486.923 64842.003 57422.008 42048.236 26782.094 14575.143 7111.403
7296.408 10835.914 14607.635 18386.060 19127.038 18335.664 14513.802 7771.140 2280.754 424.006 93.109 24.592 8.478 3.920 2.278 1.541 1.171 0.957 0.818 0.727 0.698 0.704 0.736 0.825 0.989 1.206 1.615 2.537 4.156 7.196 12.409 27.547 64.081 119.871 333.242 781.592 1593.336 3564.644 6614.815 11830.262 22568.067 35362.687 45765.661 61326.931 64956.420 60769.240 48237.272 33303.409 20318.417 12472.110
8916.776 11674.668 14765.076 15324.012 14720.748 11682.649 6239.300 1829.373 352.379 77.104 15.867 3.656 1.078 0.433 0.234 0.000 0.000 0.000 0.000 0.000 0.000 0.000 0.000 0.000 0.000 0.192 0.272 0.459 0.896 1.953 4.224 10.706 30.627 64.063 205.795 496.459 1176.061 2714.375 4917.041 9687.467 17950.379 28201.161 38848.528 55124.069 62005.072 60205.103 51681.064 38935.760 27317.251 18573.829
9500.668 11668.483 12136.252 11705.625 9426.569 5045.772 1461.604 289.765 71.321 15.613 2.794 0.518 0.000 0.000 0.000 0.000 0.000 0.000 0.000 0.000 0.000 0.000 0.000 0.000 0.000 0.000 0.000 0.000 0.202 0.517 1.469 4.127 13.977 35.000 127.294 317.352 827.398 2040.429 3775.940 8169.554 15098.876 23189.415 34348.205 49541.969 58481.005 57888.216 52058.840 43967.625 34121.447 24731.899
9272.815 9492.896 9198.024 7498.634 4014.291 1142.979 220.592 57.828 16.270 3.640 0.588 0.000 0.000 0.000 0.000 0.000 0.000 0.000 0.000 0.000 0.000 0.000 0.000 0.000 0.000 0.000 0.000 0.000 0.000 0.130 0.445 1.409 5.096 16.481 61.396 183.626 540.160 1440.586 2855.887 6759.020 12673.849 19666.679 31578.233 44923.205 53938.982 54840.171 51430.219 48526.161 39686.389 29927.510
7277.774 7090.913 5922.882 3195.194 896.317 167.600 42.803 12.332 3.493 0.755 0.139 0.000 0.000 0.000 0.000 0.000 0.000 0.000 0.000 0.000 0.000 0.000 0.000 0.000 0.000 0.000 0.000 0.000 0.000 0.000 0.096 0.400 1.566 5.805 25.665 91.572 346.042 976.243 2340.000 5585.022 10560.893 17229.753 29733.755 41589.110 49737.745 51871.698 51988.285 51547.255 42711.761 33671.671
5352.986 4546.949 2486.211 714.794 123.416 29.445 8.107 2.325 0.625 0.129 0.000 0.000 0.000 0.000 0.000 0.000 0.000 0.000 0.000 0.000 0.000 0.000 0.000 0.000 0.000 0.000 0.000 0.000 0.000 0.000 0.000 0.119 0.572 2.979 13.883 53.551 250.185 691.693 2014.221 4791.678 8936.536 16492.027 27841.518 38870.525 46040.091 48906.406 53644.205 53208.591 44439.983 35583.626
3511.339 1901.875 533.921 85.277 18.584 4.820 1.318 0.360 0.000 0.000 0.000 0.000 0.000 0.000 0.000 0.000 0.000 0.000 0.000 0.000 0.000 0.000 0.000 0.000 0.000 0.000 0.000 0.000 0.000 0.000 0.000 0.000 0.343 1.722 8.192 41.656 201.129 562.247 1778.132 4177.429 7910.332 16058.753 26299.089 35979.384 42741.013 50672.484 54971.688 53448.197 45311.300 36063.316
1627.744 457.078 62.039 11.105 2.573 0.660 0.000 0.000 0.000 0.000 0.000 0.000 0.000 0.000 0.000 0.000 0.000 0.000 0.000 0.000 0.000 0.000 0.000 0.000 0.000 0.000 0.000 0.000 0.000 0.000 0.000 0.000 0.236 1.275 6.723 33.267 156.703 506.027 1585.234 3672.844 7806.279 16108.340 25469.791 33613.067 40993.009 51763.302 54748.991 53129.091 43823.359 35817.098
476.546 64.099 8.059 1.356 0.293 0.000 0.000 0.000 0.000 0.000 0.000 0.000 0.000 0.000 0.000 0.000 0.000 0.000 0.000 0.000 0.000 0.000 0.000 0.000 0.000 0.000 0.000 0.000 0.000 0.000 0.000 0.000 0.211 1.132 5.549 25.786 111.359 454.206 1431.850 3270.053 8040.051 15982.044 24608.751 31986.793 43670.314 52441.967 54373.525 51022.748 41861.465 34756.026
81.938 9.093 0.976 0.000 0.000 0.000 0.000 0.000 0.000 0.000 0.000 0.000 0.000 0.000 0.000 0.000 0.000 0.000 0.000 0.000 0.000 0.000 0.000 0.000 0.000 0.000 0.000 0.000 0.000 0.000 0.000 0.000 0.183 0.980 4.720 24.530 109.419 432.015 1290.208 3264.001 8418.551 15955.022 23642.960 33026.634 46481.972 52274.636 53397.629 48311.371 40130.661 37581.082
7.034 0.745 0.000 0.000 0.000 0.000 0.000 0.000 0.000 0.000 0.000 0.000 0.000 0.000 0.000 0.000 0.000 0.000 0.000 0.000 0.000 0.000 0.000 0.000 0.000 0.000 0.000 0.000 0.000 0.000 0.000 0.000 0.153 0.904 5.178 25.509 114.207 429.159 1201.977 3562.526 8714.018 15563.499 22703.909 36522.425 48264.350 52497.516 51446.517 45920.689 43458.984 39265.348
0.000 0.000 0.000 0.000 0.000 0.000 0.000 0.000 0.000 0.000 0.000 0.000 0.000 0.000 0.000 0.000 0.000 0.000 0.000 0.000 0.000 0.000 0.000 0.000 0.000 0.000 0.000 0.000 0.000 0.000 0.000 0.000 0.174 1.089 5.780 27.528 119.002 422.145 1380.289 4080.089 9070.892 15178.111 25735.406 39335.629 49204.151 51353.543 49647.423 47968.325 45585.093 38176.368
0.000 0.000 0.000 0.000 0.000 0.000 0.000 0.000 0.000 0.000 0.000 0.000 0.000 0.000 0.000 0.000 0.000 0.000 0.000 0.000 0.000 0.000 0.000 0.000 0.000 0.000 0.000 0.000 0.000 0.000 0.000 0.000 0.253 1.411 6.702 29.014 120.746 472.824 1626.721 4395.967 9160.834 16797.431 29352.094 41215.761 48833.070 50245.920 51110.635 52170.622 44917.798 36590.001
0.000 0.000 0.000 0.000 0.000 0.000 0.000 0.000 0.000 0.000 0.000 0.000 0.000 0.000 0.000 0.000 0.000 0.000 0.000 0.000 0.000 0.000 0.000 0.000 0.000 0.000 0.000 0.000 0.000 0.000 0.000 0.000 0.396 1.901 8.615 36.395 151.742 573.725 1827.235 4913.438 9831.847 20328.248 32396.504 42745.600 47237.606 52447.221 55942.637 53641.908 43206.830 33230.457
0.000 0.000 0.000 0.000 0.000 0.000 0.000 0.000 0.000 0.000 0.000 0.000 0.000 0.000 0.000 0.000 0.000 0.000 0.000 0.000 0.000 0.000 0.000 0.000 0.000 0.000 0.000 0.000 0.000 0.000 0.000 0.143 0.773 3.548 14.471 53.566 188.063 667.033 2065.905 5087.765 12698.249 23613.005 34970.119 42415.999 50292.635 57688.369 57822.562 51749.826 39354.610 29355.377
0.000 0.000 0.000 0.000 0.000 0.000 0.000 0.000 0.000 0.000 0.000 0.000 0.000 0.000 0.000 0.000 0.000 0.000 0.000 0.000 0.000 0.000 0.000 0.000 0.000 0.000 0.000 0.000 0.000 0.000 0.000 0.254 1.316 5.663 21.802 76.144 247.628 775.213 2259.420 6937.617 15815.065 26402.146 35202.643 45242.570 57269.260 60077.981 58389.943 46911.622 35356.151 28652.192
0.000 0.000 0.000 0.000 0.000 0.000 0.000 0.000 0.000 0.000 0.000 0.000 0.000 0.000 0.000 0.000 0.000 0.000 0.000 0.000 0.000 0.000 0.000 0.000 0.000 0.000 0.000 0.000 0.000 0.000 0.000 0.527 2.491 9.377 31.083 98.441 301.280 975.991 3313.549 9380.840 18622.016 27106.191 38647.096 54979.168 60003.754 61266.150 52883.729 42726.484 35744.132 27618.303
0.000 0.000 0.000 0.000 0.000 0.000 0.000 0.000 0.000 0.000 0.000 0.000 0.000 0.000 0.000 0.000 0.000 0.000 0.000 0.000 0.000 0.000 0.000 0.000 0.000 0.000 0.000 0.000 0.000 0.000 0.158 0.915 4.488 17.752 59.167 179.178 526.393 1579.380 4751.429 11848.419 19673.030 31919.015 49120.316 58824.495 61352.802 57552.815 49334.027 44603.509 33587.157 22920.880
0.000 0.000 0.000 0.000 0.000 0.000 0.000 0.000 0.000 0.000 0.000 0.000 0.000 0.000 0.000 0.000 0.000 0.000 0.000 0.000 0.000 0.000 0.000 0.000 0.000 0.000 0.000 0.000 0.000 0.000 0.409 2.371 10.500 38.975 120.996 331.383 887.144 2412.285 6530.254 13026.496 25524.363 41913.256 55658.972 60454.108 59934.032 56159.043 53230.829 40917.880 28574.298 16818.761
0.000 0.000 0.000 0.000 0.000 0.000 0.000 0.000 0.000 0.000 0.000 0.000 0.000 0.000 0.000 0.000 0.000 0.000 0.000 0.000 0.000 0.000 0.000 0.000 0.000 0.000 0.000 0.000 0.000 0.175 1.208 6.152 24.085 75.310 204.566 514.256 1281.019 3345.893 8734.879 19626.526 34119.026 48971.404 57338.688 59705.826 61684.626 61132.715 48056.381 34883.084 21270.849 11390.118
0.000 0.000 0.000 0.000 0.000 0.000 0.000 0.000 0.000 0.310 0.568 0.852 0.681 0.281 0.000 0.000 0.000 0.000 0.000 0.000 0.000 0.000 0.000 0.000 0.000 0.000 0.000 0.000 0.103 0.626 3.254 14.650 57.240 185.396 467.351 1045.661 2380.846 6213.592 14794.792 27148.495 40346.666 50350.114 60257.103 65813.651 65227.161 55773.726 40785.796 26288.497 14636.633 8128.801
0.000 0.000 0.000 0.000 0.000 0.000 0.000 0.154 1.076 2.924 3.944 2.578 1.864 0.718 0.217 0.000 0.000 0.000 0.000 0.000 0.000 0.000 0.000 0.000 0.000 0.000 0.000 0.143 0.586 3.177 13.835 54.261 174.095 449.313 990.213 2104.308 4630.504 10713.465 20233.896 31180.161 44146.426 60847.042 67415.227 69191.933 60894.997 45659.714 31191.622 18596.778 10772.756 5019.883
0.000 0.000 0.000 0.000 0.000 0.000 0.179 1.682 5.892 7.415 8.663 7.902 4.252 1.668 0.724 0.255 0.000 0.000 0.000 0.000 0.000 0.000 0.000 0.000 0.147 0.287 0.577 1.454 4.460 14.935 44.628 137.964 455.185 982.262 1798.940 3430.291 7431.596 14425.435 26500.824 43025.033 59223.320 67665.146 69363.741 63373.183 49850.032 35576.308 23013.176 13926.398 6602.584 2390.590
0.000 0.000 0.000 0.000 0.000 0.000 1.565 7.175 10.823 18.390 19.739 15.613 8.857 5.045 2.249 0.800 0.334 0.184 0.139 0.155 0.179 0.285 0.420 0.657 1.350 2.657 5.299 12.784 27.913 76.272 192.605 551.141 1294.085 2403.340 4148.555 7528.896 14089.119 25221.901 39426.568 55686.190 65112.737 66688.949 64128.572 53094.513 39455.021 27628.182 17309.792 8570.727 2904.486 910.405
0.000 0.000 0.000 0.000 0.000 0.843 5.905 10.417 21.148 31.079 33.027 31.677 25.016 14.611 6.857 3.032 1.442 1.070 1.022 1.096 1.413 2.221 3.314 5.392 10.768 20.145 37.190 75.287 146.728 284.313 592.380 1338.241 2541.383 4394.060 7614.875 13368.779 22757.555 34756.208 48188.457 59668.064 63862.981 62703.939 58095.625 44675.110 31965.979 20505.496 10246.841 3457.859 1111.972 247.256
0.000 0.000 0.000 0.000 0.214 3.106 7.366 17.886 30.944 43.375 58.552 69.246 68.665 46.762 22.778 11.196 7.396 5.494 6.458 6.949 10.030 15.232 22.327 34.704 63.155 111.255 186.424 290.926 529.821 1018.372 2028.636 3651.135 5943.111 9100.212 13770.764 20903.809 31237.289 43983.783 56787.213 64513.459 66001.194 61733.230 48560.249 35458.548 22826.406 11237.270 3588.729 1026.832 220.956 25.854
0.000 0.000 0.000 0.000 0.721 4.366 9.941 21.111 33.276 55.747 88.669 120.304 133.232 122.480 81.680 43.543 36.505 33.487 37.419 39.578 56.641 83.556 119.407 159.700 260.997 440.078 695.276 1075.534 1674.766 2639.018 4558.543 7456.983 11326.005 16783.988 24410.498 34071.970 45238.209 56418.366 64201.670 65563.730 61403.823 49604.080 36682.087 23900.747 12215.232 4033.701 1116.797 183.615 24.965 3.822
0.000 0.000 0.000 0.000 1.372 3.827 10.269 19.542 33.740 65.746 116.718 171.083 203.831 239.429 252.415 212.051 187.211 170.806 190.583 202.522 248.728 362.429 502.448 664.237 863.241 1295.607 2046.859 3118.605 4704.734 7053.666 10034.380 13443.798 17887.625 24696.145 33246.231 42829.952 52501.384 59211.323 60190.086 57907.579 48209.869 36051.716 23586.705 12150.586 4145.716 1036.739 164.797 24.377 3.730 0.590
