tests/test_03/output1/CloudConcentration_005.00hrs.dat
NCOLS    50
NROWS    50
XLLCORNER    -2289770.000
YLLCORNER     2591270.000
CELLSIZE        2000.000       2000.000
NODATA_VALUE  0.000
[rows 0 to 29 of 50, columns 0 to 49 of 50]
0.000000 0.000000 0.000000 0.000000 0.000000 0.000000 0.000000 0.266232 1.638443 9.350157 49.950668 246.607788 1229.498779 6304.322754 13880.631836 22512.587891 30814.671875 37933.316406 43474.812500 46011.468750 46693.179688 46064.253906 45912.328125 49670.917969 52864.195312 52870.191406 52087.976562 48404.222656 44669.523438 46793.933594 47450.125000 43059.773438 37104.167969 28692.234375 23077.003906 17424.441406 11465.665039 5104.391113 1913.510010 417.796387 53.616508 8.070691 1.286217 0.209958 0.000000 0.000000 0.000000 0.000000 0.000000 0.000000
0.000000 0.000000 0.000000 0.000000 0.000000 0.000000 0.251972 1.575544 9.222609 51.558094 271.718079 1518.460083 7002.866699 14625.466797 23247.537109 32486.550781 41541.835938 48660.515625 52895.757812 54914.148438 54547.179688 52452.300781 50175.085938 48585.359375 52328.359375 55376.382812 56630.046875 56362.085938 52561.824219 48459.140625 53333.589844 54405.914062 48978.300781 41334.046875 33252.808594 27762.734375 21452.179688 13834.304688 5449.004883 1979.956543 380.595581 51.946060 7.850459 1.261736 0.201918 0.000000 0.000000 0.000000 0.000000 0.000000
0.000000 0.000000 0.000000 0.000000 0.000000 0.273923 1.689053 10.192359 59.162704 339.078766 2109.495361 9086.647461 18329.437500 27335.841797 35809.230469 43684.777344 52909.128906 57902.132812 59626.390625 59162.875000 57966.546875 56427.195312 54071.539062 51381.687500 49425.367188 53063.785156 56352.644531 57701.328125 58837.300781 56851.222656 53486.242188 58407.421875 60310.160156 56951.031250 47002.433594 39424.898438 33580.324219 25882.646484 15840.788086 6248.358398 2107.971436 350.624512 50.034924 7.621847 1.208142 0.187039 0.000000 0.000000 0.000000 0.000000
0.000000 0.000000 0.000000 0.000000 0.308112 1.843412 11.068302 66.769867 409.276306 2661.428467 11089.416016 22099.464844 32953.523438 42602.953125 50793.628906 54958.570312 55815.847656 58144.738281 58776.281250 57519.214844 55878.648438 54360.695312 52998.289062 51245.121094 48759.546875 46243.476562 49764.437500 54592.496094 57074.140625 58450.515625 57056.277344 55820.050781 61882.277344 64799.550781 62163.964844 52260.390625 47035.875000 39180.304688 29605.136719 18005.578125 7163.821777 2080.754150 339.539825 47.162224 7.216846 1.124440 0.169359 0.000000 0.000000 0.000000
0.000000 0.000000 0.000000 0.343406 2.020384 11.999550 73.202644 472.579559 3169.046875 12484.052734 24681.230469 37026.933594 49116.789062 58830.394531 61731.382812 61277.449219 58861.234375 54474.910156 49370.121094 46462.109375 45201.472656 45000.855469 44997.765625 44086.273438 43428.585938 42102.039062 40539.710938 42745.449219 49882.035156 54471.164062 56452.597656 55356.269531 57706.339844 64597.371094 67988.523438 65243.710938 56610.695312 54157.070312 44195.812500 32350.349609 18851.076172 7632.292969 2121.619873 314.935577 44.101154 6.743344 1.039153 0.156317 0.000000 0.000000
0.000000 0.000000 0.360443 2.142078 12.751954 78.694466 523.518311 3429.772949 12790.203125 25679.617188 39272.140625 52646.082031 63058.000000 66217.320312 66051.546875 62374.261719 55424.812500 47928.410156 41123.113281 35714.496094 32027.560547 30316.810547 31065.464844 31947.193359 32642.748047 33122.351562 33555.507812 33176.085938 33731.191406 41300.476562 47827.226562 51624.179688 52236.027344 58745.164062 65954.367188 69001.531250 66876.406250 62936.304688 59878.515625 47159.300781 33964.796875 18906.078125 8092.703125 2078.536621 284.310547 40.733356 6.265719 0.976906 0.148940 0.000000
0.000000 0.360133 2.171517 13.127084 82.242409 559.245300 3481.221680 12415.225586 24768.734375 38480.710938 52784.746094 63758.437500 67178.164062 67686.203125 63484.703125 53243.980469 43059.332031 34978.718750 29646.597656 26204.669922 23370.562500 20944.925781 18997.927734 18907.076172 20128.859375 21720.027344 23081.574219 24303.798828 24520.771484 25151.935547 32461.759766 39604.664062 44731.328125 47377.375000 58049.917969 66025.226562 68056.453125 66745.875000 69067.664062 62125.839844 48880.015625 33340.484375 18860.820312 8412.375000 1960.799805 251.892151 37.246708 5.863483 0.932918 0.162413
0.364429 2.145950 13.193295 84.672783 583.788574 3430.783203 11601.956055 22892.646484 35801.539062 49380.984375 60038.148438 65811.953125 66375.546875 59934.867188 46769.828125 34761.101562 25765.873047 20794.601562 18131.269531 16230.255859 14489.587891 13088.097656 12046.054688 11123.437500 10330.473633 11129.888672 12619.173828 14278.780273 15841.013672 17105.421875 18131.773438 24937.582031 31807.251953 37285.691406 41163.476562 55928.796875 65243.441406 66101.078125 69254.835938 72013.804688 62774.519531 47800.519531 31994.611328 18136.943359 8395.865234 1717.109741 218.480621 33.747864 5.482310 1.014437
2.327861 13.242077 85.555298 585.516235 3265.635498 10566.512695 20595.419922 32036.222656 43893.703125 54108.964844 60947.097656 60464.523438 52896.656250 38681.742188 24788.505859 15244.941406 11398.752930 9795.901367 8742.143555 7749.031738 6942.557129 6401.618652 6027.987305 5694.308594 5454.664551 5287.333008 5029.371094 6195.410156 7916.100098 9511.461914 11082.767578 12180.651367 18121.824219 24579.478516 29600.466797 35733.289062 51146.230469 60609.652344 65219.335938 71927.671875 72640.640625 60556.707031 45401.625000 30008.455078 18669.613281 7893.552734 1408.407104 183.976669 29.779716 5.816925
14.899992 87.289253 572.603210 3015.404297 9405.436523 18120.824219 27996.529297 38064.542969 47378.292969 53369.640625 52047.234375 44197.011719 29950.541016 16269.843750 7599.408691 5131.184570 4177.987305 3647.990723 3190.740967 2763.200684 2468.264893 2300.219727 2203.952148 2160.191895 2163.266602 2129.928711 2232.235352 2263.173096 2653.270996 3767.823975 5062.495117 6401.956055 7464.205078 12579.858398 18183.824219 21728.628906 32618.615234 46188.828125 54091.289062 67648.234375 73013.101562 69210.757812 57319.304688 42069.648438 29885.158203 17969.921875 6780.253418 1042.640625 151.183853 30.107012
90.100655 545.566284 2708.153076 8191.821289 15548.313477 23892.533203 32375.017578 40781.750000 44711.179688 43260.628906 35954.351562 22457.267578 10028.513672 3552.405762 2082.778809 1553.688110 1289.480835 1107.549805 936.098816 795.266968 712.805481 672.744446 648.107239 645.142456 664.781738 703.493347 749.422974 839.354065 919.490479 1090.131836 1650.672852 2344.525879 3243.478516 4357.748535 8106.688477 12646.524414 17339.208984 30156.654297 40323.718750 54238.683594 69003.390625 69699.656250 64352.343750 53238.593750 41917.066406 28783.353516 15683.638672 5171.649902 727.412842 144.990799
517.908508 2394.779785 6998.036133 13060.436523 19967.189453 26944.505859 34172.882812 36575.710938 35268.292969 28566.531250 16616.173828 6261.527832 1719.778564 804.053955 518.581787 390.145477 321.356720 269.875854 222.908173 187.006424 168.220520 160.911514 156.738220 158.416641 165.177963 181.488541 211.803635 251.932449 301.469238 348.758545 457.330566 721.819153 1093.855591 1521.574463 2889.166260 5419.139648 8568.772461 16751.748047 27414.300781 38132.632812 56896.871094 66428.718750 65501.925781 61961.800781 53606.562500 39357.242188 24887.628906 12438.062500 3477.766113 629.668396
2112.883545 5889.771973 10799.550781 16456.337891 22174.492188 28047.103516 29643.578125 28469.230469 22641.779297 12553.099609 4174.696777 929.190918 323.212250 165.982574 107.293571 79.374092 63.940464 52.198498 42.218571 34.917294 32.308857 31.601526 31.415800 31.815826 33.481022 38.476738 49.108757 63.713638 80.785629 104.257652 124.483292 219.019516 381.871124 581.736877 1185.270630 2430.390869 4084.469971 8808.703125 16649.437500 24456.738281 42961.191406 55857.242188 63084.078125 65669.031250 62288.894531 49309.199219 34216.078125 19637.496094 8875.844727 2697.710449
4873.392090 8841.417969 13402.366211 18066.367188 22770.423828 23812.347656 22829.464844 18066.554688 9756.066406 2969.612305 582.105408 153.667816 56.673306 28.540962 17.717903 12.578071 9.806245 7.870980 6.368676 5.399757 5.105965 5.080453 5.137259 5.342175 5.881329 7.355771 9.626609 13.383660 19.713202 27.077843 37.101856 74.297951 145.589432 247.113861 590.863770 1301.612793 2289.832031 5178.974609 9897.432617 16276.503906 30803.777344 45004.175781 54589.941406 65486.921875 64842.003906 57422.007812 42048.234375 26782.093750 14575.143555 7111.402832
7296.408203 10835.914062 14607.635742 18386.060547 19127.039062 18335.664062 14513.801758 7771.140137 2280.754395 424.006104 93.109253 24.592247 8.478429 3.919711 2.278102 1.541494 1.170822 0.957421 0.817953 0.726597 0.698220 0.703840 0.735599 0.824911 0.989271 1.205755 1.615376 2.537253 4.156258 7.196104 12.408538 27.546671 64.080757 119.871140 333.242462 781.592224 1593.336304 3564.644043 6614.814941 11830.261719 22568.066406 35362.687500 45765.660156 61326.929688 64956.421875 60769.242188 48237.273438 33303.410156 20318.417969 12472.109375
8916.775391 11674.667969 14765.076172 15324.011719 14720.748047 11682.648438 6239.300293 1829.373047 352.379303 77.103912 15.866768 3.656450 1.077513 0.432971 0.234266 0.000000 0.000000 0.000000 0.000000 0.000000 0.000000 0.000000 0.000000 0.000000 0.000000 0.191537 0.271979 0.459323 0.895682 1.952726 4.224134 10.706164 30.626738 64.062767 205.794968 496.459167 1176.061401 2714.374756 4917.041016 9687.466797 17950.378906 28201.160156 38848.527344 55124.070312 62005.074219 60205.101562 51681.062500 38935.761719 27317.251953 18573.830078
9500.667969 11668.482422 12136.251953 11705.625000 9426.569336 5045.771973 1461.603516 289.764771 71.320557 15.613106 2.793958 0.518462 0.000000 0.000000 0.000000 0.000000 0.000000 0.000000 0.000000 0.000000 0.000000 0.000000 0.000000 0.000000 0.000000 0.000000 0.000000 0.000000 0.202148 0.516701 1.468559 4.126650 13.977280 35.000488 127.294136 317.351990 827.398132 2040.428955 3775.939941 8169.554199 15098.875977 23189.414062 34348.207031 49541.968750 58481.003906 57888.214844 52058.839844 43967.625000 34121.449219 24731.898438
9272.814453 9492.895508 9198.024414 7498.633789 4014.291260 1142.979492 220.592484 57.828354 16.270456 3.639599 0.587722 0.000000 0.000000 0.000000 0.000000 0.000000 0.000000 0.000000 0.000000 0.000000 0.000000 0.000000 0.000000 0.000000 0.000000 0.000000 0.000000 0.000000 0.000000 0.130252 0.444911 1.409033 5.096399 16.481339 61.396500 183.626297 540.159912 1440.586060 2855.886963 6759.020508 12673.849609 19666.677734 31578.232422 44923.207031 53938.980469 54840.171875 51430.218750 48526.160156 39686.390625 29927.509766
7277.774414 7090.913086 5922.882324 3195.193848 896.317444 167.600021 42.802887 12.332149 3.493357 0.754761 0.138900 0.000000 0.000000 0.000000 0.000000 0.000000 0.000000 0.000000 0.000000 0.000000 0.000000 0.000000 0.000000 0.000000 0.000000 0.000000 0.000000 0.000000 0.000000 0.000000 0.096447 0.399956 1.565962 5.804557 25.664812 91.572327 346.041840 976.243042 2339.999512 5585.021484 10560.892578 17229.753906 29733.753906 41589.109375 49737.746094 51871.699219 51988.285156 51547.253906 42711.761719 33671.671875
5352.985840 4546.948730 2486.211426 714.793945 123.415733 29.445122 8.106791 2.325150 0.624660 0.129381 0.000000 0.000000 0.000000 0.000000 0.000000 0.000000 0.000000 0.000000 0.000000 0.000000 0.000000 0.000000 0.000000 0.000000 0.000000 0.000000 0.000000 0.000000 0.000000 0.000000 0.000000 0.119065 0.571634 2.979191 13.883051 53.550953 250.185135 691.692810 2014.221436 4791.678223 8936.536133 16492.027344 27841.517578 38870.523438 46040.089844 48906.406250 53644.203125 53208.589844 44439.984375 35583.625000
3511.338867 1901.874878 533.920654 85.277298 18.584101 4.820391 1.317872 0.360185 0.000000 0.000000 0.000000 0.000000 0.000000 0.000000 0.000000 0.000000 0.000000 0.000000 0.000000 0.000000 0.000000 0.000000 0.000000 0.000000 0.000000 0.000000 0.000000 0.000000 0.000000 0.000000 0.000000 0.000000 0.343046 1.722484 8.192131 41.656139 201.128784 562.247253 1778.132324 4177.429199 7910.331543 16058.752930 26299.089844 35979.382812 42741.011719 50672.484375 54971.687500 53448.199219 45311.300781 36063.316406
1627.744141 457.078217 62.039101 11.105307 2.573278 0.659992 0.000000 0.000000 0.000000 0.000000 0.000000 0.000000 0.000000 0.000000 0.000000 0.000000 0.000000 0.000000 0.000000 0.000000 0.000000 0.000000 0.000000 0.000000 0.000000 0.000000 0.000000 0.000000 0.000000 0.000000 0.000000 0.000000 0.236327 1.274811 6.722831 33.266647 156.702499 506.027252 1585.234131 3672.844238 7806.278809 16108.339844 25469.791016 33613.066406 40993.007812 51763.300781 54748.992188 53129.089844 43823.359375 35817.097656
476.546143 64.098846 8.059255 1.355533 0.293135 0.000000 0.000000 0.000000 0.000000 0.000000 0.000000 0.000000 0.000000 0.000000 0.000000 0.000000 0.000000 0.000000 0.000000 0.000000 0.000000 0.000000 0.000000 0.000000 0.000000 0.000000 0.000000 0.000000 0.000000 0.000000 0.000000 0.000000 0.211323 1.132098 5.549243 25.786306 111.359055 454.206268 1431.849854 3270.053467 8040.050781 15982.043945 24608.751953 31986.792969 43670.312500 52441.968750 54373.523438 51022.746094 41861.464844 34756.027344
81.938370 9.092558 0.975713 0.000000 0.000000 0.000000 0.000000 0.000000 0.000000 0.000000 0.000000 0.000000 0.000000 0.000000 0.000000 0.000000 0.000000 0.000000 0.000000 0.000000 0.000000 0.000000 0.000000 0.000000 0.000000 0.000000 0.000000 0.000000 0.000000 0.000000 0.000000 0.000000 0.182824 0.980145 4.720068 24.530104 109.419388 432.015259 1290.208130 3264.000732 8418.551758 15955.021484 23642.958984 33026.632812 46481.972656 52274.636719 53397.628906 48311.371094 40130.660156 37581.082031
7.033509 0.744988 0.000000 0.000000 0.000000 0.000000 0.000000 0.000000 0.000000 0.000000 0.000000 0.000000 0.000000 0.000000 0.000000 0.000000 0.000000 0.000000 0.000000 0.000000 0.000000 0.000000 0.000000 0.000000 0.000000 0.000000 0.000000 0.000000 0.000000 0.000000 0.000000 0.000000 0.153465 0.904038 5.177555 25.508757 114.206970 429.159088 1201.977417 3562.525879 8714.017578 15563.499023 22703.910156 36522.425781 48264.351562 52497.515625 51446.515625 45920.687500 43458.984375 39265.347656
0.000000 0.000000 0.000000 0.000000 0.000000 0.000000 0.000000 0.000000 0.000000 0.000000 0.000000 0.000000 0.000000 0.000000 0.000000 0.000000 0.000000 0.000000 0.000000 0.000000 0.000000 0.000000 0.000000 0.000000 0.000000 0.000000 0.000000 0.000000 0.000000 0.000000 0.000000 0.000000 0.173800 1.088905 5.780314 27.527613 119.002449 422.144562 1380.288696 4080.088867 9070.891602 15178.111328 25735.406250 39335.628906 49204.152344 51353.542969 49647.421875 47968.324219 45585.093750 38176.367188
0.000000 0.000000 0.000000 0.000000 0.000000 0.000000 0.000000 0.000000 0.000000 0.000000 0.000000 0.000000 0.000000 0.000000 0.000000 0.000000 0.000000 0.000000 0.000000 0.000000 0.000000 0.000000 0.000000 0.000000 0.000000 0.000000 0.000000 0.000000 0.000000 0.000000 0.000000 0.000000 0.252877 1.410675 6.701826 29.013845 120.745529 472.823822 1626.721191 4395.966797 9160.833984 16797.431641 29352.093750 41215.761719 48833.070312 50245.921875 51110.636719 52170.621094 44917.796875 36590.000000
0.000000 0.000000 0.000000 0.000000 0.000000 0.000000 0.000000 0.000000 0.000000 0.000000 0.000000 0.000000 0.000000 0.000000 0.000000 0.000000 0.000000 0.000000 0.000000 0.000000 0.000000 0.000000 0.000000 0.000000 0.000000 0.000000 0.000000 0.000000 0.000000 0.000000 0.000000 0.000000 0.396331 1.900785 8.615372 36.394699 151.741760 573.725281 1827.234497 4913.437500 9831.846680 20328.248047 32396.503906 42745.601562 47237.605469 52447.222656 55942.636719 53641.906250 43206.832031 33230.457031
0.000000 0.000000 0.000000 0.000000 0.000000 0.000000 0.000000 0.000000 0.000000 0.000000 0.000000 0.000000 0.000000 0.000000 0.000000 0.000000 0.000000 0.000000 0.000000 0.000000 0.000000 0.000000 0.000000 0.000000 0.000000 0.000000 0.000000 0.000000 0.000000 0.000000 0.000000 0.143486 0.772786 3.547678 14.471322 53.566147 188.062744 667.033508 2065.904785 5087.764648 12698.249023 23613.005859 34970.117188 42416.000000 50292.636719 57688.371094 57822.562500 51749.824219 39354.609375 29355.376953
0.000000 0.000000 0.000000 0.000000 0.000000 0.000000 0.000000 0.000000 0.000000 0.000000 0.000000 0.000000 0.000000 0.000000 0.000000 0.000000 0.000000 0.000000 0.000000 0.000000 0.000000 0.000000 0.000000 0.000000 0.000000 0.000000 0.000000 0.000000 0.000000 0.000000 0.000000 0.253808 1.315763 5.662535 21.802002 76.144333 247.628006 775.213135 2259.419678 6937.617676 15815.064453 26402.146484 35202.644531 45242.570312 57269.257812 60077.980469 58389.941406 46911.621094 35356.152344 28652.193359
