tests/test_03/output1/CloudLoad_010.00hrs.dat
NCOLS    50
NROWS    50
XLLCORNER    -2289770.000
YLLCORNER     2591270.000
CELLSIZE        2000.000       2000.000
NODATA_VALUE  0.000
[rows 0 to 44 of 50, columns 0 to 49 of 50]
296.528 321.932 355.243 394.049 438.473 488.621 544.925 607.709 677.817 757.103 847.864 952.593 1074.597 1216.062 1379.946 1571.768 1795.321 2052.615 2349.842 2699.227 3113.457 3596.088 4145.746 4770.234 5487.354 6316.238 7265.803 8328.561 9502.164 10790.084 12186.641 13632.577 15028.273 16332.214 17311.809 18076.466 18248.060 18081.510 17538.435 16226.725 14694.645 12586.434 10635.375 8531.981 6803.491 5013.788 3434.192 2304.733 1365.938 232.984
162.593 179.294 201.076 226.030 254.172 285.866 321.837 363.196 411.402 468.356 536.179 616.886 712.574 826.397 963.190 1127.151 1320.200 1546.993 1819.522 2150.161 2541.933 2991.637 3510.171 4123.710 4853.975 5703.841 6661.573 7738.400 8959.327 10326.521 11817.063 13371.072 14855.158 16317.355 17460.502 18358.207 18674.271 18607.871 18140.910 16911.464 15476.678 13359.378 11360.267 9176.960 7362.520 5468.128 3766.542 2540.934 1529.926 274.918
115.675 128.780 145.759 165.084 186.836 211.501 239.928 273.470 313.699 362.339 421.123 491.715 576.309 678.846 803.827 954.093 1132.441 1346.074 1607.221 1924.762 2297.267 2724.994 3227.111 3830.047 4550.511 5391.553 6348.189 7428.337 8656.485 10049.132 11595.337 13223.539 14805.402 16362.198 17687.721 18747.976 19277.067 19349.306 18979.773 17831.761 16509.387 14397.173 12334.611 10046.663 8112.165 6077.466 4214.907 2850.615 1742.393 331.234
61.647 70.305 81.363 93.869 108.006 124.433 144.159 168.608 199.353 237.894 285.441 343.405 414.704 503.758 613.723 746.660 907.375 1105.083 1350.560 1648.577 1995.842 2398.192 2881.926 3472.883 4184.994 5020.225 5977.066 7064.826 8309.733 9735.519 11350.018 13090.159 14777.273 16443.949 17950.326 19166.708 19925.532 20172.857 19908.215 18826.067 17591.911 15508.562 13401.479 11014.904 8945.588 6758.285 4726.588 3198.626 1981.130 401.025
34.330 39.691 46.475 54.374 63.706 75.148 89.812 108.544 132.403 162.621 200.410 247.969 309.101 386.617 482.520 600.181 745.276 927.199 1152.847 1423.346 1742.839 2126.563 2596.041 3170.520 3866.253 4694.282 5655.422 6755.318 8016.400 9466.440 11120.779 12956.298 14798.584 16569.587 18261.597 19629.083 20595.095 21044.994 20910.925 19898.347 18723.510 16680.265 14552.134 12083.997 9866.190 7514.631 5302.682 3584.305 2245.697 482.399
13.755 16.309 19.862 24.486 30.631 38.612 48.850 62.336 79.818 102.078 131.272 170.418 221.584 286.367 368.340 471.090 599.199 759.673 959.854 1206.107 1506.902 1874.317 2324.201 2877.505 3555.509 4373.666 5341.202 6465.503 7752.868 9220.150 10904.952 12814.199 14812.819 16744.856 18593.633 20140.604 21288.718 21907.517 21952.124 21059.795 19912.509 17906.579 15772.776 13255.525 10876.163 8336.482 5949.509 4013.959 2541.574 581.447
5.501 6.580 8.255 10.771 14.433 19.667 26.803 36.061 48.217 65.042 88.542 120.304 162.197 216.909 286.912 374.705 484.466 623.939 802.809 1029.584 1312.409 1662.399 2093.430 2624.639 3279.111 4081.254 5051.485 6196.064 7517.980 9026.372 10743.334 12681.627 14796.215 16897.151 18928.992 20678.400 22014.324 22791.181 22984.243 22290.345 21164.863 19185.411 17057.172 14518.590 11983.671 9238.953 6675.771 4497.039 2872.952 701.926
2.095 2.595 3.465 4.846 6.930 9.886 14.037 20.155 29.377 42.633 60.909 85.825 119.583 164.220 221.732 294.805 388.240 509.802 669.587 877.567 1142.998 1476.251 1889.910 2400.881 3033.538 3816.037 4776.618 5934.579 7292.774 8852.481 10621.863 12603.793 14772.134 17006.505 19212.093 21212.509 22768.787 23694.864 24030.473 23549.145 22479.746 20516.200 18394.357 15859.944 13187.730 10235.829 7495.113 5040.574 3244.308 846.321
0.761 1.029 1.508 2.240 3.352 5.057 7.799 12.315 19.319 29.305 43.069 62.079 88.201 123.425 170.020 231.155 311.908 419.376 562.838 752.843 999.721 1314.572 1711.470 2207.809 2824.598 3588.156 4530.754 5682.427 7059.538 8665.932 10502.445 12553.869 14771.873 17091.387 19445.471 21691.649 23510.951 24622.728 25073.810 24816.793 23844.393 21895.038 19777.412 17263.440 14479.803 11325.640 8410.190 5652.597 3666.018 1019.262
0.268 0.434 0.682 1.037 1.653 2.829 4.861 8.180 13.145 20.312 30.597 44.979 64.621 91.636 129.256 181.404 252.676 348.973 478.233 650.289 876.408 1170.169 1549.177 2033.053 2639.798 3390.859 4313.890 5446.697 6823.931 8462.054 10364.303 12502.481 14788.467 17173.357 19615.462 22051.112 24113.507 25594.974 26130.347 26062.427 25235.916 23320.739 21204.673 18704.927 15842.478 12502.251 9434.851 6337.370 4135.012 1219.666
0.000 0.000 0.311 0.507 0.900 1.783 3.444 5.689 8.805 13.689 21.151 31.655 46.217 67.180 98.180 143.424 207.025 293.741 410.190 565.631 772.329 1045.434 1403.023 1866.759 2460.034 3203.496 4120.305 5241.014 6605.419 8252.140 10195.702 12412.927 14788.461 17264.823 19753.135 22330.784 24582.668 26422.274 27211.810 27263.612 26606.194 24765.080 22656.691 20171.486 17257.135 13745.156 10545.894 7093.868 4653.692 1450.310
0.000 0.000 0.000 0.283 0.586 1.220 2.145 3.465 5.440 8.534 13.490 21.221 32.771 49.866 75.552 114.209 170.536 248.724 353.990 494.990 684.912 939.333 1276.538 1717.748 2287.758 3014.595 3926.935 5047.896 6408.759 8051.038 10004.130 12271.102 14727.011 17326.729 19886.603 22540.297 24982.477 26982.887 28156.689 28394.372 27900.606 26176.953 24098.807 21659.255 18707.339 15040.044 11720.537 7926.917 5221.243 1716.828
0.000 0.000 0.000 0.000 0.370 0.596 1.032 1.924 3.308 5.302 8.660 14.636 24.337 38.943 60.634 93.020 140.829 209.328 304.407 434.163 610.447 848.651 1166.166 1584.188 2127.768 2829.261 3723.584 4840.602 6205.719 7848.512 9800.857 12076.140 14577.016 17284.980 19984.604 22685.635 25260.115 27417.944 28862.742 29371.261 29122.785 27529.117 25516.274 23145.746 20151.407 16369.836 12952.915 8825.442 5830.646 2011.579
0.000 0.000 0.000 0.000 0.000 0.286 0.545 1.034 2.002 3.636 6.218 10.561 18.185 30.889 50.024 77.450 116.999 174.718 258.632 377.832 543.024 767.036 1066.586 1463.030 1982.322 2655.453 3521.285 4620.519 5982.806 7627.362 9578.249 11832.792 14350.157 17118.400 19938.356 22760.807 25450.716 27732.259 29344.521 30122.587 30279.685 28805.070 26848.321 24594.488 21563.452 17708.170 14208.470 9774.713 6484.451 2344.184
0.000 0.000 0.000 0.000 0.000 0.000 0.266 0.552 1.160 2.413 4.527 7.927 13.762 23.945 40.184 63.937 98.031 147.670 220.550 326.796 477.870 686.377 968.033 1344.703 1843.472 2492.827 3328.200 4391.627 5728.424 7368.298 9321.166 11557.881 14052.787 16825.057 19718.320 22642.792 25447.868 27887.391 29645.701 30644.423 31059.683 29987.192 28110.542 25989.898 22930.475 19037.090 15485.137 10779.667 7174.957 2713.034
0.000 0.000 0.000 0.000 0.000 0.000 0.000 0.355 0.750 1.594 3.297 6.187 10.868 18.621 31.297 51.127 80.885 124.908 189.955 284.516 419.113 607.838 868.398 1222.559 1698.450 2325.480 3134.105 4164.094 5456.711 7056.930 8992.804 11201.200 13678.338 16422.297 19306.182 22310.970 25200.145 27832.988 29673.092 30915.240 31571.747 30847.384 29184.113 27272.823 24210.774 20315.273 16753.653 11822.363 7894.435 3108.769
0.000 0.000 0.000 0.000 0.000 0.000 0.000 0.251 0.529 1.097 2.334 4.669 8.430 14.352 24.030 39.896 65.466 104.991 163.201 246.840 366.510 536.261 773.926 1102.039 1548.215 2144.483 2921.889 3916.853 5165.985 6709.540 8587.046 10752.097 13205.717 15884.289 18737.344 21747.637 24702.052 27473.723 29431.104 30833.973 31709.789 31441.695 29982.528 28335.545 25383.092 21519.417 17972.736 12893.694 8643.538 3551.447
0.000 0.000 0.000 0.000 0.000 0.000 0.000 0.000 0.349 0.716 1.469 3.113 6.143 10.875 18.488 31.327 52.441 85.772 136.560 211.025 318.267 470.951 686.479 987.177 1399.316 1953.771 2687.523 3637.475 4837.066 6311.527 8101.465 10178.803 12571.058 15199.799 18021.402 20972.237 23937.922 26768.428 28902.179 30451.971 31532.908 31543.395 30564.820 29129.017 26413.444 22624.712 19138.747 13974.381 9417.277 4030.074
0.000 0.000 0.000 0.000 0.000 0.000 0.000 0.000 0.000 0.512 1.048 2.051 4.121 8.072 14.694 25.215 42.015 69.086 111.306 175.086 269.733 407.010 602.039 874.905 1250.927 1760.662 2435.381 3317.344 4447.130 5854.836 7549.073 9528.097 11823.745 14354.771 17135.228 20015.152 22918.799 25733.319 27987.301 29767.558 30995.335 31350.134 30640.457 29661.744 27221.858 23594.150 20166.234 15024.812 10204.154 4539.595
0.000 0.000 0.000 0.000 0.000 0.000 0.000 0.000 0.000 0.293 0.729 1.591 2.975 5.601 10.814 19.703 33.757 55.528 89.652 142.455 222.654 341.692 514.222 758.513 1097.675 1561.244 2177.607 2983.053 4023.261 5338.321 6933.182 8803.284 10972.817 13380.491 16054.079 18861.778 21702.112 24442.162 26800.305 28710.704 30130.587 30834.309 30384.704 29767.433 27809.109 24393.200 21095.348 16024.072 10994.161 5097.230
0.000 0.000 0.000 0.000 0.000 0.000 0.000 0.000 0.000 0.000 0.435 1.028 2.093 4.023 7.628 13.990 24.959 42.989 71.277 114.965 181.535 280.706 427.111 638.488 938.125 1352.571 1909.128 2639.039 3581.527 4783.667 6260.392 8011.912 10036.612 12300.685 14825.530 17514.987 20285.782 22916.290 25257.624 27326.731 28908.149 29930.943 29818.513 29493.018 28010.459 24971.243 21849.204 16955.714 11769.362 5678.281
0.000 0.000 0.000 0.000 0.000 0.000 0.000 0.000 0.000 0.000 0.214 0.500 1.155 2.666 5.229 9.562 17.520 31.260 53.640 89.290 144.460 226.608 347.817 524.734 779.807 1138.893 1629.656 2283.209 3131.847 4211.048 5549.247 7163.878 9028.513 11144.104 13486.800 16032.708 18663.728 21188.447 23521.050 25671.758 27385.468 28646.816 28975.140 28884.557 27923.465 25273.088 22425.083 17795.820 12517.039 6277.539
0.000 0.000 0.000 0.000 0.000 0.000 0.000 0.000 0.000 0.000 0.000 0.239 0.580 1.390 3.229 6.421 11.939 21.475 37.983 65.100 108.178 175.387 276.736 422.906 632.771 931.493 1350.789 1922.104 2675.812 3641.180 4831.982 6280.297 7974.811 9924.489 12102.865 14457.067 16910.154 19307.140 21611.619 23787.152 25583.778 27033.532 27778.258 27990.600 27431.364 25272.818 22806.707 18489.597 13223.965 6903.316
0.000 0.000 0.000 0.000 0.000 0.000 0.000 0.000 0.000 0.000 0.000 0.000 0.284 0.688 1.573 3.515 7.645 14.770 26.333 45.525 77.498 128.439 206.843 326.152 500.537 745.630 1092.450 1573.429 2222.887 3069.849 4124.099 5403.015 6909.164 8684.396 10676.548 12821.550 15079.310 17327.644 19603.756 21771.312 23588.053 25171.983 26305.926 26784.291 26678.701 24981.127 22887.729 19033.084 13876.737 7515.818
0.000 0.000 0.000 0.000 0.000 0.000 0.000 0.000 0.000 0.000 0.000 0.000 0.000 0.298 0.734 1.735 3.846 8.257 16.585 30.860 54.098 90.722 147.894 236.771 372.017 574.430 866.355 1265.089 1801.346 2514.840 3428.524 4552.700 5885.444 7452.247 9266.806 11209.913 13240.451 15341.001 17518.123 19624.481 21513.081 23193.219 24530.073 25363.241 25643.250 24372.880 22733.061 19392.766 14439.721 8126.994
0.000 0.000 0.000 0.000 0.000 0.000 0.000 0.000 0.000 0.000 0.000 0.000 0.000 0.000 0.314 0.778 1.936 4.358 8.997 17.881 33.813 60.002 102.234 168.011 267.914 422.207 653.522 981.722 1429.435 2019.949 2778.738 3738.436 4912.297 6299.673 7889.800 9639.089 11482.454 13435.049 15467.552 17449.180 19420.095 21138.855 22638.691 23725.811 24341.098 23575.136 22316.054 19511.838 14903.932 8719.902
0.000 0.000 0.000 0.000 0.000 0.000 0.000 0.000 0.000 0.000 0.000 0.000 0.000 0.000 0.000 0.350 0.863 2.114 5.148 10.560 19.729 36.181 65.028 113.031 189.638 307.596 481.668 732.696 1092.229 1582.655 2216.210 3015.224 4012.088 5238.857 6616.728 8144.911 9822.693 11645.554 13511.184 15370.321 17300.783 19108.266 20698.382 21941.426 22851.599 22591.575 21629.435 19414.710 15175.189 9268.479
0.000 0.000 0.000 0.000 0.000 0.000 0.000 0.000 0.000 0.000 0.000 0.000 0.000 0.000 0.000 0.000 0.397 0.992 2.369 5.402 11.187 21.855 40.900 72.850 125.536 210.856 343.797 540.588 818.052 1198.797 1715.960 2393.120 3237.978 4253.477 5447.907 6801.395 8305.558 9940.710 11658.321 13427.934 15251.227 17043.678 18724.115 20055.570 21173.078 21354.859 20754.940 19129.465 15359.411 9779.868
0.000 0.000 0.000 0.000 0.000 0.000 0.000 0.000 0.000 0.000 0.000 0.000 0.000 0.000 0.000 0.000 0.000 0.424 1.041 2.495 5.752 12.080 23.919 45.152 81.548 141.413 235.362 377.973 592.320 899.066 1312.624 1852.485 2556.091 3412.082 4397.154 5575.965 6889.499 8316.580 9856.716 11510.110 13224.646 14936.084 16600.256 18053.064 19269.758 19875.474 19723.569 18559.939 15294.117 10212.060
0.000 0.000 0.000 0.000 0.000 0.000 0.000 0.000 0.000 0.000 0.000 0.000 0.000 0.000 0.000 0.000 0.000 0.000 0.438 1.071 2.579 6.029 13.060 26.481 49.630 89.184 155.406 262.558 423.269 652.248 974.753 1417.612 1974.259 2650.225 3476.235 4441.908 5537.470 6777.099 8136.490 9612.236 11173.636 12801.099 14373.913 15885.826 17211.224 18099.575 18319.482 17715.756 14989.960 10547.307
0.000 0.000 0.000 0.000 0.000 0.000 0.000 0.000 0.000 0.000 0.000 0.000 0.000 0.000 0.000 0.000 0.000 0.000 0.000 0.456 1.093 2.603 6.183 13.691 27.675 53.305 99.910 175.727 291.547 465.173 711.506 1041.439 1467.449 1994.520 2643.769 3401.895 4296.739 5340.278 6499.177 7774.986 9154.276 10647.680 12129.231 13579.812 14917.404 16027.664 16593.220 16532.106 14400.345 10669.686
0.000 0.000 0.000 0.000 0.000 0.000 0.000 0.000 0.000 0.000 0.000 0.000 0.000 0.000 0.000 0.000 0.000 0.000 0.000 0.211 0.506 1.210 2.848 6.528 14.706 30.901 61.089 113.319 196.603 320.340 494.478 729.474 1035.703 1427.208 1900.743 2483.302 3172.069 3988.806 4959.809 6032.389 7194.782 8492.798 9858.198 11253.022 12565.677 13764.703 14554.502 14964.089 13500.518 10540.431
0.000 0.000 0.000 0.000 0.000 0.000 0.000 0.000 0.000 0.000 0.000 0.000 0.000 0.000 0.000 0.000 0.000 0.000 0.000 0.000 0.247 0.586 1.390 3.276 7.669 17.050 36.054 70.116 125.309 207.342 322.585 475.895 678.914 940.100 1268.984 1673.376 2174.979 2783.833 3525.741 4392.510 5372.535 6470.100 7668.766 8963.838 10217.946 11408.563 12323.613 13028.592 12283.611 10162.699
0.000 0.000 0.000 0.000 0.000 0.000 0.000 0.000 0.000 0.000 0.000 0.000 0.000 0.000 0.000 0.000 0.000 0.000 0.000 0.000 0.000 0.330 0.780 1.817 4.211 9.654 20.666 40.242 71.513 119.044 186.743 278.093 395.887 550.225 756.905 1026.226 1368.491 1798.319 2336.299 3004.144 3790.644 4668.668 5668.949 6784.511 7941.446 9084.595 10082.606 10928.154 10774.472 9487.982
0.000 0.000 0.000 0.000 0.000 0.000 0.000 0.000 0.000 0.000 0.000 0.000 0.000 0.000 0.000 0.000 0.000 0.000 0.000 0.000 0.000 0.205 0.487 1.122 2.593 5.856 11.664 21.354 37.151 61.787 98.447 150.970 222.420 316.671 444.758 616.051 842.189 1133.622 1503.914 1977.691 2563.228 3241.714 4020.019 4914.888 5897.323 6930.443 7909.094 8808.882 9047.237 8582.272
0.000 0.000 0.000 0.000 0.000 0.000 0.000 0.000 0.000 0.000 0.000 0.000 0.000 0.000 0.000 0.000 0.000 0.000 0.000 0.000 0.000 0.000 0.331 0.777 1.728 3.519 6.724 12.271 21.456 35.694 56.605 87.089 130.264 191.496 276.299 391.663 543.362 739.959 994.715 1324.416 1738.864 2237.740 2807.673 3479.536 4255.836 5102.000 5969.490 6844.528 7355.462 7503.062
0.000 0.000 0.000 0.000 0.000 0.000 0.000 0.000 0.000 0.000 0.000 0.000 0.000 0.000 0.000 0.000 0.000 0.000 0.000 0.000 0.000 0.000 0.234 0.552 1.176 2.307 4.275 7.634 13.056 21.604 34.666 54.377 83.474 124.647 181.016 258.089 358.335 491.649 668.019 890.445 1177.115 1537.719 1963.393 2470.724 3057.477 3720.822 4428.855 5186.642 5772.869 6277.521
0.000 0.000 0.000 0.000 0.000 0.000 0.000 0.000 0.000 0.000 0.000 0.000 0.000 0.000 0.000 0.000 0.000 0.000 0.000 0.000 0.000 0.000 0.000 0.378 0.794 1.547 2.883 5.172 8.929 14.594 23.086 35.901 55.638 83.540 122.823 176.194 246.102 343.152 472.374 633.222 833.946 1090.999 1409.712 1777.023 2201.604 2704.103 3263.810 3862.162 4354.158 5013.904
0.000 0.000 0.000 0.000 0.000 0.000 0.000 0.000 0.000 0.000 0.000 0.000 0.000 0.000 0.000 0.000 0.000 0.000 0.000 0.000 0.000 0.000 0.000 0.257 0.541 1.071 1.995 3.565 6.273 10.486 16.723 26.206 40.462 60.929 89.461 127.725 178.055 249.245 343.035 457.758 602.832 791.998 1014.777 1275.752 1586.687 1963.670 2391.164 2850.664 3248.229 3886.882
0.000 0.000 0.000 0.000 0.000 0.000 0.000 0.000 0.000 0.000 0.000 0.000 0.000 0.000 0.000 0.000 0.000 0.000 0.000 0.000 0.000 0.000 0.000 0.000 0.387 0.788 1.495 2.649 4.736 7.996 12.744 19.850 30.370 45.643 67.026 94.847 131.395 180.931 246.713 330.828 440.748 579.777 741.832 932.029 1158.642 1418.165 1711.962 2052.717 2354.394 2878.942
0.000 0.000 0.000 0.000 0.000 0.000 0.000 0.000 0.000 0.000 0.000 0.000 0.000 0.000 0.000 0.000 0.000 0.000 0.000 0.000 0.000 0.000 0.000 0.000 0.308 0.627 1.181 2.082 3.608 6.074 9.782 15.157 22.943 34.162 49.721 70.104 97.062 131.529 178.681 241.485 320.262 411.985 528.831 666.752 829.834 1018.228 1234.335 1482.431 1701.187 2098.534
0.000 0.000 0.000 0.000 0.000 0.000 0.000 0.000 0.000 0.000 0.000 0.000 0.000 0.000 0.000 0.000 0.000 0.000 0.000 0.000 0.000 0.000 0.000 0.000 0.248 0.499 0.946 1.678 2.790 4.594 7.327 11.464 17.367 25.514 36.851 51.612 70.341 94.371 127.349 171.071 223.472 287.227 370.560 470.485 587.921 722.063 877.060 1053.567 1208.069 1500.853
0.000 0.000 0.000 0.000 0.000 0.000 0.000 0.000 0.000 0.000 0.000 0.000 0.000 0.000 0.000 0.000 0.000 0.000 0.000 0.000 0.000 0.000 0.000 0.000 0.210 0.409 0.759 1.334 2.211 3.571 5.593 8.574 12.611 18.101 25.800 36.295 49.748 67.306 90.810 120.574 155.793 198.814 256.349 325.300 405.727 495.612 596.721 715.834 826.065 1032.479
0.000 0.000 0.000 0.000 0.000 0.000 0.000 0.000 0.000 0.000 0.000 0.000 0.000 0.000 0.000 0.000 0.000 0.000 0.000 0.000 0.000 0.000 0.000 0.000 0.000 0.346 0.621 1.061 1.714 2.666 4.135 6.218 9.098 13.090 18.579 25.848 35.088 47.067 62.303 81.114 104.619 133.584 169.533 213.553 266.522 326.919 396.332 480.441 563.383 682.103
0.000 0.000 0.000 0.000 0.000 0.000 0.000 0.000 0.000 0.000 0.000 0.000 0.000 0.000 0.000 0.000 0.000 0.000 0.000 0.000 0.000 0.000 0.000 0.000 0.000 0.283 0.482 0.806 1.308 2.048 3.051 4.417 6.435 9.259 12.970 17.807 24.140 32.389 42.635 55.132 69.853 86.326 105.422 131.483 161.586 195.760 233.569 282.022 329.307 409.999
