tests/test_03/output1/CloudConcentration_010.00hrs.dat
NCOLS    50
NROWS    50
XLLCORNER    -2289770.000
YLLCORNER     2591270.000
CELLSIZE        2000.000       2000.000
NODATA_VALUE  0.000
[rows 0 to 46 of 50, columns 0 to 49 of 50]
296.527 321.931 355.241 394.047 438.470 488.615 544.916 607.695 677.795 757.067 847.806 952.497 1074.425 1215.752 1379.396 1570.722 1793.291 2049.051 2343.893 2689.135 3095.858 3566.248 4097.709 4694.593 5367.676 6126.722 6970.121 7876.555 8822.052 9774.436 10673.133 11382.732 11712.812 11558.910 11036.172 10115.966 9100.456 8438.948 8424.326 7631.517 6621.073 5441.586 4902.720 4243.766 3331.499 2254.264 1765.935 1278.941 680.796 138.408
162.593 179.294 201.076 226.030 254.172 285.865 321.837 363.195 411.401 468.353 536.174 616.874 712.549 826.339 963.059 1126.841 1319.427 1545.473 1816.646 2144.333 2530.412 2971.621 3477.381 4069.363 4762.135 5550.036 6413.051 7350.466 8362.281 9408.026 10403.363 11212.863 11605.593 11568.049 11140.935 10263.504 9289.261 8673.597 8687.696 7943.021 6951.818 5757.377 5226.287 4541.908 3589.334 2454.324 1936.045 1407.537 759.421 163.777
115.675 128.780 145.759 165.084 186.836 211.501 239.928 273.470 313.698 362.338 421.121 491.709 576.295 678.813 803.747 953.899 1131.953 1345.022 1605.067 1920.054 2287.727 2708.467 3199.578 3782.845 4468.321 5250.993 6117.321 7062.985 8086.899 9160.998 10210.632 11083.549 11552.785 11578.676 11274.402 10466.408 9556.836 9005.272 9053.459 8359.773 7392.543 6181.447 5655.691 4942.150 3937.854 2724.953 2162.867 1576.271 858.958 197.468
61.647 70.305 81.363 93.869 108.006 124.433 144.159 168.608 199.353 237.894 285.440 343.402 414.695 503.737 613.668 746.525 907.048 1104.340 1348.959 1644.924 1988.526 2385.423 2859.577 3432.926 4113.293 4894.419 5765.619 6722.577 7764.753 8870.867 9983.787 10954.449 11505.308 11592.673 11414.579 10678.788 9844.081 9374.829 9457.585 8802.894 7853.953 6632.382 6123.298 5383.163 4324.067 3026.823 2421.586 1765.127 969.888 239.342
34.330 39.691 46.475 54.374 63.706 75.148 89.812 108.544 132.403 162.620 200.409 247.967 309.095 386.601 482.478 600.075 745.022 926.612 1151.559 1420.519 1737.069 2115.693 2576.033 3134.145 3800.711 4577.806 5455.034 6423.168 7478.259 8605.278 9755.279 10812.152 11485.164 11628.977 11575.227 10903.554 10137.498 9762.836 9892.591 9273.102 8331.843 7103.878 6624.878 5863.468 4746.542 3361.345 2713.851 1973.664 1092.642 288.174
13.755 16.309 19.862 24.486 30.631 38.612 48.850 62.336 79.818 102.078 131.271 170.416 221.580 286.355 368.308 471.009 599.007 759.234 958.901 1204.110 1502.523 1864.980 2306.402 2844.868 3496.118 4266.254 5151.237 6140.228 7216.025 8356.714 9528.164 10636.212 11433.098 11698.307 11734.211 11145.513 10433.702 10138.691 10337.386 9783.213 8824.867 7592.554 7153.647 6381.283 5204.793 3725.183 3045.673 2204.822 1229.642 348.156
5.501 6.580 8.255 10.771 14.433 19.667 26.803 36.061 48.217 65.042 88.542 120.303 162.194 216.901 286.890 374.648 484.328 623.617 802.082 1027.981 1308.858 1654.245 2076.797 2593.664 3223.023 3979.879 4868.624 5876.235 6979.321 8146.227 9336.196 10457.895 11335.871 11731.663 11879.805 11391.750 10733.913 10519.570 10757.834 10325.204 9332.087 8096.803 7707.169 6931.607 5701.164 4120.385 3419.657 2463.316 1382.688 421.714
2.095 2.595 3.465 4.846 6.930 9.886 14.037 20.155 29.377 42.633 60.909 85.825 119.581 164.216 221.719 294.772 388.154 509.586 669.057 876.297 1140.051 1469.438 1874.872 2371.245 2978.755 3717.089 4598.873 5619.395 6751.862 7954.039 9172.786 10313.091 11214.066 11712.869 11961.470 11612.833 11032.502 10902.731 11174.901 10870.195 9850.494 8614.694 8283.211 7507.640 6233.017 4552.471 3842.215 2752.894 1553.355 510.761
0.761 1.029 1.508 2.240 3.352 5.057 7.799 12.315 19.319 29.305 43.069 62.079 88.201 123.422 170.012 231.132 311.844 419.206 562.396 751.741 997.101 1308.631 1698.217 2179.977 2770.744 3489.607 4354.225 5369.670 6516.158 7749.291 9005.303 10174.375 11086.826 11658.392 11988.642 11765.029 11304.416 11285.423 11579.821 11403.752 10373.178 9141.476 8877.802 8102.476 6792.962 5021.562 4313.277 3077.421 1747.172 617.344
0.268 0.434 0.682 1.037 1.653 2.829 4.861 8.180 13.145 20.312 30.597 44.979 64.620 91.634 129.250 181.385 252.622 348.825 477.843 649.304 874.035 1164.752 1537.349 2007.437 2587.793 3292.478 4136.896 5133.881 6277.166 7527.915 8817.904 10024.873 10950.357 11565.765 11950.112 11814.748 11477.857 11678.718 11979.082 11904.403 10889.566 9670.052 9491.861 8708.852 7372.927 5521.435 4838.267 3438.119 1962.687 740.477
0.000 0.000 0.311 0.507 0.900 1.783 3.444 5.689 8.805 13.689 21.151 31.655 46.216 67.179 98.175 143.407 206.977 293.607 409.839 564.745 770.183 1040.444 1391.932 1843.157 2410.867 3106.609 3940.444 4921.107 6048.629 7297.020 8599.991 9834.500 10783.515 11461.889 11836.342 11790.676 11554.301 11957.469 12365.647 12358.051 11376.635 10185.253 10115.170 9326.745 7961.813 6041.352 5405.241 3831.869 2201.274 881.862
0.000 0.000 0.000 0.283 0.586 1.220 2.145 3.465 5.440 8.534 13.490 21.221 32.770 49.864 75.548 114.195 170.494 248.608 353.681 494.206 682.994 934.762 1265.928 1694.930 2241.011 2920.882 3745.994 4718.079 5831.526 7063.352 8355.195 9590.103 10546.074 11312.792 11697.426 11702.607 11570.377 12062.866 12632.953 12749.106 11807.089 10658.984 10722.175 9959.815 8549.619 6571.462 6003.316 4257.227 2463.311 1043.402
0.000 0.000 0.000 0.000 0.370 0.596 1.032 1.924 3.308 5.302 8.660 14.636 24.337 38.942 60.630 93.008 140.795 209.230 304.139 433.469 608.722 844.487 1156.268 1561.809 2081.529 2737.164 3544.383 4505.142 5606.578 6817.298 8082.120 9295.964 10230.057 11063.712 11507.905 11559.843 11505.904 12079.219 12731.686 12997.808 12184.507 11071.314 11289.144 10603.825 9121.653 7102.443 6627.541 4708.880 2745.784 1221.229
0.000 0.000 0.000 0.000 0.000 0.286 0.545 1.034 2.002 3.636 6.218 10.561 18.185 30.888 50.021 77.441 116.971 174.635 258.399 377.213 541.449 763.192 1057.460 1441.656 1936.149 2563.100 3342.557 4282.298 5366.213 6551.659 7775.340 8923.904 9862.283 10708.817 11195.294 11355.224 11376.287 12080.244 12729.043 13057.234 12529.351 11433.703 11762.584 11215.175 9660.467 7619.463 7257.717 5179.721 3050.963 1418.829
0.000 0.000 0.000 0.000 0.000 0.000 0.266 0.552 1.160 2.413 4.527 7.927 13.761 23.944 40.181 63.930 98.008 147.600 220.347 326.239 476.421 682.782 959.468 1324.666 1797.960 2399.410 3146.697 4050.707 5102.281 6257.198 7439.955 8517.340 9448.616 10292.908 10746.582 11025.120 11129.654 12013.098 12665.294 12948.252 12629.600 11741.131 12143.077 11764.662 10149.642 8107.508 7886.567 5667.675 3376.423 1631.464
0.000 0.000 0.000 0.000 0.000 0.000 0.000 0.355 0.750 1.594 3.297 6.187 10.868 18.620 31.295 51.121 80.865 124.847 189.776 284.016 417.784 604.473 860.271 1203.757 1655.303 2232.564 2949.811 3814.697 4818.984 5924.965 7057.467 8067.402 8988.674 9808.003 10223.022 10564.994 10808.939 11847.472 12496.515 12714.903 12571.007 11983.159 12416.569 12219.397 10571.344 8548.651 8496.218 6162.393 3720.582 1856.180
0.000 0.000 0.000 0.000 0.000 0.000 0.000 0.251 0.529 1.097 2.334 4.669 8.430 14.351 24.028 39.891 65.449 104.938 163.043 246.392 365.301 533.146 766.264 1083.994 1507.512 2054.945 2738.515 3562.241 4513.115 5556.832 6623.638 7557.791 8459.791 9212.401 9636.968 10003.673 10455.283 11525.882 12218.018 12374.119 12314.634 12104.580 12542.906 12528.002 10908.193 9039.981 9057.104 6653.878 4082.620 2093.083
0.000 0.000 0.000 0.000 0.000 0.000 0.000 0.000 0.349 0.716 1.469 3.113 6.143 10.874 18.487 31.323 52.427 85.727 136.423 210.630 317.182 468.110 679.371 970.124 1359.939 1868.156 2509.838 3285.787 4177.834 5141.562 6116.561 6992.454 7851.741 8530.883 8992.763 9361.009 10010.692 11063.163 11809.118 11940.841 11928.180 12004.276 12564.570 12650.598 11141.314 9498.591 9542.808 7119.475 4460.259 2329.435
0.000 0.000 0.000 0.000 0.000 0.000 0.000 0.000 0.000 0.512 1.048 2.051 4.121 8.072 14.693 25.211 42.004 69.049 111.190 174.744 268.778 404.465 595.567 859.125 1213.742 1677.578 2264.473 2979.690 3805.631 4694.370 5570.249 6385.086 7186.510 7782.043 8273.186 8671.022 9474.179 10484.367 11168.279 11408.712 11444.570 11826.267 12343.917 12597.347 11235.512 9894.927 9883.557 7529.324 4850.489 2570.180
0.000 0.000 0.000 0.000 0.000 0.000 0.000 0.000 0.000 0.293 0.729 1.591 2.975 5.601 10.814 19.700 33.747 55.498 89.555 142.166 221.831 339.456 508.435 744.192 1063.574 1482.953 2013.354 2659.557 3408.408 4214.503 4997.935 5750.150 6479.887 6994.140 7483.895 7903.033 8846.810 9815.046 10403.654 10753.393 10863.168 11545.804 12059.436 12239.276 11236.095 10227.813 10123.899 7839.341 5249.345 2823.967
0.000 0.000 0.000 0.000 0.000 0.000 0.000 0.000 0.000 0.000 0.435 1.028 2.092 4.023 7.628 13.988 24.951 42.963 71.198 114.725 180.840 278.781 422.028 625.705 907.362 1281.194 1755.073 2330.938 2996.112 3712.793 4403.319 5090.547 5727.536 6192.753 6649.376 7173.518 8170.130 9041.409 9571.608 9982.481 10171.704 11105.790 11656.665 11747.196 11052.106 10389.806 10284.413 8079.622 5650.016 3078.884
0.000 0.000 0.000 0.000 0.000 0.000 0.000 0.000 0.000 0.000 0.214 0.500 1.155 2.666 5.228 9.560 17.514 31.239 53.574 89.094 143.884 224.984 343.438 513.509 752.443 1075.013 1489.256 1995.324 2575.859 3197.988 3799.097 4413.389 4955.637 5397.448 5803.661 6490.074 7419.543 8144.359 8697.899 9130.920 9586.855 10557.343 11127.229 11167.662 10743.760 10451.641 10338.343 8244.784 6044.649 3346.293
0.000 0.000 0.000 0.000 0.000 0.000 0.000 0.000 0.000 0.000 0.000 0.239 0.580 1.390 3.228 6.419 11.934 21.458 37.929 64.939 107.704 174.035 273.031 413.230 608.785 874.900 1224.760 1659.527 2159.031 2686.025 3205.658 3739.237 4187.403 4598.939 4985.608 5786.696 6620.578 7237.753 7794.848 8243.598 8991.930 9890.118 10401.744 10519.011 10313.971 10297.030 10348.769 8320.681 6419.840 3592.215
0.000 0.000 0.000 0.000 0.000 0.000 0.000 0.000 0.000 0.000 0.000 0.000 0.284 0.688 1.573 3.514 7.641 14.755 26.287 45.389 77.101 127.309 203.735 317.951 479.899 696.236 980.177 1337.215 1753.515 2192.655 2637.095 3091.153 3452.216 3822.796 4298.459 5073.770 5765.124 6336.706 6871.613 7373.759 8357.157 9140.809 9591.336 9805.099 9778.557 10043.788 10203.806 8323.295 6765.604 3787.711
0.000 0.000 0.000 0.000 0.000 0.000 0.000 0.000 0.000 0.000 0.000 0.000 0.000 0.298 0.734 1.734 3.842 8.244 16.545 30.741 53.755 89.760 145.275 229.884 354.571 531.946 767.290 1053.706 1380.686 1728.470 2099.784 2466.603 2783.328 3098.311 3670.822 4359.790 4927.013 5467.545 5966.321 6750.083 7640.121 8289.452 8750.715 9025.012 9241.879 9669.105 9888.959 8256.627 7074.829 3962.096
0.000 0.000 0.000 0.000 0.000 0.000 0.000 0.000 0.000 0.000 0.000 0.000 0.000 0.000 0.314 0.777 1.933 4.347 8.962 17.778 33.517 59.180 100.022 162.234 253.254 385.994 567.404 794.412 1055.294 1327.018 1616.255 1898.020 2179.752 2509.955 3079.748 3640.824 4151.996 4636.277 5209.253 6092.735 6839.943 7443.412 7929.645 8218.040 8806.884 9259.202 9388.226 8105.078 7312.443 4126.272
0.000 0.000 0.000 0.000 0.000 0.000 0.000 0.000 0.000 0.000 0.000 0.000 0.000 0.000 0.000 0.349 0.861 2.104 5.118 10.473 19.480 35.494 63.187 108.203 177.243 276.730 408.486 572.655 766.320 981.011 1212.608 1425.211 1647.192 2047.558 2533.980 2977.370 3434.226 3887.458 4646.753 5406.443 6040.939 6615.977 7102.858 7559.231 8331.149 8762.310 8779.099 7866.742 7441.280 4280.375
0.000 0.000 0.000 0.000 0.000 0.000 0.000 0.000 0.000 0.000 0.000 0.000 0.000 0.000 0.000 0.000 0.395 0.984 2.344 5.328 10.977 21.284 39.382 68.864 115.224 185.061 282.344 405.043 542.474 694.728 860.506 1037.655 1264.434 1628.412 2017.236 2407.404 2793.514 3372.307 4069.864 4691.161 5278.715 5811.244 6295.524 7070.369 7758.894 8108.794 8154.280 7568.014 7505.264 4425.870
0.000 0.000 0.000 0.000 0.000 0.000 0.000 0.000 0.000 0.000 0.000 0.000 0.000 0.000 0.000 0.000 0.000 0.417 1.019 2.431 5.572 11.595 22.648 41.882 73.194 120.269 184.079 264.774 363.363 480.958 600.103 726.341 978.496 1275.291 1572.951 1894.332 2303.963 2883.008 3455.766 4005.167 4533.270 5013.686 5699.476 6438.086 7033.706 7416.981 7502.500 7136.776 7353.828 4556.569
0.000 0.000 0.000 0.000 0.000 0.000 0.000 0.000 0.000 0.000 0.000 0.000 0.000 0.000 0.000 0.000 0.000 0.000 0.420 1.017 2.427 5.622 12.015 23.843 42.964 72.502 114.847 170.195 236.856 311.670 396.347 541.609 739.846 954.131 1197.029 1461.762 1895.630 2369.698 2836.590 3302.854 3752.379 4307.541 5028.396 5659.441 6182.763 6614.974 6766.075 6825.934 7051.897 4678.479
0.000 0.000 0.000 0.000 0.000 0.000 0.000 0.000 0.000 0.000 0.000 0.000 0.000 0.000 0.000 0.000 0.000 0.000 0.000 0.411 0.966 2.264 5.323 11.576 22.540 40.678 67.938 101.971 144.734 195.081 269.377 387.840 531.319 695.443 870.279 1142.851 1479.886 1840.536 2214.293 2593.926 2993.372 3624.807 4240.502 4775.972 5246.989 5703.925 5935.353 6359.929 6613.808 4691.269
0.000 0.000 0.000 0.000 0.000 0.000 0.000 0.000 0.000 0.000 0.000 0.000 0.000 0.000 0.000 0.000 0.000 0.000 0.000 0.174 0.400 0.927 2.129 4.789 10.586 21.009 36.402 57.174 83.527 118.180 180.290 262.408 358.844 465.973 617.474 827.052 1070.502 1328.904 1610.294 1915.015 2389.573 2886.589 3381.117 3868.203 4300.662 4713.608 5197.175 5742.615 6013.585 4560.744
0.000 0.000 0.000 0.000 0.000 0.000 0.000 0.000 0.000 0.000 0.000 0.000 0.000 0.000 0.000 0.000 0.000 0.000 0.000 0.000 0.163 0.361 0.817 1.870 4.345 9.266 17.300 28.912 43.489 71.581 110.481 157.984 212.429 292.129 405.015 539.770 693.987 869.006 1109.523 1425.395 1772.112 2155.297 2558.879 2966.281 3372.881 3936.118 4483.636 4978.602 5193.439 4402.734
0.000 0.000 0.000 0.000 0.000 0.000 0.000 0.000 0.000 0.000 0.000 0.000 0.000 0.000 0.000 0.000 0.000 0.000 0.000 0.000 0.000 0.148 0.321 0.703 1.585 3.542 6.878 12.335 22.160 35.971 53.423 81.669 119.505 165.828 226.074 307.531 427.183 577.963 763.589 982.673 1233.431 1516.374 1849.537 2298.395 2777.637 3236.627 3660.498 4086.990 4337.532 4261.120
0.000 0.000 0.000 0.000 0.000 0.000 0.000 0.000 0.000 0.000 0.000 0.000 0.000 0.000 0.000 0.000 0.000 0.000 0.000 0.000 0.000 0.062 0.129 0.305 0.700 1.544 3.116 5.814 10.196 17.071 27.519 43.696 67.879 99.800 141.388 197.325 271.461 367.661 490.008 652.285 878.381 1144.614 1429.147 1753.190 2122.513 2507.200 2879.897 3231.430 3500.723 3938.271
0.000 0.000 0.000 0.000 0.000 0.000 0.000 0.000 0.000 0.000 0.000 0.000 0.000 0.000 0.000 0.000 0.000 0.000 0.000 0.000 0.000 0.000 0.096 0.229 0.500 1.028 2.010 3.697 6.497 10.922 17.700 27.761 42.304 62.525 89.512 131.205 188.040 260.133 351.281 473.081 630.173 819.754 1032.810 1274.746 1560.524 1869.308 2187.067 2578.763 2924.496 3449.444
0.000 0.000 0.000 0.000 0.000 0.000 0.000 0.000 0.000 0.000 0.000 0.000 0.000 0.000 0.000 0.000 0.000 0.000 0.000 0.000 0.000 0.000 0.072 0.176 0.391 0.786 1.480 2.615 4.318 7.173 11.917 19.134 29.580 44.347 65.529 94.853 133.204 182.807 247.216 330.368 436.933 570.132 743.171 960.377 1213.399 1503.283 1812.122 2124.798 2405.481 2867.991
0.000 0.000 0.000 0.000 0.000 0.000 0.000 0.000 0.000 0.000 0.000 0.000 0.000 0.000 0.000 0.000 0.000 0.000 0.000 0.000 0.000 0.000 0.000 0.131 0.268 0.522 1.014 1.908 3.398 5.649 9.024 13.986 21.158 31.493 46.293 66.242 92.772 133.181 189.462 259.207 346.806 459.613 589.285 750.247 943.109 1172.289 1420.876 1668.536 1879.660 2238.034
0.000 0.000 0.000 0.000 0.000 0.000 0.000 0.000 0.000 0.000 0.000 0.000 0.000 0.000 0.000 0.000 0.000 0.000 0.000 0.000 0.000 0.000 0.000 0.098 0.213 0.421 0.784 1.426 2.500 4.140 6.579 10.584 16.571 25.287 37.734 54.638 76.377 107.230 149.794 202.815 269.087 351.974 443.832 558.430 695.465 856.167 1028.251 1206.410 1365.934 1658.874
0.000 0.000 0.000 0.000 0.000 0.000 0.000 0.000 0.000 0.000 0.000 0.000 0.000 0.000 0.000 0.000 0.000 0.000 0.000 0.000 0.000 0.000 0.000 0.000 0.161 0.317 0.621 1.122 2.082 3.581 5.714 8.921 13.625 20.523 30.306 42.944 59.042 81.147 110.652 147.829 193.622 247.551 313.662 395.470 492.715 604.444 725.971 859.723 995.093 1263.775
0.000 0.000 0.000 0.000 0.000 0.000 0.000 0.000 0.000 0.000 0.000 0.000 0.000 0.000 0.000 0.000 0.000 0.000 0.000 0.000 0.000 0.000 0.000 0.000 0.140 0.296 0.559 0.985 1.709 2.865 4.545 6.978 10.409 15.283 22.031 30.483 41.860 56.562 76.614 102.655 138.138 178.955 232.373 297.968 377.252 471.147 580.778 706.620 818.274 1028.389
0.000 0.000 0.000 0.000 0.000 0.000 0.000 0.000 0.000 0.000 0.000 0.000 0.000 0.000 0.000 0.000 0.000 0.000 0.000 0.000 0.000 0.000 0.000 0.000 0.120 0.240 0.447 0.787 1.293 2.059 3.231 4.952 7.557 11.376 16.835 23.856 32.768 44.468 61.034 83.497 110.597 143.212 185.571 236.444 295.878 365.212 443.518 530.215 606.956 747.963
0.000 0.000 0.000 0.000 0.000 0.000 0.000 0.000 0.000 0.000 0.000 0.000 0.000 0.000 0.000 0.000 0.000 0.000 0.000 0.000 0.000 0.000 0.000 0.000 0.094 0.179 0.337 0.617 1.064 1.762 2.774 4.290 6.355 9.250 13.322 18.744 25.704 34.746 46.984 62.388 80.355 101.866 130.476 163.398 203.509 249.973 300.314 356.040 407.154 488.839
0.000 0.000 0.000 0.000 0.000 0.000 0.000 0.000 0.000 0.000 0.000 0.000 0.000 0.000 0.000 0.000 0.000 0.000 0.000 0.000 0.000 0.000 0.000 0.000 0.000 0.178 0.331 0.577 0.931 1.412 2.146 3.189 4.652 6.702 9.484 13.159 17.818 23.825 31.526 40.677 51.223 63.682 78.851 97.725 121.441 148.860 179.236 213.819 252.364 309.425
0.000 0.000 0.000 0.000 0.000 0.000 0.000 0.000 0.000 0.000 0.000 0.000 0.000 0.000 0.000 0.000 0.000 0.000 0.000 0.000 0.000 0.000 0.000 0.000 0.000 0.149 0.254 0.419 0.666 1.014 1.466 2.037 2.916 4.142 5.754 7.961 11.004 14.995 20.123 26.499 33.838 41.836 51.107 63.714 78.366 95.550 115.520 142.786 170.343 218.691
0.000 0.000 0.000 0.000 0.000 0.000 0.000 0.000 0.000 0.000 0.000 0.000 0.000 0.000 0.000 0.000 0.000 0.000 0.000 0.000 0.000 0.000 0.000 0.000 0.000 0.102 0.173 0.294 0.488 0.756 1.124 1.635 2.303 3.182 4.425 6.072 8.217 10.930 14.239 18.136 22.655 28.080 34.792 43.157 53.039 64.294 76.716 92.294 108.058 132.298
0.000 0.000 0.000 0.000 0.000 0.000 0.000 0.000 0.000 0.000 0.000 0.000 0.000 0.000 0.000 0.000 0.000 0.000 0.000 0.000 0.000 0.000 0.000 0.000 0.000 0.000 0.164 0.254 0.371 0.528 0.761 1.083 1.523 2.117 2.895 3.888 5.132 6.647 8.368 10.232 12.299 14.810 17.775 21.322 25.834 30.618 36.241 43.914 51.030 62.439
