tests/test_03/output1/CloudConcentration_010.00hrs.dat
NCOLS    50
NROWS    50
XLLCORNER    -2289770.000
YLLCORNER     2591270.000
CELLSIZE        2000.000       2000.000
NODATA_VALUE  0.000
[rows 0 to 31 of 50, columns 0 to 49 of 50]
296.527344 321.930664 355.240906 394.046509 438.469513 488.615051 544.915588 607.694519 677.794556 757.066895 847.806335 952.496582 1074.425293 1215.752197 1379.395630 1570.722168 1793.291138 2049.051025 2343.893066 2689.134766 3095.857910 3566.248291 4097.709473 4694.592773 5367.676270 6126.722168 6970.120605 7876.554688 8822.051758 9774.436523 10673.132812 11382.731445 11712.811523 11558.910156 11036.171875 10115.965820 9100.456055 8438.948242 8424.325195 7631.516602 6621.072754 5441.585938 4902.720703 4243.766113 3331.499268 2254.264160 1765.935425 1278.941406 680.795776 138.408264
162.593063 179.294296 201.075851 226.029785 254.172043 285.865356 321.836578 363.195221 411.401184 468.353363 536.173828 616.874329 712.548523 826.339050 963.059204 1126.840698 1319.427368 1545.472778 1816.645752 2144.333252 2530.411865 2971.621094 3477.381348 4069.363525 4762.135254 5550.035645 6413.051270 7350.466309 8362.281250 9408.026367 10403.362305 11212.863281 11605.592773 11568.048828 11140.935547 10263.503906 9289.260742 8673.597656 8687.696289 7943.020508 6951.817871 5757.376953 5226.286621 4541.907715 3589.333740 2454.323486 1936.045044 1407.536987 759.420837 163.776901
115.674957 128.780029 145.758682 165.084122 186.835754 211.500626 239.927689 273.470062 313.698090 362.337555 421.120972 491.709351 576.295410 678.813049 803.747437 953.898621 1131.952637 1345.021851 1605.067261 1920.054077 2287.726807 2708.466553 3199.578125 3782.845215 4468.320801 5250.993164 6117.321289 7062.984863 8086.898926 9160.998047 10210.631836 11083.548828 11552.785156 11578.675781 11274.402344 10466.408203 9556.835938 9005.271484 9053.458984 8359.773438 7392.543457 6181.446777 5655.690918 4942.150391 3937.854248 2724.953369 2162.866943 1576.270874 858.957703 197.467667
61.646622 70.305229 81.362900 93.869186 108.006058 124.432953 144.158798 168.607681 199.352646 237.893784 285.439514 343.402222 414.695160 503.736725 613.668030 746.524780 907.047729 1104.339722 1348.958618 1644.924438 1988.525879 2385.422607 2859.576904 3432.925781 4113.292480 4894.418457 5765.619141 6722.577637 7764.753418 8870.867188 9983.787109 10954.449219 11505.307617 11592.672852 11414.579102 10678.788086 9844.081055 9374.828125 9457.584961 8802.894531 7853.953125 6632.381836 6123.297363 5383.162598 4324.067383 3026.823242 2421.585938 1765.126709 969.888062 239.342117
34.330112 39.690964 46.474953 54.373585 63.706272 75.148399 89.811615 108.543961 132.402969 162.620331 200.408859 247.967377 309.095245 386.600983 482.478424 600.075439 745.021851 926.612000 1151.558838 1420.518555 1737.068726 2115.692871 2576.032959 3134.145020 3800.711426 4577.805664 5455.034180 6423.167969 7478.259277 8605.278320 9755.279297 10812.152344 11485.164062 11628.976562 11575.227539 10903.553711 10137.498047 9762.835938 9892.591797 9273.102539 8331.842773 7103.877930 6624.878418 5863.468262 4746.541992 3361.344482 2713.850830 1973.663696 1092.642334 288.174255
13.755338 16.309191 19.862461 24.486414 30.631336 38.611511 48.849846 62.335926 79.818443 102.078026 131.271164 170.416351 221.579636 286.354706 368.307678 471.009308 599.006531 759.234375 958.900574 1204.110107 1502.522705 1864.979980 2306.402100 2844.867676 3496.117920 4266.253418 5151.236816 6140.228027 7216.025391 8356.713867 9528.164062 10636.211914 11433.098633 11698.306641 11734.210938 11145.512695 10433.702148 10138.690430 10337.385742 9783.212891 8824.867188 7592.554199 7153.646484 6381.282715 5204.792480 3725.182617 3045.673096 2204.822266 1229.641846 348.156494
5.501068 6.580135 8.254736 10.771256 14.433314 19.667143 26.803041 36.061153 48.216515 65.041580 88.541679 120.303345 162.194229 216.900574 286.889587 374.647827 484.327789 623.617004 802.081604 1027.980713 1308.857788 1654.245361 2076.797119 2593.663818 3223.022705 3979.879150 4868.624512 5876.235352 6979.321289 8146.227051 9336.195312 10457.894531 11335.871094 11731.663086 11879.804688 11391.750000 10733.913086 10519.569336 10757.833984 10325.204102 9332.086914 8096.803223 7707.168945 6931.606934 5701.164551 4120.385254 3419.656494 2463.316406 1382.688354 421.713806
2.094801 2.594692 3.465044 4.845700 6.929855 9.886136 14.037103 20.154854 29.376558 42.633213 60.909016 85.824883 119.581253 164.215881 221.719086 294.771637 388.153839 509.586243 669.056580 876.297424 1140.050781 1469.437622 1874.871826 2371.244629 2978.755127 3717.088623 4598.873047 5619.395020 6751.861816 7954.039062 9172.786133 10313.090820 11214.066406 11712.869141 11961.469727 11612.833008 11032.502930 10902.730469 11174.901367 10870.195312 9850.494141 8614.694336 8283.210938 7507.640625 6233.017090 4552.470703 3842.214844 2752.894531 1553.354736 510.760529
0.761386 1.029386 1.507946 2.239527 3.351808 5.057283 7.799182 12.314781 19.318903 29.304981 43.069389 62.078815 88.200607 123.422455 170.011810 231.131851 311.844025 419.205597 562.396301 751.741150 997.100586 1308.631226 1698.216797 2179.977295 2770.743652 3489.607178 4354.224609 5369.669922 6516.157715 7749.290527 9005.302734 10174.375000 11086.826172 11658.392578 11988.641602 11765.028320 11304.416016 11285.422852 11579.821289 11403.751953 10373.177734 9141.476562 8877.802734 8102.476074 6792.962402 5021.562500 4313.276855 3077.420654 1747.171631 617.344177
0.267530 0.433554 0.682100 1.036956 1.652557 2.829185 4.861469 8.180077 13.144776 20.311703 30.597158 44.978832 64.620247 91.634445 129.249557 181.385178 252.622467 348.825226 477.843109 649.304321 874.034607 1164.751831 1537.348755 2007.437500 2587.793457 3292.478027 4136.896484 5133.880859 6277.166016 7527.915039 8817.904297 10024.873047 10950.357422 11565.765625 11950.111328 11814.748047 11477.857422 11678.717773 11979.082031 11904.403320 10889.566406 9670.051758 9491.860352 8708.851562 7372.927246 5521.435059 4838.266602 3438.119141 1962.687500 740.476562
0.000000 0.000000 0.311157 0.507475 0.899965 1.782558 3.443768 5.688738 8.804829 13.688604 21.150517 31.654589 46.216145 67.178604 98.174782 143.407242 206.976852 293.607330 409.838562 564.744629 770.182861 1040.444214 1391.931641 1843.156738 2410.866943 3106.608887 3940.443848 4921.106934 6048.628418 7297.020020 8599.990234 9834.500000 10783.514648 11461.888672 11836.342773 11790.675781 11554.300781 11957.468750 12365.647461 12358.050781 11376.635742 10185.252930 10115.169922 9326.745117 7961.812988 6041.351562 5405.241211 3831.869141 2201.273682 881.861938
0.000000 0.000000 0.000000 0.282585 0.586029 1.219822 2.144638 3.464868 5.440025 8.533648 13.490238 21.221155 32.770287 49.864128 75.547676 114.194695 170.494095 248.608231 353.681122 494.206451 682.994263 934.762451 1265.927734 1694.930420 2241.011230 2920.882080 3745.994141 4718.078613 5831.525879 7063.352051 8355.195312 9590.102539 10546.074219 11312.791992 11697.426758 11702.606445 11570.376953 12062.866211 12632.953125 12749.106445 11807.088867 10658.983398 10722.174805 9959.815430 8549.619141 6571.462402 6003.315430 4257.226562 2463.310547 1043.401733
0.000000 0.000000 0.000000 0.000000 0.370357 0.596423 1.031725 1.923733 3.307517 5.302204 8.659989 14.636028 24.336813 38.942360 60.630047 93.008324 140.794785 209.229767 304.138855 433.468811 608.722412 844.486572 1156.268188 1561.809448 2081.529541 2737.163818 3544.382812 4505.141602 5606.577637 6817.298340 8082.119629 9295.963867 10230.057617 11063.711914 11507.905273 11559.842773 11505.903320 12079.218750 12731.686523 12997.808594 12184.506836 11071.313477 11289.144531 10603.825195 9121.653320 7102.442871 6627.540527 4708.879883 2745.784180 1221.229004
0.000000 0.000000 0.000000 0.000000 0.000000 0.286365 0.545079 1.034320 2.002271 3.636301 6.217866 10.560845 18.184813 30.888342 50.021278 77.440697 116.971428 174.635361 258.399200 377.212616 541.448730 763.191650 1057.460083 1441.655762 1936.149414 2563.099609 3342.557373 4282.297852 5366.213379 6551.658691 7775.339844 8923.904297 9862.282227 10708.817383 11195.293945 11355.223633 11376.287109 12080.243164 12729.042969 13057.234375 12529.351562 11433.703125 11762.583984 11215.174805 9660.466797 7619.462402 7257.717285 5179.720703 3050.962646 1418.828979
0.000000 0.000000 0.000000 0.000000 0.000000 0.000000 0.266127 0.551852 1.160105 2.413032 4.526988 7.927229 13.761373 23.944395 40.181343 63.930050 98.007858 147.599564 220.346542 326.239105 476.421173 682.781494 959.468445 1324.665771 1797.959717 2399.409912 3146.697021 4050.707031 5102.280762 6257.197754 7439.954590 8517.339844 9448.616211 10292.908203 10746.582031 11025.120117 11129.654297 12013.098633 12665.293945 12948.251953 12629.600586 11741.130859 12143.077148 11764.662109 10149.641602 8107.508301 7886.567383 5667.674805 3376.422607 1631.464111
0.000000 0.000000 0.000000 0.000000 0.000000 0.000000 0.000000 0.354925 0.749922 1.594490 3.296608 6.186761 10.868286 18.620216 31.295370 51.120918 80.865051 124.847069 189.776016 284.016144 417.784424 604.473450 860.271179 1203.757080 1655.302734 2232.563721 2949.811035 3814.697510 4818.983398 5924.964844 7057.467285 8067.401367 8988.673828 9808.002930 10223.022461 10564.993164 10808.938477 11847.472656 12496.515625 12714.903320 12571.007812 11983.159180 12416.569336 12219.396484 10571.343750 8548.651367 8496.217773 6162.393066 3720.582275 1856.179932
0.000000 0.000000 0.000000 0.000000 0.000000 0.000000 0.000000 0.251434 0.529256 1.097438 2.334357 4.669331 8.429522 14.351380 24.028408 39.890701 65.449158 104.937538 163.042862 246.391953 365.300659 533.145813 766.263794 1083.994141 1507.512329 2054.945312 2738.515381 3562.240723 4513.115723 5556.832031 6623.637695 7557.791016 8459.791016 9212.400391 9636.967773 10003.672852 10455.283203 11525.881836 12218.017578 12374.119141 12314.633789 12104.580078 12542.905273 12528.001953 10908.193359 9039.980469 9057.104492 6653.878418 4082.619873 2093.082520
0.000000 0.000000 0.000000 0.000000 0.000000 0.000000 0.000000 0.000000 0.348550 0.715987 1.469228 3.112587 6.143062 10.874391 18.486872 31.322662 52.426647 85.726509 136.422897 210.630127 317.181702 468.110016 679.371094 970.124390 1359.939087 1868.155762 2509.838135 3285.787354 4177.833984 5141.561523 6116.561523 6992.454590 7851.741211 8530.882812 8992.762695 9361.008789 10010.692383 11063.163086 11809.118164 11940.840820 11928.179688 12004.276367 12564.570312 12650.598633 11141.313477 9498.591797 9542.808594 7119.474609 4460.258789 2329.434814
0.000000 0.000000 0.000000 0.000000 0.000000 0.000000 0.000000 0.000000 0.000000 0.512242 1.048043 2.051079 4.120628 8.071806 14.692633 25.211025 42.003616 69.048820 111.189522 174.744293 268.777649 404.465210 595.567261 859.125366 1213.741699 1677.578369 2264.472900 2979.689697 3805.631104 4694.370117 5570.249023 6385.086426 7186.509766 7782.043457 8273.185547 8671.022461 9474.179688 10484.367188 11168.279297 11408.712891 11444.570312 11826.266602 12343.916992 12597.346680 11235.511719 9894.926758 9883.556641 7529.323730 4850.489258 2570.180420
0.000000 0.000000 0.000000 0.000000 0.000000 0.000000 0.000000 0.000000 0.000000 0.293253 0.729135 1.590856 2.974789 5.600590 10.813654 19.700161 33.747166 55.497566 89.555222 142.166336 221.830856 339.456268 508.435181 744.192017 1063.573486 1482.952637 2013.354004 2659.557129 3408.407715 4214.502930 4997.934570 5750.149902 6479.887207 6994.140137 7483.894531 7903.032715 8846.810547 9815.045898 10403.654297 10753.392578 10863.167969 11545.803711 12059.435547 12239.276367 11236.094727 10227.812500 10123.899414 7839.340332 5249.344727 2823.967041
0.000000 0.000000 0.000000 0.000000 0.000000 0.000000 0.000000 0.000000 0.000000 0.000000 0.435199 1.028243 2.092452 4.022784 7.627513 13.987877 24.951101 42.963417 71.197739 114.725121 180.840454 278.780640 422.028381 625.704834 907.362488 1281.194092 1755.072876 2330.938477 2996.111816 3712.792969 4403.319336 5090.547363 5727.535645 6192.753418 6649.375977 7173.518066 8170.129395 9041.408203 9571.607422 9982.481445 10171.703125 11105.790039 11656.665039 11747.196289 11052.105469 10389.806641 10284.413086 8079.622070 5650.016113 3078.884521
0.000000 0.000000 0.000000 0.000000 0.000000 0.000000 0.000000 0.000000 0.000000 0.000000 0.213656 0.499607 1.154607 2.665974 5.227949 9.559980 17.513525 31.239138 53.574425 89.093712 143.884018 224.983963 343.438232 513.508972 752.442871 1075.013184 1489.255981 1995.323975 2575.858887 3197.988281 3799.096924 4413.388672 4955.636719 5397.448242 5803.661133 6490.074219 7419.542480 8144.359375 8697.899414 9130.919922 9586.855469 10557.342773 11127.228516 11167.661133 10743.759766 10451.641602 10338.343750 8244.784180 6044.648438 3346.293213
0.000000 0.000000 0.000000 0.000000 0.000000 0.000000 0.000000 0.000000 0.000000 0.000000 0.000000 0.239246 0.579813 1.390264 3.228410 6.418934 11.933574 21.457773 37.929131 64.938889 107.703842 174.034729 273.030762 413.229584 608.784790 874.899902 1224.759888 1659.526733 2159.031250 2686.024658 3205.657959 3739.237061 4187.402344 4598.938965 4985.608398 5786.696289 6620.578125 7237.753418 7794.847656 8243.597656 8991.929688 9890.118164 10401.744141 10519.010742 10313.971680 10297.030273 10348.768555 8320.680664 6419.839844 3592.215576
0.000000 0.000000 0.000000 0.000000 0.000000 0.000000 0.000000 0.000000 0.000000 0.000000 0.000000 0.000000 0.284156 0.688018 1.572760 3.513510 7.640555 14.754781 26.287188 45.388630 77.100571 127.309006 203.735016 317.951447 479.898560 696.235901 980.176636 1337.215088 1753.514771 2192.654541 2637.094727 3091.152588 3452.216064 3822.795898 4298.458496 5073.770020 5765.124023 6336.706055 6871.613281 7373.758789 8357.157227 9140.808594 9591.335938 9805.098633 9778.556641 10043.788086 10203.805664 8323.294922 6765.603516 3787.711182
0.000000 0.000000 0.000000 0.000000 0.000000 0.000000 0.000000 0.000000 0.000000 0.000000 0.000000 0.000000 0.000000 0.297658 0.734147 1.734015 3.841650 8.243937 16.544773 30.740604 53.755089 89.760483 145.275101 229.883621 354.571014 531.945679 767.290222 1053.705933 1380.686279 1728.470337 2099.783691 2466.603516 2783.328125 3098.311035 3670.822266 4359.790039 4927.013184 5467.544922 5966.320801 6750.083496 7640.120605 8289.452148 8750.714844 9025.012695 9241.878906 9669.105469 9888.958984 8256.626953 7074.829590 3962.095947
0.000000 0.000000 0.000000 0.000000 0.000000 0.000000 0.000000 0.000000 0.000000 0.000000 0.000000 0.000000 0.000000 0.000000 0.313963 0.776944 1.932566 4.347019 8.962095 17.777657 33.516609 59.179775 100.021942 162.233582 253.253708 385.994476 567.404236 794.411682 1055.294434 1327.018188 1616.255371 1898.019775 2179.751709 2509.954834 3079.747803 3640.823486 4151.996094 4636.276855 5209.252930 6092.735352 6839.943359 7443.412598 7929.645020 8218.040039 8806.883789 9259.202148 9388.225586 8105.077637 7312.442871 4126.271484
0.000000 0.000000 0.000000 0.000000 0.000000 0.000000 0.000000 0.000000 0.000000 0.000000 0.000000 0.000000 0.000000 0.000000 0.000000 0.349049 0.860552 2.104067 5.118411 10.472518 19.479649 35.494038 63.187370 108.203300 177.242844 276.730011 408.486084 572.654663 766.319641 981.010620 1212.608032 1425.210938 1647.191772 2047.557739 2533.979980 2977.370361 3434.225586 3887.458008 4646.752441 5406.442871 6040.938477 6615.977051 7102.858398 7559.231445 8331.149414 8762.309570 8779.098633 7866.742188 7441.280273 4280.375000
0.000000 0.000000 0.000000 0.000000 0.000000 0.000000 0.000000 0.000000 0.000000 0.000000 0.000000 0.000000 0.000000 0.000000 0.000000 0.000000 0.394574 0.984235 2.343794 5.327822 10.977406 21.284412 39.381977 68.863686 115.223526 185.061371 282.343842 405.043152 542.474121 694.728394 860.506287 1037.654785 1264.434448 1628.411621 2017.235596 2407.404297 2793.514160 3372.306641 4069.864014 4691.160645 5278.714844 5811.244141 6295.523926 7070.368652 7758.893555 8108.793457 8154.280273 7568.014160 7505.264648 4425.870117
0.000000 0.000000 0.000000 0.000000 0.000000 0.000000 0.000000 0.000000 0.000000 0.000000 0.000000 0.000000 0.000000 0.000000 0.000000 0.000000 0.000000 0.417295 1.019347 2.431381 5.572495 11.595153 22.647657 41.881725 73.193726 120.268639 184.078629 264.774200 363.363495 480.958252 600.103027 726.341064 978.496338 1275.290649 1572.951050 1894.332031 2303.962891 2883.008057 3455.766113 4005.167480 4533.270020 5013.685547 5699.476074 6438.086426 7033.706543 7416.981445 7502.500000 7136.775879 7353.828125 4556.569336
0.000000 0.000000 0.000000 0.000000 0.000000 0.000000 0.000000 0.000000 0.000000 0.000000 0.000000 0.000000 0.000000 0.000000 0.000000 0.000000 0.000000 0.000000 0.419559 1.016559 2.426660 5.622185 12.015109 23.843153 42.963665 72.501732 114.846977 170.195312 236.856155 311.670074 396.346924 541.609131 739.846008 954.130676 1197.028687 1461.761841 1895.630127 2369.697754 2836.589600 3302.853760 3752.378906 4307.541504 5028.395996 5659.441406 6182.763184 6614.974609 6766.075195 6825.934082 7051.896973 4678.479492
0.000000 0.000000 0.000000 0.000000 0.000000 0.000000 0.000000 0.000000 0.000000 0.000000 0.000000 0.000000 0.000000 0.000000 0.000000 0.000000 0.000000 0.000000 0.000000 0.411101 0.965995 2.264089 5.323139 11.575582 22.540493 40.678249 67.937943 101.971291 144.734146 195.080826 269.376892 387.840454 531.318848 695.442627 870.278687 1142.850586 1479.885620 1840.536255 2214.293213 2593.925537 2993.372559 3624.806885 4240.501465 4775.971680 5246.988770 5703.924316 5935.352539 6359.928711 6613.807617 4691.269043
0.000000 0.000000 0.000000 0.000000 0.000000 0.000000 0.000000 0.000000 0.000000 0.000000 0.000000 0.000000 0.000000 0.000000 0.000000 0.000000 0.000000 0.000000 0.000000 0.173952 0.400334 0.926514 2.129334 4.789065 10.585709 21.008875 36.401802 57.174400 83.527298 118.179878 180.289566 262.408020 358.843628 465.972687 617.474060 827.052124 1070.502197 1328.903687 1610.294067 1915.014648 2389.572754 2886.588623 3381.116943 3868.202637 4300.662598 4713.608398 5197.175293 5742.615234 6013.584473 4560.743652
