tests/test_03/output1/CloudConcentration_005.00hrs.dat
NCOLS    50
NROWS    50
XLLCORNER    -2289770.000
YLLCORNER     2591270.000
CELLSIZE        2000.000       2000.000
NODATA_VALUE  0.000
[rows 0 to 41 of 50, columns 0 to 49 of 50]
0.000 0.000 0.000 0.000 0.000 0.000 0.000 0.266 1.638 9.350 49.951 246.608 1229.500 6304.327 13880.640 22512.600 30814.684 37933.328 43474.824 46011.477 46693.184 46064.258 45912.344 49670.934 52864.207 52870.199 52087.984 48404.230 44669.531 46793.949 47450.141 43059.789 37104.176 28692.242 23077.014 17424.449 11465.671 5104.394 1913.511 417.797 53.617 8.071 1.286 0.210 0.000 0.000 0.000 0.000 0.000 0.000
0.000 0.000 0.000 0.000 0.000 0.000 0.252 1.576 9.223 51.558 271.718 1518.461 7002.871 14625.472 23247.549 32486.564 41541.852 48660.527 52895.766 54914.156 54547.184 52452.301 50175.090 48585.367 52328.367 55376.391 56630.051 56362.090 52561.828 48459.145 53333.602 54405.926 48978.312 41334.055 33252.816 27762.744 21452.188 13834.310 5449.007 1979.957 380.596 51.946 7.850 1.262 0.202 0.000 0.000 0.000 0.000 0.000
0.000 0.000 0.000 0.000 0.000 0.274 1.689 10.192 59.163 339.079 2109.497 9086.651 18329.443 27335.850 35809.238 43684.793 52909.141 57902.145 59626.398 59162.879 57966.551 56427.191 54071.535 51381.684 49425.363 53063.789 56352.652 57701.332 58837.297 56851.223 53486.246 58407.430 60310.168 56951.039 47002.441 39424.910 33580.336 25882.654 15840.794 6248.361 2107.972 350.625 50.035 7.622 1.208 0.187 0.000 0.000 0.000 0.000
0.000 0.000 0.000 0.000 0.308 1.843 11.068 66.770 409.277 2661.430 11089.421 22099.473 32953.527 42602.961 50793.633 54958.574 55815.848 58144.750 58776.289 57519.219 55878.648 54360.691 52998.285 51245.113 48759.539 46243.469 49764.438 54592.496 57074.141 58450.512 57056.273 55820.059 61882.285 64799.555 62163.965 52260.395 47035.887 39180.316 29605.145 18005.584 7163.825 2080.755 339.540 47.162 7.217 1.124 0.169 0.000 0.000 0.000
0.000 0.000 0.000 0.343 2.020 12.000 73.203 472.580 3169.049 12484.058 24681.236 37026.941 49116.801 58830.402 61731.379 61277.445 58861.234 54474.902 49370.125 46462.109 45201.469 45000.852 44997.758 44086.262 43428.578 42102.027 40539.699 42745.445 49882.027 54471.156 56452.590 55356.262 57706.344 64597.371 67988.523 65243.711 56610.699 54157.082 44195.824 32350.357 18851.082 7632.296 2121.621 314.936 44.101 6.743 1.039 0.156 0.000 0.000
0.000 0.000 0.360 2.142 12.752 78.695 523.519 3429.775 12790.209 25679.625 39272.148 52646.094 63058.008 66217.328 66051.547 62374.254 55424.801 47928.398 41123.102 35714.480 32027.547 30316.805 31065.457 31947.184 32642.736 33122.340 33555.492 33176.070 33731.184 41300.465 47827.215 51624.168 52236.012 58745.160 65954.359 69001.523 66876.406 62936.312 59878.527 47159.309 33964.805 18906.084 8092.706 2078.537 284.311 40.733 6.266 0.977 0.149 0.000
0.000 0.360 2.172 13.127 82.242 559.246 3481.224 12415.231 24768.742 38480.719 52784.758 63758.445 67178.172 67686.203 63484.699 53243.973 43059.320 34978.707 29646.586 26204.658 23370.551 20944.914 18997.916 18907.068 20128.850 21720.016 23081.562 24303.785 24520.756 25151.928 32461.750 39604.648 44731.309 47377.359 58049.910 66025.219 68056.445 66745.875 69067.672 62125.852 48880.027 33340.488 18860.824 8412.379 1960.801 251.892 37.247 5.863 0.933 0.162
0.364 2.146 13.193 84.673 583.789 3430.785 11601.961 22892.654 35801.551 49381.000 60038.160 65811.961 66375.547 59934.863 46769.824 34761.090 25765.863 20794.592 18131.260 16230.246 14489.578 13088.088 12046.046 11123.428 10330.464 11129.881 12619.165 14278.770 15841.003 17105.410 18131.760 24937.568 31807.234 37285.676 41163.457 55928.785 65243.434 66101.078 69254.844 72013.812 62774.531 47800.527 31994.617 18136.949 8395.869 1717.111 218.481 33.748 5.482 1.014
2.328 13.242 85.555 585.517 3265.638 10566.518 20595.428 32036.232 43893.715 54108.977 60947.105 60464.531 52896.656 38681.738 24788.498 15244.934 11398.746 9795.895 8742.137 7749.026 6942.551 6401.613 6027.981 5694.303 5454.659 5287.327 5029.365 6195.404 7916.092 9511.453 11082.757 12180.642 18121.812 24579.463 29600.449 35733.277 51146.219 60609.641 65219.340 71927.680 72640.648 60556.715 45401.633 30008.459 18669.621 7893.556 1408.408 183.977 29.780 5.817
14.900 87.289 572.604 3015.406 9405.440 18120.832 27996.539 38064.555 47378.309 53369.648 52047.242 44197.020 29950.541 16269.839 7599.404 5131.182 4177.984 3647.988 3190.738 2763.198 2468.262 2300.217 2203.949 2160.189 2163.264 2129.926 2232.232 2263.170 2653.268 3767.819 5062.488 6401.948 7464.198 12579.849 18183.811 21728.615 32618.602 46188.812 54091.277 67648.234 73013.102 69210.758 57319.312 42069.656 29885.166 17969.928 6780.256 1042.641 151.184 30.107
90.101 545.567 2708.155 8191.825 15548.319 23892.541 32375.029 40781.762 44711.191 43260.637 35954.359 22457.268 10028.512 3552.404 2082.778 1553.687 1289.480 1107.549 936.098 795.266 712.805 672.744 648.106 645.142 664.781 703.492 749.422 839.353 919.489 1090.130 1650.670 2344.522 3243.474 4357.743 8106.680 12646.514 17339.199 30156.639 40323.703 54238.672 69003.383 69699.648 64352.344 53238.609 41917.078 28783.361 15683.644 5171.653 727.413 144.991
517.909 2394.781 6998.039 13060.442 19967.197 26944.514 34172.891 36575.723 35268.301 28566.537 16616.176 6261.527 1719.778 804.054 518.581 390.145 321.356 269.876 222.908 187.006 168.220 160.911 156.738 158.416 165.178 181.488 211.803 251.932 301.469 348.758 457.330 721.818 1093.854 1521.572 2889.163 5419.133 8568.764 16751.736 27414.285 38132.621 56896.863 66428.719 65501.922 61961.809 53606.578 39357.254 24887.637 12438.067 3477.769 629.669
2112.885 5889.774 10799.555 16456.344 22174.500 28047.113 29643.588 28469.238 22641.785 12553.102 4174.697 929.191 323.212 165.982 107.293 79.374 63.940 52.198 42.219 34.917 32.309 31.601 31.416 31.816 33.481 38.477 49.109 63.714 80.785 104.257 124.483 219.019 381.871 581.736 1185.269 2430.388 4084.465 8808.695 16649.424 24456.725 42961.180 55857.230 63084.074 65669.039 62288.902 49309.207 34216.086 19637.504 8875.850 2697.712
4873.395 8841.421 13402.371 18066.373 22770.432 23812.355 22829.471 18066.559 9756.068 2969.613 582.105 153.668 56.673 28.541 17.718 12.578 9.806 7.871 6.369 5.400 5.106 5.080 5.137 5.342 5.881 7.356 9.627 13.384 19.713 27.078 37.102 74.298 145.589 247.113 590.863 1301.611 2289.830 5178.970 9897.424 16276.492 30803.764 45004.164 54589.930 65486.926 64842.008 57422.016 42048.246 26782.102 14575.150 7111.408
7296.411 10835.918 14607.641 18386.066 19127.045 18335.670 14513.807 7771.142 2280.755 424.006 93.109 24.592 8.478 3.920 2.278 1.541 1.171 0.957 0.818 0.727 0.698 0.704 0.736 0.825 0.989 1.206 1.615 2.537 4.156 7.196 12.409 27.547 64.081 119.871 333.242 781.591 1593.334 3564.641 6614.809 11830.254 22568.055 35362.676 45765.656 61326.930 64956.422 60769.242 48237.281 33303.418 20318.428 12472.117
8916.779 11674.673 14765.082 15324.018 14720.753 11682.652 6239.302 1829.374 352.379 77.104 15.867 3.656 1.078 0.433 0.234 0.000 0.000 0.000 0.000 0.000 0.000 0.000 0.000 0.000 0.000 0.192 0.272 0.459 0.896 1.953 4.224 10.706 30.627 64.063 205.795 496.458 1176.060 2714.372 4917.036 9687.460 17950.369 28201.148 38848.520 55124.062 62005.074 60205.105 51681.070 38935.770 27317.264 18573.840
9500.672 11668.487 12136.257 11705.630 9426.572 5045.773 1461.604 289.765 71.321 15.613 2.794 0.518 0.000 0.000 0.000 0.000 0.000 0.000 0.000 0.000 0.000 0.000 0.000 0.000 0.000 0.000 0.000 0.000 0.202 0.517 1.469 4.127 13.977 35.000 127.294 317.352 827.397 2040.427 3775.936 8169.548 15098.866 23189.402 34348.195 49541.961 58481.004 57888.215 52058.848 43967.641 34121.461 24731.910
9272.818 9492.899 9198.027 7498.637 4014.292 1142.980 220.593 57.828 16.270 3.640 0.588 0.000 0.000 0.000 0.000 0.000 0.000 0.000 0.000 0.000 0.000 0.000 0.000 0.000 0.000 0.000 0.000 0.000 0.000 0.130 0.445 1.409 5.096 16.481 61.396 183.626 540.159 1440.584 2855.884 6759.015 12673.841 19666.668 31578.223 44923.195 53938.977 54840.172 51430.223 48526.176 39686.402 29927.521
7277.777 7090.916 5922.884 3195.195 896.318 167.600 42.803 12.332 3.493 0.755 0.139 0.000 0.000 0.000 0.000 0.000 0.000 0.000 0.000 0.000 0.000 0.000 0.000 0.000 0.000 0.000 0.000 0.000 0.000 0.000 0.096 0.400 1.566 5.805 25.665 91.572 346.041 976.242 2339.997 5585.017 10560.885 17229.746 29733.744 41589.098 49737.738 51871.699 51988.297 51547.270 42711.773 33671.684
5352.988 4546.951 2486.212 714.794 123.416 29.445 8.107 2.325 0.625 0.129 0.000 0.000 0.000 0.000 0.000 0.000 0.000 0.000 0.000 0.000 0.000 0.000 0.000 0.000 0.000 0.000 0.000 0.000 0.000 0.000 0.000 0.119 0.572 2.979 13.883 53.551 250.185 691.692 2014.219 4791.673 8936.528 16492.020 27841.508 38870.512 46040.082 48906.410 53644.215 53208.602 44439.996 35583.637
3511.340 1901.876 533.921 85.277 18.584 4.820 1.318 0.360 0.000 0.000 0.000 0.000 0.000 0.000 0.000 0.000 0.000 0.000 0.000 0.000 0.000 0.000 0.000 0.000 0.000 0.000 0.000 0.000 0.000 0.000 0.000 0.000 0.343 1.722 8.192 41.656 201.128 562.246 1778.130 4177.425 7910.325 16058.744 26299.078 35979.371 42741.004 50672.488 54971.695 53448.207 45311.312 36063.328
1627.745 457.078 62.039 11.105 2.573 0.660 0.000 0.000 0.000 0.000 0.000 0.000 0.000 0.000 0.000 0.000 0.000 0.000 0.000 0.000 0.000 0.000 0.000 0.000 0.000 0.000 0.000 0.000 0.000 0.000 0.000 0.000 0.236 1.275 6.723 33.267 156.702 506.026 1585.232 3672.840 7806.272 16108.331 25469.779 33613.055 40993.008 51763.305 54748.996 53129.102 43823.367 35817.109
476.546 64.099 8.059 1.356 0.293 0.000 0.000 0.000 0.000 0.000 0.000 0.000 0.000 0.000 0.000 0.000 0.000 0.000 0.000 0.000 0.000 0.000 0.000 0.000 0.000 0.000 0.000 0.000 0.000 0.000 0.000 0.000 0.211 1.132 5.549 25.786 111.359 454.205 1431.848 3270.050 8040.044 15982.034 24608.738 31986.781 43670.309 52441.969 54373.527 51022.754 41861.473 34756.039
81.938 9.093 0.976 0.000 0.000 0.000 0.000 0.000 0.000 0.000 0.000 0.000 0.000 0.000 0.000 0.000 0.000 0.000 0.000 0.000 0.000 0.000 0.000 0.000 0.000 0.000 0.000 0.000 0.000 0.000 0.000 0.000 0.183 0.980 4.720 24.530 109.419 432.014 1290.206 3263.997 8418.544 15955.011 23642.947 33026.625 46481.965 52274.637 53397.629 48311.379 40130.668 37581.098
7.034 0.745 0.000 0.000 0.000 0.000 0.000 0.000 0.000 0.000 0.000 0.000 0.000 0.000 0.000 0.000 0.000 0.000 0.000 0.000 0.000 0.000 0.000 0.000 0.000 0.000 0.000 0.000 0.000 0.000 0.000 0.000 0.153 0.904 5.178 25.509 114.207 429.158 1201.976 3562.522 8714.010 15563.488 22703.896 36522.414 48264.344 52497.516 51446.520 45920.695 43458.996 39265.363
0.000 0.000 0.000 0.000 0.000 0.000 0.000 0.000 0.000 0.000 0.000 0.000 0.000 0.000 0.000 0.000 0.000 0.000 0.000 0.000 0.000 0.000 0.000 0.000 0.000 0.000 0.000 0.000 0.000 0.000 0.000 0.000 0.174 1.089 5.780 27.528 119.002 422.144 1380.287 4080.084 9070.884 15178.101 25735.396 39335.617 49204.145 51353.539 49647.422 47968.336 45585.109 38176.383
0.000 0.000 0.000 0.000 0.000 0.000 0.000 0.000 0.000 0.000 0.000 0.000 0.000 0.000 0.000 0.000 0.000 0.000 0.000 0.000 0.000 0.000 0.000 0.000 0.000 0.000 0.000 0.000 0.000 0.000 0.000 0.000 0.253 1.411 6.702 29.014 120.745 472.823 1626.719 4395.962 9160.826 16797.422 29352.084 41215.750 48833.059 50245.918 51110.645 52170.633 44917.812 36590.012
0.000 0.000 0.000 0.000 0.000 0.000 0.000 0.000 0.000 0.000 0.000 0.000 0.000 0.000 0.000 0.000 0.000 0.000 0.000 0.000 0.000 0.000 0.000 0.000 0.000 0.000 0.000 0.000 0.000 0.000 0.000 0.000 0.396 1.901 8.615 36.395 151.742 573.724 1827.232 4913.432 9831.840 20328.236 32396.492 42745.586 47237.598 52447.227 55942.645 53641.918 43206.844 33230.469
0.000 0.000 0.000 0.000 0.000 0.000 0.000 0.000 0.000 0.000 0.000 0.000 0.000 0.000 0.000 0.000 0.000 0.000 0.000 0.000 0.000 0.000 0.000 0.000 0.000 0.000 0.000 0.000 0.000 0.000 0.000 0.143 0.773 3.548 14.471 53.566 188.062 667.033 2065.902 5087.759 12698.240 23612.994 34970.105 42415.984 50292.633 57688.375 57822.566 51749.836 39354.621 29355.389
0.000 0.000 0.000 0.000 0.000 0.000 0.000 0.000 0.000 0.000 0.000 0.000 0.000 0.000 0.000 0.000 0.000 0.000 0.000 0.000 0.000 0.000 0.000 0.000 0.000 0.000 0.000 0.000 0.000 0.000 0.000 0.254 1.316 5.663 21.802 76.144 247.628 775.212 2259.417 6937.611 15815.054 26402.131 35202.629 45242.562 57269.258 60077.984 58389.945 46911.629 35356.160 28652.207
0.000 0.000 0.000 0.000 0.000 0.000 0.000 0.000 0.000 0.000 0.000 0.000 0.000 0.000 0.000 0.000 0.000 0.000 0.000 0.000 0.000 0.000 0.000 0.000 0.000 0.000 0.000 0.000 0.000 0.000 0.000 0.527 2.491 9.377 31.083 98.441 301.280 975.990 3313.545 9380.832 18622.004 27106.178 38647.086 54979.160 60003.750 61266.148 52883.734 42726.496 35744.148 27618.318
0.000 0.000 0.000 0.000 0.000 0.000 0.000 0.000 0.000 0.000 0.000 0.000 0.000 0.000 0.000 0.000 0.000 0.000 0.000 0.000 0.000 0.000 0.000 0.000 0.000 0.000 0.000 0.000 0.000 0.000 0.158 0.915 4.488 17.751 59.167 179.178 526.393 1579.379 4751.424 11848.410 19673.018 31919.006 49120.305 58824.488 61352.793 57552.816 49334.039 44603.523 33587.168 22920.893
0.000 0.000 0.000 0.000 0.000 0.000 0.000 0.000 0.000 0.000 0.000 0.000 0.000 0.000 0.000 0.000 0.000 0.000 0.000 0.000 0.000 0.000 0.000 0.000 0.000 0.000 0.000 0.000 0.000 0.000 0.409 2.371 10.500 38.975 120.996 331.382 887.143 2412.283 6530.248 13026.486 25524.352 41913.242 55658.961 60454.102 59934.031 56159.055 53230.844 40917.891 28574.311 16818.771
0.000 0.000 0.000 0.000 0.000 0.000 0.000 0.000 0.000 0.000 0.000 0.000 0.000 0.000 0.000 0.000 0.000 0.000 0.000 0.000 0.000 0.000 0.000 0.000 0.000 0.000 0.000 0.000 0.000 0.175 1.208 6.152 24.085 75.310 204.566 514.255 1281.018 3345.889 8734.872 19626.516 34119.012 48971.391 57338.676 59705.820 61684.629 61132.723 48056.395 34883.094 21270.859 11390.124
0.000 0.000 0.000 0.000 0.000 0.000 0.000 0.000 0.000 0.310 0.568 0.852 0.681 0.281 0.000 0.000 0.000 0.000 0.000 0.000 0.000 0.000 0.000 0.000 0.000 0.000 0.000 0.000 0.103 0.626 3.254 14.650 57.240 185.396 467.351 1045.660 2380.844 6213.586 14794.782 27148.482 40346.648 50350.102 60257.102 65813.656 65227.164 55773.738 40785.805 26288.506 14636.640 8128.807
0.000 0.000 0.000 0.000 0.000 0.000 0.000 0.154 1.076 2.924 3.944 2.578 1.864 0.718 0.217 0.000 0.000 0.000 0.000 0.000 0.000 0.000 0.000 0.000 0.000 0.000 0.000 0.143 0.586 3.177 13.835 54.261 174.095 449.312 990.212 2104.306 4630.500 10713.456 20233.885 31180.145 44146.418 60847.035 67415.227 69191.938 60895.004 45659.723 31191.633 18596.789 10772.763 5019.887
0.000 0.000 0.000 0.000 0.000 0.000 0.179 1.682 5.892 7.415 8.663 7.902 4.252 1.668 0.724 0.255 0.000 0.000 0.000 0.000 0.000 0.000 0.000 0.000 0.147 0.287 0.577 1.454 4.460 14.935 44.628 137.964 455.184 982.261 1798.939 3430.289 7431.590 14425.426 26500.814 43025.020 59223.309 67665.141 69363.734 63373.188 49850.039 35576.316 23013.188 13926.406 6602.589 2390.592
0.000 0.000 0.000 0.000 0.000 0.000 1.565 7.175 10.823 18.390 19.739 15.613 8.857 5.045 2.249 0.800 0.334 0.184 0.139 0.155 0.179 0.285 0.420 0.657 1.350 2.657 5.299 12.784 27.913 76.272 192.605 551.140 1294.084 2403.338 4148.552 7528.891 14089.112 25221.891 39426.559 55686.180 65112.727 66688.945 64128.570 53094.520 39455.035 27628.193 17309.801 8570.731 2904.488 910.406
0.000 0.000 0.000 0.000 0.000 0.843 5.905 10.417 21.148 31.079 33.027 31.677 25.016 14.611 6.857 3.032 1.442 1.070 1.022 1.096 1.413 2.221 3.314 5.392 10.767 20.145 37.190 75.287 146.728 284.313 592.380 1338.241 2541.382 4394.058 7614.871 13368.772 22757.545 34756.195 48188.445 59668.055 63862.977 62703.934 58095.637 44675.125 31965.990 20505.504 10246.845 3457.861 1111.972 247.256
0.000 0.000 0.000 0.000 0.214 3.106 7.366 17.886 30.944 43.375 58.552 69.246 68.665 46.762 22.778 11.196 7.396 5.494 6.458 6.949 10.030 15.232 22.327 34.704 63.155 111.254 186.424 290.926 529.821 1018.372 2028.635 3651.134 5943.110 9100.210 13770.761 20903.807 31237.285 43983.781 56787.211 64513.465 66001.203 61733.238 48560.258 35458.555 22826.414 11237.275 3588.731 1026.833 220.956 25.854
0.000 0.000 0.000 0.000 0.721 4.366 9.941 21.111 33.276 55.747 88.669 120.304 133.232 122.480 81.681 43.543 36.505 33.487 37.419 39.578 56.641 83.556 119.407 159.700 260.997 440.078 695.276 1075.534 1674.766 2639.018 4558.542 7456.981 11326.003 16783.984 24410.494 34071.969 45238.207 56418.363 64201.672 65563.734 61403.828 49604.090 36682.094 23900.754 12215.235 4033.703 1116.797 183.615 24.965 3.822
0.000 0.000 0.000 0.000 1.372 3.827 10.269 19.542 33.740 65.746 116.718 171.083 203.831 239.429 252.415 212.052 187.211 170.806 190.583 202.522 248.728 362.429 502.448 664.237 863.241 1295.607 2046.859 3118.605 4704.734 7053.666 10034.380 13443.798 17887.621 24696.143 33246.227 42829.949 52501.383 59211.324 60190.086 57907.582 48209.875 36051.723 23586.711 12150.590 4145.718 1036.739 164.797 24.377 3.730 0.590
