tests/test_03/output1/CloudLoad_005.00hrs.dat
NCOLS    50
NROWS    50
XLLCORNER    -2289770.000
YLLCORNER     2591270.000
CELLSIZE        2000.000       2000.000
NODATA_VALUE -9999.
[rows 0 to 28 of 50, columns 0 to 49 of 50]
0.000000 0.000000 0.000000 0.000000 0.000000 0.000000 0.000000 0.347059 2.243062 13.813970 81.466316 463.710510 2565.444092 12232.723633 26859.873047 43366.445312 60384.507812 75823.734375 88565.968750 97145.609375 102114.718750 104376.617188 104683.859375 105411.945312 106199.156250 106190.812500 105000.921875 102946.281250 100793.007812 98748.367188 93161.015625 85449.437500 77350.140625 63984.070312 46624.343750 30523.822266 18636.345703 9793.847656 3949.534424 829.723694 114.241386 17.149240 2.688650 0.426370 0.000000 0.000000 0.000000 0.000000 0.000000 0.000000
0.000000 0.000000 0.000000 0.000000 0.000000 0.000000 0.327745 2.054796 12.771873 78.148933 464.940674 2968.970215 13784.327148 30121.488281 47884.304688 65944.312500 82919.210938 97013.992188 107748.078125 113225.476562 115645.437500 114598.609375 113145.476562 112060.898438 111331.695312 111391.226562 113022.320312 114093.398438 113448.468750 111056.359375 111110.734375 108182.937500 100104.546875 90755.078125 75272.398438 56260.906250 37612.570312 23069.730469 11662.165039 4062.028809 773.178162 108.912262 16.283491 2.565961 0.400020 0.000000 0.000000 0.000000 0.000000 0.000000
0.000000 0.000000 0.000000 0.000000 0.000000 0.367680 2.182266 13.303835 82.675224 516.107788 3458.377441 15122.238281 32396.537109 51432.582031 71647.984375 91594.304688 107702.929688 117800.335938 121903.445312 121387.203125 119188.835938 117227.242188 115757.679688 114489.945312 113969.875000 113966.281250 114332.507812 115836.234375 119654.890625 122882.367188 123886.742188 123216.984375 123433.492188 117579.343750 106375.648438 88866.148438 67264.382812 46194.910156 28188.662109 13815.375000 4237.714844 719.566650 102.427742 15.423399 2.404065 0.366265 0.000000 0.000000 0.000000 0.000000
0.000000 0.000000 0.000000 0.000000 0.394204 2.297083 13.730359 84.847092 547.046875 3658.781006 15573.584961 33191.136719 53153.953125 74576.109375 95045.187500 110134.187500 119100.312500 122080.515625 120665.226562 115450.531250 110438.929688 107509.242188 105710.679688 104291.914062 103912.828125 104362.296875 106927.562500 110337.781250 113968.382812 118564.773438 125042.195312 130121.671875 132175.593750 136524.359375 132694.187500 121527.070312 103211.046875 78096.328125 54509.792969 33177.578125 15602.984375 4144.895508 680.341858 94.084396 14.306808 2.211114 0.332152 0.000000 0.000000 0.000000
0.000000 0.000000 0.000000 0.405872 2.367426 14.014296 86.054703 561.422485 3754.851807 15202.994141 32613.582031 52358.582031 73547.593750 93439.820312 107527.085938 115551.882812 117227.359375 112670.367188 104237.367188 95827.421875 90625.562500 88107.476562 86614.796875 86025.023438 85972.953125 86581.992188 88605.640625 92690.585938 99405.781250 106822.046875 112869.953125 121007.640625 131874.953125 139091.875000 147046.359375 146014.812500 135377.328125 116347.726562 88290.406250 62340.089844 37492.308594 16300.113281 4087.445312 615.537170 86.122406 13.189546 2.036283 0.306532 0.000000 0.000000
0.000000 0.000000 0.399205 2.373987 14.139688 87.348351 579.859131 3782.676514 14339.976562 30385.148438 48749.269531 69080.750000 88273.039062 101040.101562 109429.679688 107464.203125 97514.210938 84463.140625 73893.882812 66917.828125 63677.238281 61936.078125 61202.312500 60976.593750 62008.753906 64318.316406 66818.921875 70204.890625 74599.328125 82207.062500 92253.078125 102172.875000 114167.796875 130329.296875 143104.796875 156133.656250 157242.750000 148790.171875 127742.210938 96803.500000 68204.859375 40278.367188 16706.320312 3884.441162 544.136108 78.480225 12.181086 1.902888 0.287906 0.000000
0.000000 0.382758 2.313966 14.034616 88.040909 596.863098 3702.911621 13325.476562 27473.435547 44034.046875 62644.238281 79953.015625 91982.132812 98703.023438 93917.539062 80019.414062 63704.164062 51701.574219 44792.445312 41624.011719 39688.453125 38358.859375 37703.414062 37779.289062 38367.382812 40017.050781 43088.437500 46700.531250 50495.207031 56046.570312 64098.691406 75911.578125 88818.132812 104780.851562 124852.843750 144275.937500 161990.593750 165187.937500 159079.062500 134538.250000 102901.617188 71519.476562 41255.066406 16340.223633 3560.981689 476.074097 71.574036 11.348683 1.799102 0.298557
0.393528 2.245504 13.797242 88.681168 611.815674 3574.499023 12139.406250 24461.031250 39011.308594 55255.488281 70040.023438 81492.828125 85009.460938 78451.984375 62065.250000 43681.976562 31059.564453 25395.193359 22725.777344 21166.968750 20083.996094 19468.324219 19393.968750 19830.292969 20547.767578 21762.808594 23221.728516 25226.835938 29205.708984 34198.601562 39998.785156 47902.722656 60203.886719 74291.710938 92272.367188 116768.468750 142000.796875 163992.718750 168954.578125 165664.109375 138143.000000 105610.117188 71653.921875 40729.640625 15554.787109 3082.050537 414.791901 65.452477 10.616430 1.870437
2.634480 13.964552 89.030708 604.281372 3347.387207 10862.229492 21476.837891 33879.054688 47330.632812 60173.281250 70303.218750 71133.382812 63122.582031 46389.871094 28457.283203 16861.261719 12522.449219 10847.376953 9798.273438 8864.549805 8198.916016 7900.114746 7854.352539 8081.402832 8468.345703 9154.341797 10159.741211 11721.250000 13717.315430 16642.794922 21129.529297 26755.531250 33734.105469 45059.187500 60114.460938 78644.570312 107007.093750 137536.000000 163381.203125 170581.953125 167268.140625 138929.171875 104504.164062 69210.242188 38546.554688 14222.273438 2580.770752 364.140991 59.132725 10.884080
16.199959 91.050964 585.211792 3059.064941 9550.086914 18564.029297 29048.037109 40042.722656 50949.617188 58666.765625 57917.773438 49720.277344 33924.519531 18004.173828 8182.376465 5422.044922 4403.016113 3863.748779 3407.111328 2989.695557 2727.776611 2608.231934 2588.158936 2664.183105 2830.526367 3069.524170 3508.289551 4211.222168 5292.331543 6667.449707 8720.737305 11614.208008 16125.301758 22783.853516 33126.824219 46775.152344 67322.437500 97784.601562 133331.343750 162423.718750 170758.718750 164268.406250 136382.765625 99777.703125 64599.253906 35077.464844 12376.379883 2100.205322 314.201843 58.868889
92.476433 553.023254 2731.296875 8262.140625 15750.189453 24433.746094 33482.937500 42819.398438 47659.371094 46490.554688 38993.082031 24580.333984 10935.504883 3809.214600 2177.575928 1605.071289 1330.739258 1147.325195 975.971985 836.812439 760.493469 729.672424 720.622192 738.844177 791.766052 884.629517 1028.703247 1284.915894 1648.941406 2204.701416 2972.537354 4087.529541 6070.072754 9038.189453 14287.162109 23819.908203 36922.070312 60151.738281 92110.015625 131054.023438 162469.328125 169800.750000 157375.687500 129583.085938 92225.406250 58664.921875 30602.115234 10197.734375 1656.175903 299.301941
520.744568 2404.578857 7030.033203 13154.763672 20232.376953 27541.201172 35256.042969 38118.589844 36999.023438 30203.789062 17786.570312 6798.132812 1858.575928 844.679871 534.140991 398.524811 328.007263 276.257416 229.292496 193.611893 175.716721 170.142014 168.615265 173.779877 185.948837 212.013412 261.421021 338.562439 460.432037 640.431091 908.474365 1300.136353 1983.002686 3261.697021 5528.082520 10028.340820 18744.783203 32739.166016 57282.968750 91173.335938 132025.656250 161272.265625 164413.546875 148245.750000 118851.257812 83252.031250 51041.011719 25204.945312 7794.130859 1427.192505
2115.791992 5900.209473 10835.960938 16577.224609 22483.908203 28594.808594 30427.955078 29362.962891 23486.410156 13177.017578 4499.748535 1024.868164 345.575470 172.677750 109.766579 80.590858 64.859604 53.069992 43.088886 35.813042 33.314392 32.864525 33.070236 33.980804 36.448490 43.025375 56.645657 77.622856 111.254875 166.845901 250.880829 398.515533 685.218689 1255.038818 2345.917236 4634.914062 9293.771484 17751.509766 33889.992188 58612.988281 96643.156250 133199.468750 158352.562500 156102.468750 137790.843750 106016.492188 72636.562500 42033.144531 19685.527344 6189.906250
4876.129395 8851.875000 13442.910156 18205.003906 23038.109375 24203.746094 23278.800781 18493.501953 10082.818359 3160.761963 651.906433 168.855240 60.414642 29.631886 18.084042 12.733324 9.913840 7.971040 6.468362 5.502045 5.220591 5.227561 5.332649 5.604362 6.262061 7.953270 10.664513 15.456156 24.514351 39.890583 70.894867 138.321732 262.331635 546.552124 1160.605469 2537.006592 5340.853027 10830.890625 21040.546875 38991.363281 66504.046875 103722.796875 137497.671875 152911.140625 146126.031250 123844.351562 92239.609375 59834.796875 33128.730469 15119.481445
7298.062988 10843.639648 14647.898438 18491.544922 19297.039062 18539.443359 14710.412109 7938.510742 2395.009277 482.509369 106.405060 27.214390 9.099089 4.087964 2.327543 1.558859 1.181485 0.967087 0.827566 0.736502 0.709560 0.718781 0.755653 0.853243 1.032727 1.279489 1.755577 2.849379 5.013458 10.106080 22.294445 52.177273 115.538109 270.464813 643.322083 1574.103760 3527.325195 7456.684082 14726.350586 27867.511719 48319.808594 79302.242188 113069.460938 139492.265625 146310.656250 133595.671875 108266.523438 76745.031250 47323.480469 25672.492188
8917.281250 11677.570312 14780.953125 15371.372070 14784.956055 11746.644531 6301.112305 1884.542114 394.275940 99.255569 19.608980 4.174780 1.179420 0.457132 0.240272 0.000000 0.000000 0.000000 0.000000 0.000000 0.000000 0.000000 0.000000 0.000000 0.000000 0.200548 0.291927 0.513936 1.084480 2.742609 7.499520 20.707817 55.181278 145.891190 386.795959 1033.747925 2506.398926 5538.566895 11353.591797 21684.060547 38294.269531 63094.617188 92630.078125 122419.960938 137614.765625 136177.203125 118239.335938 91443.710938 61083.578125 37504.082031
9500.774414 11669.049805 12139.481445 11715.524414 9441.791992 5062.090332 1478.029541 305.925232 86.236244 26.371016 4.378355 0.643361 0.000000 0.000000 0.000000 0.000000 0.000000 0.000000 0.000000 0.000000 0.000000 0.000000 0.000000 0.000000 0.000000 0.000000 0.000000 0.000000 0.252638 0.761840 2.620949 8.294352 25.740538 80.838356 234.857330 660.364746 1727.250122 4108.844238 8890.740234 17551.957031 31966.916016 52767.238281 78620.140625 107365.929688 126897.390625 132872.703125 121937.242188 101128.367188 73214.500000 49513.433594
9272.835938 9493.009766 9198.664062 7500.531738 4017.426514 1146.645874 224.411194 61.772369 20.331217 7.125119 1.133474 0.000000 0.000000 0.000000 0.000000 0.000000 0.000000 0.000000 0.000000 0.000000 0.000000 0.000000 0.000000 0.000000 0.000000 0.000000 0.000000 0.000000 0.000000 0.210596 0.839074 2.998484 10.186218 37.032372 121.783936 378.655304 1130.029419 2938.147705 6796.374023 14168.916016 27039.916016 45563.390625 69121.031250 95600.476562 116236.390625 126980.007812 121975.718750 106727.945312 82361.734375 60141.164062
7277.777832 7090.932617 5922.992676 3195.523682 896.868896 168.298340 43.556137 13.124090 4.324337 1.483315 0.242522 0.000000 0.000000 0.000000 0.000000 0.000000 0.000000 0.000000 0.000000 0.000000 0.000000 0.000000 0.000000 0.000000 0.000000 0.000000 0.000000 0.000000 0.000000 0.000000 0.236165 0.943165 3.600252 14.849834 56.661819 210.319702 727.849548 2092.350586 5244.469238 11553.856445 22932.988281 39990.367188 62415.175781 87272.406250 107877.992188 120920.507812 119566.796875 109008.273438 88414.976562 68293.242188
5352.986328 4546.951660 2486.227295 714.843079 123.498795 29.553988 8.226118 2.449613 0.753953 0.246095 0.000000 0.000000 0.000000 0.000000 0.000000 0.000000 0.000000 0.000000 0.000000 0.000000 0.000000 0.000000 0.000000 0.000000 0.000000 0.000000 0.000000 0.000000 0.000000 0.000000 0.000000 0.330403 1.493830 7.236902 32.775078 136.407867 520.587769 1611.822754 4300.525391 9741.341797 19977.693359 35639.843750 57088.804688 81052.976562 101911.937500 115756.429688 117066.789062 109865.468750 91803.429688 73457.718750
3511.338867 1901.875244 533.922546 85.283318 18.594458 4.833972 1.332467 0.375085 0.000000 0.000000 0.000000 0.000000 0.000000 0.000000 0.000000 0.000000 0.000000 0.000000 0.000000 0.000000 0.000000 0.000000 0.000000 0.000000 0.000000 0.000000 0.000000 0.000000 0.000000 0.000000 0.000000 0.000000 0.870094 4.480195 22.436134 102.735596 419.169739 1346.242798 3681.698242 8651.346680 18218.208984 32847.625000 53626.289062 76249.437500 97200.468750 111896.078125 114531.914062 109935.351562 93920.812500 77316.562500
1627.744141 457.078247 62.039268 11.105884 2.574296 0.661277 0.000000 0.000000 0.000000 0.000000 0.000000 0.000000 0.000000 0.000000 0.000000 0.000000 0.000000 0.000000 0.000000 0.000000 0.000000 0.000000 0.000000 0.000000 0.000000 0.000000 0.000000 0.000000 0.000000 0.000000 0.000000 0.000000 0.636243 3.334101 17.292166 81.429810 346.635712 1142.754150 3227.175293 7899.118164 17012.826172 31576.150391 51657.359375 73154.601562 93945.500000 108625.500000 112754.539062 109336.171875 94073.781250 79841.710938
476.546143 64.098846 8.059266 1.355574 0.293208 0.000000 0.000000 0.000000 0.000000 0.000000 0.000000 0.000000 0.000000 0.000000 0.000000 0.000000 0.000000 0.000000 0.000000 0.000000 0.000000 0.000000 0.000000 0.000000 0.000000 0.000000 0.000000 0.000000 0.000000 0.000000 0.000000 0.000000 0.511680 2.697539 13.798327 67.276779 282.278900 993.229797 2914.303223 7388.767578 16303.913086 31271.220703 51163.050781 72011.593750 92834.687500 106287.101562 111674.953125 108293.507812 93564.117188 79986.687500
81.938370 9.092558 0.975713 0.000000 0.000000 0.000000 0.000000 0.000000 0.000000 0.000000 0.000000 0.000000 0.000000 0.000000 0.000000 0.000000 0.000000 0.000000 0.000000 0.000000 0.000000 0.000000 0.000000 0.000000 0.000000 0.000000 0.000000 0.000000 0.000000 0.000000 0.000000 0.000000 0.430057 2.353342 12.232210 59.615097 254.305298 916.181763 2758.843994 7146.568359 16068.447266 31485.681641 51231.437500 72534.007812 93400.867188 105801.132812 111328.968750 106262.203125 92750.429688 79607.250000
7.033509 0.744988 0.000000 0.000000 0.000000 0.000000 0.000000 0.000000 0.000000 0.000000 0.000000 0.000000 0.000000 0.000000 0.000000 0.000000 0.000000 0.000000 0.000000 0.000000 0.000000 0.000000 0.000000 0.000000 0.000000 0.000000 0.000000 0.000000 0.000000 0.000000 0.000000 0.000000 0.390590 2.280159 12.249454 58.322243 250.529266 910.404358 2760.164551 7151.304688 16402.972656 32020.027344 51566.937500 74604.984375 95260.210938 106390.156250 111809.750000 104762.421875 92301.625000 78110.226562
0.000000 0.000000 0.000000 0.000000 0.000000 0.000000 0.000000 0.000000 0.000000 0.000000 0.000000 0.000000 0.000000 0.000000 0.000000 0.000000 0.000000 0.000000 0.000000 0.000000 0.000000 0.000000 0.000000 0.000000 0.000000 0.000000 0.000000 0.000000 0.000000 0.000000 0.000000 0.000000 0.417108 2.462163 12.841614 61.582752 262.477081 959.216736 2907.136230 7604.239746 17365.621094 33205.695312 53242.613281 76953.414062 97843.976562 109027.835938 112409.203125 104453.101562 91199.601562 75748.226562
0.000000 0.000000 0.000000 0.000000 0.000000 0.000000 0.000000 0.000000 0.000000 0.000000 0.000000 0.000000 0.000000 0.000000 0.000000 0.000000 0.000000 0.000000 0.000000 0.000000 0.000000 0.000000 0.000000 0.000000 0.000000 0.000000 0.000000 0.000000 0.000000 0.000000 0.000000 0.000000 0.547344 3.013003 14.743298 67.896759 285.757538 1030.066406 3143.178711 8349.767578 19116.457031 35310.273438 56710.925781 81001.546875 100191.984375 113246.234375 113377.648438 105482.539062 90141.250000 72888.046875
0.000000 0.000000 0.000000 0.000000 0.000000 0.000000 0.000000 0.000000 0.000000 0.000000 0.000000 0.000000 0.000000 0.000000 0.000000 0.000000 0.000000 0.000000 0.000000 0.000000 0.000000 0.000000 0.000000 0.000000 0.000000 0.000000 0.000000 0.000000 0.000000 0.000000 0.000000 0.000000 0.912471 4.417078 19.501949 78.824966 310.386108 1128.560913 3520.131836 9555.828125 21459.349609 38807.777344 62406.070312 85674.085938 104373.882812 116232.578125 114662.085938 106821.828125 88022.742188 70779.875000
0.000000 0.000000 0.000000 0.000000 0.000000 0.000000 0.000000 0.000000 0.000000 0.000000 0.000000 0.000000 0.000000 0.000000 0.000000 0.000000 0.000000 0.000000 0.000000 0.000000 0.000000 0.000000 0.000000 0.000000 0.000000 0.000000 0.000000 0.000000 0.000000 0.000000 0.000000 0.305024 1.554482 6.917837 27.574039 102.392036 371.436035 1295.614990 4034.013428 11142.291016 24118.193359 44523.207031 68696.539062 91632.257812 110787.757812 118329.375000 116671.921875 105275.117188 85416.703125 65800.195312
