tests/test_03/output1/CloudLoad_005.00hrs.dat
NCOLS    50
NROWS    50
XLLCORNER    -2289770.000
YLLCORNER     2591270.000
CELLSIZE        2000.000       2000.000
NODATA_VALUE  0.000
[rows 0 to 49 of 50, columns 0 to 49 of 50]
0.000 0.000 0.000 0.000 0.000 0.000 0.000 0.000 0.000 0.000 0.000 0.000 0.280 0.404 0.559 0.758 1.017 1.366 1.820 2.377 3.057 3.863 4.819 6.064 7.685 9.482 11.013 12.608 13.854 14.537 14.063 11.803 9.100 6.382 4.062 2.187 1.111 0.582 0.235 0.000 0.000 0.000 0.000 0.000 0.000 0.000 0.000 0.000 0.000 0.000
0.000 0.000 0.000 0.000 0.000 0.000 0.000 0.000 0.000 0.000 0.243 0.405 0.613 0.860 1.185 1.600 2.131 2.789 3.589 4.672 6.064 7.687 9.998 13.670 18.445 23.122 26.995 30.600 32.633 32.349 29.120 23.729 18.146 12.461 7.587 4.500 2.538 1.168 0.584 0.254 0.000 0.000 0.000 0.000 0.000 0.000 0.000 0.000 0.000 0.000
0.000 0.000 0.000 0.000 0.000 0.000 0.000 0.000 0.225 0.417 0.700 1.072 1.534 2.150 2.999 4.068 5.314 6.801 9.113 12.537 16.669 22.280 30.482 40.812 50.609 58.036 65.585 70.948 69.107 63.585 55.414 45.659 34.713 23.630 14.799 9.357 5.031 2.296 1.207 0.491 0.000 0.000 0.000 0.000 0.000 0.000 0.000 0.000 0.000 0.000
0.000 0.000 0.000 0.000 0.000 0.000 0.000 0.326 0.630 1.217 2.027 3.027 4.353 6.038 8.240 10.854 13.978 18.276 24.276 32.403 42.816 56.016 71.613 87.338 101.443 115.019 126.609 130.456 124.215 113.782 101.714 82.488 62.900 45.133 29.992 17.618 9.430 4.795 2.145 0.997 0.366 0.000 0.000 0.000 0.000 0.000 0.000 0.000 0.000 0.000
0.000 0.000 0.000 0.000 0.000 0.256 0.500 1.248 2.612 4.145 5.866 7.852 10.452 13.862 17.973 23.093 29.771 39.150 51.391 66.900 86.829 109.385 132.938 155.373 177.621 199.430 213.178 214.882 211.313 199.128 174.889 144.125 114.509 86.052 56.640 31.696 17.842 9.349 3.993 1.780 0.636 0.000 0.000 0.000 0.000 0.000 0.000 0.000 0.000 0.000
0.000 0.000 0.000 0.000 0.399 1.082 2.683 4.696 6.969 9.485 12.508 16.301 21.165 27.442 34.978 44.738 57.869 75.047 97.252 124.501 156.262 189.676 222.595 255.200 290.156 316.496 331.759 341.583 343.108 325.822 285.923 245.473 200.373 147.653 97.593 57.591 33.602 17.431 8.207 3.259 1.269 0.330 0.000 0.000 0.000 0.000 0.000 0.000 0.000 0.000
0.000 0.000 0.287 0.831 2.291 4.364 6.919 9.931 13.455 17.609 22.718 29.486 38.119 48.941 62.672 80.629 104.105 133.004 168.638 210.457 254.997 300.086 346.533 396.092 442.399 471.221 496.176 523.647 523.999 497.792 451.448 394.507 318.535 235.335 159.687 103.109 60.622 31.460 15.513 6.696 2.430 0.681 0.000 0.000 0.000 0.000 0.000 0.000 0.000 0.000
0.000 0.523 1.604 3.422 5.832 8.815 12.409 16.661 21.786 28.118 36.090 46.800 60.704 78.141 101.019 130.580 167.342 211.414 262.978 319.635 378.272 440.361 507.523 576.919 632.412 671.112 720.894 765.172 771.125 736.548 687.003 596.295 483.097 370.080 264.477 177.008 101.255 55.008 26.982 11.603 4.064 1.215 0.291 0.000 0.000 0.000 0.000 0.000 0.000 0.000
0.986 2.274 4.194 6.743 9.996 13.962 18.594 24.181 31.181 39.931 51.251 66.578 86.669 112.382 145.960 188.170 239.238 299.645 368.067 441.634 521.136 609.192 701.544 787.715 856.311 937.838 1034.864 1085.046 1095.497 1080.921 1033.971 903.089 753.368 588.644 438.971 291.664 166.834 92.394 42.914 18.223 6.422 1.957 0.527 0.000 0.000 0.000 0.000 0.000 0.000 0.000
2.651 4.479 7.094 10.306 13.975 18.265 23.456 30.091 38.694 49.942 65.319 86.225 113.333 148.325 193.613 248.093 311.867 387.459 472.622 568.814 679.645 798.057 914.993 1019.408 1144.311 1321.319 1473.498 1530.365 1573.017 1610.921 1607.025 1441.859 1201.368 942.225 713.509 473.324 271.300 149.295 68.495 29.328 10.810 3.198 0.896 0.278 0.000 0.000 0.000 0.000 0.000 0.000
4.633 6.567 9.038 11.953 15.359 19.447 24.679 31.544 40.483 52.733 70.097 93.529 124.885 167.707 224.469 292.689 369.672 459.124 567.138 695.556 841.817 996.263 1150.531 1324.947 1561.665 1857.760 2123.001 2260.918 2384.139 2480.373 2527.637 2323.639 1951.020 1502.795 1124.321 748.654 429.771 235.749 110.969 47.324 18.365 5.736 1.557 0.491 0.000 0.000 0.000 0.000 0.000 0.000
5.660 7.285 9.472 12.226 15.457 19.299 24.315 30.904 39.792 52.618 70.560 94.250 126.432 171.314 229.990 302.277 392.779 508.546 651.961 817.340 1005.116 1220.331 1472.179 1779.074 2159.711 2612.702 3105.668 3470.585 3714.653 3890.668 3899.924 3629.980 3099.266 2348.148 1716.418 1147.278 667.180 363.404 175.407 77.134 30.176 10.308 2.779 0.851 0.310 0.000 0.000 0.000 0.000 0.000
5.874 7.366 8.972 10.359 12.032 14.555 18.231 23.108 30.683 42.861 59.019 81.360 116.255 164.361 221.201 292.619 396.449 543.812 731.063 948.550 1204.854 1524.214 1924.631 2416.204 3008.205 3703.200 4494.866 5234.779 5679.423 5971.994 5814.209 5390.807 4667.224 3523.348 2523.026 1687.024 999.232 546.336 271.934 123.431 49.152 17.792 4.912 1.455 0.526 0.000 0.000 0.000 0.000 0.000
4.926 5.326 5.607 5.961 6.865 8.544 10.987 14.450 20.339 29.407 41.288 60.017 90.716 132.543 185.705 262.368 382.613 561.409 803.121 1107.065 1476.632 1939.017 2530.960 3269.920 4154.255 5171.304 6315.586 7482.437 8195.528 8658.327 8287.813 7595.869 6609.027 5013.427 3546.471 2370.703 1428.348 791.719 404.284 188.177 79.307 29.855 8.738 2.410 0.846 0.320 0.000 0.000 0.000 0.000
2.626 2.306 2.175 2.174 2.315 2.962 4.048 6.111 10.123 15.922 24.431 39.418 64.404 100.299 152.087 233.899 365.099 569.261 870.761 1283.803 1809.995 2464.870 3291.609 4321.762 5552.105 6949.554 8484.642 10043.349 11062.962 11739.564 11184.561 10166.072 8834.535 6732.235 4753.643 3183.538 1939.366 1093.058 575.736 275.758 121.392 46.981 15.362 4.035 1.278 0.482 0.000 0.000 0.000 0.000
0.810 0.569 0.551 0.554 0.584 0.705 0.997 1.585 2.809 5.006 9.321 18.700 37.002 69.920 125.720 215.782 358.377 584.263 936.344 1458.460 2172.406 3068.959 4159.958 5490.872 7087.792 8901.836 10863.997 12745.012 14051.845 15007.043 14292.573 12937.358 11212.424 8573.538 6068.442 4079.330 2506.326 1432.251 771.806 382.006 172.779 70.100 25.324 7.104 1.927 0.699 0.260 0.000 0.000 0.000
0.000 0.000 0.000 0.000 0.000 0.000 0.214 0.366 0.701 1.461 3.256 7.575 17.998 44.232 103.663 203.834 360.729 605.804 993.346 1612.203 2522.783 3693.793 5066.082 6692.225 8659.631 10914.603 13325.536 15452.549 17024.554 18296.471 17436.532 15748.262 13629.615 10460.634 7419.919 5007.110 3093.871 1790.090 974.442 494.672 231.331 98.948 38.205 11.843 3.149 1.019 0.368 0.000 0.000 0.000
0.000 0.000 0.000 0.000 0.000 0.000 0.000 0.000 0.000 0.507 1.427 4.040 11.146 29.731 80.071 187.934 359.100 621.279 1028.141 1671.536 2655.848 4001.388 5623.587 7488.052 9687.410 12250.143 15008.705 17264.853 18937.294 20410.942 19479.667 17579.444 15179.088 11858.680 8591.820 5836.218 3638.987 2145.035 1177.804 606.369 292.717 129.441 52.877 18.259 5.232 1.497 0.523 0.000 0.000 0.000
0.000 0.000 0.000 0.000 0.000 0.000 0.000 0.000 0.000 0.236 0.800 2.599 7.969 22.627 59.432 154.400 336.107 617.508 1034.710 1680.216 2671.981 4049.982 5734.552 7664.692 9916.754 12551.521 15394.167 17704.794 19357.026 20882.914 19971.549 18032.076 15594.656 12296.916 9008.042 6150.288 3893.491 2336.874 1314.101 698.931 350.191 160.298 67.968 25.422 7.978 2.176 0.720 0.247 0.000 0.000
0.000 0.000 0.000 0.000 0.000 0.000 0.000 0.000 0.000 0.000 0.524 1.844 5.875 16.957 44.666 109.942 258.627 528.472 953.712 1573.496 2492.832 3808.728 5494.217 7453.113 9680.807 12239.541 15045.175 17244.223 18754.379 20279.783 19530.850 17739.780 15420.675 12278.664 9043.302 6192.386 3956.146 2398.387 1349.785 734.874 376.968 182.362 81.008 32.090 10.994 3.067 0.929 0.322 0.000 0.000
0.000 0.000 0.000 0.000 0.000 0.000 0.000 0.000 0.000 0.000 0.328 1.166 3.755 11.023 29.868 76.081 185.951 392.199 730.400 1240.630 1987.967 3053.346 4467.256 6160.137 8068.483 10206.781 12594.234 14635.470 15875.673 17127.036 16660.386 15249.228 13343.991 10849.796 8167.049 5642.034 3727.732 2335.622 1334.312 741.564 385.239 188.715 87.415 36.883 13.562 4.074 1.120 0.384 0.000 0.000
0.000 0.000 0.000 0.000 0.000 0.000 0.000 0.000 0.000 0.000 0.000 0.475 1.653 5.297 15.633 43.047 113.174 256.032 502.734 890.055 1462.501 2280.386 3377.727 4718.141 6242.005 7929.674 9814.634 11560.663 12590.188 13605.976 13383.123 12240.042 10688.305 8715.629 6660.657 4660.109 3107.343 1978.757 1171.697 676.204 368.153 186.417 88.653 38.968 15.325 5.077 1.365 0.432 0.000 0.000
0.000 0.000 0.000 0.000 0.000 0.000 0.000 0.000 0.000 0.000 0.000 0.000 0.523 1.784 5.679 16.836 46.887 127.984 284.429 538.392 927.148 1496.571 2269.966 3234.943 4350.296 5581.937 6931.856 8321.311 9183.583 9968.214 9884.269 9092.553 8002.340 6547.675 5098.273 3607.528 2431.104 1560.855 947.591 558.629 312.247 164.289 82.816 38.617 16.050 5.837 1.681 0.478 0.000 0.000
0.000 0.000 0.000 0.000 0.000 0.000 0.000 0.000 0.000 0.000 0.000 0.000 0.000 0.553 1.837 5.662 16.128 43.189 110.162 238.313 456.629 792.004 1263.142 1872.631 2600.576 3413.897 4291.635 5228.635 5923.942 6490.483 6491.413 6038.026 5367.469 4449.060 3511.387 2551.895 1753.842 1144.627 724.742 435.354 249.185 135.828 70.559 34.552 15.620 6.138 1.995 0.546 0.000 0.000
0.000 0.000 0.000 0.000 0.000 0.000 0.000 0.000 0.000 0.000 0.000 0.000 0.000 0.000 0.532 1.731 5.191 14.301 37.446 90.412 181.104 323.391 540.922 859.865 1275.713 1754.336 2275.849 2851.022 3316.334 3705.985 3766.648 3589.807 3225.004 2702.709 2162.414 1605.183 1150.083 770.925 506.045 315.918 186.082 104.466 55.719 28.089 13.437 5.827 2.124 0.630 0.000 0.000
0.000 0.000 0.000 0.000 0.000 0.000 0.000 0.000 0.000 0.000 0.000 0.000 0.000 0.000 0.000 0.472 1.503 4.393 11.794 30.270 66.807 127.808 220.473 353.839 541.217 784.035 1066.312 1362.071 1630.077 1881.749 1955.752 1921.848 1769.388 1527.971 1236.898 951.567 696.531 491.997 329.829 212.676 130.529 75.956 41.317 21.319 10.454 4.856 1.972 0.666 0.000 0.000
0.000 0.000 0.000 0.000 0.000 0.000 0.000 0.000 0.000 0.000 0.000 0.000 0.000 0.000 0.000 0.000 0.380 1.184 3.388 9.094 21.682 44.646 82.949 140.526 220.484 327.621 465.963 620.491 745.209 874.867 934.743 948.901 905.595 801.937 668.373 533.900 404.594 293.679 205.010 135.398 86.699 52.060 29.160 15.388 7.662 3.625 1.610 0.622 0.000 0.000
0.000 0.000 0.000 0.000 0.000 0.000 0.000 0.000 0.000 0.000 0.000 0.000 0.000 0.000 0.000 0.000 0.000 0.276 0.844 2.377 6.353 14.297 27.776 50.206 84.053 128.811 184.781 255.510 315.059 372.951 414.106 431.498 422.473 389.482 338.515 281.163 220.817 167.009 119.953 83.212 54.394 34.151 19.865 10.729 5.403 2.589 1.178 0.494 0.000 0.000
0.000 0.000 0.000 0.000 0.000 0.000 0.000 0.000 0.000 0.000 0.000 0.000 0.000 0.000 0.000 0.000 0.000 0.000 0.000 0.553 1.542 4.035 8.695 16.225 27.835 44.978 68.094 94.164 122.369 150.098 168.714 185.454 186.016 176.762 160.129 140.650 115.519 90.833 68.776 48.948 32.916 21.043 12.696 7.222 3.796 1.835 0.823 0.347 0.000 0.000
0.000 0.000 0.000 0.000 0.000 0.000 0.000 0.000 0.000 0.000 0.000 0.000 0.000 0.000 0.000 0.000 0.000 0.000 0.000 0.000 0.336 0.942 2.292 4.769 8.702 14.319 22.449 33.025 43.908 56.201 66.443 73.987 78.541 77.951 74.066 67.505 58.736 48.282 37.640 27.838 19.305 12.525 7.861 4.595 2.552 1.294 0.582 0.231 0.000 0.000
0.000 0.000 0.000 0.000 0.000 0.000 0.000 0.000 0.000 0.000 0.000 0.000 0.000 0.000 0.000 0.000 0.000 0.000 0.000 0.000 0.000 0.000 0.528 1.180 2.349 4.213 6.874 10.321 14.715 19.611 24.301 28.554 31.887 33.983 34.052 32.676 29.455 25.065 19.981 15.124 10.840 7.306 4.545 2.782 1.562 0.828 0.392 0.000 0.000 0.000
0.000 0.000 0.000 0.000 0.000 0.000 0.000 0.000 0.000 0.000 0.000 0.000 0.000 0.000 0.000 0.000 0.000 0.000 0.000 0.000 0.000 0.000 0.000 0.258 0.555 1.067 1.919 3.033 4.543 6.526 8.491 10.779 12.781 14.837 15.855 16.001 14.965 12.917 10.538 8.246 5.919 4.005 2.593 1.531 0.892 0.483 0.245 0.000 0.000 0.000
0.000 0.000 0.000 0.000 0.000 0.000 0.000 0.000 0.000 0.000 0.000 0.000 0.000 0.000 0.000 0.000 0.000 0.000 0.000 0.000 0.000 0.000 0.000 0.000 0.000 0.241 0.480 0.828 1.347 2.076 2.920 4.021 5.215 6.456 7.389 7.839 7.597 6.767 5.662 4.359 3.170 2.153 1.374 0.843 0.474 0.260 0.000 0.000 0.000 0.000
0.000 0.000 0.000 0.000 0.000 0.000 0.000 0.000 0.000 0.000 0.000 0.000 0.000 0.000 0.000 0.000 0.000 0.000 0.000 0.000 0.000 0.000 0.000 0.000 0.000 0.000 0.000 0.216 0.389 0.651 1.026 1.517 2.145 2.820 3.440 3.813 3.889 3.538 2.932 2.316 1.655 1.120 0.718 0.421 0.234 0.000 0.000 0.000 0.000 0.000
0.000 0.000 0.000 0.000 0.000 0.000 0.000 0.000 0.000 0.000 0.000 0.000 0.000 0.000 0.000 0.000 0.000 0.000 0.000 0.000 0.000 0.000 0.000 0.000 0.000 0.000 0.000 0.000 0.000 0.216 0.383 0.609 0.896 1.247 1.602 1.876 1.960 1.829 1.549 1.190 0.860 0.570 0.352 0.203 0.000 0.000 0.000 0.000 0.000 0.000
0.000 0.000 0.000 0.000 0.000 0.000 0.000 0.000 0.000 0.000 0.000 0.000 0.000 0.000 0.000 0.000 0.000 0.000 0.000 0.000 0.000 0.000 0.000 0.000 0.000 0.000 0.000 0.000 0.000 0.000 0.000 0.250 0.393 0.570 0.748 0.900 0.974 0.933 0.792 0.616 0.426 0.278 0.000 0.000 0.000 0.000 0.000 0.000 0.000 0.000
0.000 0.000 0.000 0.000 0.000 0.000 0.000 0.000 0.000 0.000 0.000 0.000 0.000 0.000 0.000 0.000 0.000 0.000 0.000 0.000 0.000 0.000 0.000 0.000 0.000 0.000 0.000 0.000 0.000 0.000 0.000 0.000 0.000 0.263 0.353 0.430 0.474 0.460 0.398 0.302 0.210 0.000 0.000 0.000 0.000 0.000 0.000 0.000 0.000 0.000
0.000 0.000 0.000 0.000 0.000 0.000 0.000 0.000 0.000 0.000 0.000 0.000 0.000 0.000 0.000 0.000 0.000 0.000 0.000 0.000 0.000 0.000 0.000 0.000 0.000 0.000 0.000 0.000 0.000 0.000 0.000 0.000 0.000 0.000 0.000 0.204 0.223 0.219 0.000 0.000 0.000 0.000 0.000 0.000 0.000 0.000 0.000 0.000 0.000 0.000
0.000 0.000 0.000 0.000 0.000 0.000 0.000 0.000 0.000 0.000 0.000 0.000 0.000 0.000 0.000 0.000 0.000 0.000 0.000 0.000 0.000 0.000 0.000 0.000 0.000 0.000 0.000 0.000 0.000 0.000 0.000 0.000 0.000 0.000 0.000 0.000 0.000 0.000 0.000 0.000 0.000 0.000 0.000 0.000 0.000 0.000 0.000 0.000 0.000 0.000
0.000 0.000 0.000 0.000 0.000 0.000 0.000 0.000 0.000 0.000 0.000 0.000 0.000 0.000 0.000 0.000 0.000 0.000 0.000 0.000 0.000 0.000 0.000 0.000 0.000 0.000 0.000 0.000 0.000 0.000 0.000 0.000 0.000 0.000 0.000 0.000 0.000 0.000 0.000 0.000 0.000 0.000 0.000 0.000 0.000 0.000 0.000 0.000 0.000 0.000
0.000 0.000 0.000 0.000 0.000 0.000 0.000 0.000 0.000 0.000 0.000 0.000 0.000 0.000 0.000 0.000 0.000 0.000 0.000 0.000 0.000 0.000 0.000 0.000 0.000 0.000 0.000 0.000 0.000 0.000 0.000 0.000 0.000 0.000 0.000 0.000 0.000 0.000 0.000 0.000 0.000 0.000 0.000 0.000 0.000 0.000 0.000 0.000 0.000 0.000
0.000 0.000 0.000 0.000 0.000 0.000 0.000 0.000 0.000 0.000 0.000 0.000 0.000 0.000 0.000 0.000 0.000 0.000 0.000 0.000 0.000 0.000 0.000 0.000 0.000 0.000 0.000 0.000 0.000 0.000 0.000 0.000 0.000 0.000 0.000 0.000 0.000 0.000 0.000 0.000 0.000 0.000 0.000 0.000 0.000 0.000 0.000 0.000 0.000 0.000
0.000 0.000 0.000 0.000 0.000 0.000 0.000 0.000 0.000 0.000 0.000 0.000 0.000 0.000 0.000 0.000 0.000 0.000 0.000 0.000 0.000 0.000 0.000 0.000 0.000 0.000 0.000 0.000 0.000 0.000 0.000 0.000 0.000 0.000 0.000 0.000 0.000 0.000 0.000 0.000 0.000 0.000 0.000 0.000 0.000 0.000 0.000 0.000 0.000 0.000
0.000 0.000 0.000 0.000 0.000 0.000 0.000 0.000 0.000 0.000 0.000 0.000 0.000 0.000 0.000 0.000 0.000 0.000 0.000 0.000 0.000 0.000 0.000 0.000 0.000 0.000 0.000 0.000 0.000 0.000 0.000 0.000 0.000 0.000 0.000 0.000 0.000 0.000 0.000 0.000 0.000 0.000 0.000 0.000 0.000 0.000 0.000 0.000 0.000 0.000
0.000 0.000 0.000 0.000 0.000 0.000 0.000 0.000 0.000 0.000 0.000 0.000 0.000 0.000 0.000 0.000 0.000 0.000 0.000 0.000 0.000 0.000 0.000 0.000 0.000 0.000 0.000 0.000 0.000 0.000 0.000 0.000 0.000 0.000 0.000 0.000 0.000 0.000 0.000 0.000 0.000 0.000 0.000 0.000 0.000 0.000 0.000 0.000 0.000 0.000
0.000 0.000 0.000 0.000 0.000 0.000 0.000 0.000 0.000 0.000 0.000 0.000 0.000 0.000 0.000 0.000 0.000 0.000 0.000 0.000 0.000 0.000 0.000 0.000 0.000 0.000 0.000 0.000 0.000 0.000 0.000 0.000 0.000 0.000 0.000 0.000 0.000 0.000 0.000 0.000 0.000 0.000 0.000 0.000 0.000 0.000 0.000 0.000 0.000 0.000
0.000 0.000 0.000 0.000 0.000 0.000 0.000 0.000 0.000 0.000 0.000 0.000 0.000 0.000 0.000 0.000 0.000 0.000 0.000 0.000 0.000 0.000 0.000 0.000 0.000 0.000 0.000 0.000 0.000 0.000 0.000 0.000 0.000 0.000 0.000 0.000 0.000 0.000 0.000 0.000 0.000 0.000 0.000 0.000 0.000 0.000 0.000 0.000 0.000 0.000
0.000 0.000 0.000 0.000 0.000 0.000 0.000 0.000 0.000 0.000 0.000 0.000 0.000 0.000 0.000 0.000 0.000 0.000 0.000 0.000 0.000 0.000 0.000 0.000 0.000 0.000 0.000 0.000 0.000 0.000 0.000 0.000 0.000 0.000 0.000 0.000 0.000 0.000 0.000 0.000 0.000 0.000 0.000 0.000 0.000 0.000 0.000 0.000 0.000 0.000
0.000 0.000 0.000 0.000 0.000 0.000 0.000 0.000 0.000 0.000 0.000 0.000 0.000 0.000 0.000 0.000 0.000 0.000 0.000 0.000 0.000 0.000 0.000 0.000 0.000 0.000 0.000 0.000 0.000 0.000 0.000 0.000 0.000 0.000 0.000 0.000 0.000 0.000 0.000 0.000 0.000 0.000 0.000 0.000 0.000 0.000 0.000 0.000 0.000 0.000
0.000 0.000 0.000 0.000 0.000 0.000 0.000 0.000 0.000 0.000 0.000 0.000 0.000 0.000 0.000 0.000 0.000 0.000 0.000 0.000 0.000 0.000 0.000 0.000 0.000 0.000 0.000 0.000 0.000 0.000 0.000 0.000 0.000 0.000 0.000 0.000 0.000 0.000 0.000 0.000 0.000 0.000 0.000 0.000 0.000 0.000 0.000 0.000 0.000 0.000
