tests/test_03/output1/CloudLoad_005.00hrs.dat
NCOLS    50
NROWS    50
XLLCORNER    -2289770.000
YLLCORNER     2591270.000
CELLSIZE        2000.000       2000.000
NODATA_VALUE  0.000
[rows 0 to 40 of 50, columns 0 to 49 of 50]
0.000 0.000 0.000 0.000 0.000 0.000 0.000 0.347 2.243 13.814 81.466 463.711 2565.445 12232.727 26859.879 43366.453 60384.516 75823.742 88565.977 97145.617 102114.727 104376.625 104683.859 105411.945 106199.156 106190.812 105000.922 102946.273 100793.008 98748.367 93161.016 85449.430 77350.141 63984.070 46624.344 30523.822 18636.348 9793.849 3949.535 829.724 114.241 17.149 2.689 0.426 0.000 0.000 0.000 0.000 0.000 0.000
0.000 0.000 0.000 0.000 0.000 0.000 0.328 2.055 12.772 78.149 464.941 2968.971 13784.332 30121.496 47884.312 65944.328 82919.227 97014.000 107748.086 113225.484 115645.445 114598.609 113145.477 112060.898 111331.695 111391.227 113022.320 114093.391 113448.469 111056.359 111110.727 108182.938 100104.539 90755.078 75272.398 56260.906 37612.570 23069.730 11662.165 4062.029 773.178 108.912 16.283 2.566 0.400 0.000 0.000 0.000 0.000 0.000
0.000 0.000 0.000 0.000 0.000 0.368 2.182 13.304 82.675 516.108 3458.379 15122.244 32396.547 51432.594 71648.000 91594.320 107702.945 117800.344 121903.453 121387.203 119188.844 117227.242 115757.680 114489.945 113969.867 113966.273 114332.500 115836.234 119654.883 122882.359 123886.734 123216.977 123433.484 117579.336 106375.641 88866.141 67264.375 46194.910 28188.662 13815.376 4237.716 719.567 102.428 15.423 2.404 0.366 0.000 0.000 0.000 0.000
0.000 0.000 0.000 0.000 0.394 2.297 13.730 84.847 547.047 3658.783 15573.592 33191.145 53153.965 74576.133 95045.211 110134.211 119100.328 122080.531 120665.234 115450.531 110438.930 107509.242 105710.680 104291.914 103912.828 104362.289 106927.555 110337.773 113968.375 118564.758 125042.180 130121.664 132175.594 136524.344 132694.172 121527.062 103211.039 78096.328 54509.793 33177.578 15602.986 4144.896 680.342 94.084 14.307 2.211 0.332 0.000 0.000 0.000
0.000 0.000 0.000 0.406 2.367 14.014 86.055 561.423 3754.854 15203.001 32613.594 52358.598 73547.617 93439.844 107527.109 115551.898 117227.375 112670.375 104237.375 95827.422 90625.562 88107.477 86614.797 86025.016 85972.945 86581.984 88605.625 92690.570 99405.766 106822.031 112869.938 121007.625 131874.922 139091.859 147046.328 146014.797 135377.312 116347.727 88290.406 62340.090 37492.312 16300.115 4087.446 615.537 86.122 13.190 2.036 0.307 0.000 0.000
0.000 0.000 0.399 2.374 14.140 87.348 579.859 3782.678 14339.982 30385.160 48749.285 69080.773 88273.062 101040.125 109429.695 107464.219 97514.219 84463.141 73893.883 66917.828 63677.234 61936.074 61202.305 60976.582 62008.746 64318.305 66818.906 70204.875 74599.312 82207.039 92253.055 102172.852 114167.773 130329.273 143104.781 156133.641 157242.734 148790.156 127742.211 96803.500 68204.859 40278.371 16706.322 3884.442 544.136 78.480 12.181 1.903 0.288 0.000
0.000 0.383 2.314 14.035 88.041 596.863 3702.913 13325.482 27473.445 44034.062 62644.262 79953.039 91982.156 98703.047 93917.555 80019.422 63704.168 51701.574 44792.445 41624.008 39688.449 38358.855 37703.406 37779.281 38367.375 40017.039 43088.426 46700.516 50495.191 56046.555 64098.672 75911.555 88818.102 104780.820 124852.812 144275.922 161990.562 165187.922 159079.047 134538.250 102901.625 71519.484 41255.070 16340.226 3560.983 476.074 71.574 11.349 1.799 0.299
0.394 2.246 13.797 88.681 611.816 3574.501 12139.412 24461.041 39011.324 55255.508 70040.039 81492.852 85009.484 78452.000 62065.258 43681.980 31059.564 25395.191 22725.773 21166.967 20083.992 19468.318 19393.963 19830.285 20547.760 21762.801 23221.719 25226.824 29205.695 34198.586 39998.770 47902.699 60203.863 74291.688 92272.336 116768.445 142000.766 163992.688 168954.562 165664.109 138143.000 105610.125 71653.930 40729.645 15554.790 3082.052 414.792 65.453 10.616 1.870
2.634 13.965 89.031 604.282 3347.390 10862.235 21476.848 33879.066 47330.652 60173.301 70303.234 71133.406 63122.598 46389.879 28457.285 16861.262 12522.447 10847.375 9798.271 8864.547 8198.914 7900.112 7854.350 8081.399 8468.342 9154.337 10159.735 11721.243 13717.308 16642.783 21129.516 26755.516 33734.090 45059.164 60114.438 78644.547 107007.062 137535.969 163381.188 170581.938 167268.141 138929.188 104504.180 69210.258 38546.562 14222.278 2580.772 364.141 59.133 10.884
16.200 91.051 585.212 3059.067 9550.092 18564.037 29048.049 40042.738 50949.637 58666.785 57917.793 49720.293 33924.523 18004.174 8182.375 5422.044 4403.016 3863.748 3407.110 2989.694 2727.775 2608.231 2588.157 2664.182 2830.525 3069.522 3508.287 4211.219 5292.327 6667.443 8720.729 11614.198 16125.290 22783.840 33126.805 46775.129 67322.406 97784.570 133331.312 162423.688 170758.703 164268.406 136382.766 99777.719 64599.266 35077.477 12376.386 2100.207 314.202 58.869
92.476 553.024 2731.299 8262.145 15750.197 24433.758 33482.949 42819.414 47659.391 46490.570 38993.094 24580.340 10935.506 3809.214 2177.576 1605.071 1330.739 1147.325 975.972 836.812 760.493 729.672 720.622 738.844 791.766 884.629 1028.702 1284.915 1648.940 2204.699 2972.534 4087.525 6070.067 9038.182 14287.151 23819.889 36922.047 60151.707 92109.977 131053.984 162469.297 169800.750 157375.688 129583.094 92225.422 58664.941 30602.127 10197.741 1656.177 299.302
520.745 2404.580 7030.037 13154.770 20232.387 27541.213 35256.059 38118.605 36999.039 30203.799 17786.576 6798.134 1858.576 844.680 534.141 398.525 328.007 276.257 229.292 193.612 175.717 170.142 168.615 173.780 185.949 212.013 261.421 338.562 460.431 640.430 908.473 1300.135 1983.000 3261.693 5528.077 10028.330 18744.766 32739.141 57282.934 91173.297 132025.609 161272.234 164413.547 148245.766 118851.281 83252.055 51041.031 25204.959 7794.138 1427.194
2115.793 5900.212 10835.966 16577.232 22483.918 28594.820 30427.967 29362.975 23486.418 13177.022 4499.750 1024.868 345.576 172.678 109.767 80.591 64.860 53.070 43.089 35.813 33.314 32.864 33.070 33.981 36.448 43.025 56.646 77.623 111.255 166.846 250.880 398.515 685.218 1255.037 2345.914 4634.908 9293.760 17751.492 33889.965 58612.953 96643.109 133199.438 158352.547 156102.469 137790.859 106016.516 72636.586 42033.168 19685.541 6189.912
4876.132 8851.879 13442.917 18205.012 23038.119 24203.756 23278.811 18493.510 10082.821 3160.763 651.907 168.855 60.415 29.632 18.084 12.733 9.914 7.971 6.468 5.502 5.221 5.228 5.333 5.604 6.262 7.953 10.664 15.456 24.514 39.891 70.895 138.321 262.331 546.551 1160.604 2537.003 5340.846 10830.878 21040.525 38991.332 66504.000 103722.758 137497.641 152911.141 146126.031 123844.375 92239.641 59834.824 33128.750 15119.494
7298.066 10843.645 14647.905 18491.553 19297.047 18539.451 14710.418 7938.514 2395.010 482.510 106.405 27.214 9.099 4.088 2.328 1.559 1.181 0.967 0.828 0.737 0.710 0.719 0.756 0.853 1.033 1.279 1.756 2.849 5.013 10.106 22.294 52.177 115.538 270.464 643.321 1574.101 3527.320 7456.674 14726.334 27867.484 48319.773 79302.195 113069.422 139492.250 146310.656 133595.688 108266.555 76745.062 47323.508 25672.512
8917.285 11677.575 14780.959 15371.379 14784.963 11746.649 6301.115 1884.543 394.276 99.256 19.609 4.175 1.179 0.457 0.240 0.000 0.000 0.000 0.000 0.000 0.000 0.000 0.000 0.000 0.000 0.201 0.292 0.514 1.084 2.743 7.500 20.708 55.181 145.891 386.795 1033.746 2506.395 5538.560 11353.578 21684.039 38294.234 63094.578 92630.039 122419.930 137614.750 136177.219 118239.359 91443.742 61083.605 37504.109
9500.778 11669.056 12139.487 11715.529 9441.796 5062.092 1478.030 305.925 86.236 26.371 4.378 0.643 0.000 0.000 0.000 0.000 0.000 0.000 0.000 0.000 0.000 0.000 0.000 0.000 0.000 0.000 0.000 0.000 0.253 0.762 2.621 8.294 25.740 80.838 234.857 660.364 1727.248 4108.838 8890.729 17551.938 31966.889 52767.203 78620.094 107365.891 126897.375 132872.703 121937.266 101128.398 73214.531 49513.465
9272.840 9493.014 9198.668 7500.535 4017.428 1146.646 224.411 61.772 20.331 7.125 1.133 0.000 0.000 0.000 0.000 0.000 0.000 0.000 0.000 0.000 0.000 0.000 0.000 0.000 0.000 0.000 0.000 0.000 0.000 0.211 0.839 2.998 10.186 37.032 121.784 378.655 1130.028 2938.143 6796.365 14168.899 27039.891 45563.355 69120.992 95600.445 116236.367 126980.000 121975.734 106727.969 82361.773 60141.195
7277.781 7090.936 5922.995 3195.525 896.869 168.298 43.556 13.124 4.324 1.483 0.243 0.000 0.000 0.000 0.000 0.000 0.000 0.000 0.000 0.000 0.000 0.000 0.000 0.000 0.000 0.000 0.000 0.000 0.000 0.000 0.236 0.943 3.600 14.850 56.662 210.319 727.848 2092.347 5244.462 11553.842 22932.965 39990.336 62415.137 87272.367 107877.961 120920.500 119566.812 109008.297 88415.016 68293.273
5352.989 4546.954 2486.228 714.843 123.499 29.554 8.226 2.450 0.754 0.246 0.000 0.000 0.000 0.000 0.000 0.000 0.000 0.000 0.000 0.000 0.000 0.000 0.000 0.000 0.000 0.000 0.000 0.000 0.000 0.000 0.000 0.330 1.494 7.237 32.775 136.408 520.587 1611.820 4300.519 9741.328 19977.670 35639.816 57088.770 81052.938 101911.906 115756.414 117066.797 109865.492 91803.469 73457.750
3511.340 1901.876 533.923 85.283 18.594 4.834 1.332 0.375 0.000 0.000 0.000 0.000 0.000 0.000 0.000 0.000 0.000 0.000 0.000 0.000 0.000 0.000 0.000 0.000 0.000 0.000 0.000 0.000 0.000 0.000 0.000 0.000 0.870 4.480 22.436 102.735 419.169 1346.240 3681.692 8651.335 18218.189 32847.598 53626.250 76249.406 97200.438 111896.070 114531.922 109935.375 93920.852 77316.602
1627.745 457.078 62.039 11.106 2.574 0.661 0.000 0.000 0.000 0.000 0.000 0.000 0.000 0.000 0.000 0.000 0.000 0.000 0.000 0.000 0.000 0.000 0.000 0.000 0.000 0.000 0.000 0.000 0.000 0.000 0.000 0.000 0.636 3.334 17.292 81.430 346.635 1142.752 3227.170 7899.106 17012.807 31576.119 51657.324 73154.562 93945.469 108625.484 112754.539 109336.195 94073.812 79841.742
476.546 64.099 8.059 1.356 0.293 0.000 0.000 0.000 0.000 0.000 0.000 0.000 0.000 0.000 0.000 0.000 0.000 0.000 0.000 0.000 0.000 0.000 0.000 0.000 0.000 0.000 0.000 0.000 0.000 0.000 0.000 0.000 0.512 2.698 13.798 67.277 282.278 993.227 2914.298 7388.756 16303.894 31271.191 51163.012 72011.555 92834.656 106287.086 111674.953 108293.531 93564.148 79986.727
81.938 9.093 0.976 0.000 0.000 0.000 0.000 0.000 0.000 0.000 0.000 0.000 0.000 0.000 0.000 0.000 0.000 0.000 0.000 0.000 0.000 0.000 0.000 0.000 0.000 0.000 0.000 0.000 0.000 0.000 0.000 0.000 0.430 2.353 12.232 59.615 254.305 916.180 2758.839 7146.556 16068.427 31485.648 51231.398 72533.969 93400.836 105801.125 111328.969 106262.219 92750.461 79607.297
7.034 0.745 0.000 0.000 0.000 0.000 0.000 0.000 0.000 0.000 0.000 0.000 0.000 0.000 0.000 0.000 0.000 0.000 0.000 0.000 0.000 0.000 0.000 0.000 0.000 0.000 0.000 0.000 0.000 0.000 0.000 0.000 0.391 2.280 12.249 58.322 250.529 910.402 2760.159 7151.293 16402.951 32019.994 51566.898 74604.945 95260.188 106390.148 111809.758 104762.445 92301.656 78110.273
0.000 0.000 0.000 0.000 0.000 0.000 0.000 0.000 0.000 0.000 0.000 0.000 0.000 0.000 0.000 0.000 0.000 0.000 0.000 0.000 0.000 0.000 0.000 0.000 0.000 0.000 0.000 0.000 0.000 0.000 0.000 0.000 0.417 2.462 12.842 61.583 262.476 959.215 2907.131 7604.228 17365.600 33205.660 53242.570 76953.367 97843.953 109027.828 112409.203 104453.125 91199.641 75748.266
0.000 0.000 0.000 0.000 0.000 0.000 0.000 0.000 0.000 0.000 0.000 0.000 0.000 0.000 0.000 0.000 0.000 0.000 0.000 0.000 0.000 0.000 0.000 0.000 0.000 0.000 0.000 0.000 0.000 0.000 0.000 0.000 0.547 3.013 14.743 67.897 285.757 1030.064 3143.173 8349.755 19116.432 35310.242 56710.887 81001.508 100191.953 113246.227 113377.664 105482.562 90141.281 72888.086
0.000 0.000 0.000 0.000 0.000 0.000 0.000 0.000 0.000 0.000 0.000 0.000 0.000 0.000 0.000 0.000 0.000 0.000 0.000 0.000 0.000 0.000 0.000 0.000 0.000 0.000 0.000 0.000 0.000 0.000 0.000 0.000 0.912 4.417 19.502 78.825 310.385 1128.559 3520.126 9555.813 21459.324 38807.742 62406.027 85674.047 104373.859 116232.570 114662.102 106821.852 88022.781 70779.914
0.000 0.000 0.000 0.000 0.000 0.000 0.000 0.000 0.000 0.000 0.000 0.000 0.000 0.000 0.000 0.000 0.000 0.000 0.000 0.000 0.000 0.000 0.000 0.000 0.000 0.000 0.000 0.000 0.000 0.000 0.000 0.305 1.554 6.918 27.574 102.392 371.435 1295.612 4034.007 11142.274 24118.166 44523.168 68696.500 91632.227 110787.734 118329.375 116671.938 105275.148 85416.750 65800.242
0.000 0.000 0.000 0.000 0.000 0.000 0.000 0.000 0.000 0.000 0.000 0.000 0.000 0.000 0.000 0.000 0.000 0.000 0.000 0.000 0.000 0.000 0.000 0.000 0.000 0.000 0.000 0.000 0.000 0.000 0.000 0.479 2.462 10.655 40.749 143.960 490.663 1608.964 4954.468 13222.873 28890.547 51074.789 75497.125 99483.164 116652.664 121844.297 119040.672 102724.992 80663.547 58805.328
0.000 0.000 0.000 0.000 0.000 0.000 0.000 0.000 0.000 0.000 0.000 0.000 0.000 0.000 0.000 0.000 0.000 0.000 0.000 0.000 0.000 0.000 0.000 0.000 0.000 0.000 0.000 0.000 0.000 0.000 0.000 0.973 4.742 18.982 66.717 216.568 675.492 2099.744 6401.665 16677.551 35112.410 58336.742 84761.820 110155.992 122561.219 126665.133 116850.734 98373.711 74064.664 52223.723
0.000 0.000 0.000 0.000 0.000 0.000 0.000 0.000 0.000 0.000 0.000 0.000 0.000 0.000 0.000 0.000 0.000 0.000 0.000 0.000 0.000 0.000 0.000 0.000 0.000 0.000 0.000 0.000 0.000 0.000 0.346 2.054 9.557 35.815 116.055 345.212 1000.197 2973.881 8506.967 21950.664 42426.457 67820.977 97294.344 119075.250 129832.414 128933.312 113473.969 92122.336 66254.406 45134.164
0.000 0.000 0.000 0.000 0.000 0.000 0.000 0.000 0.000 0.000 0.000 0.000 0.000 0.000 0.000 0.000 0.000 0.000 0.000 0.000 0.000 0.000 0.000 0.000 0.000 0.000 0.000 0.000 0.000 0.000 0.787 4.388 18.875 69.164 216.477 606.181 1650.253 4510.148 12516.519 28464.490 51725.480 81932.641 110541.180 129332.242 137427.156 128165.414 109635.992 82775.875 57305.547 36903.707
0.000 0.000 0.000 0.000 0.000 0.000 0.000 0.000 0.000 0.000 0.000 0.000 0.000 0.000 0.000 0.000 0.000 0.000 0.000 0.000 0.000 0.000 0.000 0.000 0.000 0.000 0.000 0.000 0.000 0.368 2.322 11.607 46.017 154.713 443.148 1134.067 2821.029 7233.080 18146.451 37730.836 66351.000 96776.570 123806.070 140179.719 139345.422 126929.250 100097.094 72194.125 46721.598 25131.939
0.000 0.000 0.000 0.000 0.000 0.000 0.000 0.000 0.000 0.516 0.998 1.479 1.295 0.499 0.000 0.000 0.000 0.000 0.000 0.000 0.000 0.000 0.000 0.000 0.000 0.000 0.000 0.000 0.292 1.550 7.493 31.577 114.757 353.890 896.738 2064.046 4822.746 11933.331 27231.400 52391.594 82377.008 113853.250 139189.266 146220.672 139222.219 117167.414 88146.297 58082.230 32356.635 15488.222
0.000 0.000 0.000 0.000 0.000 0.000 0.000 0.224 1.632 4.773 6.943 5.663 3.217 1.295 0.485 0.000 0.000 0.000 0.000 0.000 0.000 0.000 0.000 0.000 0.000 0.000 0.000 0.512 1.862 7.338 28.073 100.584 321.923 889.276 2006.762 4221.562 9117.562 20735.502 41400.258 69014.719 104107.297 134055.938 150823.812 151060.781 131646.094 103263.531 69671.586 41040.789 20022.689 8511.559
0.000 0.000 0.000 0.000 0.000 0.000 0.257 2.442 9.628 15.745 16.184 13.310 7.728 3.709 1.536 0.575 0.000 0.000 0.000 0.000 0.000 0.000 0.000 0.000 0.320 0.679 1.655 4.379 12.502 37.689 110.875 331.829 993.315 2196.213 4211.781 8115.299 16917.107 33092.086 58929.633 94146.992 128270.141 150985.438 158316.922 143764.500 116691.164 81213.516 49809.734 25527.957 10962.142 4242.668
0.000 0.000 0.000 0.000 0.000 0.000 2.210 11.582 22.320 31.755 34.050 29.185 19.741 10.782 4.880 2.072 0.899 0.457 0.310 0.317 0.388 0.553 0.858 1.535 2.937 6.158 14.738 34.021 78.454 182.037 428.289 1109.138 2660.052 5007.348 8668.805 15854.052 29533.168 53153.676 84948.406 121477.914 150908.344 161258.016 152829.609 127673.367 91932.562 58425.688 31457.826 14220.557 5414.799 2002.719
0.000 0.000 0.000 0.000 0.000 1.185 9.033 21.554 37.379 55.965 68.806 70.394 56.905 35.612 16.998 8.178 4.199 2.661 2.187 2.394 3.010 4.409 6.956 12.553 23.833 45.306 95.188 183.123 344.552 684.662 1480.763 3300.234 6208.801 10516.980 17387.682 29644.877 49936.195 78704.781 114480.555 147752.750 161060.391 157637.062 137022.234 100100.484 65818.484 37518.570 17409.691 6690.573 2427.526 511.252
0.000 0.000 0.000 0.000 0.312 4.526 14.855 31.417 55.077 89.522 127.276 153.862 152.895 112.450 68.265 37.740 21.946 15.281 14.017 16.292 20.725 30.431 47.323 80.425 135.643 239.141 421.413 720.858 1234.411 2261.018 4326.948 7909.251 13118.241 20603.777 32190.352 50298.637 76303.758 109695.008 142926.344 157765.078 158697.750 141716.219 105963.227 72336.508 42750.188 20439.174 7837.815 2278.616 462.906 56.990
0.000 0.000 0.000 0.000 1.055 7.271 19.149 36.491 67.097 121.459 188.325 259.476 306.768 309.254 237.832 150.474 101.958 81.073 80.396 93.731 117.761 165.132 242.701 369.607 570.466 910.291 1445.022 2298.541 3731.381 6341.243 10681.562 16999.355 25467.977 37462.172 54924.922 78739.477 107007.984 135738.234 152526.906 154217.438 140146.594 108811.062 77022.258 47044.387 23048.943 8938.043 2403.264 406.361 55.042 8.446
