tests/test_03/output1/CloudLoad_010.00hrs.dat
NCOLS    50
NROWS    50
XLLCORNER    -2289770.000
YLLCORNER     2591270.000
CELLSIZE        2000.000       2000.000
NODATA_VALUE  0.000
[rows 0 to 44 of 50, columns 0 to 49 of 50]
296.529 321.932 355.243 394.049 438.473 488.621 544.925 607.709 677.817 757.103 847.864 952.593 1074.597 1216.062 1379.946 1571.768 1795.322 2052.615 2349.842 2699.227 3113.457 3596.089 4145.746 4770.234 5487.354 6316.239 7265.804 8328.562 9502.165 10790.086 12186.644 13632.580 15028.276 16332.217 17311.812 18076.471 18248.064 18081.514 17538.439 16226.729 14694.649 12586.438 10635.379 8531.984 6803.494 5013.791 3434.193 2304.734 1365.939 232.984
162.593 179.294 201.076 226.030 254.172 285.866 321.837 363.196 411.402 468.356 536.179 616.886 712.574 826.397 963.190 1127.151 1320.200 1546.993 1819.522 2150.161 2541.933 2991.637 3510.171 4123.710 4853.975 5703.841 6661.573 7738.400 8959.327 10326.521 11817.064 13371.074 14855.160 16317.357 17460.504 18358.209 18674.273 18607.875 18140.912 16911.467 15476.683 13359.381 11360.271 9176.964 7362.522 5468.130 3766.543 2540.935 1529.927 274.918
115.675 128.780 145.759 165.084 186.836 211.501 239.928 273.470 313.698 362.338 421.123 491.715 576.309 678.846 803.826 954.093 1132.441 1346.074 1607.221 1924.762 2297.267 2724.993 3227.111 3830.047 4550.511 5391.553 6348.189 7428.337 8656.485 10049.132 11595.337 13223.540 14805.404 16362.199 17687.723 18747.979 19277.070 19349.309 18979.775 17831.764 16509.391 14397.177 12334.615 10046.666 8112.168 6077.468 4214.909 2850.616 1742.394 331.234
61.647 70.305 81.363 93.869 108.006 124.433 144.159 168.608 199.353 237.894 285.441 343.405 414.703 503.758 613.722 746.660 907.374 1105.082 1350.559 1648.577 1995.842 2398.192 2881.926 3472.883 4184.993 5020.225 5977.066 7064.826 8309.732 9735.519 11350.018 13090.159 14777.274 16443.951 17950.326 19166.709 19925.535 20172.859 19908.217 18826.070 17591.914 15508.564 13401.482 11014.907 8945.591 6758.287 4726.590 3198.628 1981.131 401.025
34.330 39.691 46.475 54.374 63.706 75.148 89.812 108.544 132.403 162.620 200.409 247.969 309.101 386.617 482.520 600.180 745.276 927.199 1152.847 1423.346 1742.838 2126.563 2596.041 3170.520 3866.252 4694.281 5655.421 6755.317 8016.399 9466.439 11120.778 12956.298 14798.584 16569.586 18261.598 19629.084 20595.096 21044.996 20910.926 19898.348 18723.512 16680.268 14552.137 12084.000 9866.192 7514.633 5302.684 3584.306 2245.698 482.399
13.755 16.309 19.862 24.486 30.631 38.611 48.850 62.336 79.818 102.078 131.272 170.418 221.584 286.367 368.340 471.090 599.199 759.673 959.854 1206.106 1506.902 1874.316 2324.200 2877.504 3555.508 4373.665 5341.201 6465.502 7752.867 9220.148 10904.951 12814.197 14812.817 16744.855 18593.633 20140.604 21288.719 21907.518 21952.125 21059.797 19912.510 17906.582 15772.778 13255.528 10876.165 8336.485 5949.511 4013.960 2541.575 581.447
5.501 6.580 8.255 10.771 14.433 19.667 26.803 36.061 48.216 65.042 88.542 120.304 162.197 216.909 286.912 374.704 484.465 623.939 802.808 1029.583 1312.408 1662.399 2093.429 2624.638 3279.110 4081.253 5051.483 6196.063 7517.979 9026.371 10743.332 12681.625 14796.213 16897.150 18928.990 20678.398 22014.324 22791.182 22984.242 22290.346 21164.863 19185.412 17057.174 14518.594 11983.674 9238.955 6675.773 4497.041 2872.953 701.926
2.095 2.595 3.465 4.846 6.930 9.886 14.037 20.155 29.377 42.633 60.909 85.825 119.583 164.220 221.732 294.805 388.240 509.802 669.586 877.566 1142.998 1476.250 1889.909 2400.880 3033.537 3816.035 4776.617 5934.577 7292.772 8852.479 10621.861 12603.791 14772.132 17006.502 19212.090 21212.508 22768.785 23694.863 24030.473 23549.145 22479.746 20516.201 18394.359 15859.947 13187.732 10235.832 7495.116 5040.576 3244.309 846.322
0.761 1.029 1.508 2.240 3.352 5.057 7.799 12.315 19.319 29.305 43.069 62.079 88.201 123.425 170.020 231.155 311.908 419.376 562.838 752.843 999.720 1314.572 1711.469 2207.808 2824.597 3588.155 4530.752 5682.425 7059.536 8665.929 10502.442 12553.866 14771.870 17091.385 19445.467 21691.646 23510.949 24622.727 25073.809 24816.793 23844.393 21895.039 19777.414 17263.443 14479.806 11325.643 8410.193 5652.599 3666.020 1019.263
0.268 0.434 0.682 1.037 1.653 2.829 4.861 8.180 13.145 20.312 30.597 44.979 64.621 91.636 129.256 181.404 252.676 348.973 478.232 650.288 876.407 1170.168 1549.176 2033.052 2639.797 3390.858 4313.888 5446.694 6823.929 8462.051 10364.300 12502.478 14788.463 17173.354 19615.457 22051.107 24113.504 25594.971 26130.346 26062.426 25235.914 23320.738 21204.674 18704.930 15842.480 12502.254 9434.854 6337.372 4135.013 1219.667
0.000 0.000 0.311 0.507 0.900 1.783 3.444 5.689 8.805 13.689 21.151 31.655 46.217 67.180 98.180 143.424 207.025 293.740 410.189 565.630 772.329 1045.433 1403.023 1866.758 2460.032 3203.495 4120.303 5241.011 6605.416 8252.137 10195.698 12412.923 14788.456 17264.818 19753.129 22330.779 24582.662 26422.270 27211.807 27263.609 26606.193 24765.080 22656.691 20171.486 17257.137 13745.159 10545.897 7093.871 4653.693 1450.310
0.000 0.000 0.000 0.283 0.586 1.220 2.145 3.465 5.440 8.534 13.490 21.221 32.771 49.865 75.552 114.209 170.535 248.724 353.990 494.990 684.911 939.332 1276.537 1717.747 2287.757 3014.593 3926.933 5047.894 6408.756 8051.035 10004.126 12271.098 14727.006 17326.725 19886.598 22540.291 24982.471 26982.883 28156.686 28394.369 27900.604 26176.951 24098.807 21659.256 18707.340 15040.046 11720.540 7926.919 5221.245 1716.829
0.000 0.000 0.000 0.000 0.370 0.596 1.032 1.924 3.308 5.302 8.660 14.636 24.337 38.943 60.634 93.020 140.829 209.328 304.407 434.162 610.446 848.650 1166.165 1584.187 2127.766 2829.259 3723.582 4840.599 6205.716 7848.508 9800.853 12076.135 14577.011 17284.975 19984.598 22685.629 25260.109 27417.938 28862.736 29371.256 29122.781 27529.115 25516.273 23145.746 20151.410 16369.838 12952.918 8825.445 5830.648 2011.580
0.000 0.000 0.000 0.000 0.000 0.286 0.545 1.034 2.002 3.636 6.218 10.561 18.185 30.889 50.024 77.450 116.999 174.718 258.631 377.832 543.023 767.036 1066.586 1463.029 1982.321 2655.451 3521.283 4620.517 5982.803 7627.358 9578.244 11832.787 14350.150 17118.393 19938.350 22760.799 25450.709 27732.252 29344.514 30122.582 30279.682 28805.068 26848.320 24594.488 21563.453 17708.172 14208.473 9774.716 6484.453 2344.185
0.000 0.000 0.000 0.000 0.000 0.000 0.266 0.552 1.160 2.413 4.527 7.927 13.762 23.945 40.183 63.937 98.031 147.670 220.549 326.795 477.870 686.376 968.032 1344.702 1843.471 2492.826 3328.198 4391.625 5728.421 7368.294 9321.161 11557.875 14052.780 16825.049 19718.312 22642.785 25447.859 27887.385 29645.693 30644.416 31059.678 29987.189 28110.541 25989.898 22930.477 19037.092 15485.140 10779.670 7174.959 2713.035
0.000 0.000 0.000 0.000 0.000 0.000 0.000 0.355 0.750 1.594 3.297 6.187 10.868 18.621 31.297 51.127 80.885 124.908 189.955 284.516 419.113 607.838 868.397 1222.558 1698.448 2325.478 3134.103 4164.091 5456.708 7056.925 8992.799 11201.193 13678.331 16422.289 19306.174 22310.961 25200.137 27832.979 29673.084 30915.232 31571.742 30847.381 29184.111 27272.822 24210.775 20315.275 16753.656 11822.366 7894.438 3108.771
0.000 0.000 0.000 0.000 0.000 0.000 0.000 0.251 0.529 1.097 2.334 4.669 8.430 14.352 24.030 39.896 65.466 104.991 163.201 246.839 366.510 536.260 773.925 1102.038 1548.214 2144.481 2921.886 3916.850 5165.981 6709.535 8587.040 10752.091 13205.710 15884.281 18737.336 21747.627 24702.043 27473.715 29431.096 30833.965 31709.783 31441.691 29982.525 28335.545 25383.094 21519.418 17972.738 12893.697 8643.541 3551.448
0.000 0.000 0.000 0.000 0.000 0.000 0.000 0.000 0.349 0.716 1.469 3.113 6.143 10.875 18.488 31.327 52.441 85.772 136.560 211.025 318.267 470.951 686.478 987.177 1399.314 1953.770 2687.521 3637.472 4837.062 6311.523 8101.460 10178.797 12571.051 15199.791 18021.393 20972.229 23937.912 26768.418 28902.170 30451.963 31532.900 31543.391 30564.818 29129.018 26413.445 22624.715 19138.750 13974.385 9417.279 4030.076
0.000 0.000 0.000 0.000 0.000 0.000 0.000 0.000 0.000 0.512 1.048 2.051 4.121 8.072 14.694 25.214 42.015 69.086 111.305 175.086 269.733 407.010 602.038 874.904 1250.926 1760.660 2435.378 3317.341 4447.126 5854.832 7549.068 9528.091 11823.738 14354.763 17135.219 20015.143 22918.789 25733.309 27987.291 29767.549 30995.328 31350.129 30640.453 29661.744 27221.859 23594.152 20166.238 15024.815 10204.157 4539.597
0.000 0.000 0.000 0.000 0.000 0.000 0.000 0.000 0.000 0.293 0.729 1.591 2.975 5.601 10.814 19.703 33.757 55.528 89.652 142.455 222.654 341.692 514.221 758.512 1097.674 1561.242 2177.605 2983.051 4023.258 5338.317 6933.177 8803.277 10972.811 13380.483 16054.071 18861.770 21702.104 24442.152 26800.295 28710.695 30130.580 30834.303 30384.701 29767.432 27809.109 24393.201 21095.352 16024.075 10994.164 5097.232
0.000 0.000 0.000 0.000 0.000 0.000 0.000 0.000 0.000 0.000 0.435 1.028 2.093 4.023 7.628 13.990 24.959 42.989 71.277 114.964 181.535 280.706 427.111 638.487 938.124 1352.570 1909.126 2639.037 3581.524 4783.664 6260.387 8011.907 10036.605 12300.678 14825.521 17514.979 20285.773 22916.281 25257.615 27326.723 28908.141 29930.938 29818.510 29493.016 28010.459 24971.246 21849.207 16955.719 11769.365 5678.283
0.000 0.000 0.000 0.000 0.000 0.000 0.000 0.000 0.000 0.000 0.214 0.500 1.155 2.666 5.229 9.562 17.520 31.260 53.640 89.290 144.459 226.608 347.817 524.734 779.806 1138.891 1629.654 2283.207 3131.844 4211.045 5549.243 7163.873 9028.507 11144.098 13486.793 16032.700 18663.719 21188.438 23521.041 25671.750 27385.461 28646.811 28975.137 28884.555 27923.465 25273.090 22425.086 17795.824 12517.043 6277.542
0.000 0.000 0.000 0.000 0.000 0.000 0.000 0.000 0.000 0.000 0.000 0.239 0.580 1.390 3.229 6.421 11.939 21.475 37.983 65.100 108.178 175.387 276.736 422.905 632.770 931.492 1350.788 1922.102 2675.810 3641.177 4831.979 6280.293 7974.805 9924.482 12102.858 14457.060 16910.146 19307.131 21611.611 23787.145 25583.771 27033.525 27778.254 27990.598 27431.363 25272.820 22806.711 18489.602 13223.970 6903.318
0.000 0.000 0.000 0.000 0.000 0.000 0.000 0.000 0.000 0.000 0.000 0.000 0.284 0.688 1.573 3.515 7.645 14.770 26.333 45.525 77.498 128.439 206.843 326.152 500.536 745.629 1092.449 1573.427 2222.885 3069.847 4124.096 5403.011 6909.159 8684.391 10676.542 12821.543 15079.302 17327.637 19603.748 21771.305 23588.045 25171.977 26305.922 26784.289 26678.701 24981.129 22887.732 19033.088 13876.741 7515.821
0.000 0.000 0.000 0.000 0.000 0.000 0.000 0.000 0.000 0.000 0.000 0.000 0.000 0.298 0.734 1.735 3.846 8.257 16.585 30.860 54.098 90.722 147.893 236.770 372.016 574.430 866.354 1265.087 1801.344 2514.837 3428.521 4552.697 5885.439 7452.242 9266.801 11209.906 13240.444 15340.994 17518.115 19624.475 21513.074 23193.215 24530.068 25363.238 25643.250 24372.881 22733.062 19392.771 14439.726 8126.998
0.000 0.000 0.000 0.000 0.000 0.000 0.000 0.000 0.000 0.000 0.000 0.000 0.000 0.000 0.314 0.778 1.936 4.358 8.997 17.881 33.813 60.002 102.234 168.011 267.913 422.206 653.521 981.721 1429.434 2019.948 2778.736 3738.433 4912.293 6299.668 7889.795 9639.083 11482.447 13435.042 15467.545 17449.174 19420.090 21138.850 22638.688 23725.809 24341.098 23575.137 22316.057 19511.842 14903.937 8719.905
0.000 0.000 0.000 0.000 0.000 0.000 0.000 0.000 0.000 0.000 0.000 0.000 0.000 0.000 0.000 0.350 0.863 2.113 5.148 10.560 19.729 36.181 65.028 113.031 189.638 307.595 481.667 732.695 1092.228 1582.653 2216.208 3015.222 4012.085 5238.853 6616.724 8144.906 9822.688 11645.549 13511.178 15370.315 17300.777 19108.262 20698.379 21941.424 22851.600 22591.576 21629.438 19414.715 15175.193 9268.482
0.000 0.000 0.000 0.000 0.000 0.000 0.000 0.000 0.000 0.000 0.000 0.000 0.000 0.000 0.000 0.000 0.397 0.992 2.369 5.402 11.187 21.855 40.900 72.850 125.535 210.855 343.797 540.587 818.051 1198.795 1715.958 2393.118 3237.976 4253.474 5447.903 6801.391 8305.554 9940.705 11658.316 13427.929 15251.224 17043.676 18724.113 20055.568 21173.076 21354.859 20754.943 19129.469 15359.415 9779.873
0.000 0.000 0.000 0.000 0.000 0.000 0.000 0.000 0.000 0.000 0.000 0.000 0.000 0.000 0.000 0.000 0.000 0.424 1.041 2.495 5.752 12.080 23.919 45.152 81.548 141.413 235.362 377.973 592.320 899.065 1312.622 1852.483 2556.089 3412.080 4397.150 5575.962 6889.495 8316.576 9856.712 11510.105 13224.643 14936.081 16600.254 18053.062 19269.758 19875.475 19723.572 18559.943 15294.122 10212.064
0.000 0.000 0.000 0.000 0.000 0.000 0.000 0.000 0.000 0.000 0.000 0.000 0.000 0.000 0.000 0.000 0.000 0.000 0.438 1.071 2.579 6.029 13.060 26.481 49.630 89.184 155.406 262.557 423.268 652.247 974.752 1417.610 1974.257 2650.223 3476.232 4441.905 5537.467 6777.096 8136.486 9612.232 11173.634 12801.098 14373.912 15885.826 17211.225 18099.576 18319.484 17715.760 14989.965 10547.312
0.000 0.000 0.000 0.000 0.000 0.000 0.000 0.000 0.000 0.000 0.000 0.000 0.000 0.000 0.000 0.000 0.000 0.000 0.000 0.456 1.093 2.603 6.183 13.691 27.675 53.305 99.910 175.727 291.547 465.172 711.505 1041.438 1467.448 1994.518 2643.767 3401.893 4296.737 5340.276 6499.175 7774.983 9154.274 10647.679 12129.230 13579.812 14917.405 16027.665 16593.223 16532.109 14400.350 10669.690
0.000 0.000 0.000 0.000 0.000 0.000 0.000 0.000 0.000 0.000 0.000 0.000 0.000 0.000 0.000 0.000 0.000 0.000 0.000 0.211 0.506 1.210 2.848 6.528 14.706 30.901 61.089 113.319 196.603 320.340 494.478 729.474 1035.702 1427.207 1900.742 2483.300 3172.067 3988.804 4959.808 6032.387 7194.781 8492.798 9858.197 11253.021 12565.678 13764.705 14554.505 14964.093 13500.522 10540.436
0.000 0.000 0.000 0.000 0.000 0.000 0.000 0.000 0.000 0.000 0.000 0.000 0.000 0.000 0.000 0.000 0.000 0.000 0.000 0.000 0.247 0.586 1.390 3.276 7.669 17.050 36.054 70.116 125.309 207.342 322.585 475.895 678.914 940.099 1268.983 1673.375 2174.978 2783.832 3525.740 4392.509 5372.534 6470.099 7668.766 8963.838 10217.946 11408.564 12323.615 13028.596 12283.615 10162.703
0.000 0.000 0.000 0.000 0.000 0.000 0.000 0.000 0.000 0.000 0.000 0.000 0.000 0.000 0.000 0.000 0.000 0.000 0.000 0.000 0.000 0.330 0.780 1.817 4.211 9.654 20.666 40.242 71.513 119.044 186.743 278.092 395.886 550.224 756.905 1026.226 1368.490 1798.318 2336.299 3004.144 3790.644 4668.668 5668.949 6784.512 7941.447 9084.597 10082.608 10928.157 10774.476 9487.987
0.000 0.000 0.000 0.000 0.000 0.000 0.000 0.000 0.000 0.000 0.000 0.000 0.000 0.000 0.000 0.000 0.000 0.000 0.000 0.000 0.000 0.205 0.487 1.122 2.593 5.856 11.664 21.354 37.151 61.787 98.447 150.970 222.420 316.671 444.757 616.050 842.188 1133.622 1503.914 1977.691 2563.228 3241.714 4020.019 4914.888 5897.324 6930.445 7909.096 8808.885 9047.240 8582.276
0.000 0.000 0.000 0.000 0.000 0.000 0.000 0.000 0.000 0.000 0.000 0.000 0.000 0.000 0.000 0.000 0.000 0.000 0.000 0.000 0.000 0.000 0.331 0.777 1.728 3.519 6.724 12.271 21.456 35.694 56.605 87.089 130.264 191.496 276.299 391.663 543.362 739.959 994.715 1324.416 1738.864 2237.741 2807.674 3479.537 4255.837 5102.002 5969.492 6844.530 7355.465 7503.066
0.000 0.000 0.000 0.000 0.000 0.000 0.000 0.000 0.000 0.000 0.000 0.000 0.000 0.000 0.000 0.000 0.000 0.000 0.000 0.000 0.000 0.000 0.234 0.552 1.176 2.307 4.275 7.634 13.056 21.604 34.666 54.377 83.474 124.647 181.016 258.089 358.335 491.649 668.019 890.445 1177.115 1537.720 1963.394 2470.725 3057.479 3720.823 4428.856 5186.644 5772.871 6277.524
0.000 0.000 0.000 0.000 0.000 0.000 0.000 0.000 0.000 0.000 0.000 0.000 0.000 0.000 0.000 0.000 0.000 0.000 0.000 0.000 0.000 0.000 0.000 0.378 0.794 1.547 2.883 5.172 8.929 14.594 23.086 35.901 55.638 83.540 122.823 176.194 246.102 343.152 472.374 633.222 833.946 1090.999 1409.712 1777.024 2201.605 2704.104 3263.812 3862.164 4354.160 5013.907
0.000 0.000 0.000 0.000 0.000 0.000 0.000 0.000 0.000 0.000 0.000 0.000 0.000 0.000 0.000 0.000 0.000 0.000 0.000 0.000 0.000 0.000 0.000 0.257 0.541 1.071 1.995 3.565 6.273 10.486 16.723 26.206 40.462 60.929 89.461 127.725 178.055 249.245 343.035 457.758 602.833 791.999 1014.778 1275.752 1586.688 1963.671 2391.165 2850.666 3248.230 3886.885
0.000 0.000 0.000 0.000 0.000 0.000 0.000 0.000 0.000 0.000 0.000 0.000 0.000 0.000 0.000 0.000 0.000 0.000 0.000 0.000 0.000 0.000 0.000 0.000 0.387 0.788 1.495 2.649 4.736 7.996 12.744 19.850 30.370 45.643 67.026 94.847 131.395 180.931 246.713 330.828 440.748 579.777 741.832 932.029 1158.643 1418.165 1711.963 2052.719 2354.395 2878.943
0.000 0.000 0.000 0.000 0.000 0.000 0.000 0.000 0.000 0.000 0.000 0.000 0.000 0.000 0.000 0.000 0.000 0.000 0.000 0.000 0.000 0.000 0.000 0.000 0.308 0.627 1.181 2.082 3.608 6.074 9.782 15.157 22.943 34.162 49.721 70.104 97.062 131.529 178.681 241.485 320.262 411.985 528.831 666.753 829.835 1018.228 1234.336 1482.432 1701.188 2098.536
0.000 0.000 0.000 0.000 0.000 0.000 0.000 0.000 0.000 0.000 0.000 0.000 0.000 0.000 0.000 0.000 0.000 0.000 0.000 0.000 0.000 0.000 0.000 0.000 0.248 0.499 0.946 1.678 2.790 4.594 7.327 11.464 17.367 25.514 36.851 51.612 70.341 94.371 127.349 171.071 223.472 287.227 370.560 470.486 587.922 722.063 877.061 1053.568 1208.070 1500.854
0.000 0.000 0.000 0.000 0.000 0.000 0.000 0.000 0.000 0.000 0.000 0.000 0.000 0.000 0.000 0.000 0.000 0.000 0.000 0.000 0.000 0.000 0.000 0.000 0.210 0.409 0.759 1.334 2.211 3.571 5.593 8.574 12.611 18.101 25.800 36.295 49.748 67.306 90.810 120.574 155.793 198.814 256.350 325.300 405.727 495.612 596.722 715.834 826.066 1032.480
0.000 0.000 0.000 0.000 0.000 0.000 0.000 0.000 0.000 0.000 0.000 0.000 0.000 0.000 0.000 0.000 0.000 0.000 0.000 0.000 0.000 0.000 0.000 0.000 0.000 0.346 0.621 1.061 1.714 2.666 4.135 6.218 9.098 13.090 18.579 25.848 35.088 47.067 62.303 81.114 104.619 133.584 169.533 213.553 266.523 326.919 396.332 480.441 563.383 682.104
0.000 0.000 0.000 0.000 0.000 0.000 0.000 0.000 0.000 0.000 0.000 0.000 0.000 0.000 0.000 0.000 0.000 0.000 0.000 0.000 0.000 0.000 0.000 0.000 0.000 0.283 0.482 0.806 1.308 2.048 3.051 4.417 6.435 9.259 12.970 17.807 24.140 32.389 42.635 55.132 69.853 86.326 105.422 131.484 161.586 195.760 233.569 282.022 329.307 410.000
