tests/test_03/output1/CloudConcentration_005.00hrs.dat
NCOLS    50
NROWS    50
XLLCORNER    -2289770.000
YLLCORNER     2591270.000
CELLSIZE        2000.000       2000.000
NODATA_VALUE -9999.
[rows 0 to 29 of 50, columns 0 to 49 of 50]
0.000000 0.000000 0.000000 0.000000 0.000000 0.000000 0.000000 0.266233 1.638444 9.350161 49.950687 246.607880 1229.499634 6304.324707 13880.635742 22512.593750 30814.677734 37933.324219 43474.820312 46011.476562 46693.183594 46064.257812 45912.335938 49670.925781 52864.203125 52870.195312 52087.984375 48404.226562 44669.531250 46793.949219 47450.140625 43059.789062 37104.175781 28692.242188 23077.013672 17424.449219 11465.669922 5104.393066 1913.510498 417.796539 53.616528 8.070693 1.286218 0.209958 0.000000 0.000000 0.000000 0.000000 0.000000 0.000000
0.000000 0.000000 0.000000 0.000000 0.000000 0.000000 0.251972 1.575544 9.222611 51.558113 271.718170 1518.460938 7002.869141 14625.470703 23247.541016 32486.556641 41541.843750 48660.519531 52895.761719 54914.152344 54547.183594 52452.300781 50175.089844 48585.363281 52328.363281 55376.386719 56630.050781 56362.089844 52561.828125 48459.144531 53333.605469 54405.925781 48978.312500 41334.058594 33252.816406 27762.744141 21452.189453 13834.309570 5449.006836 1979.957275 380.595673 51.946075 7.850461 1.261736 0.201918 0.000000 0.000000 0.000000 0.000000 0.000000
0.000000 0.000000 0.000000 0.000000 0.000000 0.273923 1.689054 10.192362 59.162724 339.078918 2109.496338 9086.650391 18329.441406 27335.845703 35809.234375 43684.785156 52909.132812 57902.136719 59626.390625 59162.875000 57966.546875 56427.191406 54071.535156 51381.683594 49425.367188 53063.789062 56352.648438 57701.332031 58837.300781 56851.226562 53486.246094 58407.433594 60310.171875 56951.042969 47002.441406 39424.914062 33580.339844 25882.654297 15840.793945 6248.360352 2107.971924 350.624603 50.034939 7.621849 1.208142 0.187039 0.000000 0.000000 0.000000 0.000000
0.000000 0.000000 0.000000 0.000000 0.308112 1.843412 11.068305 66.769890 409.276459 2661.429443 11089.418945 22099.468750 32953.527344 42602.957031 50793.632812 54958.570312 55815.847656 58144.742188 58776.281250 57519.214844 55878.648438 54360.691406 52998.285156 51245.117188 48759.542969 46243.476562 49764.437500 54592.496094 57074.140625 58450.515625 57056.277344 55820.062500 61882.289062 64799.562500 62163.968750 52260.398438 47035.890625 39180.316406 29605.144531 18005.583984 7163.824219 2080.754639 339.539917 47.162235 7.216847 1.124440 0.169359 0.000000 0.000000 0.000000
0.000000 0.000000 0.000000 0.343406 2.020385 11.999552 73.202660 472.579681 3169.047852 12484.054688 24681.232422 37026.937500 49116.792969 58830.398438 61731.382812 61277.449219 58861.234375 54474.906250 49370.117188 46462.105469 45201.464844 45000.851562 44997.761719 44086.265625 43428.582031 42102.035156 40539.703125 42745.445312 49882.031250 54471.160156 56452.593750 55356.265625 57706.347656 64597.375000 67988.531250 65243.718750 56610.703125 54157.085938 44195.828125 32350.357422 18851.080078 7632.295410 2121.620361 314.935638 44.101162 6.743345 1.039154 0.156317 0.000000 0.000000
0.000000 0.000000 0.360443 2.142079 12.751956 78.694481 523.518433 3429.773438 12790.204102 25679.617188 39272.140625 52646.085938 63058.000000 66217.320312 66051.546875 62374.257812 55424.804688 47928.402344 41123.105469 35714.488281 32027.552734 30316.804688 31065.457031 31947.187500 32642.740234 33122.343750 33555.500000 33176.078125 33731.187500 41300.468750 47827.222656 51624.175781 52236.019531 58745.167969 65954.367188 69001.539062 66876.414062 62936.316406 59878.531250 47159.308594 33964.800781 18906.082031 8092.705566 2078.537109 284.310608 40.733360 6.265720 0.976906 0.148940 0.000000
0.000000 0.360133 2.171518 13.127086 82.242424 559.245361 3481.222168 12415.226562 24768.734375 38480.710938 52784.746094 63758.437500 67178.164062 67686.195312 63484.699219 53243.972656 43059.324219 34978.710938 29646.589844 26204.664062 23370.556641 20944.919922 18997.921875 18907.070312 20128.853516 21720.021484 23081.568359 24303.792969 24520.763672 25151.931641 32461.755859 39604.660156 44731.320312 47377.371094 58049.921875 66025.226562 68056.453125 66745.882812 69067.679688 62125.851562 48880.027344 33340.488281 18860.824219 8412.377930 1960.800293 251.892181 37.246712 5.863483 0.932918 0.162413
0.364429 2.145950 13.193295 84.672791 583.788635 3430.783447 11601.956055 22892.644531 35801.539062 49380.984375 60038.148438 65811.953125 66375.546875 59934.863281 46769.824219 34761.093750 25765.865234 20794.593750 18131.263672 16230.250000 14489.583008 13088.092773 12046.050781 11123.432617 10330.468750 11129.884766 12619.168945 14278.774414 15841.008789 17105.417969 18131.767578 24937.578125 31807.246094 37285.687500 41163.468750 55928.796875 65243.445312 66101.085938 69254.843750 72013.812500 62774.527344 47800.527344 31994.615234 18136.947266 8395.867188 1717.109863 218.480637 33.747864 5.482309 1.014437
2.327861 13.242078 85.555305 585.516296 3265.635498 10566.511719 20595.417969 32036.220703 43893.699219 54108.964844 60947.093750 60464.519531 52896.652344 38681.734375 24788.498047 15244.935547 11398.748047 9795.896484 8742.139648 7749.028320 6942.553711 6401.615723 6027.984375 5694.305664 5454.662109 5287.330566 5029.368652 6195.407227 7916.096680 9511.458008 11082.763672 12180.647461 18121.820312 24579.472656 29600.460938 35733.289062 51146.230469 60609.652344 65219.347656 71927.687500 72640.656250 60556.714844 45401.628906 30008.455078 18669.617188 7893.553223 1408.407104 183.976654 29.779715 5.816924
14.899993 87.289253 572.603210 3015.404297 9405.435547 18120.824219 27996.529297 38064.539062 47378.292969 53369.636719 52047.230469 44197.007812 29950.537109 16269.838867 7599.405273 5131.182129 4177.985352 3647.988770 3190.739258 2763.198975 2468.263428 2300.218262 2203.950684 2160.190674 2163.265381 2129.927246 2232.234131 2263.171875 2653.269775 3767.822021 5062.492676 6401.953613 7464.202637 12579.855469 18183.818359 21728.625000 32618.615234 46188.828125 54091.289062 67648.242188 73013.109375 69210.757812 57319.308594 42069.648438 29885.162109 17969.921875 6780.253418 1042.640381 151.183838 30.107008
90.100655 545.566284 2708.153076 8191.820801 15548.312500 23892.531250 32375.015625 40781.746094 44711.175781 43260.625000 35954.347656 22457.263672 10028.511719 3552.404297 2082.777832 1553.687256 1289.480103 1107.549072 936.098206 795.266479 712.804993 672.744019 648.106812 645.142090 664.781372 703.492920 749.422546 839.353577 919.489990 1090.131226 1650.672119 2344.524902 3243.476807 4357.747070 8106.685547 12646.520508 17339.208984 30156.652344 40323.714844 54238.691406 69003.398438 69699.656250 64352.347656 53238.605469 41917.070312 28783.355469 15683.637695 5171.649414 727.412659 144.990768
517.908508 2394.779785 6998.035645 13060.435547 19967.187500 26944.503906 34172.878906 36575.707031 35268.289062 28566.529297 16616.171875 6261.526367 1719.777954 804.053589 518.581543 390.145233 321.356506 269.875671 222.908020 187.006287 168.220398 160.911392 156.738098 158.416519 165.177856 181.488434 211.803497 251.932297 301.469055 348.758362 457.330353 721.818848 1093.855225 1521.573975 2889.165527 5419.138184 8568.770508 16751.748047 27414.298828 38132.640625 56896.878906 66428.726562 65501.929688 61961.808594 53606.570312 39357.242188 24887.628906 12438.060547 3477.765381 629.668274
2112.883545 5889.771484 10799.549805 16456.335938 22174.490234 28047.101562 29643.576172 28469.228516 22641.777344 12553.098633 4174.696289 929.190674 323.212128 165.982483 107.293503 79.374039 63.940418 52.198460 42.218540 34.917263 32.308830 31.601500 31.415773 31.815802 33.480995 38.476711 49.108723 63.713604 80.785591 104.257584 124.483215 219.019440 381.871063 581.736633 1185.270508 2430.390869 4084.469971 8808.705078 16649.437500 24456.738281 42961.199219 55857.246094 63084.082031 65669.039062 62288.898438 49309.199219 34216.078125 19637.494141 8875.842773 2697.709717
4873.391602 8841.416992 13402.365234 18066.365234 22770.421875 23812.345703 22829.462891 18066.552734 9756.065430 2969.611816 582.105286 153.667770 56.673283 28.540945 17.717892 12.578062 9.806237 7.870974 6.368671 5.399753 5.105960 5.080449 5.137254 5.342170 5.881323 7.355765 9.626602 13.383654 19.713192 27.077826 37.101837 74.297928 145.589417 247.113831 590.863770 1301.612793 2289.832764 5178.975586 9897.433594 16276.503906 30803.783203 45004.183594 54589.945312 65486.929688 64842.007812 57422.007812 42048.234375 26782.091797 14575.140625 7111.401855
7296.407715 10835.913086 14607.634766 18386.058594 19127.037109 18335.662109 14513.800781 7771.139160 2280.754150 424.006042 93.109238 24.592241 8.478425 3.919708 2.278101 1.541492 1.170821 0.957420 0.817952 0.726596 0.698219 0.703840 0.735599 0.824911 0.989270 1.205754 1.615374 2.537252 4.156257 7.196100 12.408531 27.546665 64.080765 119.871132 333.242493 781.592102 1593.336792 3564.644775 6614.815430 11830.265625 22568.072266 35362.691406 45765.671875 61326.937500 64956.425781 60769.242188 48237.269531 33303.406250 20318.416016 12472.108398
8916.775391 11674.666992 14765.075195 15324.010742 14720.747070 11682.647461 6239.299805 1829.373047 352.379272 77.103912 15.866767 3.656449 1.077512 0.432970 0.234266 0.000000 0.000000 0.000000 0.000000 0.000000 0.000000 0.000000 0.000000 0.000000 0.000000 0.191537 0.271979 0.459323 0.895682 1.952726 4.224133 10.706164 30.626743 64.062790 205.795013 496.459167 1176.061768 2714.375488 4917.041504 9687.469727 17950.382812 28201.166016 38848.535156 55124.078125 62005.078125 60205.105469 51681.062500 38935.757812 27317.250000 18573.828125
9500.666992 11668.482422 12136.251953 11705.625000 9426.568359 5045.771484 1461.603516 289.764740 71.320549 15.613105 2.793957 0.518462 0.000000 0.000000 0.000000 0.000000 0.000000 0.000000 0.000000 0.000000 0.000000 0.000000 0.000000 0.000000 0.000000 0.000000 0.000000 0.000000 0.202147 0.516701 1.468558 4.126651 13.977283 35.000500 127.294182 317.351990 827.398376 2040.429443 3775.940674 8169.557129 15098.879883 23189.417969 34348.214844 49541.976562 58481.011719 57888.218750 52058.839844 43967.625000 34121.445312 24731.896484
9272.814453 9492.895508 9198.024414 7498.633789 4014.291016 1142.979492 220.592468 57.828354 16.270456 3.639599 0.587722 0.000000 0.000000 0.000000 0.000000 0.000000 0.000000 0.000000 0.000000 0.000000 0.000000 0.000000 0.000000 0.000000 0.000000 0.000000 0.000000 0.000000 0.000000 0.130252 0.444911 1.409034 5.096400 16.481340 61.396523 183.626297 540.160095 1440.586426 2855.888184 6759.022949 12673.852539 19666.681641 31578.240234 44923.210938 53938.984375 54840.171875 51430.218750 48526.164062 39686.386719 29927.507812
7277.774414 7090.913086 5922.881836 3195.193604 896.317444 167.600006 42.802887 12.332149 3.493357 0.754761 0.138900 0.000000 0.000000 0.000000 0.000000 0.000000 0.000000 0.000000 0.000000 0.000000 0.000000 0.000000 0.000000 0.000000 0.000000 0.000000 0.000000 0.000000 0.000000 0.000000 0.096447 0.399956 1.565963 5.804559 25.664822 91.572334 346.041992 976.243225 2340.000732 5585.023438 10560.895508 17229.759766 29733.761719 41589.117188 49737.750000 51871.699219 51988.289062 51547.257812 42711.757812 33671.667969
5352.985840 4546.948730 2486.211426 714.793945 123.415733 29.445122 8.106791 2.325150 0.624660 0.129381 0.000000 0.000000 0.000000 0.000000 0.000000 0.000000 0.000000 0.000000 0.000000 0.000000 0.000000 0.000000 0.000000 0.000000 0.000000 0.000000 0.000000 0.000000 0.000000 0.000000 0.000000 0.119065 0.571634 2.979192 13.883056 53.550976 250.185257 691.692993 2014.222290 4791.679688 8936.538086 16492.033203 27841.525391 38870.531250 46040.093750 48906.414062 53644.207031 53208.593750 44439.980469 35583.621094
3511.338867 1901.874878 533.920654 85.277298 18.584101 4.820391 1.317872 0.360185 0.000000 0.000000 0.000000 0.000000 0.000000 0.000000 0.000000 0.000000 0.000000 0.000000 0.000000 0.000000 0.000000 0.000000 0.000000 0.000000 0.000000 0.000000 0.000000 0.000000 0.000000 0.000000 0.000000 0.000000 0.343046 1.722484 8.192135 41.656158 201.128891 562.247620 1778.133179 4177.430664 7910.333984 16058.757812 26299.095703 35979.390625 42741.019531 50672.492188 54971.691406 53448.199219 45311.296875 36063.312500
1627.744141 457.078217 62.039101 11.105307 2.573278 0.659992 0.000000 0.000000 0.000000 0.000000 0.000000 0.000000 0.000000 0.000000 0.000000 0.000000 0.000000 0.000000 0.000000 0.000000 0.000000 0.000000 0.000000 0.000000 0.000000 0.000000 0.000000 0.000000 0.000000 0.000000 0.000000 0.000000 0.236327 1.274812 6.722835 33.266666 156.702591 506.027588 1585.234985 3672.845459 7806.282715 16108.345703 25469.796875 33613.070312 40993.015625 51763.308594 54748.992188 53129.089844 43823.355469 35817.093750
476.546143 64.098846 8.059255 1.355533 0.293135 0.000000 0.000000 0.000000 0.000000 0.000000 0.000000 0.000000 0.000000 0.000000 0.000000 0.000000 0.000000 0.000000 0.000000 0.000000 0.000000 0.000000 0.000000 0.000000 0.000000 0.000000 0.000000 0.000000 0.000000 0.000000 0.000000 0.000000 0.211323 1.132099 5.549248 25.786325 111.359138 454.206604 1431.850464 3270.054688 8040.054199 15982.048828 24608.755859 31986.798828 43670.320312 52441.972656 54373.527344 51022.746094 41861.460938 34756.023438
81.938370 9.092558 0.975713 0.000000 0.000000 0.000000 0.000000 0.000000 0.000000 0.000000 0.000000 0.000000 0.000000 0.000000 0.000000 0.000000 0.000000 0.000000 0.000000 0.000000 0.000000 0.000000 0.000000 0.000000 0.000000 0.000000 0.000000 0.000000 0.000000 0.000000 0.000000 0.000000 0.182825 0.980146 4.720071 24.530125 109.419479 432.015533 1290.208740 3264.002686 8418.554688 15955.026367 23642.964844 33026.640625 46481.980469 52274.640625 53397.632812 48311.371094 40130.656250 37581.078125
7.033509 0.744988 0.000000 0.000000 0.000000 0.000000 0.000000 0.000000 0.000000 0.000000 0.000000 0.000000 0.000000 0.000000 0.000000 0.000000 0.000000 0.000000 0.000000 0.000000 0.000000 0.000000 0.000000 0.000000 0.000000 0.000000 0.000000 0.000000 0.000000 0.000000 0.000000 0.000000 0.153465 0.904039 5.177559 25.508780 114.207054 429.159332 1201.977905 3562.527832 8714.021484 15563.503906 22703.914062 36522.433594 48264.355469 52497.519531 51446.519531 45920.687500 43458.980469 39265.339844
0.000000 0.000000 0.000000 0.000000 0.000000 0.000000 0.000000 0.000000 0.000000 0.000000 0.000000 0.000000 0.000000 0.000000 0.000000 0.000000 0.000000 0.000000 0.000000 0.000000 0.000000 0.000000 0.000000 0.000000 0.000000 0.000000 0.000000 0.000000 0.000000 0.000000 0.000000 0.000000 0.173800 1.088905 5.780318 27.527632 119.002518 422.144806 1380.289551 4080.090820 9070.895508 15178.116211 25735.414062 39335.636719 49204.156250 51353.546875 49647.421875 47968.324219 45585.089844 38176.363281
0.000000 0.000000 0.000000 0.000000 0.000000 0.000000 0.000000 0.000000 0.000000 0.000000 0.000000 0.000000 0.000000 0.000000 0.000000 0.000000 0.000000 0.000000 0.000000 0.000000 0.000000 0.000000 0.000000 0.000000 0.000000 0.000000 0.000000 0.000000 0.000000 0.000000 0.000000 0.000000 0.252877 1.410676 6.701830 29.013863 120.745605 472.824127 1626.722046 4395.968750 9160.836914 16797.437500 29352.101562 41215.769531 48833.074219 50245.921875 51110.632812 52170.621094 44917.792969 36589.996094
0.000000 0.000000 0.000000 0.000000 0.000000 0.000000 0.000000 0.000000 0.000000 0.000000 0.000000 0.000000 0.000000 0.000000 0.000000 0.000000 0.000000 0.000000 0.000000 0.000000 0.000000 0.000000 0.000000 0.000000 0.000000 0.000000 0.000000 0.000000 0.000000 0.000000 0.000000 0.000000 0.396331 1.900787 8.615379 36.394726 151.741882 573.725647 1827.235474 4913.439453 9831.851562 20328.253906 32396.511719 42745.605469 47237.609375 52447.222656 55942.636719 53641.906250 43206.824219 33230.453125
0.000000 0.000000 0.000000 0.000000 0.000000 0.000000 0.000000 0.000000 0.000000 0.000000 0.000000 0.000000 0.000000 0.000000 0.000000 0.000000 0.000000 0.000000 0.000000 0.000000 0.000000 0.000000 0.000000 0.000000 0.000000 0.000000 0.000000 0.000000 0.000000 0.000000 0.000000 0.143486 0.772787 3.547680 14.471331 53.566181 188.062866 667.033875 2065.905762 5087.766602 12698.253906 23613.011719 34970.125000 42416.003906 50292.640625 57688.371094 57822.562500 51749.820312 39354.605469 29355.371094
0.000000 0.000000 0.000000 0.000000 0.000000 0.000000 0.000000 0.000000 0.000000 0.000000 0.000000 0.000000 0.000000 0.000000 0.000000 0.000000 0.000000 0.000000 0.000000 0.000000 0.000000 0.000000 0.000000 0.000000 0.000000 0.000000 0.000000 0.000000 0.000000 0.000000 0.000000 0.253808 1.315764 5.662539 21.802015 76.144379 247.628143 775.213562 2259.420898 6937.621094 15815.070312 26402.152344 35202.652344 45242.574219 57269.261719 60077.984375 58389.941406 46911.617188 35356.144531 28652.183594
