tests/test_03/output1/CloudLoad_005.00hrs.dat
NCOLS    50
NROWS    50
XLLCORNER    -2289770.000
YLLCORNER     2591270.000
CELLSIZE        2000.000       2000.000
NODATA_VALUE  0.000
[rows 0 to 40 of 50, columns 0 to 49 of 50]
0.000 0.000 0.000 0.000 0.000 0.000 0.000 0.347 2.243 13.814 81.466 463.710 2565.442 12232.718 26859.864 43366.433 60384.492 75823.717 88565.952 97145.594 102114.706 104376.603 104683.841 105411.931 106199.142 106190.792 105000.902 102946.258 100792.986 98748.342 93160.990 85449.407 77350.118 63984.049 46624.328 30523.810 18636.339 9793.844 3949.533 829.723 114.241 17.149 2.689 0.426 0.000 0.000 0.000 0.000 0.000 0.000
0.000 0.000 0.000 0.000 0.000 0.000 0.328 2.055 12.772 78.149 464.940 2968.969 13784.323 30121.481 47884.293 65944.303 82919.201 97013.980 107748.068 113225.462 115645.428 114598.601 113145.466 112060.891 111331.687 111391.219 113022.308 114093.381 113448.452 111056.341 111110.710 108182.913 100104.517 90755.053 75272.378 56260.888 37612.557 23069.722 11662.160 4062.028 773.178 108.912 16.283 2.566 0.400 0.000 0.000 0.000 0.000 0.000
0.000 0.000 0.000 0.000 0.000 0.368 2.182 13.304 82.675 516.108 3458.376 15122.235 32396.531 51432.574 71647.971 91594.289 107702.920 117800.326 121903.435 121387.194 119188.832 117227.239 115757.680 114489.949 113969.871 113966.275 114332.500 115836.229 119654.882 122882.355 123886.726 123216.963 123433.463 117579.317 106375.624 88866.121 67264.360 46194.894 28188.652 13815.370 4237.714 719.566 102.428 15.423 2.404 0.366 0.000 0.000 0.000 0.000
0.000 0.000 0.000 0.000 0.394 2.297 13.730 84.847 547.047 3658.780 15573.583 33191.131 53153.945 74576.104 95045.179 110134.181 119100.309 122080.516 120665.225 115450.534 110438.933 107509.250 105710.686 104291.921 103912.839 104362.305 106927.566 110337.780 113968.381 118564.766 125042.187 130121.662 132175.581 136524.333 132694.161 121527.042 103211.021 78096.311 54509.778 33177.566 15602.980 4144.895 680.342 94.084 14.307 2.211 0.332 0.000 0.000 0.000
0.000 0.000 0.000 0.406 2.367 14.014 86.055 561.422 3754.851 15202.992 32613.580 52358.580 73547.590 93439.812 107527.085 115551.880 117227.364 112670.371 104237.375 95827.433 90625.574 88107.493 86614.812 86025.034 85972.966 86582.004 88605.648 92690.592 99405.787 106822.051 112869.955 121007.635 131874.938 139091.855 147046.329 146014.787 135377.298 116347.704 88290.385 62340.074 37492.301 16300.110 4087.445 615.537 86.122 13.190 2.036 0.307 0.000 0.000
0.000 0.000 0.399 2.374 14.140 87.348 579.859 3782.676 14339.975 30385.148 48749.266 69080.748 88273.038 101040.101 109429.676 107464.205 97514.221 84463.151 73893.898 66917.841 63677.253 61936.092 61202.324 60976.606 62008.769 64318.332 66818.935 70204.904 74599.340 82207.072 92253.087 102172.882 114167.803 130329.291 143104.785 156133.645 157242.729 148790.143 127742.191 96803.482 68204.846 40278.357 16706.316 3884.441 544.136 78.480 12.181 1.903 0.288 0.000
0.000 0.383 2.314 14.035 88.041 596.863 3702.911 13325.476 27473.435 44034.046 62644.239 79953.015 91982.132 98703.024 93917.546 80019.420 63704.178 51701.585 44792.459 41624.022 39688.464 38358.872 37703.426 37779.302 38367.395 40017.062 43088.452 46700.545 50495.219 56046.584 64098.701 75911.588 88818.140 104780.858 124852.840 144275.931 161990.573 165187.924 159079.043 134538.225 102901.601 71519.464 41255.060 16340.220 3560.981 476.074 71.574 11.349 1.799 0.299
0.394 2.246 13.797 88.681 611.816 3574.499 12139.406 24461.032 39011.309 55255.490 70040.022 81492.833 85009.465 78451.990 62065.259 43681.986 31059.574 25395.203 22725.785 21166.978 20084.004 19468.332 19393.976 19830.300 20547.776 21762.818 23221.739 25226.846 29205.719 34198.610 39998.795 47902.732 60203.898 74291.723 92272.372 116768.473 142000.794 163992.704 168954.566 165664.095 138142.977 105610.107 71653.912 40729.635 15554.785 3082.050 414.792 65.452 10.616 1.870
2.634 13.965 89.031 604.281 3347.387 10862.230 21476.838 33879.054 47330.635 60173.281 70303.220 71133.390 63122.590 46389.878 28457.290 16861.268 12522.454 10847.382 9798.278 8864.554 8198.921 7900.119 7854.357 8081.407 8468.350 9154.347 10159.747 11721.256 13717.322 16642.801 21129.538 26755.540 33734.115 45059.195 60114.469 78644.581 107007.094 137535.992 163381.198 170581.938 167268.127 138929.164 104504.156 69210.240 38546.551 14222.273 2580.771 364.141 59.133 10.884
16.200 91.051 585.212 3059.065 9550.087 18564.029 29048.038 40042.724 50949.618 58666.770 57917.777 49720.282 33924.523 18004.179 8182.380 5422.047 4403.019 3863.751 3407.113 2989.697 2727.778 2608.234 2588.161 2664.185 2830.528 3069.526 3508.292 4211.224 5292.334 6667.453 8720.742 11614.213 16125.308 22783.861 33126.830 46775.158 67322.444 97784.605 133331.344 162423.704 170758.709 164268.401 136382.750 99777.697 64599.249 35077.466 12376.380 2100.206 314.202 58.869
92.476 553.023 2731.297 8262.141 15750.191 24433.748 33482.937 42819.399 47659.376 46490.560 38993.085 24580.338 10935.507 3809.216 2177.577 1605.072 1330.740 1147.326 975.973 836.813 760.494 729.673 720.623 738.845 791.766 884.630 1028.704 1284.917 1648.942 2204.702 2972.539 4087.531 6070.075 9038.193 14287.167 23819.912 36922.075 60151.742 92110.014 131054.018 162469.315 169800.744 157375.674 129583.076 92225.401 58664.922 30602.116 10197.735 1656.176 299.302
520.745 2404.579 7030.034 13154.765 20232.378 27541.203 35256.047 38118.592 36999.026 30203.792 17786.573 6798.134 1858.576 844.680 534.141 398.525 328.007 276.258 229.293 193.612 175.717 170.142 168.615 173.780 185.949 212.014 261.421 338.563 460.432 640.431 908.475 1300.137 1983.003 3261.698 5528.084 10028.343 18744.786 32739.167 57282.967 91173.332 132025.641 161272.249 164413.541 148245.751 118851.255 83252.029 51041.012 25204.948 7794.132 1427.193
2115.792 5900.210 10835.962 16577.226 22483.910 28594.810 30427.957 29362.965 23486.412 13177.019 4499.749 1024.868 345.576 172.678 109.767 80.591 64.860 53.070 43.089 35.813 33.314 32.865 33.070 33.981 36.449 43.025 56.646 77.623 111.255 166.846 250.881 398.516 685.219 1255.039 2345.918 4634.914 9293.771 17751.510 33889.991 58612.984 96643.145 133199.458 158352.548 156102.460 137790.840 106016.492 72636.566 42033.150 19685.530 6189.908
4876.130 8851.875 13442.912 18205.005 23038.110 24203.748 23278.803 18493.504 10082.819 3160.762 651.907 168.855 60.415 29.632 18.084 12.733 9.914 7.971 6.468 5.502 5.221 5.228 5.333 5.604 6.262 7.953 10.665 15.456 24.514 39.891 70.895 138.322 262.332 546.552 1160.605 2537.006 5340.853 10830.889 21040.545 38991.360 66504.036 103722.785 137497.659 152911.132 146126.020 123844.352 92239.613 59834.803 33128.735 15119.485
7298.064 10843.640 14647.899 18491.546 19297.041 18539.445 14710.413 7938.511 2395.009 482.509 106.405 27.214 9.099 4.088 2.328 1.559 1.181 0.967 0.828 0.737 0.710 0.719 0.756 0.853 1.033 1.279 1.756 2.849 5.013 10.106 22.294 52.177 115.538 270.465 643.322 1574.103 3527.325 7456.682 14726.348 27867.506 48319.801 79302.228 113069.447 139492.254 146310.655 133595.663 108266.527 76745.037 47323.486 25672.498
8917.281 11677.571 14780.954 15371.373 14784.957 11746.645 6301.113 1884.542 394.276 99.256 19.609 4.175 1.179 0.457 0.240 0.000 0.000 0.000 0.000 0.000 0.000 0.000 0.000 0.000 0.000 0.201 0.292 0.514 1.084 2.743 7.500 20.708 55.181 145.891 386.796 1033.748 2506.398 5538.566 11353.589 21684.057 38294.261 63094.606 92630.067 122419.945 137614.752 136177.194 118239.335 91443.715 61083.582 37504.090
9500.775 11669.051 12139.482 11715.525 9441.793 5062.091 1478.030 305.925 86.236 26.371 4.378 0.643 0.000 0.000 0.000 0.000 0.000 0.000 0.000 0.000 0.000 0.000 0.000 0.000 0.000 0.000 0.000 0.000 0.253 0.762 2.621 8.294 25.741 80.838 234.857 660.365 1727.250 4108.843 8890.738 17551.953 31966.910 52767.228 78620.126 107365.913 126897.380 132872.698 121937.246 101128.369 73214.508 49513.442
9272.836 9493.010 9198.664 7500.532 4017.427 1146.646 224.411 61.772 20.331 7.125 1.133 0.000 0.000 0.000 0.000 0.000 0.000 0.000 0.000 0.000 0.000 0.000 0.000 0.000 0.000 0.000 0.000 0.000 0.000 0.211 0.839 2.998 10.186 37.032 121.784 378.655 1130.029 2938.147 6796.372 14168.912 27039.909 45563.381 69121.021 95600.467 116236.380 126979.999 121975.715 106727.946 82361.742 60141.171
7277.778 7090.933 5922.993 3195.524 896.869 168.298 43.556 13.124 4.324 1.483 0.243 0.000 0.000 0.000 0.000 0.000 0.000 0.000 0.000 0.000 0.000 0.000 0.000 0.000 0.000 0.000 0.000 0.000 0.000 0.000 0.236 0.943 3.600 14.850 56.662 210.320 727.849 2092.350 5244.468 11553.853 22932.983 39990.359 62415.163 87272.391 107877.977 120920.503 119566.798 109008.279 88414.987 68293.249
5352.987 4546.952 2486.227 714.843 123.499 29.554 8.226 2.450 0.754 0.246 0.000 0.000 0.000 0.000 0.000 0.000 0.000 0.000 0.000 0.000 0.000 0.000 0.000 0.000 0.000 0.000 0.000 0.000 0.000 0.000 0.000 0.330 1.494 7.237 32.775 136.408 520.588 1611.822 4300.524 9741.339 19977.686 35639.836 57088.793 81052.960 101911.923 115756.420 117066.787 109865.474 91803.439 73457.727
3511.339 1901.875 533.923 85.283 18.594 4.834 1.332 0.375 0.000 0.000 0.000 0.000 0.000 0.000 0.000 0.000 0.000 0.000 0.000 0.000 0.000 0.000 0.000 0.000 0.000 0.000 0.000 0.000 0.000 0.000 0.000 0.000 0.870 4.480 22.436 102.736 419.170 1346.242 3681.697 8651.344 18218.203 32847.616 53626.275 76249.427 97200.455 111896.073 114531.913 109935.358 93920.824 77316.577
1627.744 457.078 62.039 11.106 2.574 0.661 0.000 0.000 0.000 0.000 0.000 0.000 0.000 0.000 0.000 0.000 0.000 0.000 0.000 0.000 0.000 0.000 0.000 0.000 0.000 0.000 0.000 0.000 0.000 0.000 0.000 0.000 0.636 3.334 17.292 81.430 346.635 1142.754 3227.174 7899.115 17012.821 31576.140 51657.347 73154.585 93945.484 108625.492 112754.535 109336.174 94073.789 79841.718
476.546 64.099 8.059 1.356 0.293 0.000 0.000 0.000 0.000 0.000 0.000 0.000 0.000 0.000 0.000 0.000 0.000 0.000 0.000 0.000 0.000 0.000 0.000 0.000 0.000 0.000 0.000 0.000 0.000 0.000 0.000 0.000 0.512 2.698 13.798 67.277 282.279 993.229 2914.302 7388.764 16303.908 31271.212 51163.038 72011.577 92834.674 106287.096 111674.949 108293.511 93564.124 79986.702
81.938 9.093 0.976 0.000 0.000 0.000 0.000 0.000 0.000 0.000 0.000 0.000 0.000 0.000 0.000 0.000 0.000 0.000 0.000 0.000 0.000 0.000 0.000 0.000 0.000 0.000 0.000 0.000 0.000 0.000 0.000 0.000 0.430 2.353 12.232 59.615 254.305 916.181 2758.842 7146.565 16068.441 31485.671 51231.425 72533.991 93400.857 105801.128 111328.968 106262.205 92750.441 79607.266
7.034 0.745 0.000 0.000 0.000 0.000 0.000 0.000 0.000 0.000 0.000 0.000 0.000 0.000 0.000 0.000 0.000 0.000 0.000 0.000 0.000 0.000 0.000 0.000 0.000 0.000 0.000 0.000 0.000 0.000 0.000 0.000 0.391 2.280 12.249 58.322 250.529 910.404 2760.163 7151.301 16402.965 32020.016 51566.924 74604.972 95260.203 106390.152 111809.751 104762.431 92301.633 78110.243
0.000 0.000 0.000 0.000 0.000 0.000 0.000 0.000 0.000 0.000 0.000 0.000 0.000 0.000 0.000 0.000 0.000 0.000 0.000 0.000 0.000 0.000 0.000 0.000 0.000 0.000 0.000 0.000 0.000 0.000 0.000 0.000 0.417 2.462 12.842 61.583 262.477 959.216 2907.135 7604.237 17365.615 33205.685 53242.598 76953.396 97843.968 109027.830 112409.202 104453.108 91199.614 75748.241
0.000 0.000 0.000 0.000 0.000 0.000 0.000 0.000 0.000 0.000 0.000 0.000 0.000 0.000 0.000 0.000 0.000 0.000 0.000 0.000 0.000 0.000 0.000 0.000 0.000 0.000 0.000 0.000 0.000 0.000 0.000 0.000 0.547 3.013 14.743 67.897 285.757 1030.066 3143.177 8349.764 19116.449 35310.264 56710.912 81001.535 100191.972 113246.229 113377.656 105482.550 90141.260 72888.061
0.000 0.000 0.000 0.000 0.000 0.000 0.000 0.000 0.000 0.000 0.000 0.000 0.000 0.000 0.000 0.000 0.000 0.000 0.000 0.000 0.000 0.000 0.000 0.000 0.000 0.000 0.000 0.000 0.000 0.000 0.000 0.000 0.912 4.417 19.502 78.825 310.386 1128.560 3520.130 9555.824 21459.341 38807.766 62406.054 85674.072 104373.876 116232.578 114662.094 106821.836 88022.760 70779.887
0.000 0.000 0.000 0.000 0.000 0.000 0.000 0.000 0.000 0.000 0.000 0.000 0.000 0.000 0.000 0.000 0.000 0.000 0.000 0.000 0.000 0.000 0.000 0.000 0.000 0.000 0.000 0.000 0.000 0.000 0.000 0.305 1.554 6.918 27.574 102.392 371.436 1295.614 4034.011 11142.286 24118.185 44523.194 68696.525 91632.248 110787.751 118329.375 116671.928 105275.129 85416.721 65800.214
0.000 0.000 0.000 0.000 0.000 0.000 0.000 0.000 0.000 0.000 0.000 0.000 0.000 0.000 0.000 0.000 0.000 0.000 0.000 0.000 0.000 0.000 0.000 0.000 0.000 0.000 0.000 0.000 0.000 0.000 0.000 0.479 2.462 10.655 40.749 143.961 490.664 1608.966 4954.474 13222.886 28890.569 51074.815 75497.153 99483.189 116652.678 121844.293 119040.660 102724.969 80663.520 58805.299
0.000 0.000 0.000 0.000 0.000 0.000 0.000 0.000 0.000 0.000 0.000 0.000 0.000 0.000 0.000 0.000 0.000 0.000 0.000 0.000 0.000 0.000 0.000 0.000 0.000 0.000 0.000 0.000 0.000 0.000 0.000 0.973 4.742 18.982 66.717 216.568 675.493 2099.746 6401.672 16677.567 35112.434 58336.770 84761.851 110156.017 122561.225 126665.132 116850.717 98373.684 74064.633 52223.696
0.000 0.000 0.000 0.000 0.000 0.000 0.000 0.000 0.000 0.000 0.000 0.000 0.000 0.000 0.000 0.000 0.000 0.000 0.000 0.000 0.000 0.000 0.000 0.000 0.000 0.000 0.000 0.000 0.000 0.000 0.346 2.054 9.557 35.815 116.055 345.212 1000.199 2973.885 8506.976 21950.683 42426.483 67821.008 97294.374 119075.267 129832.424 128933.304 113473.954 92122.308 66254.378 45134.139
0.000 0.000 0.000 0.000 0.000 0.000 0.000 0.000 0.000 0.000 0.000 0.000 0.000 0.000 0.000 0.000 0.000 0.000 0.000 0.000 0.000 0.000 0.000 0.000 0.000 0.000 0.000 0.000 0.000 0.000 0.787 4.388 18.875 69.164 216.478 606.182 1650.255 4510.153 12516.530 28464.511 51725.508 81932.669 110541.204 129332.259 137427.158 128165.403 109635.964 82775.846 57305.521 36903.687
0.000 0.000 0.000 0.000 0.000 0.000 0.000 0.000 0.000 0.000 0.000 0.000 0.000 0.000 0.000 0.000 0.000 0.000 0.000 0.000 0.000 0.000 0.000 0.000 0.000 0.000 0.000 0.000 0.000 0.368 2.322 11.607 46.017 154.713 443.149 1134.068 2821.032 7233.087 18146.466 37730.862 66351.033 96776.598 123806.095 140179.735 139345.414 126929.232 100097.069 72194.096 46721.574 25131.925
0.000 0.000 0.000 0.000 0.000 0.000 0.000 0.000 0.000 0.516 0.998 1.479 1.295 0.499 0.000 0.000 0.000 0.000 0.000 0.000 0.000 0.000 0.000 0.000 0.000 0.000 0.000 0.000 0.292 1.550 7.493 31.577 114.757 353.890 896.739 2064.048 4822.751 11933.342 27231.421 52391.623 82377.037 113853.277 139189.275 146220.673 139222.203 117167.384 88146.268 58082.210 32356.618 15488.211
0.000 0.000 0.000 0.000 0.000 0.000 0.000 0.224 1.632 4.773 6.943 5.663 3.217 1.295 0.485 0.000 0.000 0.000 0.000 0.000 0.000 0.000 0.000 0.000 0.000 0.000 0.000 0.512 1.862 7.338 28.073 100.585 321.923 889.277 2006.763 4221.565 9117.569 20735.518 41400.280 69014.752 104107.332 134055.956 150823.815 151060.770 131646.070 103263.506 69671.559 41040.770 20022.678 8511.553
0.000 0.000 0.000 0.000 0.000 0.000 0.257 2.442 9.628 15.745 16.184 13.310 7.728 3.709 1.536 0.575 0.000 0.000 0.000 0.000 0.000 0.000 0.000 0.000 0.320 0.679 1.655 4.379 12.502 37.689 110.875 331.829 993.316 2196.215 4211.784 8115.305 16917.120 33092.105 58929.658 94147.026 128270.161 150985.444 158316.913 143764.483 116691.138 81213.492 49809.712 25527.944 10962.134 4242.664
0.000 0.000 0.000 0.000 0.000 0.000 2.210 11.582 22.320 31.755 34.050 29.185 19.741 10.782 4.880 2.072 0.899 0.457 0.310 0.317 0.388 0.553 0.858 1.535 2.937 6.159 14.738 34.021 78.454 182.037 428.290 1109.139 2660.054 5007.350 8668.810 15854.062 29533.185 53153.699 84948.429 121477.940 150908.367 161258.013 152829.592 127673.345 91932.535 58425.667 31457.810 14220.548 5414.796 2002.717
0.000 0.000 0.000 0.000 0.000 1.185 9.033 21.554 37.379 55.965 68.806 70.394 56.905 35.612 16.998 8.178 4.199 2.661 2.187 2.394 3.010 4.409 6.956 12.553 23.833 45.307 95.188 183.123 344.553 684.663 1480.764 3300.235 6208.804 10516.985 17387.689 29644.891 49936.214 78704.805 114480.572 147752.760 161060.386 157637.062 137022.207 100100.462 65818.460 37518.554 17409.682 6690.569 2427.525 511.252
0.000 0.000 0.000 0.000 0.312 4.526 14.855 31.417 55.077 89.521 127.276 153.862 152.895 112.450 68.265 37.740 21.946 15.281 14.017 16.292 20.725 30.431 47.323 80.425 135.643 239.141 421.414 720.858 1234.412 2261.019 4326.949 7909.254 13118.245 20603.784 32190.363 50298.651 76303.773 109695.026 142926.357 157765.071 158697.742 141716.193 105963.208 72336.488 42750.172 20439.163 7837.810 2278.614 462.906 56.990
0.000 0.000 0.000 0.000 1.055 7.271 19.149 36.491 67.097 121.459 188.324 259.476 306.767 309.254 237.832 150.474 101.958 81.073 80.396 93.731 117.761 165.132 242.701 369.607 570.466 910.291 1445.023 2298.541 3731.381 6341.245 10681.564 16999.359 25467.982 37462.178 54924.932 78739.488 107007.998 135738.237 152526.908 154217.425 140146.581 108811.043 77022.238 47044.372 23048.932 8938.039 2403.263 406.361 55.042 8.446
