tests/test_03/output1/CloudLoad_005.00hrs.dat
NCOLS    50
NROWS    50
XLLCORNER    -2289770.000
YLLCORNER     2591270.000
CELLSIZE        2000.000       2000.000
NODATA_VALUE  0.000
[rows 0 to 28 of 50, columns 0 to 49 of 50]
0.000000 0.000000 0.000000 0.000000 0.000000 0.000000 0.000000 0.347058 2.243061 13.813965 81.466286 463.710327 2565.442383 12232.718750 26859.863281 43366.433594 60384.492188 75823.718750 88565.953125 97145.593750 102114.703125 104376.601562 104683.843750 105411.929688 106199.140625 106190.789062 105000.898438 102946.257812 100792.984375 98748.343750 93160.992188 85449.406250 77350.117188 63984.046875 46624.328125 30523.810547 18636.337891 9793.843750 3949.533203 829.723450 114.241348 17.149235 2.688649 0.426370 0.000000 0.000000 0.000000 0.000000 0.000000 0.000000
0.000000 0.000000 0.000000 0.000000 0.000000 0.000000 0.327745 2.054796 12.771869 78.148903 464.940491 2968.968750 13784.322266 30121.480469 47884.292969 65944.304688 82919.203125 97013.976562 107748.070312 113225.460938 115645.429688 114598.601562 113145.468750 112060.890625 111331.687500 111391.218750 113022.304688 114093.382812 113448.453125 111056.343750 111110.710938 108182.914062 100104.515625 90755.054688 75272.375000 56260.886719 37612.558594 23069.722656 11662.160156 4062.027588 773.177979 108.912239 16.283487 2.565961 0.400020 0.000000 0.000000 0.000000 0.000000 0.000000
0.000000 0.000000 0.000000 0.000000 0.000000 0.367680 2.182266 13.303831 82.675201 516.107605 3458.376221 15122.234375 32396.531250 51432.574219 71647.968750 91594.289062 107702.921875 117800.328125 121903.437500 121387.195312 119188.835938 117227.242188 115757.679688 114489.945312 113969.875000 113966.273438 114332.500000 115836.226562 119654.882812 122882.351562 123886.726562 123216.960938 123433.460938 117579.320312 106375.625000 88866.125000 67264.359375 46194.894531 28188.652344 13815.370117 4237.713867 719.566467 102.427727 15.423396 2.404064 0.366265 0.000000 0.000000 0.000000 0.000000
0.000000 0.000000 0.000000 0.000000 0.394204 2.297083 13.730356 84.847069 547.046753 3658.780029 15573.583008 33191.132812 53153.945312 74576.101562 95045.179688 110134.179688 119100.312500 122080.515625 120665.226562 115450.531250 110438.929688 107509.250000 105710.687500 104291.921875 103912.835938 104362.304688 106927.562500 110337.781250 113968.382812 118564.765625 125042.187500 130121.664062 132175.578125 136524.328125 132694.156250 121527.039062 103211.023438 78096.312500 54509.777344 33177.566406 15602.980469 4144.894531 680.341736 94.084381 14.306807 2.211114 0.332152 0.000000 0.000000 0.000000
0.000000 0.000000 0.000000 0.405872 2.367426 14.014293 86.054680 561.422302 3754.850830 15202.992188 32613.580078 52358.582031 73547.593750 93439.812500 107527.085938 115551.882812 117227.367188 112670.367188 104237.375000 95827.429688 90625.570312 88107.492188 86614.812500 86025.031250 85972.968750 86582.000000 88605.648438 92690.593750 99405.789062 106822.054688 112869.953125 121007.632812 131874.937500 139091.859375 147046.328125 146014.781250 135377.296875 116347.703125 88290.382812 62340.074219 37492.300781 16300.109375 4087.444580 615.537048 86.122398 13.189545 2.036283 0.306532 0.000000 0.000000
0.000000 0.000000 0.399205 2.373986 14.139686 87.348335 579.859009 3782.675781 14339.975586 30385.148438 48749.265625 69080.750000 88273.039062 101040.101562 109429.679688 107464.203125 97514.218750 84463.148438 73893.898438 66917.843750 63677.253906 61936.093750 61202.324219 60976.605469 62008.769531 64318.332031 66818.937500 70204.906250 74599.335938 82207.070312 92253.085938 102172.882812 114167.804688 130329.289062 143104.781250 156133.640625 157242.734375 148790.140625 127742.187500 96803.484375 68204.843750 40278.359375 16706.316406 3884.440430 544.136047 78.480217 12.181086 1.902888 0.287906 0.000000
0.000000 0.382758 2.313966 14.034615 88.040901 596.863037 3702.911133 13325.476562 27473.435547 44034.046875 62644.238281 79953.015625 91982.132812 98703.023438 93917.546875 80019.421875 63704.179688 51701.585938 44792.457031 41624.023438 39688.464844 38358.871094 37703.425781 37779.300781 38367.394531 40017.062500 43088.453125 46700.542969 50495.218750 56046.582031 64098.699219 75911.585938 88818.140625 104780.859375 124852.843750 144275.937500 161990.578125 165187.921875 159079.046875 134538.218750 102901.601562 71519.460938 41255.058594 16340.220703 3560.981201 476.074066 71.574028 11.348683 1.799102 0.298557
0.393528 2.245504 13.797240 88.681160 611.815552 3574.498779 12139.406250 24461.031250 39011.308594 55255.488281 70040.023438 81492.835938 85009.460938 78451.992188 62065.257812 43681.984375 31059.574219 25395.203125 22725.785156 21166.978516 20084.003906 19468.332031 19393.976562 19830.300781 20547.775391 21762.818359 23221.738281 25226.845703 29205.718750 34198.609375 39998.796875 47902.730469 60203.898438 74291.726562 92272.375000 116768.468750 142000.796875 163992.703125 168954.562500 165664.093750 138142.984375 105610.109375 71653.914062 40729.636719 15554.784180 3082.050293 414.791870 65.452477 10.616431 1.870437
2.634480 13.964551 89.030701 604.281372 3347.387207 10862.229492 21476.837891 33879.054688 47330.632812 60173.281250 70303.218750 71133.390625 63122.589844 46389.878906 28457.289062 16861.267578 12522.454102 10847.381836 9798.277344 8864.553711 8198.920898 7900.119141 7854.356934 8081.407227 8468.350586 9154.346680 10159.747070 11721.255859 13717.321289 16642.800781 21129.537109 26755.539062 33734.117188 45059.195312 60114.468750 78644.578125 107007.093750 137535.984375 163381.203125 170581.937500 167268.125000 138929.171875 104504.156250 69210.242188 38546.550781 14222.272461 2580.770752 364.140991 59.132729 10.884082
16.199959 91.050964 585.211792 3059.064941 9550.086914 18564.029297 29048.037109 40042.722656 50949.617188 58666.769531 57917.777344 49720.281250 33924.523438 18004.179688 8182.380371 5422.047363 4403.018555 3863.750732 3407.113037 2989.697266 2727.778320 2608.233643 2588.160400 2664.184570 2830.528076 3069.526123 3508.291504 4211.224121 5292.333984 6667.453125 8720.741211 11614.212891 16125.307617 22783.861328 33126.828125 46775.160156 67322.445312 97784.601562 133331.343750 162423.703125 170758.703125 164268.406250 136382.750000 99777.695312 64599.250000 35077.464844 12376.379883 2100.205566 314.201874 58.868896
92.476433 553.023254 2731.296875 8262.141602 15750.190430 24433.748047 33482.937500 42819.398438 47659.375000 46490.558594 38993.085938 24580.337891 10935.507812 3809.216064 2177.576904 1605.072144 1330.739990 1147.325928 975.972595 836.812927 760.493958 729.672913 720.622742 738.844604 791.766479 884.630066 1028.703857 1284.916626 1648.942261 2204.702393 2972.538574 4087.531250 6070.075195 9038.193359 14287.166992 23819.912109 36922.074219 60151.742188 92110.015625 131054.015625 162469.312500 169800.750000 157375.671875 129583.078125 92225.398438 58664.921875 30602.115234 10197.735352 1656.176147 299.302002
520.744568 2404.578857 7030.033691 13154.764648 20232.378906 27541.203125 35256.046875 38118.589844 36999.027344 30203.792969 17786.572266 6798.134277 1858.576538 844.680237 534.141296 398.525055 328.007477 276.257629 229.292664 193.612030 175.716843 170.142151 168.615387 173.779999 185.948959 212.013550 261.421173 338.562653 460.432281 640.431458 908.474854 1300.136963 1983.003296 3261.697998 5528.083984 10028.342773 18744.785156 32739.166016 57282.968750 91173.335938 132025.640625 161272.250000 164413.546875 148245.750000 118851.257812 83252.031250 51041.011719 25204.947266 7794.132324 1427.192749
2115.792236 5900.209473 10835.961914 16577.226562 22483.910156 28594.810547 30427.957031 29362.964844 23486.412109 13177.019531 4499.749023 1024.868408 345.575592 172.677841 109.766640 80.590912 64.859650 53.070026 43.088917 35.813068 33.314423 32.864552 33.070263 33.980831 36.448517 43.025406 56.645695 77.622902 111.254929 166.846008 250.880966 398.515686 685.218811 1255.039062 2345.917725 4634.914062 9293.770508 17751.509766 33889.992188 58612.984375 96643.148438 133199.453125 158352.546875 156102.453125 137790.843750 106016.492188 72636.562500 42033.148438 19685.529297 6189.908203
4876.129395 8851.875000 13442.911133 18205.005859 23038.111328 24203.748047 23278.802734 18493.503906 10082.818359 3160.762451 651.906555 168.855286 60.414665 29.631901 18.084053 12.733333 9.913848 7.971045 6.468367 5.502049 5.220595 5.227566 5.332654 5.604366 6.262066 7.953276 10.664520 15.456164 24.514362 39.890602 70.894897 138.321777 262.331665 546.552124 1160.605469 2537.006348 5340.853027 10830.889648 21040.544922 38991.359375 66504.039062 103722.781250 137497.656250 152911.125000 146126.015625 123844.351562 92239.609375 59834.804688 33128.734375 15119.484375
7298.063477 10843.640625 14647.899414 18491.546875 19297.041016 18539.445312 14710.413086 7938.511230 2395.009277 482.509399 106.405067 27.214396 9.099092 4.087966 2.327545 1.558860 1.181486 0.967088 0.827567 0.736503 0.709561 0.718782 0.755654 0.853243 1.032728 1.279490 1.755578 2.849380 5.013460 10.106085 22.294453 52.177284 115.538101 270.464813 643.322021 1574.103516 3527.324463 7456.682129 14726.347656 27867.505859 48319.800781 79302.226562 113069.445312 139492.250000 146310.656250 133595.656250 108266.523438 76745.039062 47323.484375 25672.498047
8917.281250 11677.570312 14780.954102 15371.373047 14784.957031 11746.645508 6301.112793 1884.542236 394.275970 99.255569 19.608982 4.174781 1.179420 0.457132 0.240272 0.000000 0.000000 0.000000 0.000000 0.000000 0.000000 0.000000 0.000000 0.000000 0.000000 0.200549 0.291927 0.513936 1.084480 2.742610 7.499522 20.707819 55.181271 145.891159 386.795898 1033.747681 2506.398438 5538.565430 11353.588867 21684.056641 38294.261719 63094.605469 92630.070312 122419.945312 137614.750000 136177.187500 118239.335938 91443.718750 61083.582031 37504.089844
9500.774414 11669.050781 12139.482422 11715.524414 9441.792969 5062.090820 1478.029541 305.925232 86.236244 26.371016 4.378355 0.643361 0.000000 0.000000 0.000000 0.000000 0.000000 0.000000 0.000000 0.000000 0.000000 0.000000 0.000000 0.000000 0.000000 0.000000 0.000000 0.000000 0.252638 0.761841 2.620949 8.294351 25.740532 80.838333 234.857269 660.364563 1727.249756 4108.843262 8890.738281 17551.953125 31966.910156 52767.226562 78620.125000 107365.914062 126897.382812 132872.703125 121937.242188 101128.367188 73214.507812 49513.441406
9272.835938 9493.009766 9198.664062 7500.531738 4017.426758 1146.645874 224.411194 61.772369 20.331217 7.125119 1.133474 0.000000 0.000000 0.000000 0.000000 0.000000 0.000000 0.000000 0.000000 0.000000 0.000000 0.000000 0.000000 0.000000 0.000000 0.000000 0.000000 0.000000 0.000000 0.210597 0.839074 2.998483 10.186216 37.032364 121.783890 378.655212 1130.029175 2938.146729 6796.372070 14168.912109 27039.910156 45563.378906 69121.023438 95600.468750 116236.382812 126980.000000 121975.718750 106727.945312 82361.742188 60141.171875
7277.777832 7090.933105 5922.992676 3195.523682 896.868896 168.298340 43.556137 13.124090 4.324338 1.483315 0.242522 0.000000 0.000000 0.000000 0.000000 0.000000 0.000000 0.000000 0.000000 0.000000 0.000000 0.000000 0.000000 0.000000 0.000000 0.000000 0.000000 0.000000 0.000000 0.000000 0.236165 0.943165 3.600251 14.849832 56.661800 210.319656 727.849304 2092.349854 5244.467773 11553.852539 22932.982422 39990.359375 62415.164062 87272.390625 107877.976562 120920.500000 119566.796875 109008.281250 88414.984375 68293.250000
5352.986816 4546.951660 2486.227295 714.843140 123.498802 29.553989 8.226119 2.449613 0.753953 0.246095 0.000000 0.000000 0.000000 0.000000 0.000000 0.000000 0.000000 0.000000 0.000000 0.000000 0.000000 0.000000 0.000000 0.000000 0.000000 0.000000 0.000000 0.000000 0.000000 0.000000 0.000000 0.330403 1.493829 7.236900 32.775066 136.407822 520.587585 1611.822144 4300.523438 9741.338867 19977.685547 35639.835938 57088.792969 81052.960938 101911.921875 115756.421875 117066.789062 109865.476562 91803.437500 73457.726562
3511.338867 1901.875244 533.922546 85.283318 18.594458 4.833972 1.332467 0.375085 0.000000 0.000000 0.000000 0.000000 0.000000 0.000000 0.000000 0.000000 0.000000 0.000000 0.000000 0.000000 0.000000 0.000000 0.000000 0.000000 0.000000 0.000000 0.000000 0.000000 0.000000 0.000000 0.000000 0.000000 0.870094 4.480194 22.436127 102.735550 419.169525 1346.242188 3681.696777 8651.343750 18218.203125 32847.617188 53626.277344 76249.429688 97200.453125 111896.070312 114531.914062 109935.359375 93920.820312 77316.578125
1627.744141 457.078247 62.039268 11.105884 2.574296 0.661277 0.000000 0.000000 0.000000 0.000000 0.000000 0.000000 0.000000 0.000000 0.000000 0.000000 0.000000 0.000000 0.000000 0.000000 0.000000 0.000000 0.000000 0.000000 0.000000 0.000000 0.000000 0.000000 0.000000 0.000000 0.000000 0.000000 0.636243 3.334100 17.292156 81.429764 346.635498 1142.753540 3227.174072 7899.114746 17012.820312 31576.140625 51657.347656 73154.585938 93945.484375 108625.492188 112754.531250 109336.171875 94073.789062 79841.718750
476.546143 64.098846 8.059266 1.355574 0.293208 0.000000 0.000000 0.000000 0.000000 0.000000 0.000000 0.000000 0.000000 0.000000 0.000000 0.000000 0.000000 0.000000 0.000000 0.000000 0.000000 0.000000 0.000000 0.000000 0.000000 0.000000 0.000000 0.000000 0.000000 0.000000 0.000000 0.000000 0.511680 2.697537 13.798315 67.276733 282.278687 993.229187 2914.301758 7388.764160 16303.907227 31271.210938 51163.039062 72011.578125 92834.671875 106287.093750 111674.953125 108293.507812 93564.125000 79986.703125
81.938370 9.092558 0.975713 0.000000 0.000000 0.000000 0.000000 0.000000 0.000000 0.000000 0.000000 0.000000 0.000000 0.000000 0.000000 0.000000 0.000000 0.000000 0.000000 0.000000 0.000000 0.000000 0.000000 0.000000 0.000000 0.000000 0.000000 0.000000 0.000000 0.000000 0.000000 0.000000 0.430057 2.353340 12.232201 59.615047 254.305099 916.181213 2758.842529 7146.564941 16068.441406 31485.669922 51231.425781 72533.992188 93400.859375 105801.125000 111328.968750 106262.203125 92750.437500 79607.265625
7.033509 0.744988 0.000000 0.000000 0.000000 0.000000 0.000000 0.000000 0.000000 0.000000 0.000000 0.000000 0.000000 0.000000 0.000000 0.000000 0.000000 0.000000 0.000000 0.000000 0.000000 0.000000 0.000000 0.000000 0.000000 0.000000 0.000000 0.000000 0.000000 0.000000 0.000000 0.000000 0.390590 2.280158 12.249445 58.322197 250.529099 910.403809 2760.163086 7151.301270 16402.964844 32020.015625 51566.925781 74604.968750 95260.203125 106390.148438 111809.750000 104762.429688 92301.632812 78110.242188
0.000000 0.000000 0.000000 0.000000 0.000000 0.000000 0.000000 0.000000 0.000000 0.000000 0.000000 0.000000 0.000000 0.000000 0.000000 0.000000 0.000000 0.000000 0.000000 0.000000 0.000000 0.000000 0.000000 0.000000 0.000000 0.000000 0.000000 0.000000 0.000000 0.000000 0.000000 0.000000 0.417108 2.462162 12.841604 61.582710 262.476929 959.216248 2907.134766 7604.236328 17365.615234 33205.683594 53242.597656 76953.398438 97843.968750 109027.828125 112409.203125 104453.109375 91199.617188 75748.242188
0.000000 0.000000 0.000000 0.000000 0.000000 0.000000 0.000000 0.000000 0.000000 0.000000 0.000000 0.000000 0.000000 0.000000 0.000000 0.000000 0.000000 0.000000 0.000000 0.000000 0.000000 0.000000 0.000000 0.000000 0.000000 0.000000 0.000000 0.000000 0.000000 0.000000 0.000000 0.000000 0.547344 3.013001 14.743288 67.896721 285.757355 1030.065796 3143.177002 8349.763672 19116.449219 35310.265625 56710.910156 81001.539062 100191.968750 113246.226562 113377.656250 105482.546875 90141.257812 72888.062500
0.000000 0.000000 0.000000 0.000000 0.000000 0.000000 0.000000 0.000000 0.000000 0.000000 0.000000 0.000000 0.000000 0.000000 0.000000 0.000000 0.000000 0.000000 0.000000 0.000000 0.000000 0.000000 0.000000 0.000000 0.000000 0.000000 0.000000 0.000000 0.000000 0.000000 0.000000 0.000000 0.912470 4.417075 19.501936 78.824913 310.385895 1128.560303 3520.129883 9555.823242 21459.341797 38807.765625 62406.054688 85674.070312 104373.875000 116232.578125 114662.093750 106821.835938 88022.757812 70779.890625
0.000000 0.000000 0.000000 0.000000 0.000000 0.000000 0.000000 0.000000 0.000000 0.000000 0.000000 0.000000 0.000000 0.000000 0.000000 0.000000 0.000000 0.000000 0.000000 0.000000 0.000000 0.000000 0.000000 0.000000 0.000000 0.000000 0.000000 0.000000 0.000000 0.000000 0.000000 0.305023 1.554480 6.917832 27.574022 102.391975 371.435791 1295.614258 4034.011230 11142.286133 24118.185547 44523.195312 68696.523438 91632.250000 110787.750000 118329.375000 116671.929688 105275.132812 85416.718750 65800.210938
