tests/test_03/output1/CloudLoad_010.00hrs.dat
NCOLS    50
NROWS    50
XLLCORNER    -2289770.000
YLLCORNER     2591270.000
CELLSIZE        2000.000       2000.000
NODATA_VALUE -9999.
[rows 0 to 31 of 50, columns 0 to 49 of 50]
296.528442 321.932068 355.242828 394.049164 438.473389 488.620972 544.924866 607.709045 677.817261 757.102539 847.863525 952.592957 1074.597046 1216.061523 1379.945679 1571.768066 1795.321289 2052.614746 2349.842041 2699.226562 3113.456787 3596.088623 4145.746094 4770.234375 5487.354004 6316.238770 7265.803711 8328.562500 9502.165039 10790.084961 12186.642578 13632.579102 15028.275391 16332.216797 17311.812500 18076.470703 18248.064453 18081.515625 17538.441406 16226.730469 14694.649414 12586.439453 10635.380859 8531.985352 6803.494629 5013.791016 3434.193359 2304.734131 1365.938721 232.984207
162.593048 179.294281 201.075851 226.029800 254.172089 285.865479 321.836853 363.195770 411.402313 468.355774 536.179016 616.885803 712.574280 826.396912 963.190247 1127.151245 1320.199951 1546.993286 1819.521851 2150.160645 2541.933105 2991.636963 3510.171143 4123.709961 4853.975098 5703.841309 6661.573730 7738.400879 8959.327148 10326.522461 11817.064453 13371.074219 14855.160156 16317.357422 17460.505859 18358.210938 18674.275391 18607.875000 18140.914062 16911.468750 15476.683594 13359.382812 11360.272461 9176.964844 7362.523438 5468.131348 3766.543457 2540.935791 1529.927124 274.918549
115.674927 128.779999 145.758652 165.084091 186.835739 211.500626 239.927704 273.470154 313.698425 362.338409 421.123199 491.714905 576.309021 678.846069 803.826538 954.092957 1132.441406 1346.074219 1607.220947 1924.762329 2297.267334 2724.993652 3227.111328 3830.047607 4550.511230 5391.553223 6348.189453 7428.337891 8656.486328 10049.132812 11595.337891 13223.541016 14805.405273 16362.201172 17687.724609 18747.980469 19277.072266 19349.310547 18979.779297 17831.765625 16509.392578 14397.177734 12334.616211 10046.667969 8112.168945 6077.469238 4214.909180 2850.616211 1742.394409 331.234528
61.646599 70.305199 81.362869 93.869156 108.006027 124.432922 144.158768 168.607697 199.352737 237.894150 285.440643 343.405334 414.703491 503.758331 613.722595 746.660095 907.374634 1105.082642 1350.559448 1648.577148 1995.841919 2398.192139 2881.926270 3472.883301 4184.993652 5020.225586 5977.066895 7064.826660 8309.733398 9735.520508 11350.019531 13090.160156 14777.276367 16443.953125 17950.330078 19166.712891 19925.537109 20172.863281 19908.220703 18826.072266 17591.916016 15508.566406 13401.484375 11014.909180 8945.591797 6758.288086 4726.590820 3198.628174 1981.131470 401.025269
34.330097 39.690948 46.474934 54.373566 63.706253 75.148376 89.811592 108.543945 132.403000 162.620499 200.409500 247.969345 309.101013 386.616882 482.520233 600.180542 745.275757 927.199280 1152.847290 1423.346436 1742.838501 2126.563477 2596.041016 3170.520264 3866.253174 4694.281738 5655.421875 6755.318848 8016.401367 9466.441406 11120.780273 12956.299805 14798.586914 16569.589844 18261.601562 19629.085938 20595.099609 21045.000000 20910.929688 19898.351562 18723.515625 16680.269531 14552.138672 12084.001953 9866.194336 7514.634766 5302.684570 3584.306396 2245.698242 482.399231
13.755331 16.309183 19.862452 24.486403 30.631323 38.611496 48.849831 62.335915 79.818459 102.078133 131.271576 170.417725 221.583908 286.366913 368.340118 471.090393 599.199219 759.673096 959.854004 1206.106689 1506.902466 1874.316772 2324.200928 2877.505127 3555.508789 4373.666016 5341.202148 6465.503418 7752.868652 9220.151367 10904.953125 12814.200195 14812.821289 16744.859375 18593.636719 20140.607422 21288.722656 21907.521484 21952.128906 21059.800781 19912.513672 17906.583984 15772.781250 13255.530273 10876.166992 8336.486328 5949.511719 4013.960693 2541.575195 581.447571
5.501066 6.580132 8.254731 10.771252 14.433310 19.667137 26.803036 36.061153 48.216526 65.041641 88.541939 120.304276 162.197144 216.908920 286.911987 374.704620 484.465607 623.938782 802.808777 1029.583862 1312.408569 1662.399292 2093.430420 2624.639404 3279.110840 4081.254395 5051.484863 6196.064941 7517.980957 9026.373047 10743.334961 12681.627930 14796.216797 16897.154297 18928.996094 20678.404297 22014.328125 22791.185547 22984.248047 22290.351562 21164.869141 19185.416016 17057.175781 14518.595703 11983.675781 9238.957031 6675.773926 4497.041504 2872.953369 701.926147
2.094800 2.594692 3.465043 4.845698 6.929853 9.886134 14.037102 20.154854 29.376564 42.633247 60.909149 85.825363 119.582779 164.220398 221.731705 294.805267 388.240112 509.802399 669.586853 877.566833 1142.998291 1476.250977 1889.909790 2400.880859 3033.537842 3816.037109 4776.618164 5934.579102 7292.774902 8852.481445 10621.864258 12603.794922 14772.135742 17006.507812 19212.095703 21212.513672 22768.791016 23694.869141 24030.478516 23549.150391 22479.751953 20516.205078 18394.361328 15859.949219 13187.735352 10235.833984 7495.116699 5040.576660 3244.309326 846.321899
0.761386 1.029386 1.507945 2.239526 3.351808 5.057283 7.799182 12.314781 19.318905 29.304998 43.069458 62.079060 88.201424 123.425064 170.019730 231.154800 311.907776 419.376038 562.837830 752.843140 999.720703 1314.572266 1711.469604 2207.808838 2824.598389 3588.156250 4530.753906 5682.427734 7059.538574 8665.932617 10502.446289 12553.871094 14771.875000 17091.388672 19445.472656 21691.652344 23510.955078 24622.732422 25073.814453 24816.798828 23844.398438 21895.042969 19777.416016 17263.445312 14479.807617 11325.645508 8410.194336 5652.599121 3666.020264 1019.262634
0.267530 0.433554 0.682100 1.036956 1.652557 2.829185 4.861469 8.180077 13.144778 20.311714 30.597204 44.978996 64.620834 91.636398 129.255753 181.403870 252.676315 348.973236 478.232819 650.288757 876.407715 1170.169067 1549.177368 2033.053345 2639.798340 3390.859863 4313.889648 5446.697266 6823.931641 8462.054688 10364.304688 12502.482422 14788.468750 17173.359375 19615.462891 22051.115234 24113.511719 25594.978516 26130.351562 26062.431641 25235.921875 23320.744141 21204.677734 18704.931641 15842.483398 12502.255859 9434.854492 6337.372559 4135.013672 1219.667114
0.000000 0.000000 0.311157 0.507475 0.899965 1.782558 3.443768 5.688739 8.804831 13.688611 21.150549 31.654718 46.216621 67.180237 98.180115 143.423706 207.024963 293.740540 410.189728 565.630554 772.329163 1045.433838 1403.023438 1866.758789 2460.033936 3203.496582 4120.304688 5241.014160 6605.419434 8252.140625 10195.702148 12412.928711 14788.461914 17264.826172 19753.136719 22330.787109 24582.669922 26422.277344 27211.814453 27263.617188 26606.199219 24765.085938 22656.697266 20171.490234 17257.138672 13745.161133 10545.899414 7093.871582 4653.693359 1450.310425
0.000000 0.000000 0.000000 0.282585 0.586029 1.219822 2.144637 3.464868 5.440027 8.533653 13.490264 21.221266 32.770691 49.865520 75.552208 114.208763 170.535553 248.724304 353.990021 494.990387 684.911560 939.332764 1276.538330 1717.747925 2287.758545 3014.594971 3926.935059 5047.896484 6408.759277 8051.039062 10004.130859 12271.103516 14727.012695 17326.732422 19886.605469 22540.298828 24982.480469 26982.890625 28156.693359 28394.376953 27900.611328 26176.958984 24098.812500 21659.259766 18707.343750 15040.048828 11720.541992 7926.920410 5221.245117 1716.828979
0.000000 0.000000 0.000000 0.000000 0.370357 0.596422 1.031725 1.923733 3.307519 5.302210 8.660011 14.636113 24.337128 38.943459 60.633682 93.019791 140.829254 209.328369 304.406921 434.162811 610.446594 848.650818 1166.166260 1584.187744 2127.768066 2829.260986 3723.583984 4840.602051 6205.719727 7848.512695 9800.857422 12076.141602 14577.017578 17284.982422 19984.605469 22685.636719 25260.117188 27417.947266 28862.746094 29371.265625 29122.789062 27529.121094 25516.279297 23145.750000 20151.412109 16369.840820 12952.919922 8825.446289 5830.648438 2011.580078
0.000000 0.000000 0.000000 0.000000 0.000000 0.286365 0.545079 1.034320 2.002272 3.636305 6.217884 10.560907 18.185038 30.889154 50.024063 77.449753 116.999496 174.718216 258.631683 377.832489 543.023865 767.036194 1066.586548 1463.029907 1982.322388 2655.452881 3521.285645 4620.519531 5982.806641 7627.363281 9578.250000 11832.792969 14350.158203 17118.402344 19938.357422 22760.808594 25450.718750 27732.261719 29344.523438 30122.591797 30279.689453 28805.076172 26848.326172 24594.492188 21563.455078 17708.173828 14208.474609 9774.716797 6484.453613 2344.184814
0.000000 0.000000 0.000000 0.000000 0.000000 0.000000 0.266127 0.551852 1.160105 2.413034 4.526999 7.927275 13.761541 23.945009 40.183514 63.937336 98.031097 147.670059 220.549713 326.795532 477.870087 686.376892 968.032959 1344.703369 1843.472168 2492.827637 3328.200684 4391.627930 5728.424805 7368.298828 9321.166992 11557.881836 14052.788086 16825.058594 19718.322266 22642.794922 25447.871094 27887.394531 29645.703125 30644.425781 31059.687500 29987.197266 28110.546875 25989.902344 22930.478516 19037.093750 15485.141602 10779.670898 7174.959473 2713.034912
0.000000 0.000000 0.000000 0.000000 0.000000 0.000000 0.000000 0.354925 0.749923 1.594492 3.296617 6.186799 10.868431 18.620741 31.297215 51.127136 80.885040 124.908325 189.955139 284.515808 419.113190 607.838379 868.398193 1222.559082 1698.449829 2325.479980 3134.105469 4164.094727 5456.711426 7056.930176 8992.804688 11201.200195 13678.338867 16422.298828 19306.183594 22310.970703 25200.146484 27832.990234 29673.093750 30915.242188 31571.750000 30847.386719 29184.117188 27272.828125 24210.777344 20315.277344 16753.658203 11822.367188 7894.437988 3108.770508
0.000000 0.000000 0.000000 0.000000 0.000000 0.000000 0.000000 0.251435 0.529257 1.097440 2.334364 4.669363 8.429646 14.351830 24.029987 39.896034 65.466408 104.990967 163.201080 246.839752 366.510223 536.260803 773.926147 1102.038696 1548.215088 2144.482666 2921.888916 3916.853516 5165.985352 6709.540039 8587.045898 10752.097656 13205.717773 15884.290039 18737.345703 21747.638672 24702.052734 27473.724609 29431.105469 30833.974609 31709.791016 31441.697266 29982.531250 28335.550781 25383.095703 21519.419922 17972.740234 12893.697266 8643.541016 3551.447998
0.000000 0.000000 0.000000 0.000000 0.000000 0.000000 0.000000 0.000000 0.348551 0.715989 1.469235 3.112612 6.143161 10.874756 18.488155 31.327032 52.441017 85.771904 136.560074 211.025406 318.267120 470.951385 686.478821 987.177551 1399.315552 1953.771362 2687.523438 3637.475342 4837.066406 6311.527832 8101.465820 10178.803711 12571.058594 15199.799805 18021.402344 20972.238281 23937.923828 26768.429688 28902.179688 30451.972656 31532.910156 31543.396484 30564.824219 29129.021484 26413.447266 22624.714844 19138.751953 13974.384766 9417.279297 4030.075684
0.000000 0.000000 0.000000 0.000000 0.000000 0.000000 0.000000 0.000000 0.000000 0.512244 1.048049 2.051100 4.120707 8.072091 14.693646 25.214518 42.015278 69.086395 111.305580 175.085815 269.733032 407.010162 602.039124 874.905029 1250.927246 1760.662109 2435.380859 3317.343994 4447.129883 5854.836914 7549.073730 9528.096680 11823.746094 14354.771484 17135.228516 20015.152344 22918.800781 25733.320312 27987.302734 29767.558594 30995.335938 31350.134766 30640.458984 29661.748047 27221.861328 23594.154297 20166.238281 15024.815430 10204.157227 4539.596680
0.000000 0.000000 0.000000 0.000000 0.000000 0.000000 0.000000 0.000000 0.000000 0.293253 0.729139 1.590874 2.974855 5.600825 10.814485 19.703016 33.756702 55.528439 89.651642 142.454941 222.654434 341.692383 514.222107 758.513184 1097.675171 1561.243652 2177.607422 2983.053711 4023.261230 5338.321777 6933.182617 8803.284180 10972.818359 13380.491211 16054.080078 18861.779297 21702.113281 24442.162109 26800.304688 28710.705078 30130.587891 30834.310547 30384.707031 29767.435547 27809.113281 24393.203125 21095.351562 16024.075195 10994.163086 5097.231445
0.000000 0.000000 0.000000 0.000000 0.000000 0.000000 0.000000 0.000000 0.000000 0.000000 0.435202 1.028257 2.092508 4.022989 7.628231 13.990307 24.959078 42.988937 71.277191 114.964638 181.535004 280.705872 427.111176 638.488098 938.124939 1352.571289 1909.128052 2639.039551 3581.527588 4783.667480 6260.391602 8011.912598 10036.612305 12300.685547 14825.530273 17514.988281 20285.783203 22916.289062 25257.623047 27326.730469 28908.148438 29930.943359 29818.513672 29493.019531 28010.460938 24971.246094 21849.207031 16955.716797 11769.364258 5678.282715
0.000000 0.000000 0.000000 0.000000 0.000000 0.000000 0.000000 0.000000 0.000000 0.000000 0.213659 0.499619 1.154652 2.666143 5.228554 9.562030 17.520205 31.260263 53.639645 89.290268 144.459549 226.607956 347.817383 524.734436 779.806641 1138.892700 1629.656006 2283.209229 3131.847168 4211.048828 5549.247070 7163.877930 9028.512695 11144.104492 13486.800781 16032.708008 18663.728516 21188.447266 23521.048828 25671.757812 27385.468750 28646.816406 28975.140625 28884.558594 27923.466797 25273.089844 22425.085938 17795.824219 12517.041016 6277.541016
0.000000 0.000000 0.000000 0.000000 0.000000 0.000000 0.000000 0.000000 0.000000 0.000000 0.000000 0.239255 0.579849 1.390400 3.228901 6.420620 11.939107 21.475271 37.982914 65.100479 108.178207 175.386871 276.736328 422.905823 632.770630 931.493408 1350.789185 1922.104370 2675.812500 3641.179688 4831.982422 6280.297363 7974.811035 9924.489258 12102.865234 14457.066406 16910.154297 19307.140625 21611.619141 23787.152344 25583.779297 27033.531250 27778.257812 27990.601562 27431.365234 25272.820312 22806.710938 18489.599609 13223.967773 6903.317383
0.000000 0.000000 0.000000 0.000000 0.000000 0.000000 0.000000 0.000000 0.000000 0.000000 0.000000 0.000000 0.284183 0.688126 1.573159 3.514911 7.645219 14.769640 26.332834 45.524952 77.498100 128.439026 206.843338 326.152069 500.536926 745.629883 1092.450317 1573.429077 2222.887207 3069.849365 4124.099121 5403.015137 6909.163574 8684.396484 10676.548828 12821.549805 15079.309570 17327.644531 19603.755859 21771.312500 23588.052734 25171.982422 26305.925781 26784.291016 26678.701172 24981.128906 22887.732422 19033.085938 13876.739258 7515.819824
0.000000 0.000000 0.000000 0.000000 0.000000 0.000000 0.000000 0.000000 0.000000 0.000000 0.000000 0.000000 0.000000 0.297745 0.734478 1.735203 3.845685 8.256955 16.584908 30.859716 54.098038 90.722069 147.893600 236.770721 372.016663 574.430176 866.355347 1265.088623 1801.345825 2514.839844 3428.523438 4552.700195 5885.443848 7452.247070 9266.806641 11209.912109 13240.451172 15341.000977 17518.123047 19624.480469 21513.082031 23193.218750 24530.072266 25363.242188 25643.250000 24372.880859 22733.062500 19392.767578 14439.723633 8126.996094
0.000000 0.000000 0.000000 0.000000 0.000000 0.000000 0.000000 0.000000 0.000000 0.000000 0.000000 0.000000 0.000000 0.000000 0.314236 0.777939 1.936001 4.358236 8.996923 17.881180 33.813133 60.001926 102.233894 168.010956 267.913757 422.206970 653.521667 981.722107 1429.435181 2019.949463 2778.738525 3738.436279 4912.296875 6299.672852 7889.800293 9639.088867 11482.453125 13435.048828 15467.550781 17449.179688 19420.095703 21138.855469 22638.691406 23725.810547 24341.097656 23575.136719 22316.054688 19511.839844 14903.933594 8719.903320
0.000000 0.000000 0.000000 0.000000 0.000000 0.000000 0.000000 0.000000 0.000000 0.000000 0.000000 0.000000 0.000000 0.000000 0.000000 0.349874 0.863417 2.113503 5.147881 10.560151 19.729332 36.181011 65.027748 113.030930 189.638443 307.595673 481.667725 732.695679 1092.229248 1582.654663 2216.210449 3015.224121 4012.088379 5238.856934 6616.728027 8144.911133 9822.692383 11645.553711 13511.183594 15370.321289 17300.783203 19108.265625 20698.382812 21941.425781 22851.599609 22591.576172 21629.435547 19414.710938 15175.190430 9268.480469
0.000000 0.000000 0.000000 0.000000 0.000000 0.000000 0.000000 0.000000 0.000000 0.000000 0.000000 0.000000 0.000000 0.000000 0.000000 0.000000 0.396985 0.992210 2.368727 5.401769 11.186629 21.854803 40.900005 72.850082 125.535683 210.855560 343.797058 540.587524 818.052368 1198.796753 1715.959473 2393.119873 3237.978271 4253.476562 5447.906738 6801.395020 8305.558594 9940.709961 11658.321289 13427.933594 15251.227539 17043.677734 18724.115234 20055.570312 21173.076172 21354.859375 20754.939453 19129.464844 15359.412109 9779.870117
0.000000 0.000000 0.000000 0.000000 0.000000 0.000000 0.000000 0.000000 0.000000 0.000000 0.000000 0.000000 0.000000 0.000000 0.000000 0.000000 0.000000 0.424057 1.040711 2.494992 5.751981 12.080282 23.919439 45.152443 81.548271 141.413147 235.362350 377.973206 592.320251 899.066467 1312.623901 1852.485107 2556.090820 3412.082031 4397.153809 5575.965332 6889.499023 8316.580078 9856.715820 11510.109375 13224.645508 14936.083984 16600.255859 18053.064453 19269.757812 19875.472656 19723.568359 18559.939453 15294.118164 10212.061523
0.000000 0.000000 0.000000 0.000000 0.000000 0.000000 0.000000 0.000000 0.000000 0.000000 0.000000 0.000000 0.000000 0.000000 0.000000 0.000000 0.000000 0.000000 0.437547 1.070614 2.579113 6.028997 13.060094 26.480614 49.630379 89.184296 155.406479 262.557678 423.269043 652.247742 974.753357 1417.611694 1974.258789 2650.225098 3476.234863 4441.908203 5537.470215 6777.098633 8136.489258 9612.235352 11173.635742 12801.099609 14373.913086 15885.826172 17211.222656 18099.574219 18319.482422 17715.755859 14989.960938 10547.307617
0.000000 0.000000 0.000000 0.000000 0.000000 0.000000 0.000000 0.000000 0.000000 0.000000 0.000000 0.000000 0.000000 0.000000 0.000000 0.000000 0.000000 0.000000 0.000000 0.455897 1.093091 2.603020 6.182536 13.691350 27.675386 53.305424 99.910477 175.727432 291.546936 465.172821 711.506104 1041.438965 1467.449219 1994.520020 2643.768555 3401.894531 4296.738770 5340.277832 6499.176758 7774.985352 9154.276367 10647.679688 12129.230469 13579.811523 14917.404297 16027.663086 16593.220703 16532.105469 14400.345703 10669.686523
0.000000 0.000000 0.000000 0.000000 0.000000 0.000000 0.000000 0.000000 0.000000 0.000000 0.000000 0.000000 0.000000 0.000000 0.000000 0.000000 0.000000 0.000000 0.000000 0.211061 0.505981 1.209746 2.847537 6.527550 14.705852 30.900940 61.089081 113.318878 196.603073 320.339996 494.478180 729.474304 1035.703125 1427.207886 1900.743042 2483.301514 3172.068604 3988.805908 4959.809082 6032.388672 7194.781738 8492.797852 9858.197266 11253.021484 12565.676758 13764.702148 14554.501953 14964.088867 13500.517578 10540.430664
