tests/test_03/output1/CloudLoad_010.00hrs.dat
NCOLS    50
NROWS    50
XLLCORNER    -2289770.000
YLLCORNER     2591270.000
CELLSIZE        2000.000       2000.000
NODATA_VALUE  0.000
[rows 0 to 31 of 50, columns 0 to 49 of 50]
296.528503 321.932129 355.242889 394.049225 438.473450 488.621033 544.924988 607.709106 677.817322 757.102661 847.863647 952.593079 1074.597168 1216.061523 1379.945801 1571.768188 1795.321411 2052.614746 2349.842285 2699.226562 3113.456787 3596.088379 4145.745605 4770.233887 5487.353516 6316.238281 7265.803223 8328.561523 9502.164062 10790.083984 12186.640625 13632.577148 15028.273438 16332.213867 17311.808594 18076.466797 18248.060547 18081.509766 17538.435547 16226.725586 14694.644531 12586.434570 10635.375000 8531.981445 6803.491211 5013.788086 3434.191650 2304.732666 1365.937866 232.984009
162.593079 179.294312 201.075897 226.029846 254.172150 285.865540 321.836914 363.195831 411.402405 468.355865 536.179138 616.885925 712.574341 826.396973 963.190308 1127.151367 1320.200073 1546.993286 1819.521973 2150.160889 2541.933105 2991.636963 3510.171143 4123.709961 4853.974609 5703.841309 6661.573242 7738.399902 8959.326172 10326.521484 11817.063477 13371.072266 14855.158203 16317.354492 17460.501953 18358.207031 18674.271484 18607.871094 18140.910156 16911.464844 15476.678711 13359.377930 11360.267578 9176.959961 7362.519531 5468.127930 3766.541504 2540.934082 1529.926147 274.918304
115.674957 128.780029 145.758682 165.084137 186.835785 211.500671 239.927765 273.470215 313.698517 362.338501 421.123291 491.714966 576.309143 678.846130 803.826599 954.093079 1132.441406 1346.074219 1607.220947 1924.762451 2297.267334 2724.993652 3227.111328 3830.047363 4550.511230 5391.552734 6348.188965 7428.336914 8656.485352 10049.131836 11595.336914 13223.539062 14805.402344 16362.197266 17687.720703 18747.976562 19277.066406 19349.306641 18979.773438 17831.761719 16509.386719 14397.172852 12334.611328 10046.663086 8112.165039 6077.465820 4214.907227 2850.614502 1742.393311 331.234283
61.646626 70.305229 81.362900 93.869186 108.006058 124.432961 144.158813 168.607742 199.352798 237.894211 285.440704 343.405396 414.703552 503.758423 613.722656 746.660156 907.374695 1105.082764 1350.559570 1648.577271 1995.841919 2398.192139 2881.926270 3472.883301 4184.993652 5020.225098 5977.065918 7064.826172 8309.732422 9735.519531 11350.017578 13090.158203 14777.273438 16443.949219 17950.326172 19166.707031 19925.533203 20172.857422 19908.214844 18826.066406 17591.910156 15508.561523 13401.479492 11014.904297 8945.587891 6758.284668 4726.588379 3198.626221 1981.130249 401.024963
34.330112 39.690964 46.474953 54.373585 63.706272 75.148407 89.811623 108.543983 132.403046 162.620544 200.409546 247.969391 309.101074 386.616943 482.520294 600.180603 745.275818 927.199341 1152.847412 1423.346436 1742.838501 2126.563477 2596.041016 3170.520020 3866.253174 4694.281738 5655.421387 6755.318359 8016.400391 9466.440430 11120.778320 12956.297852 14798.583984 16569.585938 18261.597656 19629.082031 20595.093750 21044.994141 20910.925781 19898.345703 18723.509766 16680.265625 14552.133789 12083.997070 9866.189453 7514.630859 5302.681641 3584.304443 2245.697021 482.398834
13.755338 16.309191 19.862461 24.486414 30.631336 38.611511 48.849850 62.335934 79.818481 102.078148 131.271606 170.417770 221.583939 286.366943 368.340179 471.090424 599.199280 759.673157 959.854065 1206.106689 1506.902344 1874.316772 2324.200684 2877.504883 3555.508545 4373.665527 5341.201660 6465.502930 7752.867676 9220.149414 10904.952148 12814.199219 14812.819336 16744.855469 18593.632812 20140.603516 21288.716797 21907.517578 21952.123047 21059.794922 19912.507812 17906.580078 15772.776367 13255.524414 10876.163086 8336.482422 5949.508789 4013.958496 2541.573730 581.447144
5.501068 6.580135 8.254736 10.771256 14.433315 19.667143 26.803043 36.061161 48.216534 65.041656 88.541962 120.304298 162.197159 216.908936 286.912018 374.704620 484.465637 623.938843 802.808838 1029.583862 1312.408569 1662.399170 2093.430176 2624.639160 3279.110840 4081.254150 5051.484863 6196.064453 7517.979980 9026.372070 10743.333984 12681.626953 14796.214844 16897.152344 18928.992188 20678.400391 22014.324219 22791.181641 22984.242188 22290.345703 21164.863281 19185.410156 17057.171875 14518.590820 11983.670898 9238.953125 6675.770996 4497.039062 2872.951904 701.925659
2.094801 2.594692 3.465044 4.845700 6.929856 9.886136 14.037103 20.154856 29.376568 42.633251 60.909157 85.825371 119.582794 164.220413 221.731720 294.805298 388.240143 509.802399 669.586853 877.566895 1142.998291 1476.250854 1889.909668 2400.880615 3033.537598 3816.036865 4776.618164 5934.578613 7292.774414 8852.480469 10621.863281 12603.792969 14772.133789 17006.503906 19212.093750 21212.509766 22768.787109 23694.865234 24030.472656 23549.144531 22479.746094 20516.199219 18394.357422 15859.944336 13187.729492 10235.829102 7495.113281 5040.574219 3244.307617 846.321289
0.761386 1.029386 1.507946 2.239527 3.351808 5.057283 7.799182 12.314782 19.318909 29.305000 43.069462 62.079067 88.201439 123.425079 170.019730 231.154816 311.907776 419.376038 562.837891 752.843201 999.720703 1314.572266 1711.469482 2207.808838 2824.598145 3588.156006 4530.753418 5682.427246 7059.538086 8665.931641 10502.445312 12553.869141 14771.873047 17091.386719 19445.470703 21691.648438 23510.951172 24622.728516 25073.810547 24816.792969 23844.392578 21895.039062 19777.412109 17263.439453 14479.802734 11325.640625 8410.190430 5652.596680 3666.018555 1019.261963
0.267530 0.433554 0.682100 1.036956 1.652557 2.829185 4.861469 8.180078 13.144779 20.311714 30.597204 44.979000 64.620842 91.636406 129.255753 181.403885 252.676315 348.973236 478.232819 650.288757 876.407715 1170.169067 1549.177368 2033.053345 2639.798096 3390.859375 4313.889648 5446.696777 6823.931152 8462.053711 10364.303711 12502.481445 14788.466797 17173.357422 19615.460938 22051.113281 24113.507812 25594.974609 26130.347656 26062.425781 25235.916016 23320.738281 21204.671875 18704.927734 15842.477539 12502.250977 9434.850586 6337.369629 4135.011719 1219.666382
0.000000 0.000000 0.311157 0.507475 0.899965 1.782558 3.443768 5.688739 8.804831 13.688613 21.150551 31.654720 46.216625 67.180244 98.180122 143.423706 207.024963 293.740540 410.189728 565.630554 772.329102 1045.433838 1403.023438 1866.758789 2460.033936 3203.496338 4120.304688 5241.013672 6605.418945 8252.139648 10195.701172 12412.927734 14788.460938 17264.822266 19753.134766 22330.785156 24582.667969 26422.273438 27211.810547 27263.613281 26606.193359 24765.080078 22656.691406 20171.486328 17257.134766 13745.156250 10545.894531 7093.868652 4653.691406 1450.309570
0.000000 0.000000 0.000000 0.282585 0.586029 1.219822 2.144638 3.464868 5.440027 8.533654 13.490267 21.221268 32.770687 49.865517 75.552208 114.208763 170.535553 248.724304 353.990021 494.990356 684.911499 939.332764 1276.538208 1717.747803 2287.758301 3014.594727 3926.934814 5047.895996 6408.758789 8051.038086 10004.129883 12271.102539 14727.010742 17326.728516 19886.603516 22540.296875 24982.476562 26982.886719 28156.689453 28394.371094 27900.605469 26176.953125 24098.806641 21659.255859 18707.337891 15040.043945 11720.537109 7926.916992 5221.242676 1716.828003
0.000000 0.000000 0.000000 0.000000 0.370357 0.596423 1.031725 1.923733 3.307518 5.302210 8.660011 14.636114 24.337128 38.943455 60.633678 93.019783 140.829254 209.328369 304.406921 434.162811 610.446594 848.650757 1166.166260 1584.187622 2127.767822 2829.260742 3723.583740 4840.601562 6205.719238 7848.511719 9800.856445 12076.140625 14577.016602 17284.980469 19984.603516 22685.634766 25260.115234 27417.943359 28862.742188 29371.261719 29122.785156 27529.117188 25516.273438 23145.746094 20151.408203 16369.835938 12952.915039 8825.442383 5830.645996 2011.578979
0.000000 0.000000 0.000000 0.000000 0.000000 0.286365 0.545079 1.034320 2.002272 3.636305 6.217882 10.560906 18.185041 30.889158 50.024063 77.449745 116.999489 174.718216 258.631683 377.832489 543.023865 767.036194 1066.586426 1463.029785 1982.322266 2655.452637 3521.285400 4620.519043 5982.806152 7627.362305 9578.249023 11832.791992 14350.157227 17118.400391 19938.355469 22760.806641 25450.716797 27732.259766 29344.521484 30122.587891 30279.685547 28805.070312 26848.320312 24594.488281 21563.451172 17708.169922 14208.469727 9774.712891 6484.451172 2344.183838
0.000000 0.000000 0.000000 0.000000 0.000000 0.000000 0.266127 0.551852 1.160106 2.413034 4.526999 7.927274 13.761541 23.945011 40.183517 63.937332 98.031090 147.670044 220.549698 326.795532 477.870087 686.376892 968.032898 1344.703247 1843.471924 2492.827393 3328.200439 4391.627441 5728.424316 7368.298340 9321.166016 11557.880859 14052.787109 16825.056641 19718.320312 22642.792969 25447.869141 27887.390625 29645.701172 30644.421875 31059.683594 29987.191406 28110.542969 25989.898438 22930.474609 19037.089844 15485.136719 10779.666992 7174.957031 2713.033691
0.000000 0.000000 0.000000 0.000000 0.000000 0.000000 0.000000 0.354925 0.749923 1.594492 3.296618 6.186799 10.868428 18.620739 31.297215 51.127136 80.885040 124.908318 189.955124 284.515808 419.113159 607.838379 868.398193 1222.558960 1698.449707 2325.479736 3134.105225 4164.094238 5456.710938 7056.929688 8992.803711 11201.199219 13678.337891 16422.296875 19306.181641 22310.970703 25200.144531 27832.988281 29673.091797 30915.240234 31571.746094 30847.384766 29184.113281 27272.822266 24210.773438 20315.273438 16753.652344 11822.362305 7894.435547 3108.769287
0.000000 0.000000 0.000000 0.000000 0.000000 0.000000 0.000000 0.251434 0.529257 1.097440 2.334365 4.669363 8.429645 14.351830 24.029987 39.896034 65.466408 104.990967 163.201065 246.839737 366.510193 536.260742 773.926086 1102.038696 1548.214966 2144.482422 2921.888672 3916.853027 5165.984863 6709.539551 8587.045898 10752.097656 13205.716797 15884.288086 18737.343750 21747.636719 24702.050781 27473.722656 29431.103516 30833.972656 31709.789062 31441.695312 29982.527344 28335.544922 25383.091797 21519.416016 17972.736328 12893.693359 8643.538086 3551.446777
0.000000 0.000000 0.000000 0.000000 0.000000 0.000000 0.000000 0.000000 0.348551 0.715989 1.469235 3.112613 6.143162 10.874755 18.488153 31.327030 52.441017 85.771904 136.560074 211.025406 318.267090 470.951355 686.478760 987.177490 1399.315552 1953.771240 2687.523193 3637.475098 4837.065918 6311.527344 8101.465332 10178.802734 12571.057617 15199.798828 18021.402344 20972.236328 23937.921875 26768.427734 28902.179688 30451.970703 31532.908203 31543.394531 30564.820312 29129.017578 26413.443359 22624.710938 19138.748047 13974.381836 9417.276367 4030.074219
0.000000 0.000000 0.000000 0.000000 0.000000 0.000000 0.000000 0.000000 0.000000 0.512243 1.048049 2.051100 4.120707 8.072093 14.693647 25.214514 42.015270 69.086395 111.305580 175.085815 269.733032 407.010162 602.039124 874.905029 1250.927124 1760.661987 2435.380615 3317.343750 4447.129883 5854.836426 7549.073242 9528.096680 11823.745117 14354.770508 17135.228516 20015.152344 22918.798828 25733.318359 27987.300781 29767.558594 30995.333984 31350.134766 30640.457031 29661.744141 27221.857422 23594.150391 20166.234375 15024.811523 10204.154297 4539.594727
0.000000 0.000000 0.000000 0.000000 0.000000 0.000000 0.000000 0.000000 0.000000 0.293254 0.729139 1.590873 2.974854 5.600826 10.814487 19.703016 33.756695 55.528431 89.651634 142.454941 222.654434 341.692352 514.222107 758.513184 1097.675049 1561.243652 2177.607178 2983.053467 4023.260986 5338.321289 6933.182129 8803.283203 10972.817383 13380.490234 16054.079102 18861.777344 21702.113281 24442.162109 26800.304688 28710.705078 30130.587891 30834.308594 30384.705078 29767.433594 27809.109375 24393.199219 21095.347656 16024.072266 10994.161133 5097.229980
0.000000 0.000000 0.000000 0.000000 0.000000 0.000000 0.000000 0.000000 0.000000 0.000000 0.435202 1.028257 2.092508 4.022988 7.628231 13.990306 24.959078 42.988934 71.277184 114.964630 181.535004 280.705872 427.111145 638.488098 938.124878 1352.571289 1909.127930 2639.039307 3581.527344 4783.667480 6260.391602 8011.912109 10036.611328 12300.684570 14825.529297 17514.988281 20285.783203 22916.289062 25257.623047 27326.730469 28908.148438 29930.943359 29818.511719 29493.017578 28010.458984 24971.242188 21849.205078 16955.714844 11769.361328 5678.280762
0.000000 0.000000 0.000000 0.000000 0.000000 0.000000 0.000000 0.000000 0.000000 0.000000 0.213659 0.499619 1.154652 2.666144 5.228552 9.562028 17.520203 31.260263 53.639645 89.290268 144.459549 226.607956 347.817383 524.734436 779.806580 1138.892578 1629.656006 2283.209229 3131.846924 4211.048340 5549.247070 7163.877441 9028.512695 11144.104492 13486.800781 16032.708008 18663.726562 21188.447266 23521.050781 25671.757812 27385.468750 28646.816406 28975.140625 28884.556641 27923.464844 25273.087891 22425.083984 17795.820312 12517.039062 6277.539551
0.000000 0.000000 0.000000 0.000000 0.000000 0.000000 0.000000 0.000000 0.000000 0.000000 0.000000 0.239255 0.579848 1.390400 3.228900 6.420619 11.939105 21.475269 37.982918 65.100479 108.178207 175.386871 276.736298 422.905823 632.770630 931.493347 1350.789185 1922.104370 2675.812256 3641.179688 4831.982422 6280.297363 7974.811035 9924.489258 12102.865234 14457.066406 16910.154297 19307.140625 21611.619141 23787.152344 25583.779297 27033.533203 27778.257812 27990.599609 27431.363281 25272.818359 22806.707031 18489.597656 13223.965820 6903.315430
0.000000 0.000000 0.000000 0.000000 0.000000 0.000000 0.000000 0.000000 0.000000 0.000000 0.000000 0.000000 0.284183 0.688125 1.573159 3.514911 7.645220 14.769640 26.332832 45.524952 77.498100 128.439026 206.843338 326.152069 500.536896 745.629822 1092.450195 1573.429077 2222.887207 3069.849365 4124.099121 5403.015137 6909.163574 8684.396484 10676.547852 12821.549805 15079.309570 17327.644531 19603.755859 21771.312500 23588.052734 25171.982422 26305.925781 26784.291016 26678.701172 24981.126953 22887.728516 19033.083984 13876.737305 7515.818359
0.000000 0.000000 0.000000 0.000000 0.000000 0.000000 0.000000 0.000000 0.000000 0.000000 0.000000 0.000000 0.000000 0.297745 0.734478 1.735203 3.845686 8.256959 16.584911 30.859720 54.098034 90.722054 147.893600 236.770706 372.016693 574.430237 866.355347 1265.088623 1801.345825 2514.839844 3428.523438 4552.700195 5885.443359 7452.246582 9266.806641 11209.912109 13240.451172 15341.000977 17518.123047 19624.482422 21513.082031 23193.218750 24530.072266 25363.242188 25643.250000 24372.880859 22733.060547 19392.765625 14439.721680 8126.994141
0.000000 0.000000 0.000000 0.000000 0.000000 0.000000 0.000000 0.000000 0.000000 0.000000 0.000000 0.000000 0.000000 0.000000 0.314236 0.777939 1.936001 4.358236 8.996922 17.881178 33.813129 60.001923 102.233894 168.010941 267.913757 422.207001 653.521729 981.722107 1429.435181 2019.949463 2778.738525 3738.436279 4912.296875 6299.672363 7889.800293 9639.088867 11482.454102 13435.048828 15467.551758 17449.179688 19420.095703 21138.855469 22638.691406 23725.810547 24341.097656 23575.136719 22316.054688 19511.837891 14903.931641 8719.901367
0.000000 0.000000 0.000000 0.000000 0.000000 0.000000 0.000000 0.000000 0.000000 0.000000 0.000000 0.000000 0.000000 0.000000 0.000000 0.349874 0.863417 2.113503 5.147881 10.560148 19.729328 36.181011 65.027748 113.030930 189.638443 307.595673 481.667694 732.695679 1092.229370 1582.654663 2216.210449 3015.224121 4012.088135 5238.856934 6616.728027 8144.911133 9822.693359 11645.553711 13511.183594 15370.321289 17300.783203 19108.265625 20698.380859 21941.425781 22851.599609 22591.574219 21629.435547 19414.708984 15175.188477 9268.478516
0.000000 0.000000 0.000000 0.000000 0.000000 0.000000 0.000000 0.000000 0.000000 0.000000 0.000000 0.000000 0.000000 0.000000 0.000000 0.000000 0.396985 0.992209 2.368726 5.401769 11.186630 21.854801 40.900005 72.850082 125.535683 210.855560 343.797089 540.587524 818.052368 1198.796753 1715.959473 2393.119873 3237.978271 4253.476562 5447.906738 6801.395020 8305.558594 9940.709961 11658.321289 13427.933594 15251.227539 17043.677734 18724.115234 20055.570312 21173.078125 21354.859375 20754.939453 19129.464844 15359.410156 9779.868164
0.000000 0.000000 0.000000 0.000000 0.000000 0.000000 0.000000 0.000000 0.000000 0.000000 0.000000 0.000000 0.000000 0.000000 0.000000 0.000000 0.000000 0.424057 1.040711 2.494991 5.751980 12.080282 23.919441 45.152443 81.548271 141.413147 235.362320 377.973175 592.320251 899.066467 1312.623779 1852.484985 2556.090820 3412.082031 4397.153809 5575.965332 6889.499023 8316.580078 9856.715820 11510.109375 13224.645508 14936.083984 16600.255859 18053.064453 19269.757812 19875.472656 19723.568359 18559.939453 15294.117188 10212.060547
0.000000 0.000000 0.000000 0.000000 0.000000 0.000000 0.000000 0.000000 0.000000 0.000000 0.000000 0.000000 0.000000 0.000000 0.000000 0.000000 0.000000 0.000000 0.437547 1.070614 2.579113 6.028997 13.060096 26.480618 49.630379 89.184288 155.406464 262.557648 423.269012 652.247742 974.753357 1417.611694 1974.258667 2650.225098 3476.234863 4441.908203 5537.470215 6777.098633 8136.489746 9612.235352 11173.635742 12801.099609 14373.913086 15885.826172 17211.222656 18099.574219 18319.482422 17715.755859 14989.959961 10547.307617
0.000000 0.000000 0.000000 0.000000 0.000000 0.000000 0.000000 0.000000 0.000000 0.000000 0.000000 0.000000 0.000000 0.000000 0.000000 0.000000 0.000000 0.000000 0.000000 0.455897 1.093091 2.603020 6.182537 13.691351 27.675385 53.305420 99.910469 175.727402 291.546906 465.172791 711.506042 1041.438843 1467.449219 1994.520020 2643.768555 3401.894531 4296.739258 5340.277832 6499.177246 7774.985840 9154.276367 10647.679688 12129.230469 13579.811523 14917.404297 16027.664062 16593.220703 16532.105469 14400.345703 10669.685547
0.000000 0.000000 0.000000 0.000000 0.000000 0.000000 0.000000 0.000000 0.000000 0.000000 0.000000 0.000000 0.000000 0.000000 0.000000 0.000000 0.000000 0.000000 0.000000 0.211061 0.505981 1.209746 2.847536 6.527549 14.705849 30.900934 61.089069 113.318863 196.603058 320.339966 494.478149 729.474243 1035.703125 1427.207886 1900.743042 2483.301758 3172.068848 3988.805908 4959.809570 6032.388672 7194.782227 8492.798828 9858.197266 11253.021484 12565.676758 13764.703125 14554.501953 14964.088867 13500.517578 10540.430664
