tests/test_03/output1/DepositFile_____final.dat
NCOLS    50
NROWS    50
XLLCORNER    -2289770.000
YLLCORNER     2591270.000
CELLSIZE        2000.000       2000.000
NODATA_VALUE  0.000
[rows 0 to 34 of 50, columns 0 to 49 of 50]
13.109674 15.745190 19.101025 23.128263 27.939301 33.583122 40.182728 47.676022 55.991074 64.900375 74.056389 83.247429 92.034088 99.701935 105.675179 109.317062 110.269798 109.910553 108.481148 106.632324 104.749603 103.268806 102.194946 101.448608 100.962601 100.768959 100.487442 99.875488 98.891891 96.786545 93.667534 88.940285 82.611511 75.001030 66.144615 56.622669 45.697411 31.111147 18.179716 11.475060 3.211263 0.995602 0.374432 0.080509 0.017233 0.000000 0.000000 0.000000 0.000000 0.000000
12.597063 15.101094 18.366468 22.295488 26.973248 32.514065 38.988434 46.392826 54.586277 63.375977 72.435478 81.450966 90.103897 97.704735 103.419556 106.201378 106.098419 104.927002 102.417091 99.665939 97.476837 95.981400 95.227158 95.048584 95.374161 96.066475 96.981262 97.667419 97.945259 97.290649 95.392494 91.803123 86.110573 79.054306 70.291351 60.546185 49.230408 33.678894 19.735815 12.550568 3.590228 1.094396 0.414766 0.090315 0.019393 0.000000 0.000000 0.000000 0.000000 0.000000
13.238698 15.863770 19.339622 23.448328 28.394030 34.275276 41.130898 48.996368 57.747299 67.069321 76.621384 86.014038 94.938934 102.781013 108.471703 110.560425 108.948700 106.111748 102.005363 98.081543 95.085548 93.004402 91.939163 91.802284 92.313438 93.579231 95.173431 96.763725 97.899353 98.189476 97.179550 94.389679 89.496964 82.852036 74.337502 64.697639 53.134319 36.675373 21.611956 13.860340 4.047940 1.221767 0.469295 0.102839 0.022209 0.000000 0.000000 0.000000 0.000000 0.000000
13.427900 16.102859 19.626118 23.863888 28.973675 34.958359 42.025505 50.157986 59.256805 68.927155 78.720573 88.247086 97.153625 104.823631 110.150749 111.096405 107.529274 102.939362 96.601357 91.575821 87.717834 84.983795 83.758453 83.852608 85.054893 87.038345 89.468300 92.129326 94.549202 96.054863 96.350983 94.616364 90.695930 84.857819 76.921799 67.544930 56.018646 39.038681 23.121655 14.975639 4.364336 1.325799 0.513968 0.113347 0.024831 0.000000 0.000000 0.000000 0.000000 0.000000
13.662937 16.365744 19.933075 24.274071 29.443174 35.621799 42.912460 51.215786 60.566990 70.535538 80.661613 90.120659 98.956337 106.245056 111.102325 110.922577 105.082436 97.829163 89.510796 83.009628 78.202789 75.033607 73.674324 74.044815 75.734306 78.359909 81.614128 85.295006 88.867752 91.794624 93.376434 93.002769 90.212997 85.357399 78.099945 69.264931 57.954472 40.727070 24.238375 15.891284 4.617150 1.410642 0.550927 0.122140 0.027295 0.000000 0.000000 0.000000 0.000000 0.000000
13.743979 16.435425 20.100481 24.499027 29.718826 36.001236 43.340885 51.881561 61.473377 71.717476 81.914696 91.377075 99.967506 106.915878 111.055939 109.731461 101.120331 91.358078 80.741364 72.590584 66.602943 63.117111 61.792568 62.336666 64.420120 67.684425 71.885468 76.653786 81.313637 85.563652 88.549385 89.536346 88.073944 84.350586 77.999481 69.901031 58.951389 41.755730 24.937429 16.520765 4.759509 1.476609 0.582996 0.130009 0.029295 0.000000 0.000000 0.000000 0.000000 0.000000
13.842294 16.547102 20.188078 24.560827 29.899080 36.240723 43.660610 52.244125 61.920006 72.367203 82.768227 92.299286 100.571632 107.131447 110.900795 108.436157 96.666931 83.633110 71.159050 60.782913 54.309433 51.076939 49.886013 50.618122 53.053997 56.802326 61.561047 67.074646 72.827911 78.234764 82.466087 84.750252 84.624542 82.187531 76.837364 69.614990 59.137421 42.136444 25.217247 16.906202 4.801865 1.519751 0.607022 0.136091 0.030883 0.000000 0.000000 0.000000 0.000000 0.000000
13.897177 16.602819 20.279293 24.743902 30.068459 36.374252 43.864414 52.597206 62.389175 72.933662 83.408852 92.894646 100.990097 107.036827 110.464554 107.238655 92.553123 75.947083 61.649757 48.702354 42.773209 39.593636 38.591457 39.651955 42.393810 46.505718 51.686428 57.782024 64.264931 70.499512 75.871292 79.252541 80.340416 79.145485 74.870087 68.564453 58.547657 42.025528 25.165916 17.023224 4.740765 1.538031 0.619791 0.140157 0.032154 0.000000 0.000000 0.000000 0.000000 0.000000
13.955001 16.664778 20.355564 24.795305 30.148796 36.542480 44.150661 52.802410 62.614891 73.247574 83.943657 93.350883 101.254478 106.862534 109.969292 106.473160 89.060425 69.440155 52.881523 37.981567 32.392868 29.913036 29.446865 30.753250 33.692066 37.974060 43.423431 49.751621 56.614704 63.504341 69.488922 73.745819 75.821167 75.664429 72.365723 66.934662 57.406872 41.484810 24.852900 16.931892 4.621811 1.534359 0.622572 0.141900 0.032985 0.000000 0.000000 0.000000 0.000000 0.000000
13.934667 16.657459 20.348139 24.845535 30.229137 36.658360 44.221813 52.999844 63.003849 73.720322 84.344536 94.012360 101.626404 106.930267 109.538963 105.991531 86.807137 64.526993 45.453484 29.439066 24.477606 22.680477 22.844091 24.509161 27.574837 31.863989 37.263634 43.610718 50.561081 57.579422 63.974327 68.696838 71.496475 72.122101 69.638817 65.002266 55.913597 40.597252 24.375113 16.734491 4.460537 1.516236 0.618171 0.141805 0.033318 0.000000 0.000000 0.000000 0.000000 0.000000
13.886377 16.594862 20.315834 24.765978 30.174919 36.685028 44.313286 53.274406 63.258278 74.077011 85.114128 94.673157 102.302368 107.422592 109.733780 105.983429 85.679047 60.418262 39.890999 23.089926 18.683929 17.700644 18.533188 20.609457 23.827766 28.107168 33.346016 39.463112 46.209476 53.144577 59.510624 64.420547 67.637711 68.746094 66.929245 62.906467 54.224087 39.521297 23.775913 16.440577 4.278106 1.490399 0.610496 0.140771 0.033318 0.000000 0.000000 0.000000 0.000000 0.000000
13.780614 16.484358 20.158287 24.620924 30.059975 36.496151 44.174427 53.133011 63.299866 74.517677 85.605553 95.401497 103.131302 107.945457 109.867973 106.428207 84.789474 57.916779 35.762455 18.501692 14.823074 14.460386 15.840482 18.296749 21.660408 25.918890 31.024652 36.912907 43.403721 50.074833 56.236935 61.048717 64.330124 65.670471 64.319206 60.741112 52.474422 38.353317 23.109758 16.084267 4.096395 1.458140 0.600051 0.139103 0.033068 0.000000 0.000000 0.000000 0.000000 0.000000
13.645936 16.342936 19.999949 24.492268 29.826803 36.300247 44.023483 53.011749 63.374081 74.662300 86.268524 96.659782 104.475098 109.340500 111.145607 107.397522 84.533699 56.462975 32.901787 15.661155 12.433204 12.509821 14.279079 16.974403 20.421349 24.619869 29.568756 35.225182 41.433781 47.817066 53.690014 58.318111 61.502945 62.962830 61.830082 58.555485 50.667915 37.087242 22.398434 15.649906 3.941381 1.422734 0.587447 0.136506 0.032649 0.000000 0.000000 0.000000 0.000000 0.000000
13.497020 16.149588 19.831984 24.218063 29.594423 36.094555 43.773785 52.833660 63.227222 74.820351 86.926155 98.013039 106.385490 111.897255 113.590446 110.256859 86.289948 55.643600 31.465416 13.881048 11.148691 11.448423 13.387300 16.151426 19.573818 23.667599 28.450588 33.889023 39.834278 45.924419 51.504078 55.920353 59.009087 60.468529 59.426208 56.339722 48.782066 35.753174 21.625059 15.139600 3.791070 1.381461 0.571658 0.133521 0.032068 0.000000 0.000000 0.000000 0.000000 0.000000
13.278336 15.946558 19.528006 23.935801 29.313143 35.754589 43.492641 52.614960 63.210018 75.045395 87.531921 99.476418 108.793388 115.011520 117.317223 114.978035 90.458221 56.626465 31.977074 12.607122 10.474883 10.781290 12.753905 15.481879 18.813326 22.768385 27.369984 32.585979 38.267456 44.058708 49.343609 53.549702 56.542343 57.934044 56.952690 53.943932 46.756489 34.344727 20.750351 14.553460 3.670005 1.334976 0.553718 0.129821 0.031326 0.000000 0.000000 0.000000 0.000000 0.000000
13.007969 15.605914 19.182598 23.570671 28.877436 35.336617 43.108841 52.380772 63.154884 75.343330 88.413048 101.206940 111.598969 118.703514 121.756760 121.067764 98.302879 59.588196 33.303337 12.308587 10.054564 10.241489 12.154795 14.788950 17.992174 21.785143 26.189436 31.167711 36.566101 42.032459 47.010033 50.993557 53.852806 55.139244 54.179588 51.226944 44.467663 32.756615 19.778671 13.847638 3.576781 1.283211 0.532879 0.125168 0.030371 0.000000 0.000000 0.000000 0.000000 0.000000
12.617902 15.171105 18.690695 22.972067 28.239735 34.670437 42.508369 51.897617 62.983109 75.728226 89.754364 103.944504 116.011490 124.112411 128.228531 128.227005 111.684700 65.907654 36.141182 12.008455 9.701975 9.683253 11.481748 13.989574 17.039236 20.648603 24.835154 29.556656 34.655521 39.781624 44.452789 48.212139 50.896450 52.074177 51.103039 48.178200 41.877522 30.919720 18.692265 12.999618 3.491197 1.222799 0.507791 0.119452 0.029278 0.000000 0.000000 0.000000 0.000000 0.000000
12.024458 14.488767 17.865673 22.043724 27.166668 33.490520 41.232140 50.646378 62.005505 75.443573 90.766693 107.006157 122.221817 132.717041 138.376053 138.121948 130.905060 80.772690 44.942245 12.609101 9.551955 9.100595 10.725567 13.077070 15.945015 19.339149 23.272577 27.699383 32.460243 37.211281 41.563129 45.086193 47.607044 48.668877 47.683903 44.797413 38.980381 28.884039 17.483019 12.061636 3.384477 1.152997 0.478772 0.113207 0.027994 0.000000 0.000000 0.000000 0.000000 0.000000
11.233238 13.533145 16.738779 20.669001 25.557396 31.593517 39.000267 48.184498 59.416153 73.100281 89.395149 107.961525 127.475662 144.308029 154.585419 157.217255 151.029327 111.459671 60.829914 15.882025 9.863927 8.508002 9.887485 12.053298 14.714782 17.866304 21.515759 25.614113 30.002317 34.347023 38.346085 41.598866 43.925945 44.839077 43.858395 41.062435 35.810070 26.687328 16.191050 11.060359 3.239472 1.073714 0.446809 0.106675 0.026535 0.000000 0.000000 0.000000 0.000000 0.000000
10.509916 12.643434 15.568494 19.208141 23.687908 29.234921 36.094532 44.589813 55.147137 68.213371 84.157181 103.552124 126.060020 150.082886 170.744095 182.294403 182.347916 165.728683 89.362129 33.813343 11.554101 8.216394 9.007161 10.933558 13.363449 16.246061 19.582382 23.321154 27.306013 31.229954 34.852043 37.826714 39.938324 40.685524 39.700348 37.043648 32.325676 24.293531 14.880865 10.014771 3.077621 0.988653 0.412741 0.100007 0.024915 0.000000 0.000000 0.000000 0.000000 0.000000
9.666929 11.690947 14.494749 17.924423 22.167439 27.326544 33.671932 41.492908 51.119099 62.944027 77.625015 95.633766 117.634331 144.209274 173.522766 200.629028 216.441986 216.281845 174.524353 85.875366 17.193758 9.992569 8.212541 9.743106 11.913652 14.504203 17.501379 20.852486 24.405701 27.900049 31.123306 33.810036 35.688198 36.260628 35.302078 32.843243 28.651752 21.715561 13.500522 8.918016 2.914503 0.899013 0.376565 0.092767 0.023113 0.000000 0.000000 0.000000 0.000000 0.000000
8.081390 9.988521 12.600305 15.835408 19.817749 24.767910 30.914421 38.482864 47.767883 59.087284 72.893425 89.835014 110.636177 135.815399 166.059647 201.031921 236.565155 260.306915 260.666962 199.767975 84.750038 16.539867 8.409897 8.560479 10.400487 12.679447 15.318497 18.262232 21.367212 24.422535 27.239384 29.627090 31.238972 31.674589 30.767668 28.544210 24.896488 19.028185 12.037088 7.780713 2.723769 0.804337 0.338459 0.085172 0.021244 0.000000 0.000000 0.000000 0.000000 0.000000
4.670324 6.253983 8.420902 11.192224 14.712512 19.160839 24.811985 31.889708 40.664379 51.709930 65.241119 81.857635 102.401581 127.420403 158.104477 195.179810 239.583084 288.031036 331.503326 347.767700 324.076172 139.256332 20.953569 8.975990 8.959693 10.819499 13.086000 15.611364 18.259911 20.873430 23.289944 25.362843 26.703556 27.033800 26.202606 24.246210 21.138790 16.307968 10.499315 6.648028 2.489380 0.706136 0.298469 0.077185 0.019236 0.000000 0.000000 0.000000 0.000000 0.000000
1.054756 1.547172 2.291447 3.390785 4.993316 7.319087 10.563169 15.005716 21.112867 29.462282 40.611740 55.518597 74.787552 99.266495 130.135086 168.537674 216.789215 276.232025 345.797913 423.280060 492.818573 521.319885 447.090363 191.646698 30.045321 11.941781 10.873343 12.981613 15.178923 17.358051 19.388117 21.130108 22.221689 22.455978 21.714727 20.039576 17.452101 13.620599 8.957341 5.545572 2.231883 0.612571 0.256979 0.068551 0.017110 0.000000 0.000000 0.000000 0.000000 0.000000
0.112337 0.165879 0.249325 0.376353 0.570727 0.868054 1.323336 2.019937 3.096037 4.750625 7.285876 11.196830 17.243681 26.488157 40.471241 61.217300 91.257233 133.404373 193.980606 280.193542 394.130035 537.905518 698.587952 846.424438 952.870972 176.576370 8.752029 10.458106 12.228225 13.993989 15.656873 17.057936 17.922335 18.079735 17.440638 16.042173 13.958220 11.030384 7.456811 4.507695 1.963339 0.529566 0.216016 0.059627 0.014876 0.000000 0.000000 0.000000 0.000000 0.000000
0.014172 0.017856 0.023000 0.029590 0.038027 0.048819 0.062608 0.080208 0.102662 0.131274 0.167716 0.214080 0.273018 0.347895 0.442911 0.563371 0.715870 0.908643 1.151876 1.457934 1.841711 2.320603 2.914139 3.642835 4.525196 5.572599 6.779869 8.110092 9.491243 10.878652 12.198658 13.283962 13.940133 14.039378 13.503382 12.395106 10.779103 8.621829 6.008438 3.561133 1.685707 0.454419 0.177001 0.050737 0.012631 0.000000 0.000000 0.000000 0.000000 0.000000
0.000000 0.010909 0.014222 0.018510 0.024054 0.031213 0.040442 0.052330 0.067625 0.087277 0.112497 0.144829 0.186237 0.239197 0.306872 0.393217 0.503217 0.643138 0.820694 1.045393 1.328636 1.683829 2.126055 2.670945 3.332547 4.118723 5.023572 6.015913 7.053026 8.102169 9.099442 9.903200 10.377246 10.424572 10.003033 9.167525 7.985593 6.470272 4.641934 2.762613 1.394313 0.385836 0.140731 0.042038 0.010438 0.000000 0.000000 0.000000 0.000000 0.000000
0.000000 0.000000 0.000000 0.010347 0.013643 0.017954 0.023585 0.030928 0.040484 0.052906 0.069025 0.089909 0.116925 0.151822 0.196823 0.254759 0.329214 0.424691 0.546815 0.702497 0.900086 1.149445 1.461621 1.848155 2.319150 2.879925 3.524763 4.228756 4.972208 5.728808 6.433103 6.992105 7.308075 7.314716 7.002450 6.419515 5.609962 4.606734 3.416961 2.109356 1.100316 0.331734 0.109009 0.034066 0.000000 0.000000 0.000000 0.000000 0.000000 0.000000
0.000000 0.000000 0.000000 0.000000 0.000000 0.000000 0.012117 0.016152 0.021485 0.028522 0.037785 0.049959 0.065920 0.086810 0.114091 0.149647 0.195877 0.255829 0.333335 0.433145 0.561048 0.723874 0.929321 1.185366 1.498944 1.873431 2.304045 2.776035 3.278712 3.789205 4.253915 4.607244 4.787067 4.767846 4.560994 4.186875 3.678926 3.071170 2.352998 1.552096 0.817948 0.286037 0.082620 0.026544 0.000000 0.000000 0.000000 0.000000 0.000000 0.000000
0.000000 0.000000 0.000000 0.000000 0.000000 0.000000 0.000000 0.000000 0.000000 0.013316 0.017961 0.024171 0.032457 0.043489 0.058134 0.077529 0.103133 0.136827 0.181006 0.238671 0.313503 0.409910 0.532848 0.687461 0.878175 1.106882 1.369949 1.661708 1.974907 2.288067 2.563118 2.756321 2.843412 2.819203 2.689234 2.477309 2.187832 1.846217 1.459865 1.022481 0.573249 0.228480 0.059630 0.019363 0.000000 0.000000 0.000000 0.000000 0.000000 0.000000
0.000000 0.000000 0.000000 0.000000 0.000000 0.000000 0.000000 0.000000 0.000000 0.000000 0.000000 0.010025 0.013716 0.018723 0.025499 0.034636 0.046918 0.063371 0.085300 0.114394 0.152739 0.202853 0.267643 0.350108 0.452800 0.576648 0.719410 0.879753 1.052910 1.218579 1.352703 1.438169 1.469874 1.445297 1.369266 1.253575 1.099694 0.925509 0.738744 0.541010 0.336134 0.149070 0.039733 0.012324 0.000000 0.000000 0.000000 0.000000 0.000000 0.000000
0.000000 0.000000 0.000000 0.000000 0.000000 0.000000 0.000000 0.000000 0.000000 0.000000 0.000000 0.000000 0.000000 0.000000 0.000000 0.013122 0.018120 0.024943 0.034204 0.046695 0.063418 0.085600 0.114682 0.152204 0.199434 0.256743 0.323245 0.398178 0.477333 0.545295 0.593737 0.617859 0.617747 0.593210 0.545698 0.481194 0.403417 0.324154 0.247908 0.173338 0.105042 0.048090 0.014570 0.000000 0.000000 0.000000 0.000000 0.000000 0.000000 0.000000
0.000000 0.000000 0.000000 0.000000 0.000000 0.000000 0.000000 0.000000 0.000000 0.000000 0.000000 0.000000 0.000000 0.000000 0.000000 0.000000 0.000000 0.000000 0.011478 0.015923 0.021956 0.030061 0.040806 0.054813 0.072636 0.094418 0.120008 0.148609 0.175175 0.194312 0.203957 0.202712 0.190454 0.170301 0.144317 0.116787 0.090227 0.066254 0.044235 0.025855 0.012807 0.000000 0.000000 0.000000 0.000000 0.000000 0.000000 0.000000 0.000000 0.000000
0.000000 0.000000 0.000000 0.000000 0.000000 0.000000 0.000000 0.000000 0.000000 0.000000 0.000000 0.000000 0.000000 0.000000 0.000000 0.000000 0.000000 0.000000 0.000000 0.000000 0.000000 0.000000 0.012023 0.016168 0.021411 0.027818 0.035324 0.042828 0.048363 0.051031 0.049091 0.044009 0.037651 0.030381 0.022954 0.017338 0.012636 0.000000 0.000000 0.000000 0.000000 0.000000 0.000000 0.000000 0.000000 0.000000 0.000000 0.000000 0.000000 0.000000
0.000000 0.000000 0.000000 0.000000 0.000000 0.000000 0.000000 0.000000 0.000000 0.000000 0.000000 0.000000 0.000000 0.000000 0.000000 0.000000 0.000000 0.000000 0.000000 0.000000 0.000000 0.000000 0.000000 0.000000 0.000000 0.000000 0.000000 0.000000 0.000000 0.000000 0.000000 0.000000 0.000000 0.000000 0.000000 0.000000 0.000000 0.000000 0.000000 0.000000 0.000000 0.000000 0.000000 0.000000 0.000000 0.000000 0.000000 0.000000 0.000000 0.000000
