tests/test_03/output1/DepositFile_010.00hrs.dat
NCOLS    50
NROWS    50
XLLCORNER    -2289770.000
YLLCORNER     2591270.000
CELLSIZE        2000.000       2000.000
NODATA_VALUE -9999.
[rows 0 to 34 of 50, columns 0 to 49 of 50]
12.496129 15.057199 18.317890 22.235628 26.920746 32.419754 38.852745 46.154171 54.248093 62.902485 71.764824 80.617928 89.016411 96.239227 101.703239 104.764046 105.055664 103.946205 101.668327 98.864906 95.915527 93.251572 90.875587 88.710518 86.700348 84.901039 82.974289 80.743080 78.267494 74.956390 71.156654 66.535255 61.094692 54.990185 48.145226 40.756908 33.027256 23.229448 13.685893 8.796104 2.734095 0.834792 0.320604 0.071243 0.015435 0.002719 0.000336 0.000032 0.000002 0.000000
12.177918 14.622046 17.809822 21.648064 26.219542 31.635830 37.964226 45.197529 53.190620 61.746029 70.532074 79.229019 87.511673 94.683052 99.901329 102.110992 101.350525 99.425835 96.057159 92.333076 89.048424 86.326363 84.208900 82.532806 81.239433 80.215744 79.357452 78.280182 76.912994 74.900742 72.184959 68.594002 63.726654 58.128067 51.395447 43.809521 35.804485 25.260899 14.927280 9.656718 3.069852 0.919268 0.355736 0.080117 0.017405 0.003083 0.000386 0.000037 0.000002 0.000000
12.886399 15.456719 18.861103 22.885448 27.731476 33.494881 40.211185 47.912113 56.469048 65.562820 74.846931 83.925682 92.483635 99.897934 105.091591 106.604637 104.328003 100.725868 95.743622 90.823364 86.699539 83.348335 80.864212 79.161072 77.969666 77.419121 77.122673 76.815094 76.156975 74.932487 72.954208 70.043221 65.908203 60.662193 54.197227 46.756275 38.650211 27.499510 16.367033 10.657033 3.460530 1.025961 0.402736 0.091310 0.019951 0.003559 0.000450 0.000043 0.000002 0.000000
13.153751 15.780451 19.239933 23.401423 28.419918 34.295372 41.231964 49.208748 58.122391 67.573135 77.106796 86.326714 94.872353 102.118988 106.951157 107.319855 103.082253 97.716667 90.486343 84.439987 79.419197 75.367241 72.660950 71.111275 70.516502 70.570923 70.978928 71.593231 72.055809 71.875458 71.038483 69.056450 65.821007 61.321056 55.442284 48.312187 40.395874 29.042988 17.405581 11.432217 3.700565 1.106902 0.438968 0.100318 0.022268 0.004011 0.000511 0.000049 0.000003 0.000000
13.428896 16.087711 19.596424 23.866697 28.950495 35.026310 42.193314 50.348267 59.521877 69.278389 79.151909 88.310936 96.791489 103.661339 108.026062 107.268829 100.754021 92.716255 83.490402 75.944122 69.938942 65.404312 62.503189 61.153095 60.950661 61.533813 62.634644 64.120216 65.571518 66.638893 66.916183 66.160027 63.974075 60.404007 55.202824 48.666935 41.119862 29.852463 18.018248 11.978194 3.868178 1.166252 0.466563 0.107439 0.024391 0.004440 0.000571 0.000056 0.000003 0.000000
13.543529 16.194845 19.805874 24.138622 29.278496 35.464035 42.686474 51.085651 60.507023 70.546242 80.497871 89.666946 97.908333 104.442535 108.092728 106.190704 96.901016 86.344849 74.803650 65.581680 58.359703 53.460861 50.532501 49.276806 49.370079 50.474152 52.386101 54.808216 57.182510 59.399834 60.908260 61.371964 60.413956 57.925629 53.628128 47.879372 40.846745 29.950317 18.183380 12.208775 3.917606 1.204350 0.488315 0.113457 0.026012 0.004796 0.000625 0.000061 0.000003 0.000000
13.657819 16.325054 19.915239 24.225864 29.488295 35.737606 43.045300 51.492706 61.003750 71.251862 81.413223 90.656731 98.585136 104.734871 108.016777 104.974327 92.522278 78.684715 65.269424 53.797234 46.055046 41.363869 38.509609 37.365284 37.714153 39.184498 41.517403 44.532852 47.838116 51.044514 53.632401 55.255554 55.519699 54.253700 50.960747 46.130928 39.718857 29.357628 17.905190 12.168331 3.860031 1.217294 0.501015 0.117497 0.027181 0.005078 0.000670 0.000066 0.000004 0.000000
13.723158 16.393141 20.021343 24.426786 29.678911 35.896156 43.278233 51.879353 61.511356 71.862022 82.102974 91.306450 99.062660 104.702934 107.645012 103.840347 88.467232 71.047684 55.792881 41.725266 34.493931 29.811329 27.088287 26.198555 26.760162 28.479055 31.097589 34.541794 38.413681 42.282967 45.852821 48.448647 49.809067 49.706036 47.485012 43.603462 37.792171 28.241579 17.279398 11.837278 3.692608 1.203374 0.501442 0.119292 0.027991 0.005292 0.000706 0.000070 0.000004 0.000000
13.787468 16.462885 20.107170 24.489855 29.773384 36.081379 43.584747 52.108562 61.765266 72.208649 82.675148 91.804550 99.372818 104.577248 107.199448 103.123253 85.018524 64.576118 47.045612 31.003582 24.081675 20.056810 17.815266 17.102509 17.774933 19.557426 22.316040 25.844240 29.934481 34.294853 38.321716 41.677376 43.912453 44.759365 43.506725 40.510551 35.311832 26.680283 16.384695 11.282928 3.462300 1.166038 0.491108 0.118469 0.028318 0.005427 0.000731 0.000073 0.000004 0.000000
13.772460 16.461924 20.107492 24.549501 29.865137 36.211044 43.672497 52.325855 62.177700 72.708755 83.107445 92.501465 99.783737 104.686539 106.811829 102.683701 82.804222 59.695442 39.638809 22.464296 16.142483 12.762173 11.100017 10.682283 11.403104 13.096948 15.689714 19.099598 23.124443 27.455225 31.741011 35.452576 38.305347 39.840027 39.382835 37.172375 32.499428 24.767344 15.328030 10.616076 3.189192 1.113416 0.473082 0.115558 0.028110 0.005453 0.000743 0.000075 0.000004 0.000000
13.729405 16.405565 20.082748 24.479074 29.821909 36.250896 43.779758 52.619171 62.454136 73.090965 83.906258 93.195244 100.496246 105.218422 107.048325 102.718163 81.717888 55.625107 34.107304 16.132881 10.345612 7.748418 6.712254 6.649168 7.452214 9.051292 11.381952 14.443474 18.129736 22.233536 26.350657 30.143501 33.307632 35.236023 35.412415 33.781620 29.546448 22.673079 14.164547 9.856030 2.897121 1.052860 0.451511 0.111538 0.027540 0.005413 0.000744 0.000075 0.000004 0.000000
13.628992 16.301453 19.933016 24.343555 29.718571 36.076096 43.657825 52.497940 62.519531 73.559410 84.429657 93.959892 101.365868 105.786247 107.231255 103.214485 80.881317 53.176132 30.027948 11.586347 6.513116 4.515415 3.995867 4.269651 5.160494 6.666790 8.779512 11.513751 14.833891 18.552788 22.344810 25.936914 29.056763 31.131536 31.728798 30.493668 26.646221 20.534796 12.965090 9.047301 2.607631 0.986315 0.427182 0.106785 0.026698 0.005309 0.000735 0.000075 0.000004 0.000000
13.499998 16.166782 19.782858 24.224829 29.497440 35.894730 43.524361 52.397640 62.618820 73.733864 85.127853 95.259445 102.757713 107.236786 108.572227 104.254791 80.703224 51.805134 27.252964 8.831262 4.204144 2.635475 2.487261 2.972220 3.906348 5.299422 7.189597 9.616706 12.570434 15.907392 19.312019 22.623869 25.538097 27.638504 28.388405 27.397017 23.848927 18.373520 11.770205 8.184043 2.338183 0.917502 0.400980 0.101133 0.025677 0.005163 0.000720 0.000074 0.000004 0.000000
13.358033 15.981629 19.624722 23.962399 29.279146 35.705887 43.294788 52.243553 62.500546 73.925934 85.825897 96.660484 104.724289 109.859367 111.093826 107.202896 82.560707 51.099190 25.941530 7.186559 3.063792 1.724000 1.746456 2.294659 3.189783 4.452616 6.139731 8.302490 10.940009 13.924216 16.966999 19.975170 22.682039 24.675360 25.411245 24.531490 21.173470 16.267385 10.586543 7.283895 2.057060 0.843961 0.372074 0.095261 0.024500 0.004968 0.000698 0.000072 0.000004 0.000000
13.147850 15.788650 19.332844 23.694679 29.015324 35.386845 43.038689 52.054756 62.518959 74.193329 86.481934 98.183395 107.202377 113.055946 114.916710 112.035782 86.858032 52.229939 26.620775 6.100358 2.597863 1.284295 1.358731 1.886948 2.704185 3.836548 5.343803 7.277726 9.637754 12.305252 15.025822 17.748734 20.248823 22.064617 22.730257 21.814720 18.635008 14.243835 9.393517 6.377674 1.781348 0.767053 0.341844 0.088925 0.023183 0.004736 0.000671 0.000070 0.000004 0.000000
12.886970 15.459301 19.001146 23.346178 28.599768 34.993267 42.684376 51.856178 62.506737 74.542831 87.424873 99.987839 110.096039 116.852348 119.479263 118.269676 94.870895 55.386921 28.172377 6.059828 2.470030 1.072687 1.124294 1.595694 2.322381 3.330723 4.677804 6.407780 8.514355 10.882545 13.311018 15.765368 18.032713 19.652433 20.200174 19.194330 16.181885 12.267451 8.218286 5.448409 1.513271 0.688610 0.310072 0.081940 0.021694 0.004481 0.000641 0.000067 0.000004 0.000000
12.507326 15.036909 18.524321 22.765871 27.984255 34.353977 42.116489 51.412472 62.382694 74.985420 88.835823 102.809334 114.609566 122.382446 126.095863 125.601189 108.456825 61.947392 31.293510 6.090603 2.501022 0.955233 0.953177 1.362713 2.003227 2.898149 4.099993 5.645785 7.520036 9.603527 11.766475 13.957164 15.966666 17.397739 17.769819 16.633003 13.827336 10.368180 7.061493 4.513820 1.256690 0.607333 0.276430 0.074197 0.020121 0.004202 0.000608 0.000064 0.000004 0.000000
11.925174 14.368056 17.715721 21.857510 26.935493 33.203609 40.876144 50.204800 61.457935 74.764809 89.925636 105.964561 120.932762 131.122971 136.406586 135.691589 127.910408 77.089600 40.422779 7.078388 2.805634 0.903626 0.813387 1.160693 1.721650 2.510813 3.576144 4.949494 6.608553 8.427248 10.346830 12.278288 14.040295 15.251650 15.420382 14.145996 11.582928 8.592159 5.902301 3.610183 1.019703 0.524583 0.241202 0.066201 0.018423 0.003887 0.000570 0.000061 0.000004 0.000000
11.145832 13.426657 16.606194 20.503986 25.352079 31.338133 38.682693 47.789711 58.925537 72.490799 88.638306 107.022133 126.310379 142.863693 152.796906 155.005020 148.296814 108.090347 56.684368 10.795033 3.642019 0.928198 0.698201 0.978730 1.464852 2.154598 3.088415 4.293248 5.744350 7.316438 9.004097 10.687195 12.209597 13.181667 13.136294 11.759425 9.496318 6.938564 4.791367 2.769036 0.806047 0.441553 0.205131 0.057920 0.016622 0.003550 0.000529 0.000057 0.000003 0.000000
10.434703 12.551576 15.453827 19.065056 23.509422 29.012348 35.817066 44.244034 54.716370 67.676918 83.489395 102.721260 125.026840 148.798996 169.150131 180.317780 179.900131 162.702438 85.628403 29.218481 5.917636 1.329682 0.634236 0.815374 1.227134 1.821769 2.630002 3.672006 4.920270 6.265123 7.725287 9.175201 10.463858 11.190248 10.935702 9.531277 7.578393 5.440983 3.758207 2.010149 0.626407 0.362058 0.169532 0.049412 0.014720 0.003191 0.000484 0.000053 0.000003 0.000000
9.603903 11.613752 14.398090 17.803450 22.016085 27.137251 33.435276 41.197136 50.749588 62.482574 77.048981 94.915070 116.738159 143.092560 172.132416 198.899811 214.294220 213.618698 171.228912 81.807861 12.189111 3.858893 0.732011 0.675878 1.006997 1.508574 2.195096 3.080037 4.131933 5.273763 6.509975 7.742122 8.797900 9.273575 8.847432 7.500263 5.847330 4.139001 2.812743 1.367589 0.489916 0.287879 0.135721 0.040917 0.012736 0.002824 0.000437 0.000048 0.000003 0.000000
8.030165 9.925569 12.521204 15.736067 19.693035 24.611412 30.718115 38.236725 47.459385 58.700779 72.409416 89.229195 109.878319 134.868011 164.876358 199.555435 234.725189 258.017731 257.824677 196.248062 80.404846 11.197029 1.872537 0.610876 0.808555 1.218079 1.787154 2.522178 3.389602 4.345088 5.369196 6.398003 7.203977 7.467602 6.913179 5.692310 4.334241 3.021710 1.988798 0.856835 0.372417 0.219593 0.103678 0.032741 0.010794 0.002446 0.000387 0.000043 0.000003 0.000000
4.630161 6.204421 8.358366 11.113358 14.613105 19.035603 24.654284 31.691223 40.414673 51.395943 64.846489 81.361900 101.779205 126.639542 157.125626 193.954041 238.049957 286.116425 329.117035 344.801086 320.399841 134.718918 15.381970 2.177592 0.729671 0.955012 1.408888 2.001198 2.696651 3.478935 4.309530 5.143157 5.713591 5.792434 5.173630 4.139104 3.073467 2.125154 1.275044 0.498498 0.270200 0.159012 0.074996 0.025242 0.008837 0.002052 0.000334 0.000038 0.000002 0.000000
1.024626 1.509798 2.244037 3.330688 4.917186 7.222704 10.441224 14.851513 20.917990 29.216146 40.301041 55.126629 74.293358 98.643875 129.351288 167.551956 215.551208 274.679626 343.855103 420.854523 489.799896 517.578247 442.476471 185.994629 23.178736 3.685268 1.072664 1.533983 2.072090 2.692047 3.348175 3.991494 4.366072 4.285400 3.680501 2.856009 2.062309 1.381535 0.706168 0.286281 0.186252 0.108128 0.050622 0.018848 0.006978 0.001660 0.000281 0.000033 0.000002 0.000000
0.090942 0.139162 0.215209 0.332830 0.515247 0.797388 1.233392 1.905545 2.950659 4.565996 7.051567 10.899674 16.867100 26.011292 39.867882 60.454674 90.294487 132.190948 192.454391 278.278839 391.735718 534.923584 694.893372 841.877319 947.322510 169.880142 0.781050 1.128959 1.534269 2.005898 2.508548 2.963846 3.176955 2.982416 2.459597 1.857216 1.316393 0.789846 0.342135 0.186514 0.121127 0.068983 0.031693 0.013605 0.005269 0.001289 0.000229 0.000028 0.000002 0.000000
0.000000 0.000000 0.000000 0.000000 0.000000 0.000000 0.000000 0.000000 0.000000 0.000001 0.000003 0.000008 0.000022 0.000056 0.000142 0.000354 0.000882 0.002114 0.004753 0.010118 0.020490 0.039413 0.072357 0.127197 0.214411 0.347126 0.536955 0.784745 1.082497 1.427764 1.799878 2.094827 2.171236 1.937215 1.527539 1.134278 0.761048 0.370981 0.167525 0.114841 0.073150 0.040825 0.019091 0.009414 0.003785 0.000962 0.000181 0.000023 0.000002 0.000000
0.000000 0.000000 0.000000 0.000000 0.000000 0.000000 0.000000 0.000000 0.000000 0.000000 0.000001 0.000004 0.000009 0.000024 0.000062 0.000157 0.000392 0.000968 0.002369 0.005387 0.011274 0.022339 0.042426 0.077348 0.135088 0.224938 0.354012 0.521119 0.728684 0.968202 1.224445 1.394175 1.369202 1.158919 0.880285 0.650089 0.366898 0.154215 0.099502 0.066053 0.040345 0.022236 0.011783 0.006228 0.002551 0.000692 0.000138 0.000018 0.000001 0.000000
0.000000 0.000000 0.000000 0.000000 0.000000 0.000000 0.000000 0.000000 0.000000 0.000000 0.000001 0.000001 0.000004 0.000010 0.000027 0.000069 0.000175 0.000442 0.001090 0.002594 0.005800 0.012164 0.024165 0.045550 0.081634 0.138931 0.222620 0.331747 0.470489 0.630393 0.782297 0.855555 0.786589 0.631382 0.474689 0.316969 0.136969 0.079018 0.055216 0.035152 0.020392 0.011690 0.007130 0.003942 0.001623 0.000479 0.000101 0.000014 0.000001 0.000000
0.000000 0.000000 0.000000 0.000000 0.000000 0.000000 0.000000 0.000000 0.000000 0.000000 0.000000 0.000001 0.000002 0.000004 0.000012 0.000030 0.000075 0.000188 0.000466 0.001135 0.002693 0.006029 0.012661 0.025077 0.046865 0.082218 0.133765 0.202486 0.289437 0.389771 0.468288 0.472389 0.406054 0.312982 0.228257 0.113568 0.056912 0.041701 0.028112 0.017136 0.010030 0.006538 0.004180 0.002311 0.000994 0.000324 0.000072 0.000010 0.000001 0.000000
0.000000 0.000000 0.000000 0.000000 0.000000 0.000000 0.000000 0.000000 0.000000 0.000000 0.000000 0.000000 0.000001 0.000002 0.000005 0.000013 0.000032 0.000079 0.000192 0.000464 0.001117 0.002646 0.005992 0.012695 0.024916 0.045269 0.075528 0.117712 0.170893 0.225181 0.251098 0.229901 0.186188 0.141193 0.077091 0.036914 0.028391 0.020183 0.013040 0.008031 0.005338 0.003587 0.002259 0.001280 0.000600 0.000218 0.000050 0.000007 0.000001 0.000000
0.000000 0.000000 0.000000 0.000000 0.000000 0.000000 0.000000 0.000000 0.000000 0.000000 0.000000 0.000000 0.000000 0.000001 0.000002 0.000006 0.000014 0.000033 0.000080 0.000187 0.000438 0.001021 0.002385 0.005419 0.011441 0.022184 0.038988 0.062951 0.093841 0.116371 0.113853 0.096541 0.077318 0.045039 0.021469 0.017183 0.012930 0.009054 0.005894 0.003991 0.002793 0.001869 0.001175 0.000688 0.000355 0.000142 0.000033 0.000005 0.000000 0.000000
0.000000 0.000000 0.000000 0.000000 0.000000 0.000000 0.000000 0.000000 0.000000 0.000000 0.000000 0.000000 0.000000 0.000000 0.000001 0.000002 0.000006 0.000015 0.000034 0.000078 0.000177 0.000404 0.000923 0.002095 0.004679 0.009761 0.018211 0.030626 0.045225 0.048778 0.043726 0.035960 0.023386 0.011792 0.009252 0.007359 0.005440 0.003808 0.002713 0.001988 0.001403 0.000935 0.000600 0.000368 0.000204 0.000087 0.000021 0.000003 0.000000 0.000000
0.000000 0.000000 0.000000 0.000000 0.000000 0.000000 0.000000 0.000000 0.000000 0.000000 0.000000 0.000000 0.000000 0.000000 0.000000 0.000001 0.000003 0.000006 0.000015 0.000032 0.000071 0.000155 0.000341 0.000760 0.001707 0.003700 0.007363 0.012998 0.016644 0.016137 0.014335 0.010065 0.005094 0.004200 0.003509 0.002703 0.002020 0.001553 0.001213 0.000913 0.000651 0.000449 0.000302 0.000194 0.000110 0.000049 0.000013 0.000002 0.000000 0.000000
0.000000 0.000000 0.000000 0.000000 0.000000 0.000000 0.000000 0.000000 0.000000 0.000000 0.000000 0.000000 0.000000 0.000000 0.000000 0.000000 0.000001 0.000003 0.000006 0.000014 0.000029 0.000063 0.000132 0.000278 0.000576 0.001208 0.002397 0.003518 0.003785 0.003673 0.002606 0.001549 0.001480 0.001252 0.000988 0.000838 0.000724 0.000606 0.000488 0.000379 0.000285 0.000208 0.000146 0.000095 0.000056 0.000026 0.000008 0.000001 0.000000 0.000000
0.000000 0.000000 0.000000 0.000000 0.000000 0.000000 0.000000 0.000000 0.000000 0.000000 0.000000 0.000000 0.000000 0.000000 0.000000 0.000000 0.000000 0.000001 0.000003 0.000006 0.000012 0.000025 0.000052 0.000100 0.000168 0.000269 0.000413 0.000495 0.000485 0.000321 0.000310 0.000316 0.000328 0.000330 0.000315 0.000284 0.000250 0.000216 0.000184 0.000151 0.000119 0.000090 0.000065 0.000044 0.000027 0.000013 0.000004 0.000001 0.000000 0.000000
