tests/test_03/output1/DepositFile_010.00hrs.dat
NCOLS    50
NROWS    50
XLLCORNER    -2289770.000
YLLCORNER     2591270.000
CELLSIZE        2000.000       2000.000
NODATA_VALUE  0.000
[rows 0 to 34 of 50, columns 0 to 49 of 50]
12.496128 15.057198 18.317890 22.235626 26.920744 32.419754 38.852741 46.154171 54.248089 62.902481 71.764816 80.617928 89.016411 96.239220 101.703232 104.764046 105.055664 103.946205 101.668327 98.864906 95.915527 93.251572 90.875595 88.710518 86.700348 84.901039 82.974289 80.743088 78.267494 74.956390 71.156654 66.535263 61.094696 54.990189 48.145226 40.756908 33.027260 23.229452 13.685896 8.796105 2.734097 0.834793 0.320604 0.071244 0.015435 0.000000 0.000000 0.000000 0.000000 0.000000
12.177917 14.622045 17.809822 21.648064 26.219542 31.635830 37.964226 45.197525 53.190620 61.746029 70.532066 79.229019 87.511665 94.683052 99.901329 102.110992 101.350525 99.425835 96.057167 92.333084 89.048431 86.326370 84.208900 82.532814 81.239441 80.215752 79.357452 78.280190 76.913002 74.900749 72.184967 68.594009 63.726654 58.128071 51.395447 43.809525 35.804489 25.260904 14.927284 9.656720 3.069854 0.919269 0.355737 0.080117 0.017405 0.000000 0.000000 0.000000 0.000000 0.000000
12.886399 15.456719 18.861103 22.885448 27.731476 33.494881 40.211185 47.912113 56.469048 65.562820 74.846931 83.925682 92.483635 99.897934 105.091599 106.604637 104.328003 100.725876 95.743637 90.823372 86.699547 83.348343 80.864220 79.161079 77.969673 77.419128 77.122681 76.815102 76.156982 74.932495 72.954216 70.043221 65.908211 60.662197 54.197231 46.756279 38.650215 27.499516 16.367037 10.657035 3.460534 1.025961 0.402736 0.091310 0.019951 0.000000 0.000000 0.000000 0.000000 0.000000
13.153751 15.780451 19.239933 23.401423 28.419918 34.295376 41.231964 49.208748 58.122391 67.573135 77.106796 86.326714 94.872353 102.118988 106.951164 107.319862 103.082268 97.716675 90.486359 84.440002 79.419212 75.367256 72.660965 71.111282 70.516518 70.570930 70.978943 71.593239 72.055817 71.875465 71.038490 69.056450 65.821014 61.321064 55.442287 48.312191 40.395882 29.042994 17.405586 11.432220 3.700569 1.106902 0.438968 0.100318 0.022268 0.000000 0.000000 0.000000 0.000000 0.000000
13.428896 16.087713 19.596424 23.866697 28.950495 35.026310 42.193317 50.348267 59.521881 69.278397 79.151909 88.310936 96.791489 103.661346 108.026070 107.268845 100.754036 92.716270 83.490417 75.944138 69.938957 65.404327 62.503204 61.153107 60.950672 61.533825 62.634655 64.120224 65.571526 66.638901 66.916191 66.160034 63.974083 60.404015 55.202831 48.666943 41.119869 29.852470 18.018253 11.978197 3.868182 1.166252 0.466563 0.107439 0.024391 0.000000 0.000000 0.000000 0.000000 0.000000
13.543530 16.194845 19.805874 24.138624 29.278496 35.464035 42.686474 51.085651 60.507027 70.546242 80.497871 89.666954 97.908340 104.442543 108.092735 106.190720 96.901031 86.344864 74.803665 65.581703 58.359718 53.460876 50.532516 49.276817 49.370090 50.474163 52.386108 54.808228 57.182522 59.399841 60.908268 61.371971 60.413963 57.925636 53.628136 47.879379 40.846752 29.950325 18.183386 12.208777 3.917610 1.204350 0.488315 0.113457 0.026012 0.000000 0.000000 0.000000 0.000000 0.000000
13.657820 16.325054 19.915239 24.225866 29.488295 35.737610 43.045303 51.492710 61.003754 71.251862 81.413223 90.656731 98.585144 104.734879 108.016785 104.974342 92.522293 78.684738 65.269440 53.797253 46.055061 41.363884 38.509621 37.365295 37.714165 39.184509 41.517410 44.532860 47.838123 51.044525 53.632408 55.255562 55.519707 54.253708 50.960754 46.130936 39.718864 29.357635 17.905195 12.168335 3.860035 1.217294 0.501016 0.117497 0.027181 0.000000 0.000000 0.000000 0.000000 0.000000
13.723159 16.393141 20.021345 24.426788 29.678913 35.896156 43.278236 51.879356 61.511360 71.862030 82.102974 91.306458 99.062668 104.702942 107.645027 103.840355 88.467247 71.047699 55.792900 41.725281 34.493942 29.811340 27.088297 26.198565 26.760170 28.479063 31.097597 34.541801 38.413689 42.282974 45.852825 48.448654 49.809074 49.706043 47.485020 43.603470 37.792183 28.241589 17.279406 11.837282 3.692612 1.203374 0.501442 0.119293 0.027991 0.000000 0.000000 0.000000 0.000000 0.000000
13.787469 16.462885 20.107172 24.489857 29.773386 36.081379 43.584747 52.108566 61.765270 72.208656 82.675156 91.804558 99.372826 104.577255 107.199455 103.123260 85.018539 64.576134 47.045628 31.003595 24.081684 20.056818 17.815273 17.102514 17.774939 19.557432 22.316044 25.844244 29.934484 34.294857 38.321724 41.677380 43.912457 44.759373 43.506733 40.510559 35.311840 26.680290 16.384703 11.282932 3.462304 1.166038 0.491108 0.118469 0.028318 0.000000 0.000000 0.000000 0.000000 0.000000
13.772461 16.461924 20.107494 24.549503 29.865139 36.211044 43.672501 52.325859 62.177704 72.708763 83.107452 92.501472 99.783745 104.686546 106.811836 102.683716 82.804237 59.695454 39.638824 22.464306 16.142490 12.762178 11.100020 10.682287 11.403107 13.096951 15.689717 19.099602 23.124445 27.455229 31.741014 35.452579 38.305351 39.840034 39.382843 37.172382 32.499439 24.767353 15.328034 10.616080 3.189195 1.113417 0.473082 0.115558 0.028110 0.000000 0.000000 0.000000 0.000000 0.000000
13.729406 16.405567 20.082748 24.479076 29.821911 36.250900 43.779762 52.619175 62.454140 73.090965 83.906258 93.195251 100.496254 105.218430 107.048340 102.718178 81.717903 55.625118 34.107315 16.132887 10.345616 7.748422 6.712256 6.649169 7.452215 9.051293 11.381953 14.443476 18.129736 22.233538 26.350658 30.143505 33.307640 35.236027 35.412422 33.781624 29.546457 22.673088 14.164553 9.856034 2.897124 1.052860 0.451511 0.111538 0.027540 0.000000 0.000000 0.000000 0.000000 0.000000
13.628993 16.301455 19.933018 24.343557 29.718573 36.076099 43.657829 52.497944 62.519535 73.559418 84.429657 93.959900 101.365875 105.786255 107.231262 103.214500 80.881332 53.176144 30.027960 11.586351 6.513119 4.515418 3.995868 4.269652 5.160494 6.666790 8.779512 11.513751 14.833891 18.552790 22.344812 25.936916 29.056765 31.131542 31.728804 30.493673 26.646231 20.534803 12.965095 9.047305 2.607634 0.986316 0.427182 0.106785 0.026698 0.000000 0.000000 0.000000 0.000000 0.000000
13.499998 16.166784 19.782860 24.224829 29.497442 35.894733 43.524361 52.397644 62.618824 73.733864 85.127853 95.259453 102.757721 107.236801 108.572243 104.254807 80.703239 51.805141 27.252974 8.831265 4.204146 2.635475 2.487262 2.972220 3.906348 5.299422 7.189597 9.616706 12.570435 15.907392 19.312021 22.623871 25.538099 27.638508 28.388411 27.397024 23.848936 18.373528 11.770210 8.184048 2.338185 0.917502 0.400981 0.101133 0.025677 0.000000 0.000000 0.000000 0.000000 0.000000
13.358034 15.981630 19.624723 23.962399 29.279148 35.705887 43.294792 52.243557 62.500549 73.925934 85.825905 96.660492 104.724304 109.859375 111.093834 107.202904 82.560715 51.099197 25.941540 7.186563 3.063793 1.724000 1.746456 2.294659 3.189783 4.452616 6.139731 8.302490 10.940009 13.924216 16.966999 19.975170 22.682041 24.675364 25.411249 24.531496 21.173475 16.267393 10.586547 7.283899 2.057062 0.843961 0.372075 0.095261 0.024500 0.000000 0.000000 0.000000 0.000000 0.000000
13.147851 15.788651 19.332844 23.694679 29.015326 35.386845 43.038689 52.054760 62.518967 74.193336 86.481941 98.183403 107.202385 113.055954 114.916725 112.035789 86.858047 52.229946 26.620783 6.100360 2.597863 1.284295 1.358731 1.886948 2.704185 3.836548 5.343803 7.277726 9.637754 12.305252 15.025823 17.748735 20.248825 22.064621 22.730261 21.814726 18.635015 14.243842 9.393521 6.377678 1.781350 0.767053 0.341844 0.088925 0.023183 0.000000 0.000000 0.000000 0.000000 0.000000
12.886971 15.459302 19.001148 23.346180 28.599770 34.993267 42.684380 51.856182 62.506741 74.542839 87.424881 99.987846 110.096054 116.852356 119.479271 118.269691 94.870911 55.386929 28.172384 6.059829 2.470030 1.072687 1.124294 1.595694 2.322381 3.330723 4.677804 6.407780 8.514355 10.882545 13.311019 15.765369 18.032715 19.652437 20.200178 19.194334 16.181890 12.267458 8.218289 5.448413 1.513273 0.688610 0.310072 0.081940 0.021694 0.000000 0.000000 0.000000 0.000000 0.000000
12.507327 15.036910 18.524321 22.765871 27.984257 34.353981 42.116489 51.412472 62.382698 74.985428 88.835831 102.809341 114.609581 122.382454 126.095871 125.601204 108.456841 61.947403 31.293518 6.090604 2.501023 0.955233 0.953177 1.362713 2.003227 2.898149 4.099993 5.645785 7.520036 9.603527 11.766476 13.957165 15.966668 17.397741 17.769825 16.633009 13.827342 10.368186 7.061497 4.513824 1.256692 0.607334 0.276431 0.074198 0.020121 0.000000 0.000000 0.000000 0.000000 0.000000
11.925175 14.368056 17.715721 21.857510 26.935493 33.203609 40.876144 50.204803 61.457939 74.764816 89.925644 105.964569 120.932770 131.122986 136.406601 135.691605 127.910416 77.089615 40.422787 7.078389 2.805635 0.903626 0.813387 1.160693 1.721650 2.510813 3.576144 4.949494 6.608553 8.427249 10.346831 12.278289 14.040297 15.251652 15.420385 14.146001 11.582933 8.592165 5.902304 3.610187 1.019704 0.524583 0.241203 0.066201 0.018423 0.000000 0.000000 0.000000 0.000000 0.000000
11.145832 13.426657 16.606194 20.503986 25.352079 31.338133 38.682693 47.789715 58.925541 72.490799 88.638313 107.022133 126.310387 142.863693 152.796906 155.005020 148.296829 108.090363 56.684376 10.795034 3.642019 0.928198 0.698201 0.978730 1.464852 2.154598 3.088415 4.293248 5.744350 7.316438 9.004097 10.687196 12.209598 13.181670 13.136298 11.759431 9.496323 6.938569 4.791370 2.769039 0.806048 0.441553 0.205132 0.057920 0.016622 0.000000 0.000000 0.000000 0.000000 0.000000
10.434703 12.551577 15.453827 19.065056 23.509424 29.012350 35.817066 44.244038 54.716370 67.676918 83.489395 102.721268 125.026848 148.799011 169.150131 180.317795 179.900131 162.702454 85.628410 29.218487 5.917637 1.329683 0.634236 0.815374 1.227134 1.821769 2.630002 3.672006 4.920270 6.265124 7.725288 9.175202 10.463859 11.190250 10.935705 9.531281 7.578397 5.440988 3.758210 2.010152 0.626407 0.362058 0.169532 0.049412 0.014720 0.000000 0.000000 0.000000 0.000000 0.000000
9.603903 11.613752 14.398090 17.803450 22.016087 27.137251 33.435276 41.197136 50.749588 62.482574 77.048981 94.915077 116.738167 143.092560 172.132416 198.899811 214.294220 213.618713 171.228928 81.807861 12.189112 3.858894 0.732011 0.675878 1.006997 1.508574 2.195096 3.080037 4.131933 5.273763 6.509976 7.742123 8.797902 9.273578 8.847435 7.500267 5.847333 4.139004 2.812746 1.367592 0.489916 0.287879 0.135721 0.040917 0.012736 0.000000 0.000000 0.000000 0.000000 0.000000
8.030165 9.925569 12.521204 15.736067 19.693035 24.611412 30.718115 38.236725 47.459385 58.700779 72.409416 89.229195 109.878319 134.868027 164.876358 199.555435 234.725189 258.017731 257.824677 196.248062 80.404854 11.197029 1.872537 0.610876 0.808555 1.218079 1.787154 2.522178 3.389602 4.345088 5.369197 6.398004 7.203978 7.467605 6.913182 5.692313 4.334244 3.021712 1.988800 0.856837 0.372417 0.219594 0.103678 0.032741 0.010794 0.000000 0.000000 0.000000 0.000000 0.000000
4.630161 6.204421 8.358366 11.113358 14.613105 19.035603 24.654284 31.691223 40.414673 51.395943 64.846489 81.361900 101.779205 126.639542 157.125626 193.954041 238.049957 286.116425 329.117035 344.801086 320.399841 134.718918 15.381970 2.177592 0.729671 0.955012 1.408888 2.001198 2.696651 3.478935 4.309530 5.143158 5.713592 5.792436 5.173633 4.139107 3.073469 2.125156 1.275045 0.498499 0.270200 0.159012 0.074996 0.025242 0.000000 0.000000 0.000000 0.000000 0.000000 0.000000
1.024626 1.509798 2.244037 3.330688 4.917186 7.222704 10.441224 14.851513 20.917990 29.216146 40.301041 55.126629 74.293358 98.643875 129.351288 167.551956 215.551208 274.679626 343.855103 420.854523 489.799896 517.578247 442.476471 185.994629 23.178736 3.685268 1.072664 1.533983 2.072090 2.692047 3.348175 3.991495 4.366073 4.285401 3.680503 2.856011 2.062311 1.381536 0.706170 0.286282 0.186252 0.108128 0.050622 0.018848 0.000000 0.000000 0.000000 0.000000 0.000000 0.000000
0.090942 0.139162 0.215209 0.332830 0.515247 0.797388 1.233392 1.905545 2.950659 4.565996 7.051567 10.899674 16.867100 26.011292 39.867882 60.454674 90.294487 132.190948 192.454391 278.278839 391.735718 534.923584 694.893372 841.877319 947.322510 169.880142 0.781050 1.128959 1.534269 2.005899 2.508549 2.963847 3.176956 2.982418 2.459599 1.857217 1.316395 0.789847 0.342136 0.186514 0.121127 0.068983 0.031693 0.013605 0.000000 0.000000 0.000000 0.000000 0.000000 0.000000
0.000000 0.000000 0.000000 0.000000 0.000000 0.000000 0.000000 0.000000 0.000000 0.000000 0.000000 0.000000 0.000000 0.000000 0.000000 0.000000 0.000000 0.000000 0.000000 0.010118 0.020490 0.039413 0.072357 0.127197 0.214411 0.347126 0.536955 0.784745 1.082497 1.427764 1.799879 2.094827 2.171237 1.937216 1.527540 1.134279 0.761049 0.370982 0.167525 0.114841 0.073150 0.040825 0.019091 0.000000 0.000000 0.000000 0.000000 0.000000 0.000000 0.000000
0.000000 0.000000 0.000000 0.000000 0.000000 0.000000 0.000000 0.000000 0.000000 0.000000 0.000000 0.000000 0.000000 0.000000 0.000000 0.000000 0.000000 0.000000 0.000000 0.000000 0.011274 0.022339 0.042426 0.077348 0.135088 0.224938 0.354012 0.521119 0.728684 0.968202 1.224446 1.394175 1.369203 1.158920 0.880286 0.650090 0.366898 0.154215 0.099502 0.066053 0.040345 0.022236 0.011784 0.000000 0.000000 0.000000 0.000000 0.000000 0.000000 0.000000
0.000000 0.000000 0.000000 0.000000 0.000000 0.000000 0.000000 0.000000 0.000000 0.000000 0.000000 0.000000 0.000000 0.000000 0.000000 0.000000 0.000000 0.000000 0.000000 0.000000 0.000000 0.012164 0.024165 0.045550 0.081634 0.138931 0.222620 0.331747 0.470489 0.630393 0.782297 0.855555 0.786589 0.631382 0.474690 0.316970 0.136969 0.079018 0.055216 0.035152 0.020392 0.011690 0.000000 0.000000 0.000000 0.000000 0.000000 0.000000 0.000000 0.000000
0.000000 0.000000 0.000000 0.000000 0.000000 0.000000 0.000000 0.000000 0.000000 0.000000 0.000000 0.000000 0.000000 0.000000 0.000000 0.000000 0.000000 0.000000 0.000000 0.000000 0.000000 0.000000 0.012661 0.025077 0.046865 0.082218 0.133765 0.202486 0.289438 0.389771 0.468288 0.472389 0.406055 0.312982 0.228258 0.113569 0.056912 0.041701 0.028112 0.017136 0.010030 0.000000 0.000000 0.000000 0.000000 0.000000 0.000000 0.000000 0.000000 0.000000
0.000000 0.000000 0.000000 0.000000 0.000000 0.000000 0.000000 0.000000 0.000000 0.000000 0.000000 0.000000 0.000000 0.000000 0.000000 0.000000 0.000000 0.000000 0.000000 0.000000 0.000000 0.000000 0.000000 0.012695 0.024916 0.045269 0.075528 0.117712 0.170893 0.225181 0.251098 0.229902 0.186188 0.141193 0.077091 0.036914 0.028391 0.020183 0.013040 0.000000 0.000000 0.000000 0.000000 0.000000 0.000000 0.000000 0.000000 0.000000 0.000000 0.000000
0.000000 0.000000 0.000000 0.000000 0.000000 0.000000 0.000000 0.000000 0.000000 0.000000 0.000000 0.000000 0.000000 0.000000 0.000000 0.000000 0.000000 0.000000 0.000000 0.000000 0.000000 0.000000 0.000000 0.000000 0.011441 0.022184 0.038988 0.062951 0.093841 0.116371 0.113853 0.096541 0.077318 0.045039 0.021469 0.017183 0.012930 0.000000 0.000000 0.000000 0.000000 0.000000 0.000000 0.000000 0.000000 0.000000 0.000000 0.000000 0.000000 0.000000
0.000000 0.000000 0.000000 0.000000 0.000000 0.000000 0.000000 0.000000 0.000000 0.000000 0.000000 0.000000 0.000000 0.000000 0.000000 0.000000 0.000000 0.000000 0.000000 0.000000 0.000000 0.000000 0.000000 0.000000 0.000000 0.000000 0.018211 0.030626 0.045225 0.048778 0.043726 0.035961 0.023386 0.011792 0.000000 0.000000 0.000000 0.000000 0.000000 0.000000 0.000000 0.000000 0.000000 0.000000 0.000000 0.000000 0.000000 0.000000 0.000000 0.000000
0.000000 0.000000 0.000000 0.000000 0.000000 0.000000 0.000000 0.000000 0.000000 0.000000 0.000000 0.000000 0.000000 0.000000 0.000000 0.000000 0.000000 0.000000 0.000000 0.000000 0.000000 0.000000 0.000000 0.000000 0.000000 0.000000 0.000000 0.012998 0.016644 0.016137 0.014335 0.010065 0.000000 0.000000 0.000000 0.000000 0.000000 0.000000 0.000000 0.000000 0.000000 0.000000 0.000000 0.000000 0.000000 0.000000 0.000000 0.000000 0.000000 0.000000
0.000000 0.000000 0.000000 0.000000 0.000000 0.000000 0.000000 0.000000 0.000000 0.000000 0.000000 0.000000 0.000000 0.000000 0.000000 0.000000 0.000000 0.000000 0.000000 0.000000 0.000000 0.000000 0.000000 0.000000 0.000000 0.000000 0.000000 0.000000 0.000000 0.000000 0.000000 0.000000 0.000000 0.000000 0.000000 0.000000 0.000000 0.000000 0.000000 0.000000 0.000000 0.000000 0.000000 0.000000 0.000000 0.000000 0.000000 0.000000 0.000000 0.000000
0.000000 0.000000 0.000000 0.000000 0.000000 0.000000 0.000000 0.000000 0.000000 0.000000 0.000000 0.000000 0.000000 0.000000 0.000000 0.000000 0.000000 0.000000 0.000000 0.000000 0.000000 0.000000 0.000000 0.000000 0.000000 0.000000 0.000000 0.000000 0.000000 0.000000 0.000000 0.000000 0.000000 0.000000 0.000000 0.000000 0.000000 0.000000 0.000000 0.000000 0.000000 0.000000 0.000000 0.000000 0.000000 0.000000 0.000000 0.000000 0.000000 0.000000
