tests/test_03/output1/DepositFile_005.00hrs.dat
NCOLS    50
NROWS    50
XLLCORNER    -2289770.000
YLLCORNER     2591270.000
CELLSIZE        2000.000       2000.000
NODATA_VALUE -9999.
[rows 0 to 34 of 50, columns 0 to 49 of 50]
0.000000 0.000000 0.000000 0.000000 0.000000 0.000001 0.000007 0.000049 0.000309 0.001779 0.009392 0.046861 0.190034 0.528811 1.229242 1.805506 2.091533 1.652992 1.065232 0.631778 0.472499 0.311762 0.182478 0.093693 0.039696 0.016593 0.007358 0.002799 0.000925 0.000274 0.000079 0.000020 0.000004 0.000001 0.000000 0.000000 0.000000 0.000000 0.000000 0.000000 0.000000 0.000000 0.000000 0.000000 0.000000 0.000000 0.000000 0.000000 0.000000 0.000000
0.000000 0.000000 0.000000 0.000000 0.000001 0.000007 0.000048 0.000299 0.001768 0.009801 0.051203 0.261780 1.172445 2.579210 4.045867 5.045886 5.547671 5.146536 3.764104 1.993393 0.991824 0.674655 0.412036 0.232759 0.116279 0.047243 0.019530 0.008450 0.003147 0.001000 0.000283 0.000081 0.000020 0.000004 0.000001 0.000000 0.000000 0.000000 0.000000 0.000000 0.000000 0.000000 0.000000 0.000000 0.000000 0.000000 0.000000 0.000000 0.000000 0.000000
0.000000 0.000000 0.000000 0.000001 0.000008 0.000052 0.000325 0.001957 0.011369 0.063685 0.379261 1.767187 4.576723 8.113575 11.170838 12.535754 11.751997 10.638104 8.477936 5.748047 3.326756 1.589779 0.831571 0.499275 0.276640 0.136053 0.054772 0.021613 0.009117 0.003503 0.001088 0.000308 0.000089 0.000022 0.000005 0.000001 0.000000 0.000000 0.000000 0.000000 0.000000 0.000000 0.000000 0.000000 0.000000 0.000000 0.000000 0.000000 0.000000 0.000000
0.000000 0.000000 0.000001 0.000010 0.000059 0.000358 0.002164 0.012912 0.077871 0.493463 2.264137 5.906517 11.169558 17.371544 22.910822 24.923021 22.838554 19.957401 14.959064 10.580904 7.083261 4.020182 1.866394 0.890201 0.521389 0.283871 0.139360 0.056233 0.021963 0.009357 0.003671 0.001107 0.000321 0.000094 0.000023 0.000005 0.000001 0.000000 0.000000 0.000000 0.000000 0.000000 0.000000 0.000000 0.000000 0.000000 0.000000 0.000000 0.000000 0.000000
0.000000 0.000002 0.000011 0.000068 0.000405 0.002412 0.014597 0.092247 0.609869 2.712819 7.054792 13.491870 21.720879 30.772976 38.292061 40.888577 37.323193 31.533455 23.700148 16.932550 11.303442 7.119810 4.120103 1.915973 0.837553 0.481267 0.256698 0.125039 0.049544 0.020641 0.008997 0.003596 0.001103 0.000327 0.000095 0.000022 0.000004 0.000001 0.000000 0.000000 0.000000 0.000000 0.000000 0.000000 0.000000 0.000000 0.000000 0.000000 0.000000 0.000000
0.000002 0.000012 0.000074 0.000443 0.002639 0.016125 0.105092 0.690767 2.979849 7.831674 15.153903 24.956566 36.377407 47.365417 55.749813 58.327827 52.358627 43.895355 33.362202 24.255741 16.424784 10.435797 6.292155 3.695571 1.803186 0.695336 0.404240 0.213523 0.098961 0.040326 0.017559 0.008034 0.003146 0.000985 0.000307 0.000089 0.000020 0.000004 0.000001 0.000000 0.000000 0.000000 0.000000 0.000000 0.000000 0.000000 0.000000 0.000000 0.000000 0.000000
0.000012 0.000076 0.000459 0.002768 0.017149 0.114001 0.725686 3.026958 8.008961 15.936209 26.766798 39.737923 52.945438 65.081810 74.121643 75.280045 65.412392 52.850643 39.821583 28.136271 19.650166 13.641339 8.845986 5.296652 3.048723 1.659122 0.645660 0.310801 0.158357 0.073581 0.030322 0.013001 0.005719 0.002146 0.000727 0.000247 0.000071 0.000015 0.000003 0.000000 0.000000 0.000000 0.000000 0.000000 0.000000 0.000000 0.000000 0.000000 0.000000 0.000000
0.000076 0.000457 0.002803 0.017765 0.119907 0.735205 2.942785 7.717796 15.571440 26.819300 40.732018 55.550144 69.980110 82.118759 89.664581 88.628700 74.588882 57.645969 42.397434 27.962742 19.941111 13.990408 9.492647 6.294221 3.944871 2.239307 1.239261 0.491770 0.210413 0.106442 0.048514 0.019424 0.007997 0.003369 0.001269 0.000486 0.000165 0.000045 0.000010 0.000002 0.000000 0.000000 0.000000 0.000000 0.000000 0.000000 0.000000 0.000000 0.000000 0.000000
0.000488 0.002811 0.017945 0.121282 0.716894 2.767597 7.171333 14.498062 25.179279 39.085564 55.110744 70.879929 84.864288 94.707542 99.924370 96.865097 79.102547 58.741539 41.090382 24.666489 17.045681 11.975816 8.295000 5.670440 3.868196 2.558246 1.542639 0.791141 0.323703 0.125583 0.064151 0.027958 0.010345 0.004306 0.001752 0.000682 0.000263 0.000085 0.000022 0.000005 0.000001 0.000000 0.000000 0.000000 0.000000 0.000000 0.000000 0.000000 0.000000 0.000000
0.003242 0.018536 0.120171 0.677854 2.534201 6.489068 13.099322 22.804020 35.809040 51.529610 67.994232 83.147377 94.539177 101.537178 104.325531 100.413094 80.588631 57.426926 37.193165 19.673145 12.801378 8.628183 5.870751 3.977218 2.755274 1.935722 1.368835 0.937507 0.526570 0.217515 0.069363 0.033669 0.011806 0.004821 0.002021 0.000769 0.000312 0.000114 0.000036 0.000011 0.000003 0.000001 0.000000 0.000000 0.000000 0.000000 0.000000 0.000000 0.000000 0.000000
0.020052 0.117818 0.624967 2.262028 5.704870 11.483899 20.024776 31.744905 46.118664 61.986969 77.747063 90.410187 99.219078 104.315674 106.259010 101.950363 80.911606 54.719746 33.020409 14.753981 8.534887 5.326428 3.442299 2.222257 1.473756 1.034929 0.752526 0.572079 0.409339 0.241722 0.112650 0.031653 0.014169 0.004970 0.001893 0.000767 0.000320 0.000128 0.000046 0.000016 0.000005 0.000001 0.000000 0.000000 0.000000 0.000000 0.000000 0.000000 0.000000 0.000000
0.114816 0.568059 1.985499 4.908229 9.821193 17.098597 27.248674 39.819450 54.220058 69.344902 82.856079 93.426643 101.056549 105.535103 106.985947 102.942223 80.549873 52.744015 29.437214 10.757612 5.339608 2.853068 1.649734 0.980452 0.590416 0.390076 0.284422 0.227718 0.193087 0.145418 0.084696 0.035811 0.010834 0.004242 0.001507 0.000619 0.000265 0.000116 0.000047 0.000018 0.000006 0.000002 0.000000 0.000000 0.000000 0.000000 0.000000 0.000000 0.000000 0.000000
0.510319 1.713809 4.157699 8.268806 14.366789 22.913504 33.573334 46.043911 59.572124 72.733627 84.874229 95.151054 102.680908 107.161057 108.480835 104.131035 80.525368 51.542072 26.859964 8.245089 3.336844 1.365187 0.647240 0.338390 0.184267 0.113383 0.081385 0.066588 0.060461 0.055472 0.040540 0.019599 0.005207 0.002456 0.001023 0.000422 0.000189 0.000090 0.000041 0.000016 0.000006 0.000002 0.000000 0.000000 0.000000 0.000000 0.000000 0.000000 0.000000 0.000000
1.441760 3.445131 6.831001 11.868754 18.953573 27.820957 38.312763 49.927338 61.797817 73.779747 85.781433 96.635986 104.700508 109.827492 111.045296 107.126312 82.439583 50.909073 25.646152 6.732999 2.376385 0.696494 0.232283 0.095623 0.044226 0.025013 0.017902 0.015110 0.015421 0.016688 0.015001 0.008201 0.002158 0.001007 0.000456 0.000216 0.000107 0.000057 0.000028 0.000012 0.000005 0.000001 0.000000 0.000000 0.000000 0.000000 0.000000 0.000000 0.000000 0.000000
2.823673 5.536445 9.641295 15.433750 22.709057 31.408749 41.206066 51.514324 62.416157 74.169487 86.472977 98.175751 107.191338 113.037376 114.884735 111.981506 86.768120 52.084309 26.389328 5.738340 2.039956 0.437297 0.092623 0.024171 0.008635 0.004784 0.003432 0.003075 0.003302 0.004000 0.004911 0.003217 0.000842 0.000382 0.000186 0.000103 0.000055 0.000031 0.000017 0.000008 0.000003 0.000001 0.000000 0.000000 0.000000 0.000000 0.000000 0.000000 0.000000 0.000000
4.515913 7.707299 12.388037 18.288397 25.404509 33.522953 42.249146 51.771248 62.488274 74.538185 87.422180 99.983910 110.088905 116.839317 119.455986 118.229134 94.802078 55.272938 27.987616 5.765993 2.010901 0.367131 0.057473 0.008771 0.001867 0.000829 0.000609 0.000563 0.000655 0.000939 0.001447 0.001165 0.000319 0.000155 0.000079 0.000049 0.000029 0.000017 0.000009 0.000005 0.000002 0.000001 0.000000 0.000000 0.000000 0.000000 0.000000 0.000000 0.000000 0.000000
6.226120 9.785404 14.488605 20.196388 26.801016 34.004593 42.046268 51.395718 62.378841 74.984207 88.834473 102.806725 114.604446 122.372826 126.078445 125.570480 108.403801 61.857719 31.145185 5.850697 2.120900 0.364085 0.049804 0.005700 0.000638 0.000151 0.000105 0.000107 0.000134 0.000212 0.000406 0.000413 0.000125 0.000071 0.000034 0.000021 0.000013 0.000008 0.000005 0.000003 0.000001 0.000001 0.000000 0.000000 0.000000 0.000000 0.000000 0.000000 0.000000 0.000000
7.698590 11.187548 15.677596 20.919762 26.662182 33.149700 40.862442 50.201008 61.456944 74.764366 89.924835 105.962883 120.929283 131.116165 136.393890 135.668686 127.870041 77.020027 40.305481 6.885092 2.494126 0.412000 0.052535 0.005195 0.000401 0.000037 0.000019 0.000021 0.000028 0.000048 0.000100 0.000130 0.000050 0.000031 0.000016 0.000010 0.000006 0.000004 0.000002 0.000001 0.000001 0.000000 0.000000 0.000000 0.000000 0.000000 0.000000 0.000000 0.000000 0.000000
8.587513 11.822823 15.856616 20.289648 25.311407 31.328077 38.679836 47.788895 58.925282 72.490562 88.637794 107.021034 126.308083 142.859024 152.787766 154.987946 148.266083 108.036552 56.592419 10.641368 3.390639 0.525383 0.065808 0.006082 0.000391 0.000016 0.000003 0.000004 0.000006 0.000010 0.000018 0.000028 0.000013 0.000010 0.000007 0.000004 0.000003 0.000002 0.000001 0.000001 0.000000 0.000000 0.000000 0.000000 0.000000 0.000000 0.000000 0.000000 0.000000 0.000000
9.118500 11.969723 15.286184 19.035164 23.502569 29.010490 35.816536 44.243877 54.716293 67.676788 83.489082 102.720520 125.025246 148.795746 169.143646 180.305283 179.876938 162.661011 85.556602 29.097095 5.716766 1.003959 0.116569 0.009620 0.000541 0.000015 0.000001 0.000001 0.000001 0.000002 0.000002 0.000001 0.000002 0.000002 0.000002 0.000002 0.000001 0.000001 0.000000 0.000000 0.000000 0.000000 0.000000 0.000000 0.000000 0.000000 0.000000 0.000000 0.000000 0.000000
9.087031 11.489056 14.377438 17.799137 22.014994 27.136953 33.435192 41.197109 50.749557 62.482498 77.048790 94.914612 116.737106 143.090332 172.127899 198.891006 214.277588 213.588196 171.174744 81.714363 12.031828 3.600466 0.316519 0.022058 0.001116 0.000024 0.000000 0.000000 0.000000 0.000000 0.000000 0.000000 0.000000 0.000001 0.000001 0.000001 0.000000 0.000000 0.000000 0.000000 0.000000 0.000000 0.000000 0.000000 0.000000 0.000000 0.000000 0.000000 0.000000 0.000000
7.882869 9.910208 12.518577 15.735483 19.692888 24.611372 30.718103 38.236717 47.459370 58.700745 72.409325 89.228958 109.877762 134.866714 164.873520 199.549683 234.713989 257.996582 257.786041 196.179504 80.286621 10.998701 1.548395 0.094038 0.004422 0.000080 0.000000 0.000000 0.000000 0.000000 0.000000 0.000000 0.000000 0.000000 0.000000 0.000000 0.000000 0.000000 0.000000 0.000000 0.000000 0.000000 0.000000 0.000000 0.000000 0.000000 0.000000 0.000000 0.000000 0.000000
4.599285 6.202397 8.358046 11.113292 14.613090 19.035599 24.654282 31.691221 40.414669 51.395927 64.846451 81.361801 101.778946 126.638901 157.124084 193.950623 238.042923 286.102661 329.091095 344.753754 320.316010 134.574631 15.140313 1.784434 0.108559 0.003386 0.000000 0.000000 0.000000 0.000000 0.000000 0.000000 0.000000 0.000000 0.000000 0.000000 0.000000 0.000000 0.000000 0.000000 0.000000 0.000000 0.000000 0.000000 0.000000 0.000000 0.000000 0.000000 0.000000 0.000000
1.019775 1.509547 2.244005 3.330683 4.917185 7.222704 10.441223 14.851512 20.917988 29.216141 40.301022 55.126583 74.293236 98.643570 129.350525 167.550201 215.547241 274.671234 343.838470 420.823151 489.742920 517.477844 442.304718 185.709167 22.718554 2.968829 0.000000 0.000000 0.000000 0.000000 0.000000 0.000000 0.000000 0.000000 0.000000 0.000000 0.000000 0.000000 0.000000 0.000000 0.000000 0.000000 0.000000 0.000000 0.000000 0.000000 0.000000 0.000000 0.000000 0.000000
0.090544 0.139143 0.215207 0.332830 0.515247 0.797388 1.233392 1.905544 2.950658 4.565993 7.051559 10.899654 16.867048 26.011160 39.867550 60.453854 90.292557 132.186584 192.445053 278.259949 391.699524 534.857483 694.777405 841.680481 946.999268 169.367203 0.000000 0.000000 0.000000 0.000000 0.000000 0.000000 0.000000 0.000000 0.000000 0.000000 0.000000 0.000000 0.000000 0.000000 0.000000 0.000000 0.000000 0.000000 0.000000 0.000000 0.000000 0.000000 0.000000 0.000000
0.000000 0.000000 0.000000 0.000000 0.000000 0.000000 0.000000 0.000000 0.000000 0.000000 0.000000 0.000000 0.000000 0.000000 0.000000 0.000000 0.000000 0.000000 0.000000 0.000000 0.000000 0.000000 0.000000 0.000000 0.000000 0.000000 0.000000 0.000000 0.000000 0.000000 0.000000 0.000000 0.000000 0.000000 0.000000 0.000000 0.000000 0.000000 0.000000 0.000000 0.000000 0.000000 0.000000 0.000000 0.000000 0.000000 0.000000 0.000000 0.000000 0.000000
0.000000 0.000000 0.000000 0.000000 0.000000 0.000000 0.000000 0.000000 0.000000 0.000000 0.000000 0.000000 0.000000 0.000000 0.000000 0.000000 0.000000 0.000000 0.000000 0.000000 0.000000 0.000000 0.000000 0.000000 0.000000 0.000000 0.000000 0.000000 0.000000 0.000000 0.000000 0.000000 0.000000 0.000000 0.000000 0.000000 0.000000 0.000000 0.000000 0.000000 0.000000 0.000000 0.000000 0.000000 0.000000 0.000000 0.000000 0.000000 0.000000 0.000000
0.000000 0.000000 0.000000 0.000000 0.000000 0.000000 0.000000 0.000000 0.000000 0.000000 0.000000 0.000000 0.000000 0.000000 0.000000 0.000000 0.000000 0.000000 0.000000 0.000000 0.000000 0.000000 0.000000 0.000000 0.000000 0.000000 0.000000 0.000000 0.000000 0.000000 0.000000 0.000000 0.000000 0.000000 0.000000 0.000000 0.000000 0.000000 0.000000 0.000000 0.000000 0.000000 0.000000 0.000000 0.000000 0.000000 0.000000 0.000000 0.000000 0.000000
0.000000 0.000000 0.000000 0.000000 0.000000 0.000000 0.000000 0.000000 0.000000 0.000000 0.000000 0.000000 0.000000 0.000000 0.000000 0.000000 0.000000 0.000000 0.000000 0.000000 0.000000 0.000000 0.000000 0.000000 0.000000 0.000000 0.000000 0.000000 0.000000 0.000000 0.000000 0.000000 0.000000 0.000000 0.000000 0.000000 0.000000 0.000000 0.000000 0.000000 0.000000 0.000000 0.000000 0.000000 0.000000 0.000000 0.000000 0.000000 0.000000 0.000000
0.000000 0.000000 0.000000 0.000000 0.000000 0.000000 0.000000 0.000000 0.000000 0.000000 0.000000 0.000000 0.000000 0.000000 0.000000 0.000000 0.000000 0.000000 0.000000 0.000000 0.000000 0.000000 0.000000 0.000000 0.000000 0.000000 0.000000 0.000000 0.000000 0.000000 0.000000 0.000000 0.000000 0.000000 0.000000 0.000000 0.000000 0.000000 0.000000 0.000000 0.000000 0.000000 0.000000 0.000000 0.000000 0.000000 0.000000 0.000000 0.000000 0.000000
0.000000 0.000000 0.000000 0.000000 0.000000 0.000000 0.000000 0.000000 0.000000 0.000000 0.000000 0.000000 0.000000 0.000000 0.000000 0.000000 0.000000 0.000000 0.000000 0.000000 0.000000 0.000000 0.000000 0.000000 0.000000 0.000000 0.000000 0.000000 0.000000 0.000000 0.000000 0.000000 0.000000 0.000000 0.000000 0.000000 0.000000 0.000000 0.000000 0.000000 0.000000 0.000000 0.000000 0.000000 0.000000 0.000000 0.000000 0.000000 0.000000 0.000000
0.000000 0.000000 0.000000 0.000000 0.000000 0.000000 0.000000 0.000000 0.000000 0.000000 0.000000 0.000000 0.000000 0.000000 0.000000 0.000000 0.000000 0.000000 0.000000 0.000000 0.000000 0.000000 0.000000 0.000000 0.000000 0.000000 0.000000 0.000000 0.000000 0.000000 0.000000 0.000000 0.000000 0.000000 0.000000 0.000000 0.000000 0.000000 0.000000 0.000000 0.000000 0.000000 0.000000 0.000000 0.000000 0.000000 0.000000 0.000000 0.000000 0.000000
0.000000 0.000000 0.000000 0.000000 0.000000 0.000000 0.000000 0.000000 0.000000 0.000000 0.000000 0.000000 0.000000 0.000000 0.000000 0.000000 0.000000 0.000000 0.000000 0.000000 0.000000 0.000000 0.000000 0.000000 0.000000 0.000000 0.000000 0.000000 0.000000 0.000000 0.000000 0.000000 0.000000 0.000000 0.000000 0.000000 0.000000 0.000000 0.000000 0.000000 0.000000 0.000000 0.000000 0.000000 0.000000 0.000000 0.000000 0.000000 0.000000 0.000000
0.000000 0.000000 0.000000 0.000000 0.000000 0.000000 0.000000 0.000000 0.000000 0.000000 0.000000 0.000000 0.000000 0.000000 0.000000 0.000000 0.000000 0.000000 0.000000 0.000000 0.000000 0.000000 0.000000 0.000000 0.000000 0.000000 0.000000 0.000000 0.000000 0.000000 0.000000 0.000000 0.000000 0.000000 0.000000 0.000000 0.000000 0.000000 0.000000 0.000000 0.000000 0.000000 0.000000 0.000000 0.000000 0.000000 0.000000 0.000000 0.000000 0.000000
0.000000 0.000000 0.000000 0.000000 0.000000 0.000000 0.000000 0.000000 0.000000 0.000000 0.000000 0.000000 0.000000 0.000000 0.000000 0.000000 0.000000 0.000000 0.000000 0.000000 0.000000 0.000000 0.000000 0.000000 0.000000 0.000000 0.000000 0.000000 0.000000 0.000000 0.000000 0.000000 0.000000 0.000000 0.000000 0.000000 0.000000 0.000000 0.000000 0.000000 0.000000 0.000000 0.000000 0.000000 0.000000 0.000000 0.000000 0.000000 0.000000 0.000000
