tests/test_03/output1/DepositFile_____final.dat
NCOLS    50
NROWS    50
XLLCORNER    -2289770.000
YLLCORNER     2591270.000
CELLSIZE        2000.000       2000.000
NODATA_VALUE  0.000
[rows 0 to 49 of 50, columns 0 to 49 of 50]
13.110 15.745 19.101 23.128 27.939 33.583 40.183 47.676 55.991 64.900 74.056 83.247 92.034 99.702 105.675 109.317 110.270 109.911 108.481 106.632 104.750 103.269 102.195 101.449 100.963 100.769 100.487 99.875 98.892 96.787 93.668 88.940 82.612 75.001 66.145 56.623 45.697 31.111 18.180 11.475 3.211 0.996 0.374 0.081 0.017 0.003 0.000 0.000 0.000 0.000
12.597 15.101 18.366 22.295 26.973 32.514 38.988 46.393 54.586 63.376 72.435 81.451 90.104 97.705 103.420 106.201 106.098 104.927 102.417 99.666 97.477 95.981 95.227 95.049 95.374 96.066 96.981 97.667 97.945 97.291 95.392 91.803 86.111 79.054 70.291 60.546 49.230 33.679 19.736 12.551 3.590 1.094 0.415 0.090 0.019 0.003 0.000 0.000 0.000 0.000
13.239 15.864 19.340 23.448 28.394 34.275 41.131 48.996 57.747 67.069 76.621 86.014 94.939 102.781 108.472 110.560 108.949 106.112 102.005 98.082 95.086 93.004 91.939 91.802 92.313 93.579 95.173 96.764 97.899 98.189 97.180 94.390 89.497 82.852 74.337 64.698 53.134 36.675 21.612 13.860 4.048 1.222 0.469 0.103 0.022 0.004 0.000 0.000 0.000 0.000
13.428 16.103 19.626 23.864 28.974 34.958 42.026 50.158 59.257 68.927 78.721 88.247 97.154 104.824 110.151 111.096 107.529 102.939 96.601 91.576 87.718 84.984 83.758 83.853 85.055 87.038 89.468 92.129 94.549 96.055 96.351 94.616 90.696 84.858 76.922 67.545 56.019 39.039 23.122 14.976 4.364 1.326 0.514 0.113 0.025 0.004 0.001 0.000 0.000 0.000
13.663 16.366 19.933 24.274 29.443 35.622 42.912 51.216 60.567 70.536 80.662 90.121 98.956 106.245 111.102 110.923 105.082 97.829 89.511 83.010 78.203 75.034 73.674 74.045 75.734 78.360 81.614 85.295 88.868 91.795 93.376 93.003 90.213 85.357 78.100 69.265 57.954 40.727 24.238 15.891 4.617 1.411 0.551 0.122 0.027 0.005 0.001 0.000 0.000 0.000
13.744 16.435 20.100 24.499 29.719 36.001 43.341 51.882 61.473 71.717 81.915 91.377 99.968 106.916 111.056 109.731 101.120 91.358 80.741 72.591 66.603 63.117 61.793 62.337 64.420 67.684 71.885 76.654 81.314 85.564 88.549 89.536 88.074 84.351 77.999 69.901 58.951 41.756 24.937 16.521 4.760 1.477 0.583 0.130 0.029 0.005 0.001 0.000 0.000 0.000
13.842 16.547 20.188 24.561 29.899 36.241 43.661 52.244 61.920 72.367 82.768 92.299 100.572 107.131 110.901 108.436 96.667 83.633 71.159 60.783 54.309 51.077 49.886 50.618 53.054 56.802 61.561 67.075 72.828 78.235 82.466 84.750 84.625 82.188 76.837 69.615 59.137 42.136 25.217 16.906 4.802 1.520 0.607 0.136 0.031 0.006 0.001 0.000 0.000 0.000
13.897 16.603 20.279 24.744 30.068 36.374 43.864 52.597 62.389 72.934 83.409 92.895 100.990 107.037 110.465 107.239 92.553 75.947 61.650 48.702 42.773 39.594 38.591 39.652 42.394 46.506 51.686 57.782 64.265 70.500 75.871 79.253 80.340 79.145 74.870 68.564 58.548 42.026 25.166 17.023 4.741 1.538 0.620 0.140 0.032 0.006 0.001 0.000 0.000 0.000
13.955 16.665 20.356 24.795 30.149 36.542 44.151 52.802 62.615 73.248 83.944 93.351 101.254 106.863 109.969 106.473 89.060 69.440 52.882 37.982 32.393 29.913 29.447 30.753 33.692 37.974 43.423 49.752 56.615 63.504 69.489 73.746 75.821 75.664 72.366 66.935 57.407 41.485 24.853 16.932 4.622 1.534 0.623 0.142 0.033 0.006 0.001 0.000 0.000 0.000
13.935 16.657 20.348 24.846 30.229 36.658 44.222 53.000 63.004 73.720 84.345 94.012 101.626 106.930 109.539 105.992 86.807 64.527 45.453 29.439 24.478 22.680 22.844 24.509 27.575 31.864 37.264 43.611 50.561 57.579 63.974 68.697 71.496 72.122 69.639 65.002 55.914 40.597 24.375 16.734 4.461 1.516 0.618 0.142 0.033 0.006 0.001 0.000 0.000 0.000
13.886 16.595 20.316 24.766 30.175 36.685 44.313 53.274 63.258 74.077 85.114 94.673 102.302 107.423 109.734 105.983 85.679 60.418 39.891 23.090 18.684 17.701 18.533 20.609 23.828 28.107 33.346 39.463 46.209 53.145 59.511 64.421 67.638 68.746 66.929 62.906 54.224 39.521 23.776 16.441 4.278 1.490 0.610 0.141 0.033 0.006 0.001 0.000 0.000 0.000
13.781 16.484 20.158 24.621 30.060 36.496 44.174 53.133 63.300 74.518 85.606 95.401 103.131 107.945 109.868 106.428 84.789 57.917 35.762 18.502 14.823 14.460 15.840 18.297 21.660 25.919 31.025 36.913 43.404 50.075 56.237 61.049 64.330 65.670 64.319 60.741 52.474 38.353 23.110 16.084 4.096 1.458 0.600 0.139 0.033 0.006 0.001 0.000 0.000 0.000
13.646 16.343 20.000 24.492 29.827 36.300 44.023 53.012 63.374 74.662 86.269 96.660 104.475 109.340 111.146 107.398 84.534 56.463 32.902 15.661 12.433 12.510 14.279 16.974 20.421 24.620 29.569 35.225 41.434 47.817 53.690 58.318 61.503 62.963 61.830 58.555 50.668 37.087 22.398 15.650 3.941 1.423 0.587 0.137 0.033 0.006 0.001 0.000 0.000 0.000
13.497 16.150 19.832 24.218 29.594 36.095 43.774 52.834 63.227 74.820 86.926 98.013 106.385 111.897 113.590 110.257 86.290 55.644 31.465 13.881 11.149 11.448 13.387 16.151 19.574 23.668 28.451 33.889 39.834 45.924 51.504 55.920 59.009 60.469 59.426 56.340 48.782 35.753 21.625 15.140 3.791 1.381 0.572 0.134 0.032 0.006 0.001 0.000 0.000 0.000
13.278 15.947 19.528 23.936 29.313 35.755 43.493 52.615 63.210 75.045 87.532 99.476 108.793 115.012 117.317 114.978 90.458 56.626 31.977 12.607 10.475 10.781 12.754 15.482 18.813 22.768 27.370 32.586 38.267 44.059 49.344 53.550 56.542 57.934 56.953 53.944 46.756 34.345 20.750 14.553 3.670 1.335 0.554 0.130 0.031 0.006 0.001 0.000 0.000 0.000
13.008 15.606 19.183 23.571 28.877 35.337 43.109 52.381 63.155 75.343 88.413 101.207 111.599 118.704 121.757 121.068 98.303 59.588 33.303 12.309 10.055 10.241 12.155 14.789 17.992 21.785 26.189 31.168 36.566 42.032 47.010 50.994 53.853 55.139 54.180 51.227 44.468 32.757 19.779 13.848 3.577 1.283 0.533 0.125 0.030 0.006 0.001 0.000 0.000 0.000
12.618 15.171 18.691 22.972 28.240 34.670 42.508 51.898 62.983 75.728 89.754 103.945 116.011 124.112 128.229 128.227 111.685 65.908 36.141 12.008 9.702 9.683 11.482 13.990 17.039 20.649 24.835 29.557 34.656 39.782 44.453 48.212 50.896 52.074 51.103 48.178 41.878 30.920 18.692 13.000 3.491 1.223 0.508 0.119 0.029 0.006 0.001 0.000 0.000 0.000
12.024 14.489 17.866 22.044 27.167 33.491 41.232 50.646 62.006 75.444 90.767 107.006 122.222 132.717 138.376 138.122 130.905 80.773 44.942 12.609 9.552 9.101 10.726 13.077 15.945 19.339 23.273 27.699 32.460 37.211 41.563 45.086 47.607 48.669 47.684 44.797 38.980 28.884 17.483 12.062 3.384 1.153 0.479 0.113 0.028 0.006 0.001 0.000 0.000 0.000
11.233 13.533 16.739 20.669 25.557 31.594 39.000 48.184 59.416 73.100 89.395 107.962 127.476 144.308 154.585 157.217 151.029 111.460 60.830 15.882 9.864 8.508 9.887 12.053 14.715 17.866 21.516 25.614 30.002 34.347 38.346 41.599 43.926 44.839 43.858 41.062 35.810 26.687 16.191 11.060 3.239 1.074 0.447 0.107 0.027 0.005 0.001 0.000 0.000 0.000
10.510 12.643 15.568 19.208 23.688 29.235 36.095 44.590 55.147 68.213 84.157 103.552 126.060 150.083 170.744 182.294 182.348 165.729 89.362 33.813 11.554 8.216 9.007 10.934 13.363 16.246 19.582 23.321 27.306 31.230 34.852 37.827 39.938 40.686 39.700 37.044 32.326 24.294 14.881 10.015 3.078 0.989 0.413 0.100 0.025 0.005 0.001 0.000 0.000 0.000
9.667 11.691 14.495 17.924 22.167 27.327 33.672 41.493 51.119 62.944 77.625 95.634 117.634 144.209 173.523 200.629 216.442 216.282 174.524 85.875 17.194 9.993 8.213 9.743 11.914 14.504 17.501 20.852 24.406 27.900 31.123 33.810 35.688 36.261 35.302 32.843 28.652 21.716 13.501 8.918 2.915 0.899 0.377 0.093 0.023 0.005 0.001 0.000 0.000 0.000
8.081 9.989 12.600 15.835 19.818 24.768 30.914 38.483 47.768 59.087 72.893 89.835 110.636 135.815 166.060 201.032 236.565 260.307 260.667 199.768 84.750 16.540 8.410 8.560 10.400 12.679 15.318 18.262 21.367 24.423 27.239 29.627 31.239 31.675 30.768 28.544 24.896 19.028 12.037 7.781 2.724 0.804 0.338 0.085 0.021 0.004 0.001 0.000 0.000 0.000
4.670 6.254 8.421 11.192 14.713 19.161 24.812 31.890 40.664 51.710 65.241 81.858 102.402 127.420 158.104 195.180 239.583 288.031 331.503 347.768 324.076 139.256 20.954 8.976 8.960 10.819 13.086 15.611 18.260 20.873 23.290 25.363 26.704 27.034 26.203 24.246 21.139 16.308 10.499 6.648 2.489 0.706 0.298 0.077 0.019 0.004 0.001 0.000 0.000 0.000
1.055 1.547 2.291 3.391 4.993 7.319 10.563 15.006 21.113 29.462 40.612 55.519 74.788 99.266 130.135 168.538 216.789 276.232 345.798 423.280 492.819 521.320 447.090 191.647 30.045 11.942 10.873 12.982 15.179 17.358 19.388 21.130 22.222 22.456 21.715 20.040 17.452 13.621 8.957 5.546 2.232 0.613 0.257 0.069 0.017 0.003 0.000 0.000 0.000 0.000
0.112 0.166 0.249 0.376 0.571 0.868 1.323 2.020 3.096 4.751 7.286 11.197 17.244 26.488 40.471 61.217 91.257 133.404 193.981 280.194 394.130 537.906 698.588 846.424 952.871 176.576 8.752 10.458 12.228 13.994 15.657 17.058 17.922 18.080 17.441 16.042 13.958 11.030 7.457 4.508 1.963 0.530 0.216 0.060 0.015 0.003 0.000 0.000 0.000 0.000
0.014 0.018 0.023 0.030 0.038 0.049 0.063 0.080 0.103 0.131 0.168 0.214 0.273 0.348 0.443 0.563 0.716 0.909 1.152 1.458 1.842 2.321 2.914 3.643 4.525 5.573 6.780 8.110 9.491 10.879 12.199 13.284 13.940 14.039 13.503 12.395 10.779 8.622 6.008 3.561 1.686 0.454 0.177 0.051 0.013 0.003 0.000 0.000 0.000 0.000
0.009 0.011 0.014 0.019 0.024 0.031 0.040 0.052 0.068 0.087 0.112 0.145 0.186 0.239 0.307 0.393 0.503 0.643 0.821 1.045 1.329 1.684 2.126 2.671 3.333 4.119 5.024 6.016 7.053 8.102 9.099 9.903 10.377 10.425 10.003 9.168 7.986 6.470 4.642 2.763 1.394 0.386 0.141 0.042 0.010 0.002 0.000 0.000 0.000 0.000
0.005 0.006 0.008 0.010 0.014 0.018 0.024 0.031 0.040 0.053 0.069 0.090 0.117 0.152 0.197 0.255 0.329 0.425 0.547 0.702 0.900 1.149 1.462 1.848 2.319 2.880 3.525 4.229 4.972 5.729 6.433 6.992 7.308 7.315 7.002 6.420 5.610 4.607 3.417 2.109 1.100 0.332 0.109 0.034 0.008 0.002 0.000 0.000 0.000 0.000
0.002 0.003 0.004 0.005 0.007 0.009 0.012 0.016 0.021 0.029 0.038 0.050 0.066 0.087 0.114 0.150 0.196 0.256 0.333 0.433 0.561 0.724 0.929 1.185 1.499 1.873 2.304 2.776 3.279 3.789 4.254 4.607 4.787 4.768 4.561 4.187 3.679 3.071 2.353 1.552 0.818 0.286 0.083 0.027 0.006 0.001 0.000 0.000 0.000 0.000
0.001 0.001 0.002 0.002 0.003 0.004 0.005 0.007 0.010 0.013 0.018 0.024 0.032 0.043 0.058 0.078 0.103 0.137 0.181 0.239 0.314 0.410 0.533 0.687 0.878 1.107 1.370 1.662 1.975 2.288 2.563 2.756 2.843 2.819 2.689 2.477 2.188 1.846 1.460 1.022 0.573 0.228 0.060 0.019 0.005 0.001 0.000 0.000 0.000 0.000
0.000 0.000 0.001 0.001 0.001 0.001 0.002 0.003 0.004 0.005 0.007 0.010 0.014 0.019 0.025 0.035 0.047 0.063 0.085 0.114 0.153 0.203 0.268 0.350 0.453 0.577 0.719 0.880 1.053 1.219 1.353 1.438 1.470 1.445 1.369 1.254 1.100 0.926 0.739 0.541 0.336 0.149 0.040 0.012 0.003 0.001 0.000 0.000 0.000 0.000
0.000 0.000 0.000 0.000 0.000 0.000 0.001 0.001 0.001 0.002 0.003 0.004 0.005 0.007 0.009 0.013 0.018 0.025 0.034 0.047 0.063 0.086 0.115 0.152 0.199 0.257 0.323 0.398 0.477 0.545 0.594 0.618 0.618 0.593 0.546 0.481 0.403 0.324 0.248 0.173 0.105 0.048 0.015 0.006 0.002 0.000 0.000 0.000 0.000 0.000
0.000 0.000 0.000 0.000 0.000 0.000 0.000 0.000 0.000 0.001 0.001 0.001 0.002 0.002 0.003 0.004 0.006 0.008 0.011 0.016 0.022 0.030 0.041 0.055 0.073 0.094 0.120 0.149 0.175 0.194 0.204 0.203 0.190 0.170 0.144 0.117 0.090 0.066 0.044 0.026 0.013 0.005 0.003 0.001 0.001 0.000 0.000 0.000 0.000 0.000
0.000 0.000 0.000 0.000 0.000 0.000 0.000 0.000 0.000 0.000 0.000 0.000 0.000 0.001 0.001 0.001 0.002 0.002 0.003 0.005 0.006 0.009 0.012 0.016 0.021 0.028 0.035 0.043 0.048 0.051 0.049 0.044 0.038 0.030 0.023 0.017 0.013 0.008 0.005 0.003 0.002 0.001 0.001 0.000 0.000 0.000 0.000 0.000 0.000 0.000
0.000 0.000 0.000 0.000 0.000 0.000 0.000 0.000 0.000 0.000 0.000 0.000 0.000 0.000 0.000 0.000 0.000 0.001 0.001 0.001 0.002 0.002 0.003 0.004 0.005 0.007 0.008 0.009 0.009 0.009 0.008 0.006 0.005 0.004 0.003 0.003 0.002 0.001 0.001 0.001 0.000 0.000 0.000 0.000 0.000 0.000 0.000 0.000 0.000 0.000
0.000 0.000 0.000 0.000 0.000 0.000 0.000 0.000 0.000 0.000 0.000 0.000 0.000 0.000 0.000 0.000 0.000 0.000 0.000 0.000 0.000 0.001 0.001 0.001 0.001 0.001 0.002 0.002 0.002 0.002 0.001 0.001 0.001 0.001 0.001 0.001 0.001 0.000 0.000 0.000 0.000 0.000 0.000 0.000 0.000 0.000 0.000 0.000 0.000 0.000
0.000 0.000 0.000 0.000 0.000 0.000 0.000 0.000 0.000 0.000 0.000 0.000 0.000 0.000 0.000 0.000 0.000 0.000 0.000 0.000 0.000 0.000 0.000 0.000 0.000 0.000 0.000 0.000 0.000 0.000 0.000 0.000 0.000 0.000 0.000 0.000 0.000 0.000 0.000 0.000 0.000 0.000 0.000 0.000 0.000 0.000 0.000 0.000 0.000 0.000
0.000 0.000 0.000 0.000 0.000 0.000 0.000 0.000 0.000 0.000 0.000 0.000 0.000 0.000 0.000 0.000 0.000 0.000 0.000 0.000 0.000 0.000 0.000 0.000 0.000 0.000 0.000 0.000 0.000 0.000 0.000 0.000 0.000 0.000 0.000 0.000 0.000 0.000 0.000 0.000 0.000 0.000 0.000 0.000 0.000 0.000 0.000 0.000 0.000 0.000
0.000 0.000 0.000 0.000 0.000 0.000 0.000 0.000 0.000 0.000 0.000 0.000 0.000 0.000 0.000 0.000 0.000 0.000 0.000 0.000 0.000 0.000 0.000 0.000 0.000 0.000 0.000 0.000 0.000 0.000 0.000 0.000 0.000 0.000 0.000 0.000 0.000 0.000 0.000 0.000 0.000 0.000 0.000 0.000 0.000 0.000 0.000 0.000 0.000 0.000
0.000 0.000 0.000 0.000 0.000 0.000 0.000 0.000 0.000 0.000 0.000 0.000 0.000 0.000 0.000 0.000 0.000 0.000 0.000 0.000 0.000 0.000 0.000 0.000 0.000 0.000 0.000 0.000 0.000 0.000 0.000 0.000 0.000 0.000 0.000 0.000 0.000 0.000 0.000 0.000 0.000 0.000 0.000 0.000 0.000 0.000 0.000 0.000 0.000 0.000
0.000 0.000 0.000 0.000 0.000 0.000 0.000 0.000 0.000 0.000 0.000 0.000 0.000 0.000 0.000 0.000 0.000 0.000 0.000 0.000 0.000 0.000 0.000 0.000 0.000 0.000 0.000 0.000 0.000 0.000 0.000 0.000 0.000 0.000 0.000 0.000 0.000 0.000 0.000 0.000 0.000 0.000 0.000 0.000 0.000 0.000 0.000 0.000 0.000 0.000
0.000 0.000 0.000 0.000 0.000 0.000 0.000 0.000 0.000 0.000 0.000 0.000 0.000 0.000 0.000 0.000 0.000 0.000 0.000 0.000 0.000 0.000 0.000 0.000 0.000 0.000 0.000 0.000 0.000 0.000 0.000 0.000 0.000 0.000 0.000 0.000 0.000 0.000 0.000 0.000 0.000 0.000 0.000 0.000 0.000 0.000 0.000 0.000 0.000 0.000
0.000 0.000 0.000 0.000 0.000 0.000 0.000 0.000 0.000 0.000 0.000 0.000 0.000 0.000 0.000 0.000 0.000 0.000 0.000 0.000 0.000 0.000 0.000 0.000 0.000 0.000 0.000 0.000 0.000 0.000 0.000 0.000 0.000 0.000 0.000 0.000 0.000 0.000 0.000 0.000 0.000 0.000 0.000 0.000 0.000 0.000 0.000 0.000 0.000 0.000
0.000 0.000 0.000 0.000 0.000 0.000 0.000 0.000 0.000 0.000 0.000 0.000 0.000 0.000 0.000 0.000 0.000 0.000 0.000 0.000 0.000 0.000 0.000 0.000 0.000 0.000 0.000 0.000 0.000 0.000 0.000 0.000 0.000 0.000 0.000 0.000 0.000 0.000 0.000 0.000 0.000 0.000 0.000 0.000 0.000 0.000 0.000 0.000 0.000 0.000
0.000 0.000 0.000 0.000 0.000 0.000 0.000 0.000 0.000 0.000 0.000 0.000 0.000 0.000 0.000 0.000 0.000 0.000 0.000 0.000 0.000 0.000 0.000 0.000 0.000 0.000 0.000 0.000 0.000 0.000 0.000 0.000 0.000 0.000 0.000 0.000 0.000 0.000 0.000 0.000 0.000 0.000 0.000 0.000 0.000 0.000 0.000 0.000 0.000 0.000
0.000 0.000 0.000 0.000 0.000 0.000 0.000 0.000 0.000 0.000 0.000 0.000 0.000 0.000 0.000 0.000 0.000 0.000 0.000 0.000 0.000 0.000 0.000 0.000 0.000 0.000 0.000 0.000 0.000 0.000 0.000 0.000 0.000 0.000 0.000 0.000 0.000 0.000 0.000 0.000 0.000 0.000 0.000 0.000 0.000 0.000 0.000 0.000 0.000 0.000
0.000 0.000 0.000 0.000 0.000 0.000 0.000 0.000 0.000 0.000 0.000 0.000 0.000 0.000 0.000 0.000 0.000 0.000 0.000 0.000 0.000 0.000 0.000 0.000 0.000 0.000 0.000 0.000 0.000 0.000 0.000 0.000 0.000 0.000 0.000 0.000 0.000 0.000 0.000 0.000 0.000 0.000 0.000 0.000 0.000 0.000 0.000 0.000 0.000 0.000
0.000 0.000 0.000 0.000 0.000 0.000 0.000 0.000 0.000 0.000 0.000 0.000 0.000 0.000 0.000 0.000 0.000 0.000 0.000 0.000 0.000 0.000 0.000 0.000 0.000 0.000 0.000 0.000 0.000 0.000 0.000 0.000 0.000 0.000 0.000 0.000 0.000 0.000 0.000 0.000 0.000 0.000 0.000 0.000 0.000 0.000 0.000 0.000 0.000 0.000
0.000 0.000 0.000 0.000 0.000 0.000 0.000 0.000 0.000 0.000 0.000 0.000 0.000 0.000 0.000 0.000 0.000 0.000 0.000 0.000 0.000 0.000 0.000 0.000 0.000 0.000 0.000 0.000 0.000 0.000 0.000 0.000 0.000 0.000 0.000 0.000 0.000 0.000 0.000 0.000 0.000 0.000 0.000 0.000 0.000 0.000 0.000 0.000 0.000 0.000
0.000 0.000 0.000 0.000 0.000 0.000 0.000 0.000 0.000 0.000 0.000 0.000 0.000 0.000 0.000 0.000 0.000 0.000 0.000 0.000 0.000 0.000 0.000 0.000 0.000 0.000 0.000 0.000 0.000 0.000 0.000 0.000 0.000 0.000 0.000 0.000 0.000 0.000 0.000 0.000 0.000 0.000 0.000 0.000 0.000 0.000 0.000 0.000 0.000 0.000
