tests/test_03/output6/CloudConcentration_010.00hrs.dat
NCOLS    50
NROWS    50
XLLCORNER    -2289770.000
YLLCORNER     2591270.000
CELLSIZE        2000.000       2000.000
NODATA_VALUE  0.000
[rows 0 to 37 of 50, columns 0 to 49 of 50]
18957.861 22595.428 27450.041 33307.473 40350.637 48779.000 58797.598 70603.203 84337.688 100028.102 117441.039 135927.547 154323.453 169945.438 179986.484 187705.141 189139.438 188028.281 186080.688 190180.938 194084.625 187066.578 179047.031 173275.547 172847.344 162169.672 146464.969 130949.789 116150.000 103120.484 92514.578 82600.555 73998.219 66812.289 63016.719 61746.383 60726.094 58749.691 56036.785 52668.625 48781.496 44440.020 39583.883 34597.836 30187.549 25057.191 19245.844 11931.420 7116.171 3445.994
19740.678 23558.615 28660.625 34819.973 42230.848 51103.688 61659.758 74114.711 88614.281 105183.977 123585.109 143146.609 162660.750 179249.297 190003.562 198226.281 199500.094 198754.484 197286.438 204301.656 208850.766 200904.703 192506.172 191617.578 191367.188 176734.500 159545.141 142959.844 127872.969 114957.633 102244.000 90094.297 79861.312 71634.750 65442.809 62451.777 61797.836 60932.949 59003.582 56017.105 52496.859 48337.027 43601.414 39022.844 34444.938 28879.215 22297.482 14294.422 8776.474 4289.610
20463.514 24499.871 29911.971 36467.387 44376.688 53863.633 65156.664 78448.500 93906.992 111547.625 131147.703 151980.594 172772.734 190393.406 201841.781 210268.203 210963.406 210081.750 212512.578 221980.359 225216.578 217533.219 208244.266 214516.328 213476.281 195377.000 176494.375 159366.203 145089.672 129795.328 112762.930 96836.500 84463.984 75005.508 67900.031 63472.836 62126.453 61765.340 61189.629 59670.230 56692.977 52987.176 48288.176 44298.680 39580.906 33756.988 26205.125 17396.152 11020.339 5432.938
20633.184 24743.984 30272.965 36996.914 45143.555 54968.855 66732.305 80677.547 96952.445 115530.148 136080.562 157821.922 179390.719 197577.547 209949.297 218974.953 219409.406 218452.188 227348.141 237609.469 239962.719 231131.844 233242.266 238879.000 230362.234 213590.672 194357.062 180636.047 163688.234 142612.094 121034.828 103553.773 89561.219 78836.594 70547.008 64856.457 62239.207 61853.762 61641.211 61108.902 59794.863 56740.223 53313.031 49543.387 44793.105 38691.520 30363.947 20876.352 13753.336 6817.456
20648.807 24770.936 30321.541 37079.711 45283.750 55195.875 67097.242 81253.352 97854.703 116917.281 138083.422 160462.141 182375.266 200277.547 213216.031 222267.812 223332.969 223536.781 240071.516 252207.297 254596.625 245710.328 259086.922 264895.438 250411.812 229529.578 220219.656 202998.859 181102.047 153636.266 130002.219 110646.688 94915.617 82875.383 73429.984 66561.281 62747.102 61817.629 61685.996 61472.988 60940.422 60077.816 57930.422 54220.250 49493.355 43061.707 34574.398 24664.686 17013.562 8421.762
20441.957 24561.051 30110.570 36871.668 45083.051 55010.664 66930.562 81094.109 97691.156 116738.070 137921.734 160321.359 182077.438 199187.719 212125.016 219896.172 221460.297 221987.375 248109.312 261711.922 264076.500 257506.828 282269.000 290043.375 270627.188 249566.375 243905.062 226619.484 194589.703 165211.578 139437.484 118021.711 100233.508 86879.570 76433.547 68469.734 63286.754 61356.199 61526.840 61504.070 61424.832 61304.676 60635.617 57467.387 52940.848 46774.164 38680.750 28598.146 20847.213 10159.979
19893.775 23936.193 29393.301 36057.074 44168.730 53997.762 65824.398 79913.383 96434.391 115376.766 136362.203 158486.266 179813.047 196172.406 208719.656 214802.641 216386.266 223283.219 252474.266 266872.250 268961.094 274392.156 302339.500 311159.344 287175.156 282239.562 270659.250 245483.266 208815.984 177568.328 147926.188 128019.266 108551.867 93496.141 81704.141 72929.703 66316.805 61294.688 60722.461 61304.086 61540.359 61566.629 61384.227 59506.359 55530.809 50078.934 42495.523 33413.480 25181.619 12158.294
19175.361 23105.986 28421.338 34924.500 42856.562 52487.328 64108.426 77998.922 94370.648 113231.102 134190.453 156216.391 177153.625 192666.000 204197.953 208977.719 209986.188 225951.219 254722.328 269055.281 270197.500 289764.750 319628.531 329659.188 305715.219 318177.781 301203.406 262693.188 224301.562 190123.344 166756.172 139776.078 117601.703 100343.203 87278.445 77897.398 70917.750 65530.992 61063.707 60262.250 61413.293 61635.723 61628.109 60931.250 57593.984 52892.918 45946.594 38466.105 29893.188 14508.097
18241.424 22010.229 27114.480 33372.188 41020.816 50332.465 61598.367 75110.727 91094.305 109608.445 130330.039 152322.297 173552.203 189427.453 200804.438 204942.484 205737.484 226802.953 255985.406 269885.438 270423.656 303836.219 334501.125 342961.125 325583.531 349335.031 327374.906 281597.000 238708.375 216256.594 182040.594 151036.484 123748.664 103487.641 89609.773 80171.547 73381.305 68029.492 63299.809 60565.184 60545.578 61470.617 61664.656 61451.352 59213.551 55156.359 49016.742 43086.043 34622.680 17230.953
17133.584 20699.475 25537.596 31480.656 38762.762 47649.969 58434.348 71403.883 86794.539 104676.922 124784.133 146240.344 167251.703 183515.062 195197.297 199927.156 201018.312 226539.344 256540.125 271142.938 272424.156 316972.375 348142.062 352620.625 363750.062 383755.219 345519.000 302450.531 274521.094 236446.422 196492.062 156728.812 126576.531 105508.211 90989.578 81179.977 74211.859 68743.094 63936.246 60827.324 60047.902 60877.934 61477.602 61521.184 60405.238 56831.488 51446.402 46706.672 39015.887 20379.646
15884.469 19216.607 23747.213 29325.836 36178.840 44564.637 54767.953 67075.930 81729.148 98820.312 118119.930 138813.578 159269.797 175416.094 186982.234 192057.609 193327.703 221295.188 253545.188 269499.469 271242.625 327905.188 361815.750 364181.000 400632.438 419489.438 360257.406 342372.906 305121.375 256136.734 203138.391 160845.484 129004.344 107014.531 91989.867 81879.430 74741.445 69153.625 64315.465 60919.250 59966.879 59973.645 61105.148 61455.367 60888.051 58037.102 54503.871 50126.469 43188.074 23833.428
14526.706 17600.465 21790.232 26960.938 33329.297 41141.613 50677.742 62221.750 76025.312 92210.570 110600.578 130449.227 150289.266 166255.172 177527.562 182707.031 184005.891 212384.547 246147.844 263441.750 266816.188 336150.469 373507.062 375128.344 436786.531 439461.312 374756.031 390593.031 331623.562 266625.281 208822.203 164161.672 138242.719 114996.062 97696.359 85634.117 77577.359 71815.984 66946.766 62714.996 59555.113 59526.945 61031.426 61618.758 61571.348 59553.863 56765.223 52918.805 46878.496 27325.492
13107.465 15906.029 19728.549 24456.422 30291.977 37466.477 46250.305 56923.434 69758.656 84909.352 102281.406 121246.695 140473.625 156464.812 167508.703 173002.922 174329.250 201787.594 236653.906 254374.234 258283.641 337767.625 382501.594 384951.219 476971.219 465421.656 423504.719 427482.344 351636.531 273907.594 217932.438 188681.141 152992.641 123347.031 104405.047 92419.281 84317.680 77941.859 72859.117 68674.938 64670.406 60862.148 60556.195 61562.816 61694.492 59982.176 57338.098 54051.773 48901.672 31275.012
11674.213 14190.723 17632.459 21899.564 27173.918 33677.465 41657.859 51388.652 63137.000 77099.719 93276.164 111194.984 129724.859 145857.656 156625.625 162856.469 164272.578 190040.281 225481.469 243811.281 248000.719 335755.594 385204.250 398190.344 517522.375 503410.125 489296.250 459809.531 360740.250 283952.938 258041.625 207475.906 158257.203 127719.992 108612.430 96837.891 88351.773 81813.945 76820.164 72573.922 68259.609 64391.258 61185.180 61221.754 61606.254 60248.395 57711.512 54494.270 49781.375 36136.910
10273.611 12507.526 15563.196 19361.145 24063.086 29885.762 37048.895 45831.289 56465.281 69179.930 83999.688 100660.812 118237.969 134466.859 144874.750 152082.641 153619.359 177020.516 212833.938 231579.453 236571.344 326569.469 384701.000 408434.125 556022.188 555767.625 544286.000 476724.312 370765.781 343171.188 285523.125 213082.891 158934.062 126900.031 109066.031 97522.969 88943.430 82776.992 78280.227 74107.680 69578.703 65982.805 63660.066 61895.324 61276.578 60308.109 57959.504 54791.621 50438.844 40691.496
8930.311 10893.114 13586.073 16933.207 21092.965 26255.088 32641.730 40504.012 50076.242 61579.691 75057.945 90325.656 106621.195 122354.531 133254.125 141026.484 142623.297 162297.219 199402.922 217668.750 223073.516 310163.406 380497.031 413693.406 581499.938 642026.188 586183.812 486631.969 435232.031 394623.594 292015.125 205135.906 153460.281 123780.266 107321.305 95994.945 87754.805 82010.344 77754.570 73494.992 68930.641 65676.516 63728.902 62994.250 62097.633 60176.121 58099.383 54947.074 50943.312 44350.984
7550.863 9237.326 11561.338 14455.663 18074.738 22577.381 28199.803 35167.832 43795.238 54292.777 66825.266 81184.234 96743.898 112159.664 123996.023 131756.688 133485.828 145981.750 185249.297 203437.672 208447.797 287285.031 372117.000 418764.188 595359.625 772089.812 608278.688 543090.938 519535.312 405706.219 276514.125 201624.156 160744.609 137163.219 118770.656 104427.688 94396.180 89407.781 85193.750 79257.477 72198.742 65059.246 63353.090 62991.754 62132.426 61036.871 58751.340 55010.922 51277.000 46908.016
6153.889 7558.896 9497.891 11926.437 14969.888 18776.520 23544.648 29494.242 36929.500 46133.938 57461.359 70918.852 86183.906 101922.398 115514.227 123370.984 126879.211 128963.414 169832.547 195634.469 200416.000 264461.219 356994.250 418143.938 605642.562 915404.688 626356.375 657111.500 556969.625 383002.062 301499.656 232275.672 185703.156 150047.219 126880.508 114773.094 108879.102 103731.906 96173.172 87487.320 78875.164 71403.594 65331.551 62625.801 61777.047 60882.703 59040.473 55927.797 52299.031 49103.652
4781.039 5907.109 7455.779 9421.202 11877.291 14988.827 18874.098 23785.701 29910.664 37622.309 47181.359 59037.871 73235.188 89308.250 105338.352 116275.008 122092.977 122617.367 152212.469 190626.828 202250.469 250340.203 338464.938 407220.438 612451.750 1042959.062 769970.500 779435.188 536528.062 448593.125 341007.906 250838.859 188912.641 149884.516 130063.289 120510.820 115054.023 108525.672 99709.969 90006.711 81108.469 73944.156 68111.383 63986.910 61321.230 60524.621 58663.066 55671.207 52640.363 50110.703
3520.476 4373.577 5547.736 7056.177 8941.562 11362.030 14380.336 18252.885 23070.340 29243.730 36892.797 46643.945 58556.500 73344.773 90097.695 107641.508 116972.422 121371.539 132065.750 178234.109 209407.547 236074.125 329821.375 375332.719 614600.000 1146495.375 934777.125 797892.688 640170.000 500237.969 351107.188 219763.797 164618.000 137865.281 124744.195 117976.797 112274.758 103186.242 93388.336 84639.602 77154.172 72385.297 69045.508 66561.680 62573.070 60058.523 58084.613 55196.160 52315.699 49852.312
2507.622 3112.908 3958.514 5033.102 6401.468 8145.256 10363.688 13182.845 16767.209 21323.025 27109.061 34452.277 43735.559 55389.840 69722.750 86638.938 104603.227 115304.781 117847.055 150817.984 195848.953 215233.703 314088.719 365171.656 606520.688 1216893.125 1090463.000 865085.625 745312.125 476540.906 291054.625 220129.094 172315.531 153520.375 148889.969 144296.516 132348.078 117186.312 101770.484 88000.117 76526.594 70089.156 67622.609 65746.469 63603.379 60718.375 57314.625 54659.516 51842.441 49426.020
1736.881 2193.605 2832.072 3645.850 4663.147 5947.521 7547.973 9587.804 12120.357 15362.686 19375.117 24551.041 30955.699 39329.863 49667.734 62987.520 78414.602 96002.070 107609.680 111202.531 167296.969 222065.031 287449.562 392709.438 600055.500 1298584.500 1096834.125 1081038.125 681240.688 436887.219 319061.938 236877.484 203911.891 189459.094 175759.625 160725.734 141506.969 122283.539 105425.750 91639.922 80625.328 72240.555 66355.164 64410.844 62565.945 60257.121 57814.121 53956.039 51323.555 48883.805
844.748 1129.899 1553.224 2103.644 2840.541 3782.374 5013.920 6572.783 8619.622 11191.535 14543.879 18689.361 23980.152 30285.061 38207.023 47550.684 59492.473 73385.555 89605.734 103197.234 107604.805 162805.812 214975.641 373999.312 580512.438 1572487.250 1490755.250 998492.312 668045.625 424660.562 254484.172 222632.328 208158.578 187273.469 162295.188 138313.891 119210.094 105085.773 93871.625 85586.586 79082.258 74465.859 68176.477 63241.922 61079.152 59223.121 56484.539 54190.699 50622.359 48206.832
169.138 244.469 365.051 546.999 814.650 1216.034 1803.187 2637.123 3794.949 5382.902 7544.468 10449.475 14382.496 19619.141 26531.260 35387.820 46592.648 60480.273 77781.469 97186.180 117841.219 130861.992 152254.250 215162.734 457835.469 1796090.000 1518991.000 910698.688 407656.250 375440.938 333259.250 296539.500 260664.422 224672.797 190960.859 160063.156 133366.188 110431.789 91741.180 77744.453 73812.812 71406.992 69099.570 65248.109 59602.395 57767.562 55207.789 53057.285 50950.254 47522.117
15.293 22.928 35.406 55.314 85.483 133.452 206.378 321.984 498.229 776.889 1202.759 1874.551 2903.404 4522.935 7006.404 10898.992 16667.383 25101.672 36858.113 53983.434 78079.297 109307.656 146108.281 184045.375 233559.234 901101.188 1034410.375 636833.625 536908.375 453620.688 371559.156 293863.844 228689.406 175603.891 137086.938 118762.312 104831.023 95275.953 87411.555 79409.031 71741.977 68417.766 66058.234 63129.262 60306.246 56125.762 53855.426 52185.582 49764.680 47547.797
0.000 0.000 0.000 0.000 0.000 0.000 0.000 0.000 0.000 0.000 0.000 0.000 0.000 0.000 0.000 0.000 0.000 0.000 0.000 0.000 0.000 2.168 133.708 10461.755 147727.922 431550.094 339027.469 295546.500 232575.812 216934.969 176832.312 134499.797 129957.109 123294.352 113332.070 97688.625 84147.117 82513.992 80896.609 78577.711 72331.133 65785.398 62745.402 60545.734 57802.023 55623.512 52591.625 51156.055 48656.879 46332.141
0.000 0.000 0.000 0.000 0.000 0.000 0.000 0.000 0.000 0.000 0.000 0.000 0.000 0.000 0.000 0.000 0.000 0.000 0.000 0.000 0.468 28.789 1553.277 44137.301 162133.688 386355.562 272249.094 232414.766 230795.797 174330.688 173347.141 154937.109 123716.414 109317.961 107275.883 102265.609 93909.102 82141.984 77236.219 73813.406 70939.273 66350.797 60039.016 57465.664 55247.566 53212.617 51349.844 50015.836 47355.574 44914.332
0.000 0.000 0.000 0.000 0.000 0.000 0.000 0.000 0.000 0.000 0.000 0.000 0.000 0.000 0.000 0.000 0.000 0.000 0.000 0.000 5.175 236.844 10146.699 56576.285 172909.953 352294.312 232940.328 214950.672 177127.172 171594.438 131398.312 132851.797 125087.234 103528.312 89255.172 88038.117 85082.617 78584.719 70114.156 66197.008 63741.641 61615.590 57622.309 54435.891 53051.605 51798.641 50356.203 48726.203 45910.062 43324.578
0.000 0.000 0.000 0.000 0.000 0.000 0.000 0.000 0.000 0.000 0.000 0.000 0.000 0.000 0.000 0.000 0.000 0.000 0.000 0.821 36.315 1681.613 21463.838 56782.062 159462.750 315935.500 209887.969 185642.281 151495.891 146326.016 128175.977 98740.656 102946.875 98176.898 83142.773 74516.250 73618.758 71061.266 65671.477 60081.105 58858.918 57122.211 55416.984 52377.070 51707.590 50697.715 49581.777 47332.652 44291.430 41599.434
0.000 0.000 0.000 0.000 0.000 0.000 0.000 0.000 0.000 0.000 0.000 0.000 0.000 0.000 0.000 0.000 0.000 0.000 0.000 5.626 188.360 6119.126 22655.945 66542.383 123290.656 276401.594 191282.125 159030.469 144630.312 117072.438 115450.586 93083.648 84494.844 84867.094 79766.234 67308.883 65450.555 64663.738 61491.262 56660.449 54913.449 53887.461 52886.168 50872.363 50395.320 49492.781 48239.766 45673.582 42516.617 39798.219
0.000 0.000 0.000 0.000 0.000 0.000 0.000 0.000 0.000 0.000 0.000 0.000 0.000 0.000 0.000 0.000 0.000 0.000 0.777 30.060 1031.478 9564.748 21837.189 63878.941 103657.797 227760.938 174541.531 135375.859 128831.188 103731.375 104623.773 91922.969 75245.891 75484.336 72086.617 64763.672 59836.832 59437.133 58190.176 54250.398 52215.586 51837.809 51215.074 49648.867 49127.949 48137.438 46655.395 44512.914 40676.438 37861.164
0.000 0.000 0.000 0.000 0.000 0.000 0.000 0.000 0.000 0.000 0.000 0.000 0.000 0.000 0.000 0.000 0.000 0.000 4.117 125.433 3103.872 9097.525 24308.807 53322.789 93920.188 180371.875 162087.406 125442.953 118113.781 93080.828 96763.320 90498.320 70077.930 70440.789 68113.688 62952.461 56324.121 56174.070 55665.438 52462.773 50698.496 50534.816 50117.945 48723.496 47648.656 46584.070 44848.914 42868.762 38736.750 35885.707
0.000 0.000 0.000 0.000 0.000 0.000 0.000 0.000 0.000 0.000 0.000 0.000 0.000 0.000 0.000 0.000 0.000 0.562 19.038 552.033 4012.847 9180.497 23092.740 44968.816 86154.086 145300.219 147331.125 118213.734 111542.789 85225.078 89177.719 84496.281 70152.891 66657.938 65748.992 61374.184 54235.418 54199.988 53849.934 51500.047 49522.059 49327.258 48850.504 47770.504 46037.844 44703.367 42740.363 40477.547 37236.066 33589.988
0.000 0.000 0.000 0.000 0.000 0.000 0.000 0.000 0.000 0.000 0.000 0.000 0.000 0.000 0.000 0.000 0.000 2.564 85.757 1410.846 3614.282 9572.580 20409.744 41263.859 74775.906 120626.070 130855.031 110729.727 106126.336 81398.461 83274.805 78781.953 67065.766 63026.598 62878.027 59241.996 52316.785 52316.426 52029.242 50279.125 48079.980 47837.750 47232.070 46348.883 44013.738 42461.660 40369.266 37973.707 35168.047 31844.604
0.000 0.000 0.000 0.000 0.000 0.000 0.000 0.000 0.000 0.000 0.000 0.000 0.000 0.000 0.000 0.000 0.380 11.542 350.563 1672.308 3951.559 8792.689 17247.787 38193.590 63181.715 97286.133 114788.859 101569.656 98899.281 79168.828 79661.016 74816.562 63469.930 60064.898 59916.672 56641.570 50841.879 50495.527 50270.762 48860.375 46377.676 46011.020 45220.168 44269.430 41723.340 40005.520 37824.781 35323.320 32513.676 29802.568
0.000 0.000 0.000 0.000 0.000 0.000 0.000 0.000 0.000 0.000 0.000 0.000 0.000 0.000 0.000 0.000 1.668 59.331 665.432 1492.756 3919.685 7560.488 16081.138 34090.844 50400.422 78354.586 97829.703 91680.953 90437.750 76147.773 76919.609 72316.305 60886.520 58022.461 57798.992 54553.320 49205.629 48687.023 48432.348 47199.992 44248.750 43728.344 42839.805 41839.727 39744.469 37481.949 35114.730 32550.945 29785.422 27467.613
0.000 0.000 0.000 0.000 0.000 0.000 0.000 0.000 0.000 0.000 0.000 0.000 0.000 0.000 0.000 0.244 6.746 189.776 691.802 1616.923 3345.239 6691.280 14632.469 29590.002 39462.988 63600.012 80900.273 81854.602 81431.336 70700.375 72319.133 68809.188 58978.434 55713.793 55614.023 52594.910 47492.504 46332.688 46025.430 45017.332 41997.875 41127.449 40244.289 39135.305 37415.715 34733.570 32288.398 29715.588 27018.232 24779.895
0.000 0.000 0.000 0.000 0.000 0.000 0.000 0.000 0.000 0.000 0.000 0.000 0.000 0.000 0.000 1.061 32.921 294.820 652.049 1541.142 2861.606 6282.733 13327.652 24612.539 33214.742 52937.465 65150.328 71380.523 72033.227 63951.840 66076.789 63626.898 55959.992 51901.383 51989.777 49434.336 45046.133 43350.469 43088.488 42335.527 39603.363 38379.281 37467.672 36229.148 34790.652 31732.770 29426.777 26860.152 24247.430 22107.842
