tests/test_03/output6/CloudLoad_005.00hrs.dat
NCOLS    50
NROWS    50
XLLCORNER    -2289770.000
YLLCORNER     2591270.000
CELLSIZE        2000.000       2000.000
NODATA_VALUE  0.000
[rows 0 to 36 of 50, columns 0 to 49 of 50]
0.000 0.000 0.000 0.000 0.000 0.000 0.000 0.677 4.572 29.290 179.561 1063.525 6148.170 28439.576 61793.292 99289.409 139052.739 179335.795 220427.065 258936.007 290090.574 310247.377 320353.103 331445.775 334097.427 323229.925 300194.575 274544.097 242697.623 208738.919 176716.979 144837.204 114515.548 87776.289 62217.997 41000.850 24581.964 12719.286 4799.789 1017.893 161.207 28.502 5.385 1.143 0.253 0.000 0.000 0.000 0.000 0.000
0.000 0.000 0.000 0.000 0.000 0.000 0.588 4.007 26.253 167.444 1035.299 6907.873 31502.417 68162.246 108109.794 150148.620 193680.100 236730.622 281881.664 323951.732 357257.566 376995.381 387821.385 400190.837 401762.480 390492.866 364989.177 335017.216 297734.298 258127.396 219843.880 184089.469 150737.078 119318.490 90967.758 65455.650 44098.244 26639.350 13194.238 4590.256 892.559 134.412 24.743 5.376 1.288 0.321 0.000 0.000 0.000 0.000
0.000 0.000 0.000 0.000 0.000 0.569 3.894 25.905 169.828 1094.861 7486.719 33509.043 71840.784 113995.035 159350.220 207415.831 256387.531 307973.361 357508.525 403355.636 441482.559 461953.055 472647.049 486542.416 487428.554 472884.113 445814.569 410327.422 365625.488 319024.145 273702.266 231064.302 193355.644 158439.075 125725.139 96083.196 70074.888 48042.492 29096.190 14268.260 4461.828 793.349 125.021 24.261 5.635 1.502 0.461 0.000 0.000 0.000
0.000 0.000 0.000 0.000 0.549 3.753 25.138 168.202 1132.872 8044.311 34498.598 72873.924 115625.420 162235.169 210616.006 261523.392 317055.217 373746.175 428132.786 476236.753 520439.070 545573.070 553930.456 567538.280 565035.651 545004.024 517671.714 477456.827 426859.126 374755.572 323835.705 277909.528 235736.947 197902.719 162890.182 129818.177 100007.177 74200.190 51383.285 31081.224 14985.590 4192.568 720.896 115.354 23.212 5.778 1.924 0.763 0.208 0.000
0.000 0.000 0.000 0.530 3.614 24.333 164.537 1165.145 8188.721 33329.285 70444.646 111618.035 157332.066 206122.295 257199.559 311164.976 369883.935 430820.316 487329.685 533703.905 582569.535 612728.228 618792.915 632095.799 631525.117 605009.144 581197.069 534947.421 478279.984 419823.860 364061.397 314645.178 270679.800 232663.613 197767.235 164013.311 132121.900 103401.096 77411.590 53895.653 32321.126 14999.731 3946.949 648.584 104.014 21.414 5.901 2.230 0.887 0.000
0.000 0.000 0.510 3.472 23.584 162.159 1189.583 7932.400 30500.547 63274.034 100492.496 142751.256 188691.546 237814.255 290333.679 346165.310 404276.092 463918.524 517491.614 564078.732 617071.645 658345.341 669888.245 686175.796 693803.725 667987.552 634294.197 588841.260 527924.671 463175.745 401993.334 346673.692 298131.776 257390.521 222358.450 192313.809 162789.242 133449.727 106000.418 79702.589 55172.571 32803.198 14787.736 3683.539 571.291 91.540 18.342 4.806 1.543 0.264
0.000 0.483 3.311 22.672 159.806 1173.063 7344.896 26987.274 55213.310 87930.230 124801.050 165643.583 209150.085 255138.647 305385.096 358998.053 416857.625 476711.532 531191.184 578414.684 632839.218 684038.525 707255.582 728149.771 736059.500 714513.578 681127.110 631868.141 564405.389 494535.788 429126.276 371268.585 320470.109 278007.570 240932.884 210095.826 183657.361 159338.067 133903.782 106396.655 80069.689 54547.844 32378.365 14134.881 3364.929 492.132 77.665 14.174 2.863 0.426
0.465 3.135 21.660 154.507 1106.669 6588.488 23252.836 47463.703 75272.015 105694.444 138402.070 174265.022 214705.289 259200.752 308366.908 361467.462 420170.738 481804.065 534840.224 580798.744 634297.118 689460.611 723604.942 760058.741 770892.246 759414.254 718496.117 664583.204 589627.634 513578.272 445488.196 384133.367 333087.676 292540.638 256978.944 225371.063 198305.323 175076.954 153971.362 131283.157 104904.951 77800.189 52455.480 30819.047 13214.390 2967.525 422.280 66.124 10.888 1.923
3.166 20.858 144.970 1005.459 5714.389 19659.185 40106.753 62444.012 86111.885 111627.003 140471.067 173758.842 212755.318 257458.049 307161.330 359578.542 417122.030 476750.129 528817.155 575489.655 626885.185 687921.158 733306.349 790078.593 800981.565 804462.983 760177.316 703967.170 614991.679 534002.173 454026.613 387627.614 334136.671 293335.877 260201.148 232973.323 209344.251 187518.774 167336.862 147033.226 124601.333 99796.997 73247.239 49096.484 28240.187 11942.118 2527.286 361.726 57.262 10.515
20.216 132.452 896.417 4834.308 16548.415 32874.093 50050.358 68125.783 88323.216 111289.850 137662.922 169079.282 206725.222 249593.723 297299.979 349808.353 408694.990 467905.878 518108.836 566991.253 619253.214 685509.104 740358.788 814982.985 838910.742 855632.003 802963.071 746823.412 646272.512 551551.627 463557.256 389650.329 333048.603 291823.404 258064.946 231688.797 210375.552 193735.308 177568.678 159212.240 138510.193 115827.028 91688.241 67156.133 44174.854 24972.173 10331.729 2070.930 297.095 55.298
118.817 772.738 4002.790 13572.378 26068.993 39038.957 52905.005 68804.551 86140.304 106160.802 130351.556 159689.180 195217.358 236244.046 282555.044 333540.260 391174.287 453450.906 506239.985 556869.799 610368.772 681850.923 746806.575 836406.860 877366.515 911226.519 844962.877 798929.933 680834.558 574079.155 472944.135 392848.338 331766.852 287593.082 253324.210 227411.147 207855.677 193643.194 180978.746 166354.859 148793.957 128525.398 105889.721 82553.480 59682.532 38507.464 21182.549 8556.408 1581.716 276.280
648.053 3240.334 10678.448 20078.664 29690.528 40637.573 52471.522 64974.683 79887.241 98160.453 120731.869 148435.431 182263.279 221622.496 266238.084 315367.122 370554.707 431908.608 486648.432 540629.976 597175.405 678589.403 753872.634 857342.317 921691.422 963452.248 884772.033 856301.411 720634.085 595010.422 486632.404 400667.443 337140.068 286762.012 250492.987 223648.285 205075.540 192503.714 182161.300 170662.168 155976.585 138134.487 117494.621 94881.397 72490.851 51211.377 32334.090 17215.085 6595.482 1319.878
2581.055 8138.102 14967.246 22208.598 30545.371 38846.074 47945.007 58899.386 72471.570 89406.992 110478.297 136479.483 168470.475 206148.611 248895.273 296023.920 349124.479 408109.512 462013.143 517134.430 576241.402 663320.656 755128.997 875926.530 977884.786 1027063.287 938314.986 913746.581 756747.916 616370.555 501511.706 411262.156 339641.075 286333.126 247036.388 220283.339 203104.015 190672.533 181559.914 173414.308 162301.441 147184.704 127934.157 106039.573 83567.685 62187.789 42687.633 26079.035 13349.339 5091.930
6115.091 10898.837 16366.668 22328.357 28113.392 34669.838 42602.317 52515.451 64979.153 80553.168 99935.165 123926.816 153600.057 189157.678 229607.419 274675.630 325714.452 383262.333 435250.301 490577.946 551896.482 642307.987 745014.522 880285.982 1037518.553 1113022.001 990540.962 970106.650 788793.340 641239.237 522754.810 425584.607 343053.686 285893.242 245517.077 221081.406 204521.075 191281.268 181838.916 175295.791 167326.728 154799.982 137527.412 116730.342 94138.217 72106.562 51936.596 34274.327 20170.821 10094.759
7966.022 11815.522 15980.355 20029.862 24630.224 30228.830 37327.688 46373.816 57742.824 71908.952 89379.333 110998.837 137825.874 170713.669 208283.313 250950.523 299386.444 356944.066 407909.375 461520.983 523231.588 617261.805 732449.973 872734.111 1087481.227 1224891.747 1066579.742 1025181.135 824371.627 669818.424 552757.303 436718.499 345651.125 283503.029 245726.586 224109.712 207532.004 191895.476 181494.391 176818.151 171093.430 161167.261 146816.245 126887.708 104316.967 81914.713 60776.723 42116.799 26687.295 15341.513
8625.429 11212.843 14066.371 17266.413 21182.167 26206.773 32635.222 40766.000 50923.698 63580.493 79256.180 98646.891 122502.718 152012.128 186335.269 225620.894 270431.222 325616.866 380314.486 431012.475 489692.008 583471.547 720068.560 863420.794 1123646.329 1363361.242 1154591.890 1066962.964 865387.859 726287.661 578598.318 443538.355 342006.840 281254.905 251997.436 230736.706 209947.876 193703.130 183938.801 179706.251 175475.856 166876.281 154462.604 136595.651 114211.783 91203.231 69351.142 49679.409 32920.057 20678.606
7746.782 9536.158 11806.969 14569.380 18085.231 22549.820 28200.735 35273.273 44182.452 55384.722 69499.851 87115.321 109029.470 135946.889 167144.945 202478.850 242160.242 291514.779 347849.228 401867.969 453835.766 535880.332 696824.122 856263.104 1151044.005 1533060.022 1264859.881 1124226.696 935581.325 783999.181 593631.176 436815.315 333247.126 290599.440 260388.696 232733.302 210549.516 197757.425 189935.957 184492.232 179888.298 172099.745 160360.125 145015.215 124074.066 100621.257 77938.902 56984.443 38894.228 25916.598
6304.649 7680.005 9550.841 11927.944 14951.131 18760.318 23545.566 29527.794 37040.280 46478.105 58548.623 74056.997 94041.094 119078.069 149734.829 183075.255 219669.256 260402.000 311396.825 377727.977 429838.735 491156.636 654504.220 843548.423 1166065.586 1757653.796 1369505.773 1180707.505 1046342.858 820742.214 585375.507 424169.415 349973.429 303327.956 263815.753 234285.930 218005.619 207595.169 197230.554 188536.352 182526.376 175964.416 165142.082 152435.055 133451.429 109656.978 86040.615 64060.546 44742.737 31009.242
4818.742 5910.262 7436.238 9399.620 11864.319 14986.760 18879.708 23798.399 29939.612 37707.679 47461.632 59969.248 76278.012 98408.610 127330.222 161612.229 198453.307 236696.191 277334.851 338856.237 412723.476 468968.157 595517.122 821884.637 1163561.684 2033690.470 1493541.895 1347618.007 1129854.047 830635.534 568466.165 453567.764 371735.645 308214.672 263776.021 241682.114 230412.506 218937.256 205704.280 193413.203 186614.859 180843.887 170615.035 158304.579 140547.700 117086.772 93245.491 70816.135 50743.225 36171.834
3499.055 4347.803 5530.214 7050.783 8945.279 11369.099 14386.740 18257.704 23076.199 29260.530 36952.475 46855.672 59293.400 75851.468 98508.743 132103.353 170142.034 213526.429 255154.306 297694.731 378949.615 471752.860 557762.303 787109.681 1160672.131 2394297.023 1622992.745 1539951.183 1181933.311 819500.431 610477.550 467026.674 355854.081 297148.293 269085.602 256547.569 246566.560 229975.153 212644.157 198939.082 191421.674 187227.936 178318.854 164373.597 146845.636 123830.189 99813.337 77033.689 56376.140 40953.889
2507.085 3117.247 3965.506 5039.262 6404.798 8145.649 10362.558 13181.517 16766.736 21325.013 27119.039 34491.022 43879.998 55918.807 71639.991 93383.015 127724.654 172544.049 221182.458 272256.026 327926.379 448502.842 552199.494 769877.337 1153373.991 2819998.133 1990859.261 1693677.282 1216946.303 889260.765 594207.898 417063.079 331073.867 302764.744 296388.279 285767.563 262964.911 238552.891 216944.429 201251.959 194282.909 191708.170 183882.861 169568.704 152806.279 130066.989 105600.497 82184.243 60976.031 45215.546
1738.673 2195.012 2832.355 3644.947 4661.555 5946.108 7546.924 9587.146 12120.073 15362.873 19376.447 24556.450 30976.896 39412.366 49985.781 64206.310 82984.615 113434.710 160064.088 219272.840 276692.343 368388.123 549250.504 756405.001 1212239.863 3419045.004 2382367.015 1859803.996 1341929.074 768666.545 529512.544 404258.035 374104.195 359558.277 335116.574 305953.331 273539.044 243974.168 220361.899 204795.336 197152.701 194661.439 187073.724 173245.617 157825.445 135608.494 110340.949 86153.531 64057.245 47903.867
844.469 1129.839 1553.265 2103.662 2840.531 3782.364 5013.932 6572.820 8619.673 11191.601 14544.029 18689.908 23982.389 30294.263 38244.602 47703.096 60104.387 75831.615 99164.907 141427.679 202220.107 276702.739 413476.470 716973.702 1271926.615 4590096.973 3007434.441 2143349.868 1142518.856 710011.207 524377.795 475943.139 446243.008 401609.132 349373.597 301145.455 263562.165 235164.834 216428.424 204004.221 197616.368 196730.500 191367.149 178645.029 162352.978 139403.723 113718.017 88740.129 66209.151 49563.279
169.036 244.420 365.042 547.013 814.679 1216.064 1803.209 2637.131 3794.949 5382.901 7544.472 10449.507 14382.648 19619.822 26534.229 35400.639 46647.668 60714.835 78776.455 101358.296 135373.910 198410.855 305193.423 523379.677 1275792.173 7027478.945 3938406.432 1818211.549 954482.607 684641.933 602080.182 532973.335 467418.100 401527.939 343379.438 297054.563 260869.341 232169.154 212688.120 200483.048 199130.397 201553.833 198514.967 183058.862 164838.240 142260.686 115477.991 89904.948 67100.775 50426.120
15.292 22.926 35.403 55.312 85.481 133.451 206.377 321.983 498.229 776.888 1202.759 1874.552 2903.408 4522.958 7006.519 10899.540 16669.929 25113.447 36912.547 54234.117 79243.941 114645.070 171999.811 296167.041 838017.755 5035206.914 4058759.471 1827239.150 1269564.221 964203.607 744555.720 573981.247 450733.838 362346.287 304156.784 262979.142 235153.300 216251.757 205268.137 199760.855 200956.714 201713.110 197685.403 181895.933 164908.510 142548.554 116013.980 90603.941 67754.863 50613.069
0.000 0.000 0.000 0.000 0.000 0.000 0.000 0.000 0.000 0.000 0.000 0.000 0.000 0.000 0.000 0.000 0.000 0.000 0.000 0.000 0.000 2.752 171.215 13393.466 264903.001 1836001.628 983771.732 663198.812 500607.243 397658.093 334112.928 298718.710 269041.805 243918.368 224937.333 209536.943 200580.169 195953.483 193227.887 193052.932 195543.272 198266.791 194265.993 180344.884 163887.637 142420.587 115855.617 89836.794 66535.845 49311.212
0.000 0.000 0.000 0.000 0.000 0.000 0.000 0.000 0.000 0.000 0.000 0.000 0.000 0.000 0.000 0.000 0.000 0.000 0.000 0.000 0.600 37.029 2010.429 60168.617 337151.961 1176073.447 658231.203 532195.996 411485.578 368399.066 317441.107 274455.547 251223.678 238716.651 228537.134 218938.830 209177.849 201592.710 195967.398 192384.721 194839.064 198740.057 192473.071 178512.138 160537.628 138985.082 112648.096 86919.023 63798.937 46386.706
0.000 0.000 0.000 0.000 0.000 0.000 0.000 0.000 0.000 0.000 0.000 0.000 0.000 0.000 0.000 0.000 0.000 0.000 0.000 0.000 6.702 310.352 13321.748 99660.085 313785.412 880436.989 499548.052 406287.664 363814.461 296325.785 274012.107 253624.449 226556.249 208585.272 198994.287 194252.208 188996.233 183872.203 181899.233 181665.716 185942.507 190730.348 185278.615 171113.569 154851.333 133554.044 107507.739 82237.050 59422.446 42437.825
0.000 0.000 0.000 0.000 0.000 0.000 0.000 0.000 0.000 0.000 0.000 0.000 0.000 0.000 0.000 0.000 0.000 0.000 0.000 1.072 47.882 2212.557 31679.157 116741.107 289748.568 704086.869 408844.707 352443.212 298643.625 265903.743 226408.997 213653.302 204825.005 189300.476 178003.194 172034.337 169564.887 167579.279 168747.703 172206.868 178872.487 183162.332 177423.537 163726.059 148026.981 126902.139 101021.162 76055.951 54205.854 38038.290
0.000 0.000 0.000 0.000 0.000 0.000 0.000 0.000 0.000 0.000 0.000 0.000 0.000 0.000 0.000 0.000 0.000 0.000 0.000 7.430 254.442 8247.543 41838.688 117611.214 253999.676 576085.510 363246.448 317898.102 266400.161 248934.534 213392.582 189862.019 181405.310 174639.432 166141.208 160730.547 157440.169 157016.892 159817.355 166068.099 172628.946 176388.997 169383.788 156579.544 140817.379 119217.708 93224.968 69142.234 48413.267 33326.756
0.000 0.000 0.000 0.000 0.000 0.000 0.000 0.000 0.000 0.000 0.000 0.000 0.000 0.000 0.000 0.000 0.000 0.000 1.035 40.239 1392.545 15050.961 43621.067 112989.453 227976.907 472349.797 333752.540 288706.325 241116.381 226216.457 204840.401 180465.191 167275.285 159929.589 155418.658 150846.752 148773.141 148635.380 152902.084 160180.804 167047.811 170068.921 161541.697 149074.505 132682.229 109722.887 84483.334 61651.092 42434.631 28627.565
0.000 0.000 0.000 0.000 0.000 0.000 0.000 0.000 0.000 0.000 0.000 0.000 0.000 0.000 0.000 0.000 0.000 0.000 5.544 171.956 4380.045 18049.658 43705.803 105951.597 198186.126 392134.930 310774.702 269521.546 225201.849 205273.596 191580.229 177085.553 161075.837 152415.500 147225.695 143896.015 144041.170 144713.378 149687.315 157066.835 163244.000 163704.849 153533.126 140892.018 123639.881 99644.710 75511.574 54251.197 36781.292 23917.601
0.000 0.000 0.000 0.000 0.000 0.000 0.000 0.000 0.000 0.000 0.000 0.000 0.000 0.000 0.000 0.000 0.000 0.760 25.878 759.725 6717.178 17687.003 41327.484 99303.854 173174.092 322560.780 286593.441 255617.353 219300.165 190345.594 179135.363 168202.884 157932.635 148956.582 143800.411 140927.210 141626.872 142814.580 147987.761 154567.638 159109.343 156302.059 145252.467 132111.078 113186.476 89097.515 66357.678 46817.338 30894.856 19106.646
0.000 0.000 0.000 0.000 0.000 0.000 0.000 0.000 0.000 0.000 0.000 0.000 0.000 0.000 0.000 0.000 0.000 3.504 116.643 2081.423 7728.171 17131.829 40417.968 89370.292 148003.930 264254.222 259175.783 241852.375 214118.361 184855.598 169735.682 159952.925 152716.276 145487.549 140662.900 138326.648 139148.205 140584.005 145075.108 150435.392 153121.936 147388.664 136002.225 122004.804 101362.629 78023.697 57176.442 39256.438 24476.809 14049.307
0.000 0.000 0.000 0.000 0.000 0.000 0.000 0.000 0.000 0.000 0.000 0.000 0.000 0.000 0.000 0.000 0.517 15.841 477.994 2953.694 7343.621 16055.808 38384.373 80048.266 126215.363 215267.758 229896.118 224378.268 204870.129 183275.668 164802.884 154153.551 146878.685 141102.232 137101.163 134983.991 136032.967 137329.144 140711.942 144579.331 144969.955 137310.850 125622.656 110443.257 88585.452 67225.029 47923.368 30878.542 17865.760 8905.185
0.000 0.000 0.000 0.000 0.000 0.000 0.000 0.000 0.000 0.000 0.000 0.000 0.000 0.000 0.000 0.000 2.283 80.246 1022.022 3175.212 6959.808 15521.837 35700.081 69749.257 105662.279 173122.375 198719.823 203317.616 190545.698 177518.181 160715.138 149948.900 142153.537 136461.962 132733.135 130655.721 131376.653 132328.020 134807.875 137124.686 134808.360 125908.406 114030.659 97179.497 75981.548 55607.925 37157.993 22511.415 11503.004 4955.823
0.000 0.000 0.000 0.000 0.000 0.000 0.000 0.000 0.000 0.000 0.000 0.000 0.000 0.000 0.000 0.333 9.361 261.118 1308.730 3034.272 6388.709 14883.381 32088.218 60718.650 90307.929 138981.262 167223.750 179388.535 172193.054 164596.262 152572.392 143547.707 136531.401 130711.466 126802.475 124540.753 125108.081 125700.338 127175.593 127961.724 123161.772 113695.574 101399.231 82680.268 62098.404 43196.172 27201.234 14439.842 6308.075 2431.158
