tests/test_03/output6/CloudConcentration_010.00hrs.dat
NCOLS    50
NROWS    50
XLLCORNER    -2289770.000
YLLCORNER     2591270.000
CELLSIZE        2000.000       2000.000
NODATA_VALUE  0.000
[rows 0 to 47 of 50, columns 0 to 49 of 50]
0.000 0.000 0.000 0.000 0.000 0.000 0.000 0.000 0.000 0.000 0.000 0.000 0.000 0.000 0.000 0.000 0.000 0.266 0.385 0.536 0.706 0.873 0.991 1.060 1.102 1.123 1.121 1.055 0.957 0.806 0.685 0.506 0.319 0.193 0.000 0.000 0.000 0.000 0.000 0.000 0.000 0.000 0.000 0.000 0.000 0.000 0.000 0.000 0.000 0.000
0.000 0.000 0.000 0.000 0.000 0.000 0.000 0.000 0.000 0.000 0.000 0.000 0.000 0.000 0.201 0.307 0.465 0.695 1.014 1.423 1.885 2.332 2.606 2.776 2.859 2.870 2.765 2.618 2.385 2.030 1.725 1.280 0.825 0.507 0.204 0.000 0.000 0.000 0.000 0.000 0.000 0.000 0.000 0.000 0.000 0.000 0.000 0.000 0.000 0.000
0.000 0.000 0.000 0.000 0.000 0.000 0.000 0.000 0.000 0.000 0.000 0.208 0.319 0.487 0.743 1.128 1.699 2.526 3.667 5.114 6.725 8.184 8.968 9.291 9.294 8.773 8.239 7.644 6.878 5.832 4.900 3.658 2.371 1.466 0.611 0.149 0.000 0.000 0.000 0.000 0.000 0.000 0.000 0.000 0.000 0.000 0.000 0.000 0.000 0.000
0.000 0.000 0.000 0.000 0.000 0.000 0.000 0.000 0.000 0.285 0.440 0.678 1.045 1.607 2.463 3.757 5.685 8.483 12.364 17.288 22.742 27.172 29.074 29.436 27.669 25.640 23.613 21.574 18.922 15.886 13.396 9.989 6.556 4.092 1.780 0.472 0.151 0.000 0.000 0.000 0.000 0.000 0.000 0.000 0.000 0.000 0.000 0.000 0.000 0.000
0.000 0.000 0.000 0.000 0.000 0.000 0.252 0.390 0.601 0.927 1.429 2.200 3.384 5.198 7.963 12.147 18.385 27.453 40.054 56.077 73.872 87.853 92.810 92.452 85.629 78.357 70.639 62.385 52.710 44.334 36.517 26.813 17.816 11.178 5.069 1.476 0.488 0.128 0.000 0.000 0.000 0.000 0.000 0.000 0.000 0.000 0.000 0.000 0.000 0.000
0.000 0.000 0.000 0.230 0.354 0.544 0.838 1.290 1.987 3.057 4.704 7.233 11.115 17.056 26.117 39.810 60.211 89.796 130.752 182.309 238.981 282.071 297.294 291.643 270.231 243.638 210.618 177.719 145.586 122.406 98.156 71.119 47.602 29.855 13.983 4.508 1.546 0.408 0.090 0.000 0.000 0.000 0.000 0.000 0.000 0.000 0.000 0.000 0.000 0.000
0.273 0.374 0.553 0.835 1.269 1.932 2.945 4.490 6.851 10.457 15.976 24.422 37.366 57.167 87.386 133.093 201.284 300.231 436.927 606.203 787.323 907.897 946.893 906.121 837.400 745.823 622.945 508.679 414.342 340.990 263.000 186.769 125.720 78.427 37.060 13.298 4.772 1.247 0.286 0.000 0.000 0.000 0.000 0.000 0.000 0.000 0.000 0.000 0.000 0.000
1.381 1.941 2.877 4.244 6.263 9.238 13.632 20.117 29.684 43.808 64.595 95.236 140.276 206.894 305.884 456.226 683.380 1017.700 1481.108 2057.379 2668.626 2990.446 3075.811 2879.036 2611.683 2265.478 1862.065 1504.012 1214.329 959.829 696.765 500.090 329.545 204.920 94.931 37.550 14.048 3.620 0.889 0.170 0.000 0.000 0.000 0.000 0.000 0.000 0.000 0.000 0.000 0.000
3.280 4.770 7.375 11.365 17.502 26.877 41.269 63.238 96.957 148.470 227.555 348.439 533.471 814.772 1239.890 1872.262 2796.499 4110.117 5892.409 8089.345 10502.682 11900.691 12083.140 10675.975 9114.333 7320.758 5728.885 4545.629 3580.965 2697.236 1875.957 1331.237 855.762 529.813 241.138 101.044 38.532 10.068 2.591 0.515 0.101 0.000 0.000 0.000 0.000 0.000 0.000 0.000 0.000 0.000
6.059 9.019 14.243 22.443 35.279 55.315 86.533 135.023 210.328 326.901 507.651 787.106 1220.530 1890.842 2930.273 4533.808 7001.630 10741.540 16224.497 23593.529 32188.123 38638.259 40518.802 38071.610 33644.249 27584.012 20936.858 15704.794 11524.456 8209.601 5243.685 3653.837 2203.652 1332.823 609.155 259.513 99.677 28.025 6.916 1.424 0.297 0.000 0.000 0.000 0.000 0.000 0.000 0.000 0.000 0.000
9.574 14.558 23.386 37.523 60.066 96.003 153.032 243.456 386.182 611.297 964.911 1519.588 2386.349 3737.434 5834.928 9071.652 14024.298 21478.525 32430.492 47415.887 65168.357 79079.224 83606.880 80009.580 72975.095 62468.877 53125.932 42214.170 32573.441 24125.121 16378.435 10522.901 5971.415 3324.710 1517.596 637.474 249.056 71.736 17.760 3.681 0.790 0.170 0.000 0.000 0.000 0.000 0.000 0.000 0.000 0.000
13.503 20.854 33.944 55.207 89.603 145.261 235.047 379.861 612.677 986.728 1585.564 2543.415 4068.006 6489.493 10306.448 16283.898 25489.373 39335.059 59145.363 85004.356 114264.882 133406.902 141070.291 133965.783 121643.555 109268.066 95477.800 79556.795 64882.032 50659.507 37370.508 25865.483 15601.444 8880.445 3751.479 1524.104 593.735 174.841 44.557 9.229 1.992 0.439 0.106 0.000 0.000 0.000 0.000 0.000 0.000 0.000
17.288 27.251 44.936 73.925 121.279 198.615 324.486 529.565 863.339 1407.706 2294.023 3733.104 6063.639 9829.475 15888.876 25571.590 40831.366 64224.563 98007.253 140436.157 185585.610 204407.639 209353.090 197066.662 188469.905 160694.151 136714.187 118734.966 102266.216 85062.931 67488.743 49039.675 33167.931 19821.940 9202.156 3538.669 1331.808 407.166 99.947 21.763 4.914 1.085 0.261 0.000 0.000 0.000 0.000 0.000 0.000 0.000
18.679 30.086 50.648 85.105 142.824 239.194 399.789 666.357 1107.042 1832.341 3021.769 4971.207 8157.915 13360.248 21822.619 35530.507 57509.345 91858.259 142173.287 204889.007 266986.269 290093.891 287997.993 266913.141 259865.374 222502.509 183405.304 149213.187 136967.282 122605.619 102174.388 79085.751 58264.567 36999.901 19574.554 7419.928 2907.692 855.338 205.253 45.438 10.623 2.496 0.625 0.159 0.000 0.000 0.000 0.000 0.000 0.000
18.890 30.569 51.707 87.439 147.857 249.805 421.961 712.076 1201.198 2023.788 3406.806 5724.547 9601.716 16059.813 26781.290 44453.808 73199.664 118744.131 186340.334 271189.639 353311.171 384875.813 381080.110 372109.363 332620.049 300025.293 246121.775 181340.447 149259.670 143477.459 133334.306 115306.337 86617.598 59316.683 35211.818 15150.028 5721.925 1684.545 407.693 90.029 21.117 5.084 1.312 0.343 0.091 0.000 0.000 0.000 0.000 0.000
18.160 29.881 51.049 86.991 147.869 250.735 424.501 718.258 1215.343 2055.793 3477.545 5880.881 9945.699 16807.286 28365.667 47726.705 79892.217 132106.518 212038.406 314617.526 417257.313 457554.363 451395.930 478138.791 410139.555 395419.865 315787.328 230901.191 166180.261 146637.402 144032.471 139538.677 115605.910 84431.653 53680.311 27510.779 10284.875 3167.855 783.432 171.797 40.374 9.746 2.517 0.670 0.180 0.000 0.000 0.000 0.000 0.000
14.791 24.773 42.977 74.577 129.248 224.034 387.561 669.214 1151.714 1978.431 3388.053 5791.255 9870.834 16792.075 28487.475 48175.977 81029.992 134808.138 218164.750 326312.317 440317.812 487030.707 503987.496 549974.288 553468.907 491668.824 389441.501 300817.161 196555.970 148144.030 144565.586 144227.220 136230.616 106064.095 75318.874 43129.056 17393.130 5629.100 1433.832 315.073 74.726 17.967 4.634 1.243 0.336 0.091 0.000 0.000 0.000 0.000
11.395 19.260 33.639 58.742 102.417 178.527 310.739 540.601 939.161 1630.320 2827.030 4898.488 8477.948 14659.431 25306.369 43602.136 74714.841 126539.678 207885.182 314766.396 423323.767 466511.890 526853.686 585699.648 657955.037 597258.821 494036.653 332919.326 221495.381 155073.990 138422.238 142300.801 142098.552 124997.318 93979.620 58840.948 26700.250 9087.534 2351.929 533.912 130.182 31.711 8.210 2.214 0.602 0.164 0.000 0.000 0.000 0.000
8.151 13.945 24.643 43.424 76.503 134.478 236.270 414.372 726.317 1271.244 2223.556 3884.309 6780.526 11821.754 20589.309 35782.354 61944.830 106165.443 177223.517 273353.568 373179.316 407784.798 510447.949 565970.084 698866.343 772906.314 547572.774 399191.380 271978.739 177550.165 146990.065 137783.647 142720.965 133424.289 108639.141 73330.861 36953.869 12862.649 3383.347 794.558 201.204 51.311 13.623 3.719 1.021 0.280 0.000 0.000 0.000 0.000
5.098 8.895 15.967 28.559 51.057 90.991 162.073 287.891 511.060 905.043 1601.603 2828.267 4990.502 8789.088 15463.326 27145.491 47505.610 82420.124 139599.535 218650.922 304323.072 334172.866 445995.578 502999.453 709447.390 951239.529 669655.483 449044.360 282762.578 178169.270 147484.131 141439.943 142405.141 135267.650 115155.808 82946.565 45862.816 17982.878 4881.511 1112.998 277.500 73.500 20.128 5.612 1.565 0.434 0.120 0.000 0.000 0.000
2.758 4.953 9.037 16.481 29.904 54.222 97.936 176.735 317.975 571.410 1024.446 1834.097 3277.512 5848.020 10417.857 18526.542 32870.108 57979.739 100379.273 162453.116 236563.612 263737.943 357112.444 441334.452 640583.480 1037716.533 749562.938 497205.078 321360.164 200047.649 165897.313 152647.725 141299.015 136066.088 121247.660 92753.651 54952.735 23628.570 6527.579 1524.211 387.770 101.894 27.485 7.624 2.146 0.600 0.167 0.000 0.000 0.000
1.194 2.288 4.348 8.286 15.484 28.985 53.379 98.575 180.316 329.920 599.535 1089.873 1970.417 3563.517 6417.247 11556.911 20737.965 37147.740 65901.352 113002.099 176254.429 209105.249 287783.640 357687.522 554554.374 1235127.634 877363.944 590194.431 295149.442 196940.147 165035.647 155784.282 149048.900 133486.785 122227.498 96963.977 60203.879 27473.312 7850.394 1868.509 496.538 136.254 37.562 10.551 2.973 0.833 0.232 0.000 0.000 0.000
0.296 0.603 1.222 2.484 5.002 10.121 20.223 40.323 78.735 153.228 292.492 557.179 1042.850 1946.068 3579.495 6587.056 12026.064 21918.795 39643.119 70897.982 119502.706 175465.772 193296.349 285395.770 463212.313 1322262.804 1021395.327 599985.399 329385.060 234797.481 197754.674 173288.359 148241.899 133987.063 121314.274 97826.046 61878.450 29238.406 8805.993 2159.964 582.636 164.249 47.039 13.469 3.844 1.087 0.305 0.085 0.000 0.000
0.000 0.000 0.213 0.445 0.931 1.942 4.047 8.419 17.489 36.255 75.058 154.835 319.702 655.601 1342.454 2695.297 5344.825 10413.027 20045.956 37823.930 69744.911 119604.380 170793.690 227818.488 349961.901 1446567.680 1086826.758 471591.527 325715.781 258764.627 215534.960 168823.133 146632.611 130107.702 118573.683 99789.077 61951.413 28891.931 9000.045 2286.531 644.108 188.001 54.606 15.754 4.521 1.284 0.362 0.101 0.000 0.000
0.000 0.000 0.000 0.000 0.000 0.000 0.418 0.904 1.957 4.237 9.174 19.860 42.996 93.083 201.519 436.273 944.519 2044.725 4426.697 9578.528 20992.604 44328.720 85755.844 146644.306 170167.988 852520.381 654702.939 447814.107 347695.581 276974.518 206748.317 165922.274 139447.462 122091.285 114728.785 95608.547 59825.188 29147.443 9147.097 2328.373 655.727 196.057 58.030 16.931 4.869 1.385 0.391 0.109 0.000 0.000
0.000 0.000 0.000 0.000 0.000 0.000 0.000 0.000 0.000 0.000 0.000 0.000 0.000 0.000 0.000 0.000 0.000 0.000 0.306 0.598 1.166 2.274 17.777 2733.453 80596.697 324544.972 253233.500 218375.878 188653.290 176793.791 151181.829 136612.894 120449.611 117160.102 112262.111 86885.876 53611.553 25999.250 8847.362 2377.880 685.287 203.671 59.995 17.532 5.052 1.441 0.408 0.115 0.000 0.000
0.000 0.000 0.000 0.000 0.000 0.000 0.000 0.000 0.000 0.000 0.000 0.000 0.000 0.000 0.000 0.000 0.000 0.000 0.000 0.000 0.351 2.056 227.557 7043.678 77167.775 297158.061 196780.940 169174.460 155261.072 138718.013 125255.745 116642.594 114546.309 112828.575 106175.711 78216.620 45586.827 21770.214 7609.080 2145.810 646.137 200.172 61.142 17.984 5.194 1.484 0.420 0.118 0.000 0.000
0.000 0.000 0.000 0.000 0.000 0.000 0.000 0.000 0.000 0.000 0.000 0.000 0.000 0.000 0.000 0.000 0.000 0.000 0.000 0.000 0.219 22.204 662.678 8153.498 68932.631 248099.364 184925.881 151435.887 134100.104 119949.982 116727.084 114220.733 112347.003 109369.503 93739.736 64670.208 37896.128 17432.263 5892.665 1723.812 545.533 169.434 51.090 15.022 4.338 1.240 0.351 0.099 0.000 0.000
0.000 0.000 0.000 0.000 0.000 0.000 0.000 0.000 0.000 0.000 0.000 0.000 0.000 0.000 0.000 0.000 0.000 0.000 0.000 0.000 2.142 64.911 666.113 8588.045 43700.706 174382.451 166534.618 145668.475 128107.978 114934.655 112687.695 110905.364 105748.308 98084.032 74353.746 49112.741 28779.765 13590.903 4648.217 1439.550 466.035 146.888 44.442 13.064 3.779 1.084 0.308 0.000 0.000 0.000
0.000 0.000 0.000 0.000 0.000 0.000 0.000 0.000 0.000 0.000 0.000 0.000 0.000 0.000 0.000 0.000 0.000 0.000 0.000 0.209 6.252 59.308 757.260 6103.979 31224.370 108754.110 128006.604 131218.010 120905.127 108177.736 106540.280 100322.093 91524.470 76318.796 55487.716 35465.712 19086.782 8836.720 3065.775 1013.477 329.831 102.758 30.855 9.000 2.583 0.735 0.207 0.000 0.000 0.000
0.000 0.000 0.000 0.000 0.000 0.000 0.000 0.000 0.000 0.000 0.000 0.000 0.000 0.000 0.000 0.000 0.000 0.000 0.000 0.606 5.788 56.987 629.822 4134.755 17783.453 57428.502 83294.198 98171.153 97836.779 86488.826 85545.437 75251.562 67785.924 50347.103 36272.341 22622.588 11873.043 4974.914 1640.792 550.212 185.032 59.056 17.739 5.072 1.426 0.407 0.113 0.000 0.000 0.000
0.000 0.000 0.000 0.000 0.000 0.000 0.000 0.000 0.000 0.000 0.000 0.000 0.000 0.000 0.000 0.000 0.000 0.000 0.000 0.561 5.316 46.134 400.213 2243.638 8249.143 22854.472 42620.302 55916.977 60720.683 54785.028 53210.829 45652.053 39723.991 29593.537 18543.520 11100.881 5570.179 2234.075 830.682 292.191 96.022 29.474 8.402 2.290 0.633 0.172 0.000 0.000 0.000 0.000
0.000 0.000 0.000 0.000 0.000 0.000 0.000 0.000 0.000 0.000 0.000 0.000 0.000 0.000 0.000 0.000 0.000 0.000 0.000 0.515 3.962 30.324 229.154 1025.640 4213.271 8411.022 14859.354 21563.697 27172.903 26245.173 25699.457 22934.229 17176.293 12580.653 7605.413 3987.984 1857.673 808.530 284.119 92.696 27.677 7.707 2.039 0.519 0.128 0.000 0.000 0.000 0.000 0.000
0.000 0.000 0.000 0.000 0.000 0.000 0.000 0.000 0.000 0.000 0.000 0.000 0.000 0.000 0.000 0.000 0.000 0.000 0.000 0.378 2.668 17.929 102.071 409.141 1740.688 3207.338 5021.092 6005.701 7576.353 7829.706 8069.740 7271.186 5215.158 3877.515 2392.687 1262.548 597.759 231.847 83.165 27.459 8.028 2.153 0.548 0.135 0.000 0.000 0.000 0.000 0.000 0.000
0.000 0.000 0.000 0.000 0.000 0.000 0.000 0.000 0.000 0.000 0.000 0.000 0.000 0.000 0.000 0.000 0.000 0.000 0.000 0.254 1.502 8.123 38.306 152.618 542.783 1187.170 1853.316 2170.293 2415.812 2325.028 2203.865 1830.285 1358.906 962.691 585.325 304.376 140.303 52.248 17.064 5.352 1.535 0.409 0.103 0.000 0.000 0.000 0.000 0.000 0.000 0.000
0.000 0.000 0.000 0.000 0.000 0.000 0.000 0.000 0.000 0.000 0.000 0.000 0.000 0.000 0.000 0.000 0.000 0.000 0.000 0.142 0.679 3.124 14.203 47.758 163.857 348.736 539.755 646.636 680.779 665.499 616.188 473.154 350.348 228.678 127.258 61.900 25.130 9.445 3.115 0.919 0.253 0.000 0.000 0.000 0.000 0.000 0.000 0.000 0.000 0.000
0.000 0.000 0.000 0.000 0.000 0.000 0.000 0.000 0.000 0.000 0.000 0.000 0.000 0.000 0.000 0.000 0.000 0.000 0.000 0.000 0.268 1.151 4.526 14.068 42.970 95.749 145.644 177.443 183.766 179.193 162.618 118.238 87.715 55.371 30.055 14.471 5.840 2.203 0.715 0.209 0.000 0.000 0.000 0.000 0.000 0.000 0.000 0.000 0.000 0.000
0.000 0.000 0.000 0.000 0.000 0.000 0.000 0.000 0.000 0.000 0.000 0.000 0.000 0.000 0.000 0.000 0.000 0.000 0.000 0.000 0.098 0.354 1.239 3.868 10.297 24.022 36.514 45.339 47.086 45.893 41.428 29.704 21.902 13.712 7.371 3.526 1.409 0.527 0.172 0.000 0.000 0.000 0.000 0.000 0.000 0.000 0.000 0.000 0.000 0.000
0.000 0.000 0.000 0.000 0.000 0.000 0.000 0.000 0.000 0.000 0.000 0.000 0.000 0.000 0.000 0.000 0.000 0.000 0.000 0.000 0.000 0.094 0.307 1.009 2.462 5.652 8.561 10.830 11.366 11.108 10.029 7.234 5.279 3.316 1.779 0.847 0.333 0.123 0.000 0.000 0.000 0.000 0.000 0.000 0.000 0.000 0.000 0.000 0.000 0.000
0.000 0.000 0.000 0.000 0.000 0.000 0.000 0.000 0.000 0.000 0.000 0.000 0.000 0.000 0.000 0.000 0.000 0.000 0.000 0.000 0.000 0.000 0.000 0.268 0.631 1.261 1.889 2.440 2.587 2.539 2.300 1.679 1.215 0.768 0.413 0.196 0.077 0.000 0.000 0.000 0.000 0.000 0.000 0.000 0.000 0.000 0.000 0.000 0.000 0.000
0.000 0.000 0.000 0.000 0.000 0.000 0.000 0.000 0.000 0.000 0.000 0.000 0.000 0.000 0.000 0.000 0.000 0.000 0.000 0.000 0.000 0.000 0.000 0.000 0.156 0.281 0.402 0.533 0.566 0.559 0.506 0.373 0.267 0.170 0.091 0.000 0.000 0.000 0.000 0.000 0.000 0.000 0.000 0.000 0.000 0.000 0.000 0.000 0.000 0.000
0.000 0.000 0.000 0.000 0.000 0.000 0.000 0.000 0.000 0.000 0.000 0.000 0.000 0.000 0.000 0.000 0.000 0.000 0.000 0.000 0.000 0.000 0.000 0.000 0.000 0.000 0.084 0.112 0.117 0.117 0.105 0.078 0.000 0.000 0.000 0.000 0.000 0.000 0.000 0.000 0.000 0.000 0.000 0.000 0.000 0.000 0.000 0.000 0.000 0.000
0.000 0.000 0.000 0.000 0.000 0.000 0.000 0.000 0.000 0.000 0.000 0.000 0.000 0.000 0.000 0.000 0.000 0.000 0.000 0.000 0.000 0.000 0.000 0.000 0.000 0.000 0.000 0.000 0.000 0.000 0.000 0.000 0.000 0.000 0.000 0.000 0.000 0.000 0.000 0.000 0.000 0.000 0.000 0.000 0.000 0.000 0.000 0.000 0.000 0.000
0.000 0.000 0.000 0.000 0.000 0.000 0.000 0.000 0.000 0.000 0.000 0.000 0.000 0.000 0.000 0.000 0.000 0.000 0.000 0.000 0.000 0.000 0.000 0.000 0.000 0.000 0.000 0.000 0.000 0.000 0.000 0.000 0.000 0.000 0.000 0.000 0.000 0.000 0.000 0.000 0.000 0.000 0.000 0.000 0.000 0.000 0.000 0.000 0.000 0.000
0.000 0.000 0.000 0.000 0.000 0.000 0.000 0.000 0.000 0.000 0.000 0.000 0.000 0.000 0.000 0.000 0.000 0.000 0.000 0.000 0.000 0.000 0.000 0.000 0.000 0.000 0.000 0.000 0.000 0.000 0.000 0.000 0.000 0.000 0.000 0.000 0.000 0.000 0.000 0.000 0.000 0.000 0.000 0.000 0.000 0.000 0.000 0.000 0.000 0.000
0.000 0.000 0.000 0.000 0.000 0.000 0.000 0.000 0.000 0.000 0.000 0.000 0.000 0.000 0.000 0.000 0.000 0.000 0.000 0.000 0.000 0.000 0.000 0.000 0.000 0.000 0.000 0.000 0.000 0.000 0.000 0.000 0.000 0.000 0.000 0.000 0.000 0.000 0.000 0.000 0.000 0.000 0.000 0.000 0.000 0.000 0.000 0.000 0.000 0.000
0.000 0.000 0.000 0.000 0.000 0.000 0.000 0.000 0.000 0.000 0.000 0.000 0.000 0.000 0.000 0.000 0.000 0.000 0.000 0.000 0.000 0.000 0.000 0.000 0.000 0.000 0.000 0.000 0.000 0.000 0.000 0.000 0.000 0.000 0.000 0.000 0.000 0.000 0.000 0.000 0.000 0.000 0.000 0.000 0.000 0.000 0.000 0.000 0.000 0.000
0.000 0.000 0.000 0.000 0.000 0.000 0.000 0.000 0.000 0.000 0.000 0.000 0.000 0.000 0.000 0.000 0.000 0.000 0.000 0.000 0.000 0.000 0.000 0.000 0.000 0.000 0.000 0.000 0.000 0.000 0.000 0.000 0.000 0.000 0.000 0.000 0.000 0.000 0.000 0.000 0.000 0.000 0.000 0.000 0.000 0.000 0.000 0.000 0.000 0.000
