tests/test_03/output6/CloudLoad_005.00hrs.dat
NCOLS    50
NROWS    50
XLLCORNER    -2289770.000
YLLCORNER     2591270.000
CELLSIZE        2000.000       2000.000
NODATA_VALUE  0.000
[rows 0 to 28 of 50, columns 0 to 49 of 50]
0.000000 0.000000 0.000000 0.000000 0.000000 0.000000 0.000000 0.238862 1.579953 9.914489 59.456509 344.782776 1912.943970 9232.000000 20484.539062 33449.652344 47749.792969 61994.917969 75201.875000 85747.656250 92812.625000 97413.632812 101200.796875 104015.312500 106658.859375 108954.703125 109135.875000 108554.398438 108085.039062 107811.023438 102347.289062 94571.382812 87389.218750 73432.859375 53896.167969 35227.660156 21601.494141 11513.780273 4827.954102 1006.072998 137.166946 20.681456 3.203818 0.496123 0.000000 0.000000 0.000000 0.000000 0.000000 0.000000
0.000000 0.000000 0.000000 0.000000 0.000000 0.000000 0.213079 1.405706 8.989611 56.087852 339.383453 2179.448730 10323.066406 22913.021484 36861.332031 51793.007812 67091.507812 81712.679688 93604.390625 101945.828125 106893.906250 109348.289062 111461.921875 112512.828125 113722.898438 116204.750000 120093.304688 122511.210938 123604.718750 123263.765625 124654.546875 121676.562500 115086.000000 105991.984375 89213.500000 67297.351562 44825.644531 27668.150391 14151.986328 4986.827148 961.815186 135.063583 20.072737 3.099168 0.470914 0.000000 0.000000 0.000000 0.000000 0.000000
0.000000 0.000000 0.000000 0.000000 0.000000 0.217092 1.409114 9.043351 57.846767 367.442352 2446.348389 11225.954102 24494.589844 39306.195312 55517.582031 72825.023438 89186.085938 101767.085938 108915.851562 112166.546875 113855.437500 115415.929688 116894.914062 117884.453125 118959.226562 120716.960938 123225.281250 126699.882812 133587.687500 138822.156250 141752.937500 143490.171875 144676.890625 139732.984375 128786.070312 108648.546875 82830.398438 56575.546875 34646.625000 17060.826172 5361.705078 915.604004 130.616440 19.380529 2.961251 0.442346 0.000000 0.000000 0.000000 0.000000
0.000000 0.000000 0.000000 0.000000 0.222221 1.410113 8.989942 57.723862 378.906250 2597.028809 11445.061523 25048.693359 40408.050781 57343.851562 74294.414062 89704.078125 100964.742188 107880.007812 109881.742188 109537.406250 108207.656250 107871.890625 108320.148438 108952.765625 111007.828125 113738.156250 118335.054688 123449.851562 129020.906250 136986.140625 146330.359375 154872.515625 158446.390625 165986.093750 163677.828125 151539.562500 129125.656250 98529.320312 68602.757812 41826.250000 19959.646484 5363.495117 889.180237 122.960136 18.393023 2.799797 0.416558 0.000000 0.000000 0.000000
0.000000 0.000000 0.000000 0.226483 1.410283 8.875585 57.115013 383.423157 2658.164307 11164.554688 24445.041016 39159.851562 55274.562500 71398.070312 85941.781250 95862.000000 101685.031250 101454.414062 97788.382812 94118.296875 91936.445312 91321.960938 91313.164062 92354.851562 94348.367188 97011.023438 100934.828125 106799.335938 116346.734375 126151.492188 134902.968750 147145.921875 162128.453125 172235.203125 183860.859375 185053.281250 173217.390625 149365.062500 113751.992188 80527.234375 48740.804688 21372.591797 5433.335449 832.817871 114.728096 17.328114 2.650657 0.396458 0.000000 0.000000
0.000000 0.000000 0.224780 1.400741 8.772560 56.710785 390.726410 2646.645020 10404.081055 22290.585938 35667.027344 50822.554688 66299.656250 79038.710938 87976.507812 90721.828125 86126.734375 79122.664062 72392.578125 68225.976562 66235.742188 65594.710938 66027.187500 67232.562500 69979.296875 74070.062500 78569.492188 83862.789062 90259.140625 101142.812500 114257.429688 128073.750000 144493.421875 165348.703125 182151.578125 200059.328125 204581.562500 194166.875000 167056.421875 127157.992188 90162.304688 53784.355469 22570.072266 5319.765137 749.351562 106.159073 16.290773 2.524601 0.380566 0.000000
0.000000 0.216259 1.362670 8.615647 56.270374 397.723236 2541.795898 9470.784180 19686.349609 31545.322266 44992.300781 58905.945312 69688.664062 77435.765625 76803.351562 69255.960938 58985.828125 50745.011719 45972.027344 43370.359375 42092.007812 41536.585938 41836.546875 42963.734375 44754.582031 47745.613281 52481.707031 57618.414062 62805.679688 70968.187500 81591.070312 97630.078125 115716.976562 136965.125000 163632.109375 188369.843750 212880.875000 219269.375000 211574.062500 179330.390625 137691.859375 96442.617188 56309.691406 22439.371094 4952.746582 658.973999 97.776108 15.345045 2.416780 0.399154
0.213542 1.307342 8.363704 55.700268 395.240082 2375.458984 8388.757812 17170.062500 27342.435547 38674.710938 50173.527344 60426.835938 64800.160156 62188.214844 51910.671875 39730.722656 30686.841797 26208.646484 23864.781250 22681.919922 21970.648438 21916.177734 22417.542969 23482.601562 24933.744141 26916.876953 29354.775391 32491.005859 37922.953125 44704.359375 52970.671875 63829.796875 80959.679688 100099.515625 124359.539062 157091.093750 190079.062500 219775.484375 228610.578125 225013.218750 186502.437500 143353.296875 98308.640625 56116.914062 21633.529297 4329.294434 577.909119 89.815529 14.453195 2.528812
1.402936 8.274512 54.845764 380.427704 2154.503418 7282.140137 14688.759766 23235.685547 32487.207031 41818.546875 50594.417969 52592.984375 48464.382812 37454.160156 25409.996094 17021.503906 13090.190430 11446.052734 10455.740234 9685.070312 9253.445312 9211.101562 9426.307617 9959.482422 10726.977539 11965.167969 13505.984375 15661.813477 18543.492188 23011.650391 29431.792969 37135.265625 46963.730469 62929.871094 83250.562500 109158.101562 147471.468750 187975.875000 223420.703125 234317.125000 230458.703125 190063.578125 143695.781250 95778.375000 53500.171875 19842.427734 3610.831299 505.169952 81.342773 14.852181
8.944681 53.944088 358.943207 1916.384644 6243.247070 12314.540039 19282.718750 26748.794922 34533.277344 41120.632812 41194.902344 36551.242188 26153.531250 15594.252930 8249.500000 5579.975586 4619.607422 4108.431641 3697.702881 3368.688721 3200.656738 3165.348389 3222.471436 3386.878662 3694.332520 4113.614258 4774.701172 5832.603027 7489.431641 9647.876953 12738.615234 17058.404297 23421.171875 32723.541016 47744.285156 66931.101562 96337.468750 137977.859375 186627.453125 226066.937500 238469.140625 229144.781250 188832.515625 138618.390625 89847.867188 48959.933594 17312.902344 2906.583496 434.980255 80.861710
52.998276 330.019226 1672.350464 5276.187988 10156.590820 15743.499023 21713.742188 28143.234375 32243.369141 31761.931641 27460.562500 18001.808594 9019.291016 3575.196533 2159.401855 1650.492554 1402.507324 1234.590210 1083.642334 972.315186 922.367676 906.113281 920.248840 963.273865 1048.328491 1191.091187 1435.676514 1846.795532 2423.791016 3284.259766 4417.978027 6121.040527 9139.309570 13740.363281 21558.285156 36121.023438 54746.769531 88781.828125 133624.609375 188446.765625 230778.328125 241490.218750 221664.828125 181251.562500 128994.765625 82009.968750 42776.218750 14057.336914 2297.862061 412.391144
296.861176 1419.716919 4360.731934 8266.518555 12664.679688 17346.417969 22623.498047 24788.527344 24232.353516 20313.921875 12292.630859 5207.049805 1598.153931 794.777161 535.642700 418.112732 354.421295 305.180084 262.120636 232.402847 220.158768 216.911179 221.381882 231.897751 255.044220 297.885315 373.874603 497.870087 692.087524 970.068604 1369.231079 1982.131470 3068.729492 5133.251465 8680.027344 15964.894531 29520.486328 50826.050781 86951.851562 135485.765625 194046.796875 233156.484375 236347.312500 212358.562500 168064.015625 117165.132812 71823.242188 35207.589844 10721.518555 1965.003784
1191.626465 3518.939697 6615.020020 10064.099609 13771.639648 17775.291016 18994.931641 18449.843750 15091.651367 8590.387695 3157.797363 781.566589 295.686127 163.774353 111.860786 86.832123 72.380692 60.780613 51.077118 44.358765 42.748207 43.113838 44.384434 47.319069 52.909763 64.018272 85.456284 118.424591 172.024277 263.188416 399.158264 635.388000 1095.018555 2013.726685 3780.168701 7523.362793 15225.813477 28797.919922 53987.199219 91045.484375 146334.234375 198823.828125 232184.906250 226049.109375 199130.515625 151159.484375 103162.132812 59242.738281 27463.906250 8504.093750
2833.412354 5217.448730 7852.397949 10790.085938 13849.118164 14539.416992 14048.192383 11301.144531 6171.462891 2011.133789 436.130859 124.887695 51.345596 28.306866 18.767979 14.131920 11.486645 9.495864 7.892260 7.006588 6.924584 7.038121 7.419179 8.099913 9.445500 12.510339 16.960186 24.683985 39.585144 65.266327 116.087204 226.552979 426.500397 883.246887 1886.801514 4133.993652 8704.886719 17671.148438 34311.703125 62441.015625 104901.937500 159107.515625 207552.546875 226926.640625 214690.281250 179676.406250 132883.640625 85435.312500 46841.296875 21162.468750
4142.121582 6086.336426 8361.621094 10656.104492 11099.326172 10707.047852 8564.220703 4591.760254 1391.438354 285.631897 67.614029 19.474270 7.597220 3.923118 2.470899 1.788588 1.434352 1.209468 1.058259 0.968255 0.967603 0.999076 1.087288 1.252551 1.621900 2.101139 2.970189 4.706929 8.226864 16.806190 37.014046 86.556564 186.305420 433.174072 1044.284180 2545.223633 5721.199707 12080.281250 23965.750000 45240.570312 77756.117188 124991.242188 174687.890625 212236.500000 217976.046875 197984.468750 157783.906250 111086.539062 67786.835938 36396.593750
4818.111328 6423.806152 8157.040039 8460.206055 8171.359375 6561.735352 3502.581299 1039.220947 213.422150 52.757496 11.348425 2.799399 0.944357 0.438688 0.263998 0.000000 0.000000 0.000000 0.000000 0.000000 0.000000 0.000000 0.000000 0.000000 0.235997 0.318567 0.487963 0.865440 1.791940 4.542680 12.321278 33.846516 87.557877 229.430191 621.302917 1653.351562 4032.052246 8920.041992 18351.732422 35117.945312 61918.324219 101278.109375 146950.031250 190340.203125 210561.015625 204642.968750 175645.531250 134062.968750 88655.687500 53825.031250
5045.427246 6193.940918 6423.907227 6222.294922 5056.844727 2696.808105 784.006409 158.924469 43.217579 12.292271 2.285934 0.389526 0.000000 0.000000 0.000000 0.000000 0.000000 0.000000 0.000000 0.000000 0.000000 0.000000 0.000000 0.000000 0.000000 0.000000 0.000000 0.000000 0.412749 1.246113 4.217571 13.149676 40.124187 125.911430 370.483276 1043.313354 2758.974854 6575.558594 14282.130859 28243.421875 51502.359375 85008.718750 126267.070312 170090.421875 197852.750000 204213.421875 184543.718750 151000.359375 107757.382812 71894.398438
4737.079590 4846.870605 4711.333496 3881.613525 2069.772949 585.128601 114.241699 30.907848 9.573173 3.230471 0.567190 0.000000 0.000000 0.000000 0.000000 0.000000 0.000000 0.000000 0.000000 0.000000 0.000000 0.000000 0.000000 0.000000 0.000000 0.000000 0.000000 0.000000 0.000000 0.339104 1.328651 4.638221 15.751897 57.696541 190.630341 598.369934 1797.552979 4682.900391 10854.383789 22688.962891 43340.214844 73180.476562 110888.335938 152493.453125 184029.984375 198493.890625 188357.796875 162497.906250 123241.992188 88633.226562
3592.015381 3507.938477 2959.626953 1596.989258 450.223907 83.055618 21.261669 6.412487 2.062187 0.695831 0.000000 0.000000 0.000000 0.000000 0.000000 0.000000 0.000000 0.000000 0.000000 0.000000 0.000000 0.000000 0.000000 0.000000 0.000000 0.000000 0.000000 0.000000 0.000000 0.000000 0.367260 1.457493 5.572060 23.200823 89.265640 331.930115 1154.631592 3320.000244 8340.781250 18412.931641 36647.343750 63971.070312 99836.203125 139607.781250 171891.671875 191150.781250 187696.234375 169588.375000 135317.281250 102605.351562
2531.307373 2190.682129 1207.834961 351.995209 60.527794 14.315385 3.965328 1.177928 0.356047 0.000000 0.000000 0.000000 0.000000 0.000000 0.000000 0.000000 0.000000 0.000000 0.000000 0.000000 0.000000 0.000000 0.000000 0.000000 0.000000 0.000000 0.000000 0.000000 0.000000 0.000000 0.000000 0.493544 2.259623 11.106534 50.606155 212.745026 812.388428 2531.208496 6787.904785 15443.225586 31820.273438 56930.253906 91312.843750 129633.203125 162630.453125 183901.031250 185082.593750 172419.812500 142481.156250 112889.531250
1575.692261 892.057190 264.860992 41.981453 8.948042 2.306408 0.635988 0.000000 0.000000 0.000000 0.000000 0.000000 0.000000 0.000000 0.000000 0.000000 0.000000 0.000000 0.000000 0.000000 0.000000 0.000000 0.000000 0.000000 0.000000 0.000000 0.000000 0.000000 0.000000 0.000000 0.000000 0.248114 1.236754 6.549356 33.241982 155.453323 636.393494 2069.807373 5746.702637 13621.965820 28908.675781 52417.117188 85740.773438 122006.976562 155339.640625 178404.218750 181756.187500 173562.640625 147028.484375 120363.656250
690.693481 220.505402 30.368177 5.323791 1.220941 0.312389 0.000000 0.000000 0.000000 0.000000 0.000000 0.000000 0.000000 0.000000 0.000000 0.000000 0.000000 0.000000 0.000000 0.000000 0.000000 0.000000 0.000000 0.000000 0.000000 0.000000 0.000000 0.000000 0.000000 0.000000 0.000000 0.000000 0.825944 4.483203 23.797771 116.642044 503.106964 1700.912964 4939.801758 12288.404297 26762.171875 50039.414062 82292.718750 116884.203125 150258.593750 173522.031250 179885.671875 173733.421875 148707.984375 125343.679688
189.934311 32.668892 3.827620 0.640444 0.000000 0.000000 0.000000 0.000000 0.000000 0.000000 0.000000 0.000000 0.000000 0.000000 0.000000 0.000000 0.000000 0.000000 0.000000 0.000000 0.000000 0.000000 0.000000 0.000000 0.000000 0.000000 0.000000 0.000000 0.000000 0.000000 0.000000 0.000000 0.598913 3.223679 17.076679 87.975655 385.470428 1407.473999 4313.121094 11228.844727 25323.738281 49097.699219 81032.351562 114681.062500 148373.640625 169907.437500 178392.812500 172569.875000 148695.390625 126647.546875
32.053181 4.166221 0.441105 0.000000 0.000000 0.000000 0.000000 0.000000 0.000000 0.000000 0.000000 0.000000 0.000000 0.000000 0.000000 0.000000 0.000000 0.000000 0.000000 0.000000 0.000000 0.000000 0.000000 0.000000 0.000000 0.000000 0.000000 0.000000 0.000000 0.000000 0.000000 0.000000 0.449986 2.488023 14.001223 71.496582 325.354401 1233.080078 3927.992676 10548.276367 24534.996094 48913.429688 80684.320312 114944.632812 148847.578125 169069.734375 177934.671875 169682.828125 147889.875000 126555.976562
2.689350 0.318586 0.000000 0.000000 0.000000 0.000000 0.000000 0.000000 0.000000 0.000000 0.000000 0.000000 0.000000 0.000000 0.000000 0.000000 0.000000 0.000000 0.000000 0.000000 0.000000 0.000000 0.000000 0.000000 0.000000 0.000000 0.000000 0.000000 0.000000 0.000000 0.000000 0.000000 0.360039 2.155547 12.515070 64.635231 304.661224 1181.266724 3815.261475 10331.347656 24557.777344 49129.453125 80359.906250 117527.031250 151177.203125 169755.609375 178653.875000 167472.375000 147425.015625 124464.757812
0.000000 0.000000 0.000000 0.000000 0.000000 0.000000 0.000000 0.000000 0.000000 0.000000 0.000000 0.000000 0.000000 0.000000 0.000000 0.000000 0.000000 0.000000 0.000000 0.000000 0.000000 0.000000 0.000000 0.000000 0.000000 0.000000 0.000000 0.000000 0.000000 0.000000 0.000000 0.000000 0.326658 2.063167 11.849089 63.181808 298.768036 1196.295532 3858.669434 10714.129883 25363.904297 50044.078125 82060.257812 120425.171875 154707.609375 173608.968750 179412.609375 166942.046875 145789.843750 120955.703125
0.000000 0.000000 0.000000 0.000000 0.000000 0.000000 0.000000 0.000000 0.000000 0.000000 0.000000 0.000000 0.000000 0.000000 0.000000 0.000000 0.000000 0.000000 0.000000 0.000000 0.000000 0.000000 0.000000 0.000000 0.000000 0.000000 0.000000 0.000000 0.000000 0.000000 0.000000 0.000000 0.341622 2.166335 12.172039 63.307785 301.275787 1213.640991 4018.497070 11301.517578 27211.517578 52350.687500 86296.125000 125530.734375 157595.687500 179555.062500 180759.671875 168461.828125 144180.453125 116542.937500
0.000000 0.000000 0.000000 0.000000 0.000000 0.000000 0.000000 0.000000 0.000000 0.000000 0.000000 0.000000 0.000000 0.000000 0.000000 0.000000 0.000000 0.000000 0.000000 0.000000 0.000000 0.000000 0.000000 0.000000 0.000000 0.000000 0.000000 0.000000 0.000000 0.000000 0.000000 0.000000 0.459779 2.581672 13.488406 66.417343 300.351898 1243.242798 4219.865234 12256.984375 29551.175781 56454.707031 94186.187500 131780.531250 162907.781250 183626.953125 182071.390625 170375.609375 140673.265625 113237.132812
0.000000 0.000000 0.000000 0.000000 0.000000 0.000000 0.000000 0.000000 0.000000 0.000000 0.000000 0.000000 0.000000 0.000000 0.000000 0.000000 0.000000 0.000000 0.000000 0.000000 0.000000 0.000000 0.000000 0.000000 0.000000 0.000000 0.000000 0.000000 0.000000 0.000000 0.000000 0.000000 0.686967 3.399587 16.155958 73.628708 327.145538 1311.317627 4527.727051 13589.352539 32288.296875 63179.992188 101530.101562 139267.515625 171740.046875 186101.875000 184705.812500 167482.921875 136353.937500 105329.687500
