tests/test_03/output6/CloudLoad_005.00hrs.dat
NCOLS    50
NROWS    50
XLLCORNER    -2289770.000
YLLCORNER     2591270.000
CELLSIZE        2000.000       2000.000
NODATA_VALUE  0.000
[rows 0 to 46 of 50, columns 0 to 49 of 50]
0.000 0.000 0.000 0.000 0.000 0.000 0.000 0.000 0.000 0.000 0.235 0.359 0.526 0.746 1.014 1.303 1.593 1.867 2.144 2.512 2.992 3.535 4.096 4.639 5.202 5.599 5.854 6.093 6.301 6.061 5.314 3.932 2.703 1.769 1.003 0.478 0.232 0.000 0.000 0.000 0.000 0.000 0.000 0.000 0.000 0.000 0.000 0.000 0.000 0.000
0.000 0.000 0.000 0.000 0.000 0.000 0.000 0.000 0.000 0.323 0.507 0.760 1.080 1.459 1.871 2.286 2.689 3.153 3.816 4.711 5.743 6.845 7.901 8.927 9.950 10.666 11.282 11.692 11.369 10.302 8.625 6.466 4.653 3.109 1.624 0.765 0.361 0.000 0.000 0.000 0.000 0.000 0.000 0.000 0.000 0.000 0.000 0.000 0.000 0.000
0.000 0.000 0.000 0.000 0.000 0.000 0.000 0.330 0.530 0.809 1.195 1.693 2.309 3.044 3.834 4.652 5.647 6.981 8.690 10.758 13.161 15.898 18.849 21.647 24.249 26.189 27.055 26.584 24.806 21.893 18.350 14.386 9.802 5.910 3.048 1.488 0.650 0.287 0.000 0.000 0.000 0.000 0.000 0.000 0.000 0.000 0.000 0.000 0.000 0.000
0.000 0.000 0.000 0.000 0.000 0.278 0.501 0.792 1.183 1.764 2.571 3.589 4.830 6.269 7.859 9.730 12.227 15.577 19.824 25.085 31.587 39.265 47.472 55.275 61.169 65.626 66.009 62.832 57.055 49.873 41.716 32.377 21.764 11.725 6.252 3.219 1.333 0.521 0.218 0.000 0.000 0.000 0.000 0.000 0.000 0.000 0.000 0.000 0.000 0.000
0.000 0.000 0.000 0.222 0.459 0.787 1.214 1.783 2.645 3.950 5.696 7.839 10.419 13.553 17.498 22.651 29.522 38.790 50.935 66.403 85.844 109.317 135.128 155.211 171.772 176.650 173.784 163.023 146.345 125.512 104.359 77.396 50.991 26.315 13.898 7.408 3.044 1.048 0.414 0.000 0.000 0.000 0.000 0.000 0.000 0.000 0.000 0.000 0.000 0.000
0.000 0.000 0.355 0.753 1.242 1.874 2.725 3.956 5.888 8.784 12.667 17.542 23.671 31.764 43.031 58.725 79.856 108.170 146.992 199.417 265.192 344.681 415.702 476.184 506.256 506.816 485.535 447.509 397.611 340.295 277.159 201.202 123.985 67.432 33.512 16.510 6.926 2.259 0.865 0.336 0.000 0.000 0.000 0.000 0.000 0.000 0.000 0.000 0.000 0.000
0.000 0.429 1.053 1.850 2.832 4.141 6.023 8.937 13.542 20.319 29.496 41.624 58.328 82.382 117.196 167.184 238.752 340.324 482.167 673.227 916.240 1166.910 1380.688 1521.708 1566.671 1533.515 1412.590 1278.178 1116.975 942.508 744.400 534.306 331.368 188.394 86.918 37.898 16.004 5.122 1.882 0.721 0.282 0.000 0.000 0.000 0.000 0.000 0.000 0.000 0.000 0.000
0.680 1.511 2.661 4.181 6.392 9.893 15.452 24.114 36.992 55.550 82.182 119.907 173.460 249.759 360.825 523.564 766.496 1126.025 1643.367 2346.070 3267.194 4101.430 4798.183 5044.857 4994.982 4714.902 4287.809 3751.992 3162.744 2578.900 1963.820 1373.800 898.603 517.426 239.972 94.616 37.192 12.033 4.203 1.577 0.610 0.234 0.000 0.000 0.000 0.000 0.000 0.000 0.000 0.000
2.788 4.417 6.992 10.876 16.785 25.917 40.073 62.202 96.299 148.815 229.452 353.787 544.272 834.180 1270.844 1923.035 2885.512 4283.484 6259.047 8899.620 12360.801 15515.744 18264.671 18708.923 17873.250 15749.739 13422.927 11170.622 8938.955 6985.986 5175.918 3490.459 2278.806 1327.154 647.842 244.874 91.382 28.761 9.326 3.287 1.250 0.478 0.000 0.000 0.000 0.000 0.000 0.000 0.000 0.000
5.804 8.841 13.966 21.902 34.240 53.517 83.673 130.885 204.336 318.719 496.418 773.545 1204.360 1876.036 2917.861 4537.328 7039.896 10895.555 16714.258 25095.334 36674.983 49124.886 60075.781 66311.223 65952.633 59231.512 48895.411 37348.406 27732.374 19865.142 13823.009 9264.329 5753.368 3267.736 1629.431 644.420 246.833 71.517 20.692 6.636 2.415 0.919 0.349 0.000 0.000 0.000 0.000 0.000 0.000 0.000
9.466 14.558 23.367 37.305 59.407 94.474 150.254 238.718 378.557 598.948 946.282 1492.855 2352.007 3698.274 5800.403 9070.354 14122.769 21876.411 33589.419 50786.951 75421.235 103981.244 129912.030 148534.268 154735.398 147801.840 131072.686 105493.643 80642.174 59341.799 40915.592 26124.595 15281.501 8042.734 3969.437 1645.025 656.368 184.024 47.731 13.331 4.527 1.665 0.634 0.244 0.000 0.000 0.000 0.000 0.000 0.000
13.478 21.034 34.318 55.723 90.157 145.555 234.890 378.690 609.633 979.477 1572.057 2519.500 4033.917 6444.035 10270.136 16293.398 25708.471 40169.157 61828.534 92582.674 135709.460 184325.283 232878.369 270141.973 290691.840 277472.264 255157.015 216299.983 173860.440 134957.989 98623.009 66252.754 39924.957 20555.862 9534.281 3894.689 1566.187 454.529 114.306 28.341 8.726 3.018 1.111 0.425 0.000 0.000 0.000 0.000 0.000 0.000
17.310 27.529 45.648 75.239 123.386 201.621 328.788 535.284 870.642 1415.462 2300.841 3736.484 6060.953 9821.600 15893.373 25654.000 41223.046 65681.606 102973.974 156311.275 229475.446 299945.892 376448.442 429444.669 469594.258 450488.733 415480.607 367849.033 306891.292 248814.364 192154.003 136506.637 87695.212 48182.012 22746.468 8964.502 3455.409 1033.846 264.393 64.111 18.350 5.898 2.050 0.750 0.283 0.000 0.000 0.000 0.000 0.000
18.734 30.206 50.978 85.914 144.288 241.807 404.384 674.384 1120.945 1854.975 3055.579 5015.218 8211.821 13421.843 21914.772 35728.649 58126.631 94018.054 149770.851 231703.340 345355.557 456721.766 567651.548 638335.003 679789.468 667610.966 601035.282 534539.878 463067.400 392420.836 317441.294 238002.726 162172.552 97085.771 48877.687 19530.508 7273.835 2162.534 553.136 135.396 37.605 11.386 3.764 1.320 0.481 0.000 0.000 0.000 0.000 0.000
18.961 30.645 51.910 87.956 148.735 251.447 424.907 717.559 1210.561 2040.452 3434.609 5771.968 9672.988 16166.862 26939.216 44755.213 74000.596 121401.713 196105.998 308256.313 467154.494 629524.135 803507.411 907464.825 923932.230 894778.554 792435.916 678316.166 591125.234 523635.436 459013.161 364542.879 260654.368 167595.096 92434.739 39216.014 14415.346 4357.036 1100.853 261.816 70.779 20.309 6.327 2.145 0.766 0.279 0.000 0.000 0.000 0.000
18.169 29.830 51.051 87.197 148.353 251.827 426.906 722.792 1223.130 2068.951 3499.802 5917.962 10003.078 16901.378 28516.719 48040.521 80699.390 134878.271 222406.983 356900.208 558706.082 769102.772 1020604.323 1176920.859 1184738.352 1135271.675 1010070.904 839835.824 702606.323 623066.454 568687.019 495284.522 379885.612 256276.659 153468.906 71700.785 26634.860 8247.999 2086.093 483.255 124.997 33.921 10.112 3.257 1.125 0.405 0.000 0.000 0.000 0.000
14.791 24.706 42.887 74.371 128.801 222.853 385.930 666.816 1150.421 1975.974 3387.556 5794.177 9894.950 16842.619 28605.326 48443.570 81816.022 137546.142 228563.600 368934.467 591672.327 832500.459 1157221.449 1373591.560 1425403.222 1337798.668 1165412.923 972438.188 795046.253 698374.465 643627.433 583276.665 491519.670 356494.604 227607.343 116281.276 45130.247 14463.038 3711.458 852.044 214.293 55.496 15.870 4.874 1.614 0.564 0.000 0.000 0.000 0.000
11.419 19.283 33.697 58.795 102.555 178.589 310.848 540.502 939.450 1629.970 2823.942 4891.258 8468.195 14645.634 25307.222 43658.354 75164.106 128627.259 217326.208 355699.997 576825.529 820008.892 1174679.191 1433109.810 1599059.771 1582396.017 1277496.725 997867.309 817599.426 723425.424 697362.774 655700.972 575083.566 445594.683 302475.364 169009.536 70597.413 23329.324 6080.625 1404.523 353.255 90.018 24.957 7.365 2.331 0.785 0.271 0.000 0.000 0.000
8.150 13.970 24.651 43.489 76.556 134.686 236.457 414.939 727.089 1273.147 2226.802 3891.783 6792.387 11844.057 20629.864 35898.732 62345.373 107885.337 184709.908 306742.986 513193.391 746511.654 1083984.203 1365340.656 1694525.690 1881813.927 1393877.840 1054395.232 780265.947 672618.427 678013.620 686443.516 640310.180 520932.425 373045.557 223271.094 102000.912 34803.024 9190.914 2140.919 545.119 140.412 38.598 11.133 3.390 1.095 0.367 0.000 0.000 0.000
5.083 8.899 15.954 28.573 51.027 91.069 162.047 288.135 511.130 906.081 1602.906 2832.989 4996.456 8802.853 15482.539 27207.283 47731.185 83505.000 144725.437 243527.349 414792.771 614485.808 919791.714 1213561.661 1675276.687 2213481.133 1584449.765 1080609.945 747258.937 609066.360 635065.788 675506.528 669594.120 576510.114 429320.409 272465.951 135306.041 48802.625 13117.090 3079.013 791.814 206.154 56.831 16.290 4.856 1.510 0.490 0.000 0.000 0.000
2.750 4.925 9.016 16.415 29.848 54.056 97.822 176.342 317.682 570.749 1024.096 1833.539 3278.593 5850.493 10424.675 18545.944 32950.677 58433.711 102996.540 176835.567 315169.547 480871.432 726831.032 1014617.765 1547920.306 2570701.476 1725782.235 1181852.078 723928.977 555051.072 558888.655 628311.062 669706.839 602854.500 470985.372 309365.707 162838.408 63605.367 17472.183 4143.491 1078.354 287.432 79.468 22.572 6.550 1.973 0.618 0.200 0.000 0.000
1.201 2.268 4.357 8.208 15.486 28.710 53.260 97.681 179.549 327.310 597.368 1083.145 1965.199 3548.377 6409.859 11531.935 20745.541 37204.024 66592.571 117754.851 209616.268 355970.774 572392.467 830147.357 1380321.996 3120096.888 1983579.035 1253675.867 718705.938 531301.366 524624.966 588159.587 651586.397 598714.433 489875.343 337164.001 183965.528 75985.383 21374.685 5198.726 1387.001 377.042 104.762 29.606 8.430 2.431 0.723 0.225 0.000 0.000
0.298 0.604 1.231 2.489 5.050 10.149 20.414 40.379 79.374 153.045 294.179 555.684 1045.957 1939.167 3587.688 6575.641 12044.333 21911.581 39825.519 71876.188 127466.757 238745.142 404265.458 664543.794 1224464.907 3992137.848 2398302.714 1319213.082 695851.721 546611.235 509790.975 542105.348 609782.224 586780.293 490060.746 342470.549 194178.053 84059.529 24402.923 6116.220 1650.200 456.326 129.236 36.626 10.275 2.872 0.807 0.237 0.000 0.000
0.000 0.000 0.213 0.446 0.931 1.943 4.049 8.426 17.501 36.295 75.075 155.159 319.201 657.893 1339.195 2699.835 5335.371 10424.032 20038.405 38014.294 70786.901 128700.728 248401.107 486363.775 1046858.501 5299913.954 2752376.733 1227205.242 734244.675 590096.930 514591.412 514105.972 577247.584 560844.053 468721.711 335125.237 192849.837 85920.408 25539.704 6600.303 1838.417 522.797 149.493 42.502 11.834 3.213 0.856 0.234 0.000 0.000
0.000 0.000 0.000 0.000 0.000 0.000 0.417 0.904 1.956 4.235 9.170 19.854 42.985 93.066 201.494 436.249 944.478 2044.905 4427.162 9589.415 21068.140 45045.543 92002.169 220654.621 607839.607 4713381.664 2954916.524 1476157.095 907771.174 658932.831 513269.637 475835.120 530865.728 520221.550 434789.978 316029.840 181043.755 82701.552 24999.122 6665.845 1893.647 548.289 159.273 45.737 12.762 3.440 0.894 0.230 0.000 0.000
0.000 0.000 0.000 0.000 0.000 0.000 0.000 0.000 0.000 0.000 0.000 0.000 0.000 0.000 0.000 0.000 0.000 0.000 0.212 0.464 0.992 2.414 52.894 4049.413 163908.681 1330195.994 764641.710 550273.083 450710.793 396901.880 381027.952 416385.080 477098.652 477381.466 403060.434 284467.366 159439.135 71518.772 23079.209 6303.091 1819.074 536.889 158.378 45.953 12.928 3.473 0.885 0.217 0.000 0.000
0.000 0.000 0.000 0.000 0.000 0.000 0.000 0.000 0.000 0.000 0.000 0.000 0.000 0.000 0.000 0.000 0.000 0.000 0.000 0.000 0.337 6.089 438.381 14526.071 183208.779 938932.338 538750.969 410792.313 349711.311 328118.072 344568.574 381839.691 447100.931 434932.865 359199.962 238483.278 133627.639 59216.037 19649.651 5480.262 1642.053 498.522 149.336 43.574 12.375 3.370 0.859 0.204 0.000 0.000
0.000 0.000 0.000 0.000 0.000 0.000 0.000 0.000 0.000 0.000 0.000 0.000 0.000 0.000 0.000 0.000 0.000 0.000 0.000 0.000 0.642 43.996 1322.308 19093.828 158181.955 643853.049 483327.972 368345.319 312640.880 306382.893 325208.284 368805.650 405960.694 380519.459 299184.963 188471.576 102737.369 45706.731 15363.660 4464.068 1383.218 424.699 126.942 37.098 10.602 2.929 0.764 0.000 0.000 0.000
0.000 0.000 0.000 0.000 0.000 0.000 0.000 0.000 0.000 0.000 0.000 0.000 0.000 0.000 0.000 0.000 0.000 0.000 0.000 0.000 4.202 131.742 1428.676 18472.903 109462.926 442000.780 433115.041 357673.474 308974.170 305165.830 316220.407 342637.009 352863.203 311500.076 226388.723 139257.126 75366.949 33461.374 10998.629 3406.677 1104.591 345.907 103.986 30.361 8.704 2.423 0.639 0.000 0.000 0.000
0.000 0.000 0.000 0.000 0.000 0.000 0.000 0.000 0.000 0.000 0.000 0.000 0.000 0.000 0.000 0.000 0.000 0.000 0.000 0.409 12.866 136.935 1607.332 14526.115 71028.684 255832.036 332947.498 318011.147 292694.485 287588.992 287845.417 294684.248 281366.906 228587.710 157566.256 96219.015 49289.507 21281.314 7250.190 2374.630 766.543 236.719 70.438 20.367 5.800 1.620 0.431 0.000 0.000 0.000
0.000 0.000 0.000 0.000 0.000 0.000 0.000 0.000 0.000 0.000 0.000 0.000 0.000 0.000 0.000 0.000 0.000 0.000 0.000 1.232 13.396 130.672 1392.944 9378.541 40659.723 127085.062 204449.978 228018.928 230669.163 232122.612 226496.175 219572.473 192341.603 148569.297 97323.784 57188.654 28564.926 11962.831 4088.487 1380.064 453.012 141.727 42.333 12.214 3.465 0.963 0.258 0.000 0.000 0.000
0.000 0.000 0.000 0.000 0.000 0.000 0.000 0.000 0.000 0.000 0.000 0.000 0.000 0.000 0.000 0.000 0.000 0.000 0.000 1.304 12.202 106.875 945.683 5255.337 20645.443 50730.307 96212.827 127976.138 141100.400 145907.144 138956.551 130249.310 106859.896 78231.050 50311.265 28219.680 13578.505 5462.258 2016.163 699.390 226.958 68.815 19.612 5.392 1.469 0.395 0.000 0.000 0.000 0.000
0.000 0.000 0.000 0.000 0.000 0.000 0.000 0.000 0.000 0.000 0.000 0.000 0.000 0.000 0.000 0.000 0.000 0.000 0.000 1.180 9.468 73.565 528.149 2494.118 9740.338 19538.954 33770.853 50444.417 63162.324 67216.685 64881.127 59060.262 45749.676 32124.109 19753.668 10499.061 4910.197 1990.946 685.190 219.307 65.383 18.209 4.812 1.223 0.302 0.000 0.000 0.000 0.000 0.000
0.000 0.000 0.000 0.000 0.000 0.000 0.000 0.000 0.000 0.000 0.000 0.000 0.000 0.000 0.000 0.000 0.000 0.000 0.000 0.903 6.341 41.677 249.728 1049.355 3965.478 7998.702 11896.645 15744.534 18926.525 20987.706 21365.292 19391.987 15032.386 10241.313 6254.496 3310.827 1542.744 624.002 212.828 66.226 18.868 5.015 1.271 0.312 0.000 0.000 0.000 0.000 0.000 0.000
0.000 0.000 0.000 0.000 0.000 0.000 0.000 0.000 0.000 0.000 0.000 0.000 0.000 0.000 0.000 0.000 0.000 0.000 0.000 0.602 3.548 20.106 101.790 369.559 1308.424 2763.891 4298.535 5311.637 6075.951 6391.926 6007.821 5047.921 3828.704 2609.370 1559.093 810.134 361.382 138.732 45.533 13.731 3.780 0.982 0.246 0.000 0.000 0.000 0.000 0.000 0.000 0.000
0.000 0.000 0.000 0.000 0.000 0.000 0.000 0.000 0.000 0.000 0.000 0.000 0.000 0.000 0.000 0.000 0.000 0.000 0.000 0.334 1.684 8.194 35.773 116.742 384.359 798.919 1231.801 1522.740 1661.939 1720.805 1591.151 1297.868 925.753 599.825 334.273 160.652 68.225 24.488 7.723 2.259 0.622 0.000 0.000 0.000 0.000 0.000 0.000 0.000 0.000 0.000
0.000 0.000 0.000 0.000 0.000 0.000 0.000 0.000 0.000 0.000 0.000 0.000 0.000 0.000 0.000 0.000 0.000 0.000 0.000 0.000 0.687 2.869 11.096 34.977 102.310 216.882 336.125 416.362 447.810 452.785 411.449 326.567 227.892 144.878 78.995 37.595 15.756 5.590 1.750 0.508 0.000 0.000 0.000 0.000 0.000 0.000 0.000 0.000 0.000 0.000
0.000 0.000 0.000 0.000 0.000 0.000 0.000 0.000 0.000 0.000 0.000 0.000 0.000 0.000 0.000 0.000 0.000 0.000 0.000 0.000 0.240 0.874 3.088 9.806 25.800 54.532 86.067 107.200 115.488 115.519 104.054 81.674 56.400 35.533 19.217 9.097 3.788 1.335 0.417 0.000 0.000 0.000 0.000 0.000 0.000 0.000 0.000 0.000 0.000 0.000
0.000 0.000 0.000 0.000 0.000 0.000 0.000 0.000 0.000 0.000 0.000 0.000 0.000 0.000 0.000 0.000 0.000 0.000 0.000 0.000 0.000 0.243 0.797 2.635 6.279 12.943 20.690 25.913 28.127 28.086 25.158 19.692 13.545 8.496 4.587 2.165 0.897 0.315 0.000 0.000 0.000 0.000 0.000 0.000 0.000 0.000 0.000 0.000 0.000 0.000
0.000 0.000 0.000 0.000 0.000 0.000 0.000 0.000 0.000 0.000 0.000 0.000 0.000 0.000 0.000 0.000 0.000 0.000 0.000 0.000 0.000 0.000 0.000 0.682 1.521 2.961 4.712 5.929 6.496 6.483 5.787 4.533 3.114 1.947 1.051 0.495 0.204 0.000 0.000 0.000 0.000 0.000 0.000 0.000 0.000 0.000 0.000 0.000 0.000 0.000
0.000 0.000 0.000 0.000 0.000 0.000 0.000 0.000 0.000 0.000 0.000 0.000 0.000 0.000 0.000 0.000 0.000 0.000 0.000 0.000 0.000 0.000 0.000 0.000 0.362 0.664 1.039 1.311 1.445 1.438 1.277 0.999 0.683 0.425 0.229 0.000 0.000 0.000 0.000 0.000 0.000 0.000 0.000 0.000 0.000 0.000 0.000 0.000 0.000 0.000
0.000 0.000 0.000 0.000 0.000 0.000 0.000 0.000 0.000 0.000 0.000 0.000 0.000 0.000 0.000 0.000 0.000 0.000 0.000 0.000 0.000 0.000 0.000 0.000 0.000 0.000 0.214 0.275 0.304 0.301 0.266 0.207 0.000 0.000 0.000 0.000 0.000 0.000 0.000 0.000 0.000 0.000 0.000 0.000 0.000 0.000 0.000 0.000 0.000 0.000
0.000 0.000 0.000 0.000 0.000 0.000 0.000 0.000 0.000 0.000 0.000 0.000 0.000 0.000 0.000 0.000 0.000 0.000 0.000 0.000 0.000 0.000 0.000 0.000 0.000 0.000 0.000 0.000 0.000 0.000 0.000 0.000 0.000 0.000 0.000 0.000 0.000 0.000 0.000 0.000 0.000 0.000 0.000 0.000 0.000 0.000 0.000 0.000 0.000 0.000
0.000 0.000 0.000 0.000 0.000 0.000 0.000 0.000 0.000 0.000 0.000 0.000 0.000 0.000 0.000 0.000 0.000 0.000 0.000 0.000 0.000 0.000 0.000 0.000 0.000 0.000 0.000 0.000 0.000 0.000 0.000 0.000 0.000 0.000 0.000 0.000 0.000 0.000 0.000 0.000 0.000 0.000 0.000 0.000 0.000 0.000 0.000 0.000 0.000 0.000
0.000 0.000 0.000 0.000 0.000 0.000 0.000 0.000 0.000 0.000 0.000 0.000 0.000 0.000 0.000 0.000 0.000 0.000 0.000 0.000 0.000 0.000 0.000 0.000 0.000 0.000 0.000 0.000 0.000 0.000 0.000 0.000 0.000 0.000 0.000 0.000 0.000 0.000 0.000 0.000 0.000 0.000 0.000 0.000 0.000 0.000 0.000 0.000 0.000 0.000
0.000 0.000 0.000 0.000 0.000 0.000 0.000 0.000 0.000 0.000 0.000 0.000 0.000 0.000 0.000 0.000 0.000 0.000 0.000 0.000 0.000 0.000 0.000 0.000 0.000 0.000 0.000 0.000 0.000 0.000 0.000 0.000 0.000 0.000 0.000 0.000 0.000 0.000 0.000 0.000 0.000 0.000 0.000 0.000 0.000 0.000 0.000 0.000 0.000 0.000
0.000 0.000 0.000 0.000 0.000 0.000 0.000 0.000 0.000 0.000 0.000 0.000 0.000 0.000 0.000 0.000 0.000 0.000 0.000 0.000 0.000 0.000 0.000 0.000 0.000 0.000 0.000 0.000 0.000 0.000 0.000 0.000 0.000 0.000 0.000 0.000 0.000 0.000 0.000 0.000 0.000 0.000 0.000 0.000 0.000 0.000 0.000 0.000 0.000 0.000
