tests/test_03/output6/CloudLoad_010.00hrs.dat
NCOLS    50
NROWS    50
XLLCORNER    -2289770.000
YLLCORNER     2591270.000
CELLSIZE        2000.000       2000.000
NODATA_VALUE  0.000
[rows 0 to 35 of 50, columns 0 to 49 of 50]
19022.422 22702.574 27634.979 33624.270 40887.648 49676.988 60293.719 73092.789 88480.734 106926.156 128911.062 154932.500 185472.469 219955.922 256845.016 296213.656 337141.875 377450.531 415108.188 448481.688 476966.250 501827.125 515168.812 518116.906 515365.188 501316.969 476943.531 451055.688 417870.562 385717.188 355905.906 328364.375 303736.531 282069.094 262910.969 245027.734 227594.938 209768.828 191773.469 172997.125 153541.656 134052.375 114242.188 94440.805 74827.711 57566.531 41924.172 27152.455 14424.854 5887.930
19804.836 23665.545 28845.682 35140.203 42781.918 52042.820 63239.000 76742.930 92990.008 112460.836 135666.375 163151.031 195552.078 232354.375 271910.250 314358.844 359319.188 404105.125 447089.750 485445.938 516860.438 543084.562 557286.438 564188.062 562367.562 548423.125 522131.469 491571.344 455208.938 418037.469 384035.906 352787.750 325310.406 301317.844 280287.188 261977.469 244881.078 227749.188 209809.047 190788.344 170839.844 150461.562 129514.828 108379.117 86959.484 67586.117 50069.020 32733.648 17724.318 7527.666
20525.955 24605.725 30095.986 36786.941 44929.664 54820.137 66802.008 81251.125 98605.523 119346.031 144092.984 173374.484 207887.516 247193.203 289754.312 335490.594 384723.594 434290.281 482907.000 526138.938 562978.000 589075.312 600181.938 611784.812 612095.688 598437.500 573821.000 540221.062 499064.531 456531.250 416583.562 380490.094 348937.594 322007.625 298715.875 278912.531 262047.219 246177.922 229677.016 211627.031 191455.328 170320.281 148204.062 125616.695 102218.414 80541.609 60646.375 40196.926 22248.959 9818.395
20691.088 24845.016 30452.672 37312.676 45692.949 55922.324 68382.203 83529.609 101849.656 123846.797 149955.438 180739.375 217000.062 258138.141 303105.219 351464.281 403966.625 457222.406 509413.562 555517.250 598070.312 622354.562 634272.125 649001.688 649426.688 633554.750 609438.625 573452.562 528400.938 483844.406 441336.500 404211.000 371045.438 342036.594 316612.344 294854.688 276712.438 260701.219 245177.531 228640.297 210341.172 189458.281 166737.922 143228.188 118315.258 94702.039 72348.375 48862.055 27762.178 12674.868
20701.535 24863.650 30488.918 37380.383 45819.586 56137.352 68737.062 84094.797 102769.508 125386.695 152566.453 184862.828 222634.500 265118.344 311887.844 362431.125 417262.062 474600.500 529885.062 577737.875 624402.500 655876.938 668162.125 683723.438 685734.562 662406.312 643559.938 601437.375 551722.750 502114.156 455275.219 415689.281 382684.000 355359.250 332061.875 310215.250 290563.844 274310.188 258941.016 243313.438 225974.453 206954.312 184819.328 160681.500 134728.328 109488.086 84935.234 58709.766 34359.184 16192.048
20489.455 24645.504 30263.604 37148.078 45581.234 55906.848 68527.914 83905.328 102577.836 125189.906 152487.719 185235.422 224042.406 267625.625 315600.312 367008.375 422921.688 481722.219 538108.500 587226.125 638726.312 683325.750 698929.000 713960.312 719979.938 694683.000 668456.438 628720.000 571710.062 514157.688 462460.438 420787.688 385715.250 358242.938 336135.344 317981.094 301733.031 286459.312 271481.531 256441.781 239869.141 222030.547 201564.328 177511.078 151001.344 124526.297 98163.766 69582.508 42153.719 20472.072
19935.494 24011.721 29531.881 36309.191 44625.160 54820.398 67305.070 82572.484 101178.109 123730.375 150856.109 183415.281 222117.078 265867.531 314783.156 367093.188 424369.469 483639.500 538409.312 585596.125 640525.500 692420.750 714920.125 736956.062 747591.125 726908.062 697193.688 652152.625 590719.375 527478.500 469433.281 421770.156 384075.250 356601.531 334495.719 317865.125 304508.250 293756.875 281862.094 267978.875 252044.656 235114.703 216162.000 193485.641 166897.891 139691.812 111782.156 81296.422 51072.000 25607.049
19210.936 23171.568 28543.396 35149.961 43270.012 53239.371 65468.488 80446.688 98770.117 121114.812 148233.000 180827.766 219339.859 262505.688 310499.875 362612.875 420403.219 481157.125 533971.375 580119.312 635143.625 693076.188 728274.562 765677.688 775316.500 765789.375 727018.375 677688.312 608937.062 537259.000 474811.938 421520.031 380084.312 350384.469 328534.281 312292.688 300569.062 292909.031 286800.375 277647.906 263130.344 247018.250 228880.562 207794.172 181731.562 154471.047 125494.602 93553.922 61096.039 31661.953
18270.836 22065.449 27218.674 33567.562 41384.695 51005.281 62831.938 77354.680 95147.438 116892.961 143357.656 175471.156 214087.875 257931.734 306328.844 358227.188 415616.719 474788.000 527022.938 574575.000 627066.812 689367.125 735899.938 793627.438 805238.188 809190.000 765371.312 712447.688 626646.375 550537.500 476620.781 416990.562 371998.219 340778.500 318675.000 303151.688 292989.156 287218.625 284955.438 281603.500 271506.156 257638.312 240718.031 220199.422 195132.688 168068.438 138707.422 105970.789 72019.828 38638.363
17157.049 20744.402 25623.756 31644.742 39073.145 48232.906 59521.062 73412.766 90474.992 111360.297 136823.234 167724.078 205038.812 247901.234 296179.188 348987.281 408042.031 467751.562 518593.531 567690.312 620620.500 686836.000 742044.562 816795.625 840985.312 858041.625 806113.938 751970.688 653962.375 562856.625 479745.562 411496.156 361986.719 329898.094 306100.562 291085.375 282335.969 278562.438 279329.312 279612.125 277056.250 265990.875 251566.297 231892.734 208010.406 180878.984 151298.906 118007.664 83372.883 46470.059
15902.117 19251.760 23816.088 29459.119 36435.297 45053.965 55694.453 68816.328 84972.164 104806.727 129052.398 158540.219 194274.453 235552.328 282190.094 333409.594 391164.625 453892.375 506978.375 557782.812 611200.938 682549.688 747373.188 837108.188 878329.812 912459.438 846802.375 801997.688 685760.500 581204.250 483781.062 408368.281 353218.125 317753.312 292674.156 277109.125 270011.562 267998.500 270522.469 273526.312 277232.312 272294.406 260249.422 242404.219 219540.203 192839.453 163158.531 129750.602 94907.727 55075.730
14538.414 17625.572 21842.359 27065.627 33534.836 41538.977 51442.246 63680.238 78787.242 97395.500 120241.469 148136.750 182118.188 221611.484 266315.812 315475.375 370682.750 432059.844 486749.781 540687.438 597171.688 678678.438 754099.312 857645.688 922159.688 964129.750 885745.438 858121.688 723710.250 599810.500 494119.625 411720.625 352879.250 309309.219 281770.906 264347.844 257634.125 257360.188 260309.516 265266.062 272594.594 274791.125 266957.438 251948.031 230515.422 204427.516 174376.703 140830.250 106199.398 64294.156
13113.409 15920.711 19762.789 24531.326 30448.041 37780.035 46863.242 58105.828 72032.328 89246.094 110484.125 136571.203 168590.328 206253.984 248966.594 296068.156 349155.875 408116.688 462043.812 517194.375 576321.375 663389.750 755252.000 876101.812 978174.750 1027505.812 939014.500 915009.250 758836.188 619712.562 506723.594 419132.312 351238.250 303289.062 271197.719 253188.156 246295.203 246629.109 249715.875 255416.516 265278.688 273032.969 270955.781 259383.828 240023.500 215695.312 185665.969 151563.484 116735.406 73989.797
11676.104 14196.193 17648.951 21942.992 27275.510 33901.746 42124.762 52325.566 64960.016 80609.602 100009.477 123987.180 153639.766 189180.516 229618.812 274679.844 325715.219 383258.656 435262.219 490613.375 551952.625 642369.188 745108.625 880412.500 1037702.625 1113309.500 991011.562 970983.875 790301.438 643725.062 526697.750 431570.031 351938.188 298825.594 263887.594 246783.094 239673.312 237848.562 240632.906 246286.312 257425.547 268218.438 272455.719 264661.031 247884.016 225706.219 196694.672 162248.703 126801.305 83855.633
10274.128 12509.068 15568.151 19376.648 24110.465 30012.910 37350.520 46501.508 57861.508 71976.203 89403.398 111000.453 137816.922 170703.688 208275.328 250945.422 299384.156 356949.531 407926.531 461552.281 523270.781 617302.438 732504.625 872816.125 1087610.625 1225077.750 1066912.875 1025819.938 825508.625 671734.500 555801.875 441420.281 352706.219 293799.938 260394.672 244514.047 235660.609 229867.906 232285.453 239668.516 251522.891 263034.375 271420.719 268214.188 254095.891 234004.188 206991.453 172407.906 136634.750 93511.078
8930.438 10893.509 13587.383 16937.473 21106.736 26298.605 32776.957 40875.078 50972.223 63578.426 79231.727 98622.727 122489.039 152010.125 186338.453 225625.453 270436.719 325623.031 380323.969 431029.562 489716.469 583495.438 720107.562 863481.188 1123739.250 1363499.750 1154851.250 1067446.375 866230.688 727705.562 580855.375 447041.000 347352.281 289194.656 263478.875 246835.031 232589.578 224641.875 226259.219 234508.406 247034.219 259721.922 269855.812 270093.812 258635.000 241367.156 216251.109 181799.672 146355.375 102625.375
7550.891 9237.417 11561.647 14456.712 18078.250 22588.986 28237.729 35289.434 44179.293 55373.398 69488.141 87108.227 109027.617 135948.531 167147.250 202481.500 242163.500 291518.156 347855.000 401879.875 453854.094 535900.500 696855.312 856307.875 1151114.250 1533163.625 1265048.625 1124568.750 936177.312 785012.125 595278.562 439401.312 337240.906 296656.750 269301.656 245426.094 228657.297 222962.203 224460.734 231479.609 242902.250 255968.828 267260.906 271506.781 262798.719 247022.828 223971.781 191185.547 155765.953 111517.766
6153.894 7558.913 9497.955 11926.662 14970.676 18779.238 23553.914 29525.402 37032.875 46471.238 58544.914 74056.328 94041.812 119079.328 149735.438 183076.109 219670.672 260404.406 311402.094 377736.750 429852.469 491171.219 654526.312 843580.812 1166114.750 1757726.000 1369638.625 1180944.375 1046751.500 821431.562 586506.875 425978.875 352834.938 307820.500 270614.844 244239.734 232445.797 228105.250 225755.250 228122.781 237753.219 251962.266 265294.281 272459.625 265579.125 251590.047 230715.750 199723.188 164497.359 120306.141
4781.040 5907.112 7455.790 9421.243 11877.441 14989.373 18876.045 23792.578 29934.631 37704.723 47460.484 59969.391 76278.633 98409.289 127330.688 161612.672 198454.219 236698.078 277339.875 338864.688 412735.125 468978.938 595530.938 821904.250 1163593.000 2033736.000 1493624.000 1347763.500 1130101.000 831055.625 569175.750 454744.125 373646.312 311300.875 268612.656 248958.500 241256.656 234917.625 228680.625 226296.188 233812.797 249052.734 263848.219 273292.000 267405.062 255015.188 235982.969 207602.578 172825.984 128532.688
3520.476 4373.578 5547.738 7056.183 8941.586 11362.121 14380.677 18254.146 23074.969 29260.512 36952.887 46856.000 59293.559 75851.484 98508.711 132103.375 170142.234 213527.375 255155.500 297697.562 378955.125 471761.906 557772.188 787122.750 1160690.125 2394323.000 1623035.625 1540031.625 1182068.250 819731.688 610879.000 467720.562 357030.344 299099.031 272269.812 261506.531 254197.781 241764.828 230496.141 225583.828 231506.516 247983.234 264363.594 273491.188 269240.625 257809.250 239436.484 213367.391 180275.172 136745.344
2507.622 3112.908 3958.514 5033.103 6401.471 8145.268 10363.735 13183.031 16767.926 21325.766 27119.443 34491.223 43880.105 55918.883 71640.078 93383.141 127724.891 172544.594 221183.438 272258.156 327929.594 448506.656 552205.812 769884.188 1153385.375 2820012.750 1990879.375 1693717.500 1217019.625 889384.250 594420.125 417429.875 331711.562 303855.781 298289.094 288899.000 267948.875 246672.516 230229.172 221758.891 227309.172 245351.312 263574.250 272692.125 270077.125 259898.609 242124.438 217620.672 186380.031 144066.734
1736.881 2193.605 2832.072 3645.850 4663.147 5947.523 7547.978 9587.825 12120.443 15363.028 19376.480 24556.434 30976.873 39412.359 49985.801 64206.371 82984.711 113434.867 160064.375 219273.312 276693.500 368390.969 549254.188 756409.875 1212245.750 3419053.250 2382377.750 1859823.875 1341966.000 768733.062 529625.188 404448.875 374436.188 360130.781 336121.938 307760.281 276589.156 249051.797 229666.109 219779.672 223476.016 241300.000 260865.047 270067.344 270673.219 261645.797 244056.156 220335.031 191401.547 150254.094
844.748 1129.899 1553.224 2103.644 2840.541 3782.374 5013.921 6572.785 8619.630 11191.566 14544.009 18689.902 23982.395 30294.271 38244.617 47703.117 60104.426 75831.680 99165.039 141427.891 202220.453 276703.594 413477.906 716976.375 1271930.125 4590102.000 3007440.750 2143361.250 1142538.500 710045.250 524436.875 476045.031 446413.875 401895.438 349870.438 302038.875 265237.594 238076.328 222663.641 214122.875 217956.422 237695.609 257872.797 269185.375 269670.156 261255.828 244798.391 222472.031 194518.312 154970.609
169.138 244.469 365.051 546.999 814.650 1216.034 1803.187 2637.123 3794.950 5382.904 7544.477 10449.512 14382.654 19619.830 26534.238 35400.652 46647.695 60714.879 78776.531 101358.422 135374.141 198411.219 305194.031 523380.875 1275794.125 7027482.000 3938410.250 1818218.500 954494.562 684661.938 602113.438 533029.000 467510.656 401679.875 343633.000 297509.219 261693.547 233702.656 216339.984 206601.234 214579.734 236745.547 258238.641 267810.312 267558.250 259622.812 243434.531 222268.000 195747.750 158267.562
15.293 22.928 35.406 55.314 85.483 133.452 206.378 321.984 498.230 776.889 1202.759 1874.553 2903.410 4522.960 7006.524 10899.547 16669.941 25113.469 36912.590 54234.195 79244.086 114645.320 172000.234 296167.719 838018.812 5035208.500 4058762.000 1827243.375 1269571.375 964215.812 744576.000 574015.125 450789.469 362435.281 304298.406 263257.281 235547.688 217027.328 207222.344 203529.688 212192.797 231336.234 251504.781 261065.859 262918.344 255054.797 240611.094 220185.406 194774.672 160575.781
0.000 0.000 0.000 0.000 0.000 0.000 0.000 0.000 0.000 0.000 0.000 0.000 0.000 0.000 0.000 0.000 0.000 0.000 0.000 0.000 0.000 2.854 171.390 13393.750 264903.469 1836002.500 983773.375 663201.438 500611.312 397665.000 334125.125 298739.500 269077.094 243975.047 225026.547 209707.547 200749.016 196441.453 194357.625 195134.516 202944.938 222750.922 243390.188 254797.688 257403.094 250700.344 236677.812 217153.328 192357.625 160737.469
0.000 0.000 0.000 0.000 0.000 0.000 0.000 0.000 0.000 0.000 0.000 0.000 0.000 0.000 0.000 0.000 0.000 0.000 0.000 0.000 0.631 37.084 2010.536 60168.809 337152.281 1176074.000 658232.125 532197.500 411488.000 368403.125 317447.969 274467.125 251243.719 238752.141 228596.812 219042.219 209258.562 202053.078 196723.047 193636.047 199647.922 218500.734 237913.984 248684.969 249728.219 242378.422 230312.734 211868.859 187570.203 158617.797
0.000 0.000 0.000 0.000 0.000 0.000 0.000 0.000 0.000 0.000 0.000 0.000 0.000 0.000 0.000 0.000 0.000 0.000 0.000 0.000 6.722 310.386 13321.809 99660.203 313785.625 880437.312 499548.562 406288.531 363816.000 296328.406 274016.438 253631.281 226567.344 208604.688 199031.328 194319.375 189100.047 184258.766 182357.156 182322.891 189457.266 206837.156 227259.562 237716.312 239881.906 233426.031 222073.906 204888.781 181080.859 154837.594
0.000 0.000 0.000 0.000 0.000 0.000 0.000 0.000 0.000 0.000 0.000 0.000 0.000 0.000 0.000 0.000 0.000 0.000 0.000 1.078 47.895 2212.581 31679.199 116741.180 289748.688 704087.062 408845.000 352443.750 298644.594 265905.375 226411.703 213657.734 204832.125 189312.375 178025.969 172075.438 169641.688 167911.516 168934.219 172479.031 182133.859 197257.344 216663.578 227263.578 229595.969 223805.750 212501.125 196376.766 173788.516 149713.922
0.000 0.000 0.000 0.000 0.000 0.000 0.000 0.000 0.000 0.000 0.000 0.000 0.000 0.000 0.000 0.000 0.000 0.000 0.000 7.433 254.448 8247.557 41838.719 117611.266 253999.750 576085.625 363246.625 317898.438 266400.688 248935.422 213394.078 189864.656 181410.000 174647.375 166157.219 160751.641 157487.438 157272.812 159867.297 166083.375 175964.906 189199.516 206466.688 217599.922 219136.234 213632.688 202337.438 187088.547 165824.141 143625.375
0.000 0.000 0.000 0.000 0.000 0.000 0.000 0.000 0.000 0.000 0.000 0.000 0.000 0.000 0.000 0.000 0.000 0.000 1.036 40.241 1392.549 15050.972 43621.086 112989.484 227976.953 472349.875 333752.656 288706.500 241116.688 226216.969 204841.281 180466.766 167278.156 159934.656 155428.406 150854.797 148804.219 148799.625 152851.641 159941.719 170407.141 182580.297 197871.484 207544.391 208254.203 202552.469 191424.297 176599.766 156884.594 136248.328
0.000 0.000 0.000 0.000 0.000 0.000 0.000 0.000 0.000 0.000 0.000 0.000 0.000 0.000 0.000 0.000 0.000 0.000 5.545 171.958 4380.047 18049.666 43705.816 105951.617 198186.156 392134.969 310774.750 269521.656 225202.031 205273.906 191580.750 177086.453 161077.438 152418.500 147228.734 143903.188 144079.234 144873.984 149504.859 156768.516 166741.859 176992.875 189747.594 197538.219 197113.094 191226.156 180006.766 165195.719 147159.531 128448.922
0.000 0.000 0.000 0.000 0.000 0.000 0.000 0.000 0.000 0.000 0.000 0.000 0.000 0.000 0.000 0.000 0.000 0.760 25.879 759.726 6717.182 17687.010 41327.496 99303.875 173174.125 322560.812 286593.469 255617.391 219300.266 190345.781 179135.656 168203.359 157933.422 148958.562 143800.109 140934.781 141677.875 142965.828 147639.250 154343.656 162754.312 171230.359 181543.766 187393.812 185890.125 179419.156 168173.516 153483.000 136879.375 120002.375
0.000 0.000 0.000 0.000 0.000 0.000 0.000 0.000 0.000 0.000 0.000 0.000 0.000 0.000 0.000 0.000 0.000 3.504 116.643 2081.424 7728.175 17131.836 40417.977 89370.305 148003.953 264254.250 259175.797 241852.391 214118.406 184855.672 169735.828 159953.172 152716.938 145489.359 140655.203 138347.500 139207.609 140656.109 144580.234 150442.031 157225.438 164319.391 172449.281 176445.141 173884.297 166903.625 155592.797 141617.594 125741.328 110674.141
0.000 0.000 0.000 0.000 0.000 0.000 0.000 0.000 0.000 0.000 0.000 0.000 0.000 0.000 0.000 0.000 0.517 15.841 477.994 2953.695 7343.624 16055.812 38384.383 80048.281 126215.383 215267.766 229896.125 224378.266 204870.141 183275.672 164802.984 154153.750 146880.031 141101.781 137087.922 135014.047 136119.625 137180.078 140285.031 145029.875 150341.359 156269.672 162549.406 164871.562 161441.266 154166.641 142741.375 129513.844 114582.945 101143.320
0.000 0.000 0.000 0.000 0.000 0.000 0.000 0.000 0.000 0.000 0.000 0.000 0.000 0.000 0.000 0.000 2.283 80.246 1022.022 3175.213 6959.811 15521.841 35700.090 69749.273 105662.297 173122.391 198719.844 203317.625 190545.719 177518.578 160715.625 149949.406 142154.359 136459.969 132718.406 130728.789 131463.703 132088.266 134518.031 138211.328 142231.750 147226.109 151920.938 152660.594 148556.656 141099.281 129667.188 117312.844 103244.125 91264.805
