tests/test_03/output6/CloudLoad_010.00hrs.dat
NCOLS    50
NROWS    50
XLLCORNER    -2289770.000
YLLCORNER     2591270.000
CELLSIZE        2000.000       2000.000
NODATA_VALUE -9999.
[rows 0 to 31 of 50, columns 0 to 49 of 50]
373.659149 411.851593 461.450439 518.765442 584.035583 657.740601 740.798096 834.243713 939.615295 1059.430176 1197.153564 1358.192261 1547.443970 1768.770630 2026.337280 2327.075684 2679.101562 3087.477295 3560.146484 4113.617188 4767.538574 5534.290039 6415.651855 7415.708008 8553.112305 9863.856445 11374.976562 13076.917969 14954.390625 17001.412109 19201.007812 21508.736328 23725.210938 25817.283203 27336.277344 28481.230469 28733.259766 28442.556641 27555.658203 25433.765625 23008.603516 19657.046875 16510.246094 13188.796875 10508.539062 7724.807129 5300.018555 3529.199707 2084.488770 355.340485
214.125366 239.106567 271.384796 308.265289 349.987122 397.360535 451.622711 514.384094 587.838867 675.316284 780.176392 906.669128 1058.224731 1238.544434 1454.398438 1714.377075 2023.229492 2385.016846 2815.809326 3337.988770 3964.304443 4690.169434 5519.996094 6488.909668 7638.751953 8983.804688 10506.781250 12206.030273 14115.538086 16255.613281 18597.730469 21039.044922 23377.648438 25677.167969 27453.962891 28777.111328 29221.310547 29069.187500 28308.232422 26304.505859 24004.800781 20695.121094 17479.607422 14038.629883 11236.089844 8314.878906 5741.505371 3839.752686 2301.309570 411.821167
155.909485 175.380692 200.449524 229.062515 261.553070 298.818726 342.192688 393.462036 455.048737 530.290833 622.370117 734.179688 868.796753 1031.296997 1229.329834 1469.484619 1755.425293 2095.260010 2507.312988 3010.342773 3607.167236 4292.871094 5089.000488 6037.784668 7172.432129 8499.852539 10007.721680 11704.589844 13626.180664 15800.757812 18212.199219 20730.437500 23161.662109 25569.984375 27596.945312 29138.285156 29853.949219 29887.410156 29279.990234 27440.970703 25254.117188 22020.189453 18738.724609 15157.077148 12178.379883 9078.045898 6315.086914 4232.937988 2574.627441 487.076782
87.776985 100.499352 116.771362 135.436478 156.945328 182.295975 212.951675 250.796875 298.411041 358.903107 435.035522 528.215637 641.987671 783.326721 959.215210 1173.390015 1430.744141 1744.196899 2131.551758 2605.873047 3162.755371 3802.487549 4561.698242 5488.921875 6610.081055 7918.155273 9402.272461 11086.181641 13016.232422 15224.076172 17705.871094 20343.988281 22895.533203 25408.576172 27669.832031 29450.869141 30481.335938 30722.031250 30269.236328 28596.763672 26505.312500 23347.033203 20029.257812 16375.188477 13181.325195 9895.338867 6938.375977 4654.822266 2870.586914 576.224609
49.622040 57.597607 67.688469 79.586258 94.001968 111.829353 134.620453 163.992950 201.900833 250.517181 311.793152 388.144623 484.996338 609.128662 764.018921 952.373840 1182.500977 1470.426025 1830.159424 2261.906250 2766.350830 3366.950684 4102.731445 5003.894531 6090.893555 7369.288086 8838.163086 10514.094727 12439.895508 14660.929688 17184.447266 19932.087891 22633.039062 25239.242188 27716.158203 29700.679688 31074.160156 31553.683594 31258.115234 29747.740234 27756.771484 24662.957031 21310.259766 17673.134766 14240.998047 10753.618164 7618.902344 5109.387695 3193.264648 680.808777
20.699791 24.721189 30.407265 37.882092 47.569309 59.977337 76.030624 97.561623 126.241356 162.985168 209.829529 271.833099 354.215729 459.331604 590.835754 754.198059 957.662598 1213.504761 1531.525635 1918.716797 2388.316895 2961.021973 3662.889160 4522.840332 5570.368164 6822.639160 8279.417969 9948.730469 11865.752930 14082.596680 16627.082031 19443.406250 22316.103516 25061.232422 27694.833984 29894.429688 31584.953125 32309.419922 32196.271484 30850.312500 28967.794922 25964.867188 22570.808594 19003.197266 15347.184570 11650.877930 8350.130859 5591.866699 3534.482178 801.706543
8.310109 10.041512 12.718396 16.758400 22.653870 30.950066 42.575077 58.214729 78.470917 105.419357 142.908707 194.307526 261.902924 349.048676 460.362457 599.960388 774.691162 996.273560 1277.892822 1631.399048 2069.680664 2609.204834 3271.388916 4084.917236 5084.001953 6298.513184 7739.145020 9405.053711 11309.636719 13503.981445 16036.825195 18894.587891 21893.291016 24785.802734 27591.744141 29990.130859 31949.302734 32909.414062 33017.453125 31879.867188 30105.392578 27217.189453 23808.375000 20329.191406 16485.228516 12584.232422 9123.646484 6102.605957 3896.632812 939.740845
3.228660 3.994605 5.318893 7.509799 10.964529 16.222900 23.563951 33.696537 48.177189 69.179756 98.791977 139.196823 193.258942 264.331116 355.752350 471.531067 618.776550 809.587280 1059.331787 1382.294312 1789.723389 2294.588135 2914.948242 3679.695068 4625.617676 5791.615723 7201.442383 8853.821289 10746.562500 12911.143555 15414.769531 18279.617188 21373.353516 24382.029297 27285.250000 29929.716797 32130.433594 33347.078125 33646.546875 32814.480469 31144.867188 28411.058594 25003.500000 21627.744141 17634.042969 13546.945312 9928.342773 6638.585938 4278.874512 1098.968750
1.195223 1.576993 2.309822 3.543440 5.480917 8.428534 12.993848 20.167746 31.366220 47.618790 70.079498 100.818039 142.607605 198.414322 271.738861 367.375183 492.438385 658.266968 880.323364 1173.520630 1548.600342 2016.085815 2593.664307 3310.356689 4204.332520 5312.720215 6668.783203 8284.586914 10154.883789 12291.401367 14753.143555 17596.851562 20727.884766 23847.546875 26822.798828 29678.460938 32114.277344 33574.257812 34074.199219 33585.578125 32052.398438 29516.505859 26147.242188 22882.298828 18770.921875 14536.365234 10765.246094 7197.518555 4681.590820 1274.442627
0.422693 0.656749 1.066491 1.700442 2.770412 4.689284 7.992275 13.452734 21.589197 33.128010 49.433357 72.217567 103.407364 146.092529 204.640228 284.638855 393.057709 539.250977 735.499817 996.008606 1334.490234 1763.947754 2302.519287 2975.087891 3814.892334 4859.006348 6145.319824 7700.795898 9529.394531 11631.632812 14044.407227 16842.457031 19961.173828 23154.900391 26221.123047 29181.062500 31793.789062 33638.367188 34304.289062 34093.832031 32755.322266 30501.429688 27210.900391 24068.880859 19875.826172 15540.365234 11627.478516 7777.048340 5105.405273 1473.116089
0.000000 0.289346 0.503989 0.832473 1.487747 2.941000 5.526734 9.111708 14.181776 21.991047 33.680714 50.044239 72.734009 105.292580 153.065323 221.822189 317.051819 445.485077 616.722046 843.561646 1143.416992 1534.709351 2034.933594 2664.503906 3448.738281 4424.229004 5631.345703 7108.760254 8875.368164 10927.430664 13282.366211 16015.501953 19098.005859 22295.363281 25465.324219 28512.890625 31237.378906 33355.347656 34315.925781 34331.511719 33212.355469 31321.851562 28170.556641 25154.312500 20956.068359 16550.687500 12519.604492 8376.943359 5541.555664 1684.036499
0.000000 0.000000 0.231543 0.452433 0.926491 1.975563 3.446187 5.492895 8.624893 13.641970 21.482714 33.177444 50.352837 76.163490 115.539841 174.193451 257.128204 368.694366 516.415222 712.821045 975.562561 1326.791016 1785.880859 2370.004883 3097.744141 4002.143066 5126.701660 6514.207520 8198.547852 10185.648438 12475.529297 15120.382812 18140.095703 21317.009766 24522.710938 27647.119141 30511.642578 32807.152344 34052.695312 34357.097656 33465.011719 31790.771484 28974.656250 26115.039062 21997.697266 17548.857422 13427.500000 9003.813477 5995.450195 1916.578857
0.000000 0.000000 0.000000 0.275834 0.577066 0.948943 1.639033 3.023052 5.148547 8.168777 13.298577 22.335062 36.564854 57.704845 89.528801 137.606018 207.368988 303.006653 429.919006 599.683289 829.727783 1141.020386 1554.665161 2087.715332 2756.990234 3589.116943 4629.112793 5923.346680 7511.577637 9415.658203 11630.674805 14175.584961 17090.058594 20225.595703 23428.347656 26579.011719 29585.720703 32035.142578 33521.652344 34070.132812 33575.542969 32015.341797 29517.121094 26957.505859 22981.201172 18521.716797 14337.035156 9662.412109 6463.912109 2168.709473
0.000000 0.000000 0.000000 0.000000 0.220787 0.450035 0.861997 1.641683 3.115065 5.432646 9.009045 15.529318 27.172398 45.091213 70.997749 108.824219 164.292328 243.647476 353.330322 501.859497 702.754639 974.589783 1339.167847 1816.883545 2427.113525 3190.774658 4146.211914 5343.671387 6827.704590 8628.503906 10752.000000 13197.069336 15972.359375 19016.224609 22213.007812 25347.691406 28444.617188 31060.554688 32754.236328 33531.101562 33404.687500 32069.089844 29823.431641 27506.029297 23859.546875 19455.146484 15243.447266 10342.997070 6944.938965 2438.195068
0.000000 0.000000 0.000000 0.000000 0.000000 0.000000 0.402482 0.838714 1.799372 3.620722 6.423832 10.999315 19.588648 34.266239 55.568691 85.244164 128.135590 191.984009 285.335693 415.535767 591.103088 825.924988 1140.451538 1560.058960 2108.864502 2808.164062 3683.853516 4782.635254 6154.812988 7836.651367 9845.742188 12182.321289 14820.394531 17719.388672 20871.152344 23987.972656 27100.480469 29869.650391 31759.972656 32764.357422 33021.121094 31897.957031 29848.523438 27824.451172 24564.664062 20304.998047 16108.714844 11042.271484 7436.720215 2735.421631
0.000000 0.000000 0.000000 0.000000 0.000000 0.000000 0.229387 0.512351 1.104395 2.362075 4.761516 8.403064 14.270003 24.718616 41.398079 64.933311 98.693871 149.886536 227.202423 338.397003 489.542206 690.502197 959.487610 1322.223511 1807.442749 2442.514404 3246.025879 4249.010254 5502.105957 7052.148926 8927.912109 11140.792969 13644.479492 16399.414062 19409.564453 22510.855469 25583.982422 28466.361328 30528.478516 31736.492188 32316.904297 31502.582031 29680.562500 27892.804688 25029.794922 21029.156250 16927.517578 11758.251953 7929.974121 3042.247559
0.000000 0.000000 0.000000 0.000000 0.000000 0.000000 0.000000 0.323388 0.711373 1.516001 3.222417 6.182782 10.424724 17.199568 29.141111 48.231426 75.985222 116.909538 178.427277 268.993805 396.142059 567.940918 798.659729 1110.990723 1533.344482 2096.228760 2826.538086 3742.650146 4878.694824 6289.945801 8020.150391 10089.596680 12444.956055 15060.835938 17915.080078 20901.076172 23936.558594 26844.236328 29082.404297 30427.351562 31300.328125 30902.722656 29308.177734 27733.490234 25282.810547 21540.195312 17655.064453 12464.549805 8415.608398 3373.709717
0.000000 0.000000 0.000000 0.000000 0.000000 0.000000 0.000000 0.000000 0.398419 0.833669 1.826656 3.986676 7.276069 11.934244 19.951113 34.629059 57.905216 90.951820 138.330658 208.390961 311.673065 458.096527 657.866333 926.772644 1290.604980 1779.719727 2425.419678 3253.041992 4287.551270 5564.291992 7139.630371 9050.876953 11242.379883 13699.636719 16405.175781 19231.166016 22171.660156 25022.400391 27423.701172 28893.123047 29978.035156 30042.304688 28746.214844 27389.505859 25309.664062 21868.083984 18269.927734 13162.329102 8886.956055 3717.111816
0.000000 0.000000 0.000000 0.000000 0.000000 0.000000 0.000000 0.000000 0.216815 0.493794 1.088372 2.256385 4.581079 8.499199 14.518228 24.652336 41.996517 68.446861 105.746819 159.916534 241.475021 362.386963 533.327759 765.436462 1077.068848 1496.138306 2055.577393 2787.090820 3720.016357 4880.910156 6303.864746 8042.554688 10052.231445 12337.375977 14857.057617 17536.574219 20329.716797 23088.275391 25550.126953 27188.228516 28423.685547 28876.371094 27980.685547 26843.996094 25147.769531 21958.001953 18701.775391 13830.182617 9336.980469 4069.055664
0.000000 0.000000 0.000000 0.000000 0.000000 0.000000 0.000000 0.000000 0.000000 0.323745 0.644605 1.302726 2.750591 5.759634 10.511790 17.527185 28.993162 48.622910 78.873444 122.380554 186.021439 281.342102 421.688202 619.984497 888.463013 1246.521118 1723.538818 2358.027344 3184.517822 4229.602051 5515.513672 7070.812500 8892.190430 10992.658203 13303.624023 15816.656250 18453.890625 21084.925781 23503.435547 25306.628906 26692.761719 27440.412109 26992.400391 26104.595703 24800.388672 21844.751953 18921.628906 14429.654297 9765.270508 4440.853027
0.000000 0.000000 0.000000 0.000000 0.000000 0.000000 0.000000 0.000000 0.000000 0.000000 0.404833 0.812140 1.672741 3.431490 6.677494 11.994816 19.949808 33.234482 55.912224 91.669548 143.375061 217.416168 327.160461 488.241577 716.737061 1025.272583 1433.554810 1973.560791 2687.420410 3610.937256 4764.130371 6152.376465 7776.792969 9679.458008 11783.167969 14099.912109 16560.001953 19046.779297 21374.410156 23244.378906 24811.023438 25779.869141 25769.000000 25129.884766 24263.228516 21589.513672 18944.400391 14973.084961 10166.022461 4810.769043
0.000000 0.000000 0.000000 0.000000 0.000000 0.000000 0.000000 0.000000 0.000000 0.000000 0.000000 0.430790 0.911568 1.845251 3.753037 7.400425 13.498653 23.115871 38.725231 65.027580 106.335823 166.601685 252.736023 377.316040 558.961548 817.392456 1172.061768 1638.515259 2244.671875 3035.489990 4046.393311 5281.873535 6724.292969 8404.683594 10295.464844 12417.323242 14656.125000 16996.628906 19243.515625 21093.855469 22765.378906 23937.501953 24315.093750 23969.759766 23451.660156 21245.361328 18785.419922 15324.551758 10521.226562 5190.513184
0.000000 0.000000 0.000000 0.000000 0.000000 0.000000 0.000000 0.000000 0.000000 0.000000 0.000000 0.000000 0.465413 0.978980 2.027719 4.240820 8.503816 15.603967 26.556345 44.458096 74.322174 121.864830 191.728317 290.815002 432.129608 635.461487 925.154968 1325.647583 1851.106567 2521.404785 3377.419922 4445.480469 5724.858887 7205.278809 8878.356445 10769.696289 12821.397461 14961.838867 17032.011719 18938.728516 20627.394531 21924.136719 22658.082031 22676.140625 22412.566406 20768.490234 18496.253906 15525.810547 10830.501953 5572.437012
0.000000 0.000000 0.000000 0.000000 0.000000 0.000000 0.000000 0.000000 0.000000 0.000000 0.000000 0.000000 0.000000 0.465167 1.111751 2.358044 4.780236 9.435435 17.691065 30.629166 50.854954 83.731667 136.523972 216.035934 329.398438 489.343475 717.641418 1041.089966 1481.976929 2058.644775 2784.714355 3679.997070 4784.056152 6081.847168 7565.747559 9237.660156 11085.697266 13020.806641 14892.636719 16752.023438 18474.605469 19830.660156 20857.394531 21189.939453 21202.472656 20108.240234 18071.683594 15525.240234 11059.353516 5932.144531
0.000000 0.000000 0.000000 0.000000 0.000000 0.000000 0.000000 0.000000 0.000000 0.000000 0.000000 0.000000 0.000000 0.000000 0.426710 1.068685 2.374838 4.901357 10.122560 19.561050 34.832237 57.971283 93.581512 150.353378 238.982315 369.411865 551.594910 804.203430 1153.621826 1628.532715 2246.171387 3008.674072 3933.597900 5039.405273 6347.542480 7829.576660 9436.822266 11163.047852 12865.973633 14631.223633 16300.841797 17739.695312 18918.605469 19602.738281 19858.314453 19250.882812 17536.796875 15378.218750 11222.094727 6281.215820
0.000000 0.000000 0.000000 0.000000 0.000000 0.000000 0.000000 0.000000 0.000000 0.000000 0.000000 0.000000 0.000000 0.000000 0.000000 0.389683 0.955956 2.414656 5.454199 10.789907 20.699747 37.367928 63.429501 103.425674 165.590424 262.362579 406.713867 610.935669 885.846008 1254.880981 1755.502930 2400.438721 3191.881836 4125.159180 5233.775879 6538.018555 7943.304199 9430.976562 10991.908203 12617.106445 14214.599609 15702.690430 16952.623047 17912.029297 18429.585938 18249.156250 16878.013672 15098.980469 11290.532227 6604.120117
0.000000 0.000000 0.000000 0.000000 0.000000 0.000000 0.000000 0.000000 0.000000 0.000000 0.000000 0.000000 0.000000 0.000000 0.000000 0.000000 0.372608 0.914572 2.277562 5.526414 10.931660 20.586903 38.661060 68.617058 113.597290 180.690491 282.458679 436.344879 657.468811 958.143860 1352.836304 1862.300903 2518.211426 3318.859863 4264.702637 5358.279297 6580.998047 7890.773926 9283.431641 10764.164062 12236.096680 13708.720703 15037.245117 16157.715820 16910.621094 17090.544922 16114.951172 14704.527344 11294.137695 6903.568359
0.000000 0.000000 0.000000 0.000000 0.000000 0.000000 0.000000 0.000000 0.000000 0.000000 0.000000 0.000000 0.000000 0.000000 0.000000 0.000000 0.000000 0.360166 0.887794 2.165010 5.360773 11.688139 22.071512 40.006821 70.664284 119.434509 193.682785 304.188873 466.155823 699.795349 1019.947632 1433.211792 1951.784058 2605.001953 3415.275635 4325.621094 5344.878418 6475.647461 7742.887695 9037.744141 10359.304688 11778.796875 13138.047852 14359.498047 15278.210938 15772.030273 15246.148438 14214.898438 11188.910156 7174.125977
0.000000 0.000000 0.000000 0.000000 0.000000 0.000000 0.000000 0.000000 0.000000 0.000000 0.000000 0.000000 0.000000 0.000000 0.000000 0.000000 0.000000 0.000000 0.356120 0.896162 2.214416 5.366748 11.905467 23.043673 41.373280 72.593704 124.417892 206.546112 328.514618 499.715546 736.742554 1062.062378 1486.254517 2010.753052 2650.615234 3402.014160 4262.346680 5216.283203 6266.552246 7412.856445 8612.460938 9906.693359 11226.230469 12497.289062 13528.328125 14277.774414 14185.791992 13546.393555 10936.049805 7420.030273
0.000000 0.000000 0.000000 0.000000 0.000000 0.000000 0.000000 0.000000 0.000000 0.000000 0.000000 0.000000 0.000000 0.000000 0.000000 0.000000 0.000000 0.000000 0.000000 0.355813 0.899308 2.213818 5.159575 11.310982 23.017746 43.459934 77.491386 132.317291 217.289352 345.478363 528.340454 771.833069 1091.207886 1510.836304 2012.762695 2592.413574 3283.260986 4062.606934 4931.891113 5910.947266 6979.538086 8111.929199 9330.499023 10590.464844 11678.916992 12586.520508 12854.660156 12617.430664 10473.120117 7582.700195
0.000000 0.000000 0.000000 0.000000 0.000000 0.000000 0.000000 0.000000 0.000000 0.000000 0.000000 0.000000 0.000000 0.000000 0.000000 0.000000 0.000000 0.000000 0.000000 0.000000 0.362195 0.903724 2.236466 5.454507 12.189089 24.310442 45.764622 82.492096 142.772964 232.687378 361.209930 542.494507 784.678406 1087.129272 1455.707520 1899.906616 2429.477051 3033.085938 3722.352783 4525.938477 5434.036133 6421.406738 7486.257812 8640.155273 9745.449219 10701.339844 11315.028320 11420.877930 9773.471680 7580.547852
0.000000 0.000000 0.000000 0.000000 0.000000 0.000000 0.000000 0.000000 0.000000 0.000000 0.000000 0.000000 0.000000 0.000000 0.000000 0.000000 0.000000 0.000000 0.000000 0.000000 0.000000 0.380908 0.931750 2.297837 5.615665 12.615812 25.617775 49.548088 89.348083 150.815079 240.474289 364.069153 529.246887 736.635925 989.136597 1304.874756 1677.711426 2124.480225 2655.487549 3273.619141 4009.983398 4831.193359 5749.053711 6763.446777 7810.576660 8798.486328 9600.820312 10003.512695 8855.558594 7345.461914
