tests/test_03/output6/CloudConcentration_005.00hrs.dat
NCOLS    50
NROWS    50
XLLCORNER    -2289770.000
YLLCORNER     2591270.000
CELLSIZE        2000.000       2000.000
NODATA_VALUE  0.000
[rows 0 to 41 of 50, columns 0 to 49 of 50]
0.000 0.000 0.000 0.000 0.000 0.000 0.000 0.187 1.169 6.764 36.662 182.919 915.381 4757.422 10621.817 17468.619 24713.326 31218.898 37318.184 41184.402 42895.711 43266.523 43968.043 48982.887 53134.637 54669.312 54455.914 51511.848 48209.754 51014.523 52373.285 48288.520 42427.840 33016.383 26721.779 20222.682 13331.149 6034.994 2345.159 507.622 64.170 9.704 1.526 0.242 0.000 0.000 0.000 0.000 0.000 0.000
0.000 0.000 0.000 0.000 0.000 0.000 0.173 1.103 6.579 37.285 199.624 1115.309 5269.491 11246.806 17858.977 25536.279 33522.504 41169.898 46470.637 50018.129 51034.484 50583.750 49898.199 48596.621 53202.789 57740.410 60649.137 60763.246 57706.855 54217.121 59614.047 61716.789 56786.848 48913.328 39730.809 33273.938 25834.994 16790.031 6686.858 2425.497 475.428 64.193 9.631 1.513 0.235 0.000 0.000 0.000 0.000 0.000
0.000 0.000 0.000 0.000 0.000 0.178 1.149 7.115 42.121 244.258 1529.254 6840.215 14072.664 21268.812 28152.627 34552.605 43426.133 50281.195 53899.738 55248.164 55778.777 56046.102 54982.238 53245.301 51937.113 55689.133 60572.391 63227.641 65965.914 64893.234 61872.496 68034.461 71473.227 68292.070 57700.125 47963.383 41429.691 32061.799 19684.266 7728.251 2672.140 446.203 63.561 9.526 1.476 0.224 0.000 0.000 0.000 0.000
0.000 0.000 0.000 0.000 0.188 1.194 7.499 46.454 288.870 1915.620 8262.308 16882.660 25537.504 33406.461 40549.727 45960.559 48655.609 51097.047 53321.723 54265.949 54581.750 54380.719 54204.941 53636.027 52172.617 50605.617 54453.074 60627.969 64417.844 67466.250 67618.852 66480.203 74063.133 80081.016 78077.062 65651.000 58534.723 49599.375 37941.797 22953.705 9152.335 2692.416 441.993 61.449 9.234 1.415 0.212 0.000 0.000 0.000
0.000 0.000 0.000 0.200 1.250 7.816 49.538 326.958 2253.504 9218.616 18703.488 28275.875 37717.715 46057.488 51482.461 52866.547 52347.355 50292.062 46874.676 45534.715 45695.961 46536.855 47444.531 47531.059 47788.172 47419.426 46238.199 48807.195 57744.211 63905.266 67257.617 67770.367 69748.383 80192.898 85800.883 84149.273 73078.617 69396.789 57242.117 42341.871 24935.443 10011.335 2809.214 426.024 58.659 8.840 1.352 0.203 0.000 0.000
0.000 0.000 0.207 1.291 8.053 51.724 355.307 2405.255 9323.821 19091.502 29303.785 39775.703 48652.426 53727.336 55324.465 54602.652 51073.996 45694.402 40815.449 36733.102 33583.477 31886.838 33319.391 35038.133 36789.082 38127.281 39498.547 39858.086 40340.480 50453.555 59035.195 64758.922 66422.305 73560.930 84130.234 90147.000 88388.484 81887.430 78530.984 62487.508 45447.176 25542.414 10915.738 2846.449 391.517 55.098 8.393 1.301 0.198 0.000
0.000 0.206 1.292 8.137 52.956 372.776 2394.825 8879.409 17961.812 28047.631 38607.852 48049.453 52851.312 54756.609 53590.176 47709.543 40624.551 34697.512 30467.270 27565.346 25017.293 22847.363 21218.174 21377.631 23314.254 25730.094 27980.164 29879.645 30527.521 31952.949 40982.195 50797.684 58555.301 62090.309 75717.734 86242.633 90579.031 89836.883 91944.477 83105.141 65937.781 45597.602 25864.516 11531.094 2728.501 348.504 50.985 7.949 1.255 0.217
0.202 1.257 8.038 53.375 378.418 2291.833 8074.810 16243.411 25435.770 35080.402 43769.648 50229.801 51734.406 49191.832 40795.602 32145.555 25529.385 21510.043 19111.062 17409.098 15865.965 14707.790 13897.902 13157.113 12556.930 13731.864 15850.890 18216.236 20359.207 22400.576 24044.688 32847.934 42480.625 50288.219 55524.656 75007.406 87502.711 89669.914 93072.672 98591.492 85386.516 65725.922 44184.031 24881.090 11673.042 2416.792 304.232 46.382 7.466 1.372
1.288 7.904 52.862 369.950 2110.442 7125.820 14215.876 22184.938 30474.246 38131.840 44888.383 45519.766 41608.223 32075.625 22551.852 15566.099 11971.342 10368.355 9364.944 8500.421 7861.543 7483.784 7255.132 7024.523 6910.519 6857.530 6665.256 8282.810 10669.073 12991.438 15279.216 16909.006 25082.484 33955.027 40920.734 49143.281 70529.281 83364.258 88795.547 98978.547 100871.164 83696.195 62885.555 41791.945 25861.832 11024.436 1966.780 255.069 40.900 7.932
8.388 52.174 352.608 1893.885 6168.686 12097.303 18720.377 25629.260 32446.271 37966.910 37521.148 33112.305 23704.047 14378.138 7777.663 5311.609 4394.271 3887.657 3474.323 3125.170 2911.207 2806.153 2762.519 2762.030 2841.401 2879.236 3050.150 3123.262 3780.686 5479.738 7371.818 9265.021 10934.247 18007.473 25861.598 30978.459 46358.254 65164.332 76326.539 94564.031 102342.406 97732.164 79980.500 58887.824 41495.113 25141.971 9479.004 1439.612 208.674 41.271
51.954 326.600 1661.267 5241.362 10055.956 15467.512 21105.162 27000.820 30584.441 29880.537 25717.807 16793.090 8450.400 3392.152 2083.368 1603.060 1361.009 1193.655 1042.192 927.190 868.029 839.096 831.945 845.078 882.368 950.658 1053.008 1212.520 1358.461 1625.360 2456.632 3507.552 4855.540 6703.810 12282.358 18737.254 25787.314 43931.488 58555.914 78432.891 98620.125 100118.250 91597.633 74538.336 58722.902 40421.445 21955.873 7124.278 1005.769 199.158
295.607 1415.314 4345.985 8221.969 12532.401 17028.664 22034.881 23941.885 23273.775 19435.312 11686.498 4909.686 1509.108 766.841 523.470 410.410 347.673 298.525 255.387 225.090 211.391 205.877 206.702 212.138 227.151 256.091 303.984 371.854 453.535 526.487 696.563 1105.738 1691.988 2393.297 4582.993 8611.002 13325.149 25897.174 41277.840 56688.273 83986.609 96837.930 95147.273 88392.281 76057.117 55809.512 35178.348 17448.730 4774.597 864.952
1190.340 3514.281 6598.668 10007.725 13614.822 17481.291 18570.922 17972.725 14658.673 8284.700 2992.766 728.467 282.398 159.413 110.018 85.727 71.433 59.850 50.138 43.349 41.545 41.572 42.304 44.472 48.839 57.516 74.321 97.394 124.876 164.020 197.652 349.922 611.255 933.269 1920.792 3960.731 6746.280 14474.647 26364.914 37796.246 65179.859 83976.055 93071.688 95295.578 90322.477 70738.414 48831.824 27778.875 12389.818 3699.689
2832.185 5212.785 7834.305 10724.681 13713.252 14337.559 13819.559 11092.861 6018.561 1919.395 401.136 116.915 49.255 27.641 18.512 13.994 11.374 9.386 7.782 6.889 6.784 6.855 7.167 7.750 8.914 11.633 15.368 21.392 31.834 44.344 60.718 121.984 236.768 400.878 959.391 2131.886 3723.776 8501.666 16185.271 26036.479 48420.844 69145.641 83021.680 96811.320 95924.016 83440.828 60979.703 38434.594 20661.473 9953.911
4141.361 6082.828 8343.410 10605.643 11015.867 10612.928 8476.025 4517.319 1339.898 258.977 61.255 18.159 7.266 3.827 2.439 1.774 1.423 1.199 1.047 0.957 0.954 0.980 1.061 1.214 1.561 1.993 2.753 4.200 6.810 12.015 20.761 45.693 102.867 192.946 537.411 1278.205 2559.652 5791.184 10803.184 19245.396 36324.746 55674.594 70797.992 93549.719 96967.203 90990.820 70768.312 48331.621 29081.363 17708.104
4817.879 6422.471 8149.662 8438.153 8143.047 6533.150 3475.172 1014.494 195.368 43.873 9.734 2.553 0.893 0.426 0.260 0.000 0.000 0.000 0.000 0.000 0.000 0.000 0.000 0.000 0.229 0.305 0.457 0.777 1.482 3.249 6.988 17.490 48.217 99.850 327.292 803.475 1875.424 4366.855 7981.328 15647.589 29020.014 45229.445 61428.379 85795.750 95086.992 91306.203 77322.383 57327.523 39602.508 26697.443
5045.380 6193.682 6422.413 6217.763 5049.927 2689.431 776.598 151.735 36.965 8.382 1.609 0.333 0.000 0.000 0.000 0.000 0.000 0.000 0.000 0.000 0.000 0.000 0.000 0.000 0.000 0.000 0.000 0.000 0.331 0.848 2.362 6.538 21.635 54.171 198.504 502.561 1315.505 3263.174 6063.736 13113.379 24315.576 37394.000 55127.660 78469.742 91163.219 89615.336 79196.125 65193.004 50076.203 36024.184
4737.072 4846.821 4711.046 3880.737 2068.321 583.456 112.511 29.163 7.828 1.728 0.285 0.000 0.000 0.000 0.000 0.000 0.000 0.000 0.000 0.000 0.000 0.000 0.000 0.000 0.000 0.000 0.000 0.000 0.000 0.211 0.704 2.194 7.866 25.494 96.143 289.865 860.090 2292.703 4559.385 10800.821 20294.691 31576.188 50656.664 71746.672 85251.781 85949.500 79860.641 73736.523 59315.699 44242.438
3592.015 3507.931 2959.578 1596.838 449.968 82.737 20.921 6.058 1.694 0.366 0.000 0.000 0.000 0.000 0.000 0.000 0.000 0.000 0.000 0.000 0.000 0.000 0.000 0.000 0.000 0.000 0.000 0.000 0.000 0.000 0.152 0.626 2.436 9.091 40.527 145.389 552.265 1549.581 3724.698 8903.640 16859.225 27584.168 47556.535 66516.656 79152.008 81992.273 81365.242 80150.508 65656.609 50803.449
2531.308 2190.682 1207.828 351.973 60.490 14.265 3.911 1.122 0.298 0.000 0.000 0.000 0.000 0.000 0.000 0.000 0.000 0.000 0.000 0.000 0.000 0.000 0.000 0.000 0.000 0.000 0.000 0.000 0.000 0.000 0.000 0.183 0.869 4.566 21.473 82.915 389.014 1089.214 3175.112 7601.673 14236.905 26362.117 44508.305 62135.672 73429.086 77595.938 84734.820 83723.781 69215.312 55159.832
1575.693 892.057 264.860 41.979 8.943 2.300 0.629 0.000 0.000 0.000 0.000 0.000 0.000 0.000 0.000 0.000 0.000 0.000 0.000 0.000 0.000 0.000 0.000 0.000 0.000 0.000 0.000 0.000 0.000 0.000 0.000 0.098 0.497 2.536 12.144 62.796 303.739 855.810 2764.236 6574.722 12542.239 25638.408 42027.160 57526.738 68269.492 80718.484 87122.930 84461.984 71144.133 56389.004
690.694 220.505 30.368 5.324 1.220 0.312 0.000 0.000 0.000 0.000 0.000 0.000 0.000 0.000 0.000 0.000 0.000 0.000 0.000 0.000 0.000 0.000 0.000 0.000 0.000 0.000 0.000 0.000 0.000 0.000 0.000 0.000 0.306 1.716 9.272 47.371 226.550 742.394 2415.709 5700.362 12280.612 25522.527 40555.418 53656.199 65570.695 82636.578 87369.219 84528.242 69391.898 56237.188
189.934 32.669 3.828 0.640 0.000 0.000 0.000 0.000 0.000 0.000 0.000 0.000 0.000 0.000 0.000 0.000 0.000 0.000 0.000 0.000 0.000 0.000 0.000 0.000 0.000 0.000 0.000 0.000 0.000 0.000 0.000 0.000 0.244 1.358 6.955 33.481 150.055 634.014 2107.039 4955.523 12483.582 25091.521 38935.801 50884.320 69825.203 83786.914 86821.508 81362.961 66622.227 54914.766
32.053 4.166 0.441 0.000 0.000 0.000 0.000 0.000 0.000 0.000 0.000 0.000 0.000 0.000 0.000 0.000 0.000 0.000 0.000 0.000 0.000 0.000 0.000 0.000 0.000 0.000 0.000 0.000 0.000 0.000 0.000 0.000 0.189 1.038 5.376 29.317 139.358 573.637 1825.536 4786.824 12845.470 24799.900 37138.059 52409.691 74099.656 83507.344 85295.867 77178.000 64026.223 59740.652
2.689 0.319 0.000 0.000 0.000 0.000 0.000 0.000 0.000 0.000 0.000 0.000 0.000 0.000 0.000 0.000 0.000 0.000 0.000 0.000 0.000 0.000 0.000 0.000 0.000 0.000 0.000 0.000 0.000 0.000 0.000 0.000 0.142 0.840 5.234 28.140 137.093 550.646 1653.182 5126.521 13026.561 23865.746 35396.844 57613.629 76530.195 83694.000 82128.133 73419.141 69379.766 62552.641
0.000 0.000 0.000 0.000 0.000 0.000 0.000 0.000 0.000 0.000 0.000 0.000 0.000 0.000 0.000 0.000 0.000 0.000 0.000 0.000 0.000 0.000 0.000 0.000 0.000 0.000 0.000 0.000 0.000 0.000 0.000 0.000 0.134 0.908 5.305 28.126 132.694 522.205 1815.238 5702.069 13261.771 22793.303 39861.941 61531.426 77746.109 81687.180 79158.164 76593.938 72826.922 60974.324
0.000 0.000 0.000 0.000 0.000 0.000 0.000 0.000 0.000 0.000 0.000 0.000 0.000 0.000 0.000 0.000 0.000 0.000 0.000 0.000 0.000 0.000 0.000 0.000 0.000 0.000 0.000 0.000 0.000 0.000 0.000 0.000 0.152 1.001 5.505 26.933 125.389 553.622 2060.587 5923.677 13073.639 25012.152 44792.684 63796.945 76602.234 79518.359 81454.375 83237.164 71846.586 58493.004
0.000 0.000 0.000 0.000 0.000 0.000 0.000 0.000 0.000 0.000 0.000 0.000 0.000 0.000 0.000 0.000 0.000 0.000 0.000 0.000 0.000 0.000 0.000 0.000 0.000 0.000 0.000 0.000 0.000 0.000 0.000 0.000 0.197 1.104 5.753 30.197 145.299 625.018 2168.471 6263.463 13489.357 29707.307 48910.539 65629.617 73637.430 83041.461 88701.930 85458.086 69002.531 53168.332
0.000 0.000 0.000 0.000 0.000 0.000 0.000 0.000 0.000 0.000 0.000 0.000 0.000 0.000 0.000 0.000 0.000 0.000 0.000 0.000 0.000 0.000 0.000 0.000 0.000 0.000 0.000 0.000 0.000 0.000 0.000 0.000 0.325 1.703 8.273 38.107 164.597 668.860 2305.876 6250.654 16997.182 33688.602 51428.824 64374.664 78362.500 90582.555 91377.211 82184.453 62741.609 46979.148
0.000 0.000 0.000 0.000 0.000 0.000 0.000 0.000 0.000 0.000 0.000 0.000 0.000 0.000 0.000 0.000 0.000 0.000 0.000 0.000 0.000 0.000 0.000 0.000 0.000 0.000 0.000 0.000 0.000 0.000 0.000 0.000 0.525 2.520 11.370 48.231 194.979 722.396 2381.303 8013.377 20731.508 36647.445 51017.664 68203.203 88053.891 93484.297 91497.172 74245.148 56322.633 45801.430
0.000 0.000 0.000 0.000 0.000 0.000 0.000 0.000 0.000 0.000 0.000 0.000 0.000 0.000 0.000 0.000 0.000 0.000 0.000 0.000 0.000 0.000 0.000 0.000 0.000 0.000 0.000 0.000 0.000 0.000 0.000 0.176 0.917 3.882 14.855 57.321 216.301 813.401 3168.662 10637.865 23693.338 37020.375 55137.223 81503.953 91273.180 93634.555 83115.625 67347.180 57009.672 44085.137
0.000 0.000 0.000 0.000 0.000 0.000 0.000 0.000 0.000 0.000 0.000 0.000 0.000 0.000 0.000 0.000 0.000 0.000 0.000 0.000 0.000 0.000 0.000 0.000 0.000 0.000 0.000 0.000 0.000 0.000 0.000 0.282 1.427 6.471 24.593 88.162 321.899 1213.071 4296.571 13169.650 24649.439 42798.000 69049.781 86397.555 91345.180 87589.305 76615.992 70383.398 53075.961 36509.148
0.000 0.000 0.000 0.000 0.000 0.000 0.000 0.000 0.000 0.000 0.000 0.000 0.000 0.000 0.000 0.000 0.000 0.000 0.000 0.000 0.000 0.000 0.000 0.000 0.000 0.000 0.000 0.000 0.000 0.000 0.110 0.681 3.342 13.391 47.406 153.476 495.547 1673.629 5788.161 14166.354 30965.559 55314.293 76904.516 87647.297 88299.594 84948.148 82280.359 63889.871 45080.727 26788.174
0.000 0.000 0.000 0.000 0.000 0.000 0.000 0.000 0.000 0.000 0.000 0.000 0.000 0.000 0.000 0.000 0.000 0.000 0.000 0.000 0.000 0.000 0.000 0.000 0.000 0.000 0.000 0.000 0.000 0.000 0.338 1.854 7.760 26.510 79.325 227.892 679.454 2165.633 6698.320 19977.898 41247.484 63500.273 78485.031 84128.312 90305.883 90837.875 73613.492 54022.234 33559.180 18183.652
0.000 0.000 0.000 0.000 0.000 0.000 0.000 0.000 0.000 0.138 0.222 0.286 0.149 0.000 0.000 0.000 0.000 0.000 0.000 0.000 0.000 0.000 0.000 0.000 0.000 0.000 0.000 0.000 0.000 0.154 0.799 3.855 16.133 57.636 167.189 432.624 1140.864 3436.900 11415.039 28318.744 48048.961 64763.809 82407.617 92718.164 94149.242 83349.539 61785.961 40690.188 23149.971 12933.807
0.000 0.000 0.000 0.000 0.000 0.000 0.000 0.000 0.471 1.013 1.217 0.735 0.483 0.184 0.000 0.000 0.000 0.000 0.000 0.000 0.000 0.000 0.000 0.000 0.000 0.000 0.000 0.083 0.205 0.785 3.534 15.127 54.976 156.013 372.854 874.320 2197.635 6307.359 17537.396 32473.832 51533.090 77945.602 91278.492 95430.789 88032.703 67754.469 47366.945 28714.662 16976.043 8060.132
0.000 0.000 0.000 0.000 0.000 0.000 0.000 0.790 1.994 2.418 2.707 2.064 1.127 0.458 0.180 0.000 0.000 0.000 0.000 0.000 0.000 0.000 0.000 0.000 0.094 0.178 0.340 0.651 1.384 3.795 11.130 40.280 128.677 326.613 669.131 1426.753 3513.372 9853.860 21794.145 43455.297 68732.852 86887.141 90297.359 87680.289 71935.547 52663.289 34972.340 21584.779 10488.226 3821.002
0.000 0.000 0.000 0.000 0.000 0.000 0.728 2.316 3.722 5.728 5.697 4.367 2.556 1.409 0.572 0.201 0.077 0.000 0.000 0.000 0.000 0.140 0.216 0.416 0.797 1.375 2.463 4.471 7.946 19.456 51.893 165.795 446.889 857.935 1565.448 3004.777 7139.645 17664.414 36277.895 58168.090 75688.414 82868.875 82721.875 74360.305 57516.723 41075.535 26235.041 13354.885 4558.066 1440.563
0.000 0.000 0.000 0.000 0.000 0.378 1.937 3.410 6.733 9.370 10.028 9.943 7.742 4.224 1.710 0.824 0.458 0.312 0.382 0.426 0.699 1.100 1.594 3.004 5.177 8.210 12.566 22.013 39.632 74.182 156.327 437.027 923.382 1640.683 3011.794 6108.836 14207.637 28788.619 45883.516 63403.117 74810.719 77581.461 76571.383 62877.996 46422.270 30379.969 15605.390 5363.604 1714.862 398.366
0.000 0.000 0.000 0.000 0.000 1.108 2.242 5.545 9.310 13.229 18.432 22.055 21.243 13.266 5.874 3.055 2.336 2.134 2.500 3.036 4.753 6.847 9.197 14.868 24.114 36.585 54.907 79.772 144.631 282.516 630.155 1299.205 2188.258 3401.659 5675.276 10730.688 21763.104 38416.531 56928.059 72302.672 77136.555 76346.570 64935.223 48963.305 32688.078 16923.252 5530.664 1615.823 350.606 43.387
0.000 0.000 0.000 0.000 0.272 1.291 3.046 6.078 9.776 17.528 28.093 37.251 40.639 35.426 23.199 14.491 11.689 13.090 14.163 16.320 23.859 32.152 41.925 52.963 82.447 130.496 197.197 297.826 471.877 812.404 1600.573 2854.296 4479.500 7116.550 12366.843 22379.822 36751.684 52891.961 67916.102 73156.414 72148.633 63811.379 48856.344 33148.875 17815.990 6082.357 1692.014 296.336 41.642 6.441
0.000 0.000 0.000 0.000 0.456 1.097 2.937 5.481 10.161 20.172 35.704 52.793 62.342 75.646 77.569 68.900 59.463 62.497 68.353 68.756 87.863 120.645 155.643 194.485 245.474 370.254 594.629 925.923 1490.886 2478.458 3874.677 5502.979 7961.807 12720.638 20986.584 32487.996 45712.039 58949.566 64203.855 64447.414 59075.648 45770.496 31417.174 17330.916 6267.375 1591.850 264.228 39.927 6.182 0.984
