tests/test_03/output6/CloudConcentration_005.00hrs.dat
NCOLS    50
NROWS    50
XLLCORNER    -2289770.000
YLLCORNER     2591270.000
CELLSIZE        2000.000       2000.000
NODATA_VALUE  0.000
[rows 0 to 47 of 50, columns 0 to 49 of 50]
0.000 0.000 0.000 0.000 0.000 0.000 0.000 0.000 0.000 0.000 0.235 0.359 0.525 0.745 1.011 1.295 1.579 1.842 2.100 2.431 2.843 3.284 3.706 4.079 4.428 4.576 4.533 4.367 4.223 3.639 2.786 1.804 1.282 0.781 0.433 0.195 0.102 0.000 0.000 0.000 0.000 0.000 0.000 0.000 0.000 0.000 0.000 0.000 0.000 0.000
0.000 0.000 0.000 0.000 0.000 0.000 0.000 0.000 0.000 0.323 0.506 0.759 1.079 1.456 1.864 2.273 2.667 3.109 3.729 4.536 5.412 6.272 6.994 7.610 8.159 8.381 8.465 8.249 7.490 6.095 4.469 2.925 2.162 1.346 0.690 0.303 0.148 0.000 0.000 0.000 0.000 0.000 0.000 0.000 0.000 0.000 0.000 0.000 0.000 0.000
0.000 0.000 0.000 0.000 0.000 0.000 0.000 0.329 0.530 0.808 1.195 1.692 2.307 3.038 3.821 4.625 5.593 6.866 8.451 10.280 12.247 14.266 16.190 17.726 18.952 19.516 19.108 17.518 15.012 11.856 8.934 6.420 4.491 2.501 1.272 0.567 0.259 0.122 0.000 0.000 0.000 0.000 0.000 0.000 0.000 0.000 0.000 0.000 0.000 0.000
0.000 0.000 0.000 0.000 0.000 0.278 0.501 0.792 1.183 1.764 2.570 3.587 4.825 6.257 7.832 9.670 12.094 15.280 19.188 23.762 28.946 34.418 39.466 43.337 44.942 45.346 43.263 38.531 32.152 25.258 18.812 14.105 9.408 4.869 2.544 1.256 0.525 0.213 0.093 0.000 0.000 0.000 0.000 0.000 0.000 0.000 0.000 0.000 0.000 0.000
0.000 0.000 0.000 0.222 0.459 0.787 1.214 1.783 2.644 3.949 5.695 7.835 10.409 13.527 17.435 22.499 29.156 37.937 49.015 62.315 77.555 93.747 108.826 114.949 115.898 111.550 103.788 90.415 74.387 59.650 45.154 33.604 20.628 10.788 5.409 2.950 1.216 0.420 0.172 0.000 0.000 0.000 0.000 0.000 0.000 0.000 0.000 0.000 0.000 0.000
0.000 0.000 0.355 0.753 1.242 1.874 2.725 3.956 5.888 8.783 12.664 17.533 23.647 31.701 42.867 58.306 78.789 105.532 140.752 185.465 235.981 287.558 316.510 325.305 320.227 294.972 260.751 224.059 189.915 150.428 117.766 85.324 50.345 26.465 12.791 6.628 2.634 0.902 0.353 0.139 0.000 0.000 0.000 0.000 0.000 0.000 0.000 0.000 0.000 0.000
0.000 0.429 1.053 1.850 2.832 4.141 6.023 8.937 13.541 20.316 29.489 41.602 58.268 82.217 116.746 165.980 235.566 331.958 460.825 620.827 797.820 929.197 978.308 980.453 890.941 785.956 684.251 597.410 500.300 397.323 314.258 219.103 133.621 73.556 33.676 15.060 5.867 2.028 0.762 0.297 0.116 0.000 0.000 0.000 0.000 0.000 0.000 0.000 0.000 0.000
0.680 1.511 2.661 4.181 6.392 9.893 15.451 24.113 36.989 55.542 82.159 119.846 173.303 249.335 359.620 520.174 757.072 1100.210 1573.315 2157.895 2785.922 3127.430 3183.833 2909.319 2612.477 2308.814 1980.430 1641.409 1315.214 1068.052 814.018 549.367 359.977 210.343 91.246 36.339 13.654 4.512 1.659 0.646 0.253 0.097 0.000 0.000 0.000 0.000 0.000 0.000 0.000 0.000
2.788 4.417 6.992 10.876 16.785 25.917 40.072 62.201 96.294 148.800 229.404 353.639 543.838 832.972 1267.613 1914.196 2860.273 4211.731 6058.557 8350.545 10884.671 12273.347 12413.754 10908.042 9241.594 7475.093 5882.817 4590.249 3667.821 2885.543 2036.991 1392.360 906.134 553.172 246.958 93.172 33.879 10.276 3.475 1.304 0.509 0.196 0.000 0.000 0.000 0.000 0.000 0.000 0.000 0.000
5.804 8.841 13.966 21.902 34.240 53.516 83.673 130.883 204.330 318.696 496.338 773.279 1203.494 1873.323 2909.722 4514.122 6976.188 10717.237 16195.446 23589.732 32224.339 38840.567 40772.716 38311.023 33854.420 27776.133 21152.671 15738.035 11621.542 8412.753 5395.440 3731.950 2261.743 1371.649 629.808 251.665 93.495 25.881 7.283 2.478 0.941 0.368 0.142 0.000 0.000 0.000 0.000 0.000 0.000 0.000
9.466 14.558 23.367 37.305 59.407 94.473 150.253 238.716 378.549 598.917 946.168 1492.452 2350.607 3693.526 5784.780 9020.791 13972.951 21448.471 32412.436 47461.076 65187.235 79309.194 83751.004 80113.177 73003.999 62453.824 53114.712 42206.674 32648.377 24229.334 16481.699 10614.620 5998.356 3352.947 1539.666 650.486 246.516 65.929 16.763 4.683 1.677 0.637 0.249 0.098 0.000 0.000 0.000 0.000 0.000 0.000
13.478 21.034 34.318 55.723 90.157 145.555 234.889 378.688 609.624 979.441 1571.915 2518.961 4031.942 6436.989 10245.477 16208.839 25427.914 39277.641 59159.486 85119.093 114399.524 133781.759 141190.649 134190.392 121489.377 109242.600 95436.566 79456.685 64857.882 50664.014 37400.120 25920.778 15617.248 8876.911 3781.094 1555.594 598.664 169.934 40.069 10.111 3.097 1.097 0.417 0.165 0.000 0.000 0.000 0.000 0.000 0.000
17.310 27.529 45.648 75.239 123.386 201.620 328.788 535.281 870.633 1415.425 2300.691 3735.886 6058.597 9812.506 15859.342 25530.963 40789.529 64190.352 98020.662 140568.438 185863.651 204559.568 209729.678 197278.955 188471.866 160954.762 136585.051 118700.392 102146.504 85031.607 67525.942 49050.610 33155.950 19829.724 9214.623 3560.221 1344.350 410.714 100.451 22.695 6.652 2.146 0.753 0.282 0.109 0.000 0.000 0.000 0.000 0.000
18.734 30.206 50.978 85.914 144.288 241.807 404.384 674.382 1120.936 1854.938 3055.428 5014.611 8209.380 13412.075 21876.021 35577.163 57549.418 91896.531 142248.167 204941.874 267184.167 290294.732 287919.299 267419.780 259271.837 222901.496 182901.440 149175.171 136995.821 122638.399 102127.482 79052.136 58322.134 36985.069 19558.026 7429.168 2909.961 866.135 214.509 50.504 13.182 4.127 1.387 0.493 0.182 0.000 0.000 0.000 0.000 0.000
18.961 30.645 51.910 87.956 148.735 251.447 424.907 717.558 1210.554 2040.421 3434.472 5771.383 9670.559 16157.023 26899.660 44596.706 73368.869 118914.160 186535.428 271294.298 353605.308 385077.541 381088.296 371761.232 332260.487 299275.650 246131.052 181467.614 149329.158 143368.347 133270.449 115481.482 86567.208 59315.796 35181.114 15146.905 5729.817 1689.749 416.898 98.704 25.972 7.171 2.270 0.785 0.284 0.105 0.000 0.000 0.000 0.000
18.169 29.830 51.051 87.197 148.353 251.827 426.906 722.791 1223.125 2068.928 3499.697 5917.491 10000.980 16892.232 28478.055 47881.919 80060.939 132318.189 212201.293 314882.026 417361.374 457387.070 451969.784 478556.481 412154.128 396503.791 315776.900 230864.878 165795.112 146695.680 143979.577 139676.247 115648.828 84412.541 53693.190 27489.543 10295.196 3169.063 788.427 179.253 45.702 12.276 3.563 1.144 0.408 0.149 0.000 0.000 0.000 0.000
14.791 24.706 42.887 74.371 128.801 222.853 385.930 666.816 1150.418 1975.959 3387.485 5793.839 9893.382 16835.484 28573.400 48302.962 81210.433 135023.324 218329.125 326477.430 440431.391 487285.927 503762.118 550303.640 553324.280 491677.912 389312.595 301843.776 196671.828 148111.970 144497.353 144447.942 135809.139 106083.673 75309.967 43191.723 17350.125 5629.163 1434.930 318.605 78.457 19.881 5.633 1.717 0.570 0.202 0.000 0.000 0.000 0.000
11.419 19.283 33.697 58.795 102.555 178.589 310.848 540.502 939.449 1629.964 2823.904 4891.056 8467.173 14640.672 25283.832 43550.683 74678.651 126476.222 207982.558 314760.583 423464.743 466310.391 526846.530 585204.463 657011.535 598361.520 493744.246 331989.718 221697.276 155414.650 138411.997 142177.953 142070.165 125268.011 93969.393 58841.004 26701.682 9085.282 2352.315 536.087 132.156 32.617 8.870 2.591 0.827 0.283 0.101 0.000 0.000 0.000
8.150 13.970 24.651 43.489 76.556 134.686 236.457 414.939 727.088 1273.145 2226.791 3891.708 6791.912 11841.327 20615.412 35826.699 61998.833 106267.315 177365.464 273460.122 373538.259 407619.689 510939.737 566175.823 700830.134 773418.322 548560.883 399954.578 271876.880 177278.899 147003.399 137843.293 142732.017 133221.332 108647.913 73332.632 36946.544 12866.922 3382.661 796.017 202.214 51.840 13.980 3.943 1.198 0.389 0.135 0.000 0.000 0.000
5.083 8.899 15.954 28.573 51.027 91.069 162.047 288.135 511.130 906.081 1602.904 2832.970 4996.329 8801.993 15476.854 27172.056 47533.118 82473.263 139634.525 218913.741 304207.312 333812.043 445881.394 502970.607 709625.370 954368.608 668906.528 447081.411 282719.090 178897.852 147595.523 141170.007 142482.816 135269.985 115140.064 82910.263 45850.069 17982.170 4881.317 1112.962 277.521 73.774 20.418 5.822 1.710 0.528 0.176 0.000 0.000 0.000
2.750 4.925 9.016 16.415 29.848 54.056 97.822 176.342 317.682 570.749 1024.095 1833.535 3278.565 5850.296 10423.295 18536.461 32885.919 58007.069 100402.589 162411.825 236645.963 264646.628 357133.915 442085.605 639521.140 1036495.702 752277.834 504979.613 317795.743 199675.192 165893.762 152676.070 141125.350 136048.000 121208.939 92754.904 54962.683 23627.975 6529.309 1524.912 387.726 101.950 27.556 7.780 2.257 0.689 0.221 0.074 0.000 0.000
1.201 2.268 4.357 8.208 15.486 28.710 53.260 97.681 179.549 327.310 597.368 1083.144 1965.194 3548.340 6409.586 11529.942 20731.193 37102.310 65889.221 112970.246 176023.682 208499.187 287766.824 355012.673 554426.192 1236889.453 868738.352 588277.933 299165.239 197334.969 165151.722 155764.504 149381.758 133555.946 122221.562 96873.553 60201.148 27473.769 7848.643 1867.919 496.425 136.300 37.627 10.539 2.947 0.829 0.243 0.079 0.000 0.000
0.298 0.604 1.231 2.489 5.050 10.149 20.414 40.379 79.374 153.045 294.179 555.684 1045.957 1939.162 3587.648 6575.330 12041.904 21892.833 39681.829 70793.306 119311.223 175585.451 191766.245 287143.627 468640.938 1321007.957 1012815.322 616202.728 327246.635 233652.162 198141.047 173217.842 148141.517 134315.620 121097.649 97828.847 61884.997 29224.924 8812.827 2161.209 582.550 164.352 47.124 13.434 3.760 1.029 0.279 0.080 0.000 0.000
0.000 0.000 0.213 0.446 0.931 1.943 4.049 8.426 17.501 36.295 75.075 155.159 319.201 657.893 1339.191 2699.806 5335.124 10421.987 20021.622 37876.974 69678.605 119754.323 170654.855 226982.162 358131.146 1445643.006 1118832.143 462152.420 326082.655 258024.840 215832.042 168686.184 146014.410 129933.667 118744.763 99748.614 61945.195 28870.071 8986.044 2284.741 644.052 188.047 54.711 15.730 4.403 1.189 0.307 0.081 0.000 0.000
0.000 0.000 0.000 0.000 0.000 0.000 0.417 0.904 1.956 4.235 9.170 19.854 42.985 93.066 201.494 436.248 944.466 2044.794 4426.177 9580.641 20990.616 44350.582 85906.116 147063.204 168579.544 852304.432 657287.849 447324.602 347840.271 276950.621 206246.007 164876.251 140043.561 122421.900 114662.100 95569.276 59828.467 29143.650 9149.505 2329.760 655.624 196.077 58.135 16.925 4.758 1.279 0.325 0.080 0.000 0.000
0.000 0.000 0.000 0.000 0.000 0.000 0.000 0.000 0.000 0.000 0.000 0.000 0.000 0.000 0.000 0.000 0.000 0.000 0.212 0.464 0.989 2.064 23.327 2010.509 81853.835 325267.747 249596.194 219270.067 188211.285 176337.139 153037.940 136613.217 121037.694 116906.519 112343.596 86926.418 53584.300 26044.808 8848.222 2376.352 685.352 203.600 60.050 17.571 5.015 1.369 0.351 0.084 0.000 0.000
0.000 0.000 0.000 0.000 0.000 0.000 0.000 0.000 0.000 0.000 0.000 0.000 0.000 0.000 0.000 0.000 0.000 0.000 0.000 0.000 0.293 2.638 223.226 7952.500 76256.439 296984.171 194283.042 168843.811 153233.884 139916.238 125201.233 116754.773 114603.916 112852.297 106153.727 78184.336 45650.780 21725.420 7624.543 2148.010 646.153 200.072 61.155 18.028 5.164 1.412 0.358 0.085 0.000 0.000
0.000 0.000 0.000 0.000 0.000 0.000 0.000 0.000 0.000 0.000 0.000 0.000 0.000 0.000 0.000 0.000 0.000 0.000 0.000 0.000 0.269 21.742 702.010 8293.890 69080.063 247505.326 184684.803 152609.256 134064.818 119979.298 116641.263 114174.605 112392.019 109394.974 93869.639 64697.285 37827.309 17388.337 5891.990 1723.586 545.458 169.364 51.053 15.056 4.347 1.214 0.320 0.000 0.000 0.000
0.000 0.000 0.000 0.000 0.000 0.000 0.000 0.000 0.000 0.000 0.000 0.000 0.000 0.000 0.000 0.000 0.000 0.000 0.000 0.000 2.029 69.734 649.108 8624.243 43602.252 174304.011 166756.138 145418.407 128197.752 114901.467 112730.799 110910.153 105746.827 98157.427 74171.407 49185.844 28843.006 13583.461 4649.359 1439.000 466.182 146.860 44.415 13.086 3.796 1.073 0.288 0.000 0.000 0.000
0.000 0.000 0.000 0.000 0.000 0.000 0.000 0.000 0.000 0.000 0.000 0.000 0.000 0.000 0.000 0.000 0.000 0.000 0.000 0.197 6.800 58.394 786.076 6109.701 31725.514 108755.640 127604.170 131167.232 121077.167 108119.230 106547.685 100303.765 91543.480 76225.352 55547.682 35470.891 19101.231 8849.084 3056.180 1013.760 329.875 102.703 30.841 9.018 2.599 0.734 0.198 0.000 0.000 0.000
0.000 0.000 0.000 0.000 0.000 0.000 0.000 0.000 0.000 0.000 0.000 0.000 0.000 0.000 0.000 0.000 0.000 0.000 0.000 0.650 5.692 60.110 617.111 4089.809 17703.444 57408.153 83435.628 98161.336 97768.055 86478.918 85549.875 75235.037 67793.207 50350.449 36259.787 22627.847 11881.823 4984.065 1638.744 550.514 185.017 59.066 17.724 5.085 1.441 0.412 0.113 0.000 0.000 0.000
0.000 0.000 0.000 0.000 0.000 0.000 0.000 0.000 0.000 0.000 0.000 0.000 0.000 0.000 0.000 0.000 0.000 0.000 0.000 0.554 5.479 45.217 404.435 2258.050 8290.187 22858.081 42198.138 55955.506 60710.322 54896.046 53199.511 45629.004 39757.191 29566.523 18545.201 11084.147 5580.431 2231.289 830.949 292.161 96.024 29.475 8.397 2.296 0.636 0.173 0.000 0.000 0.000 0.000
0.000 0.000 0.000 0.000 0.000 0.000 0.000 0.000 0.000 0.000 0.000 0.000 0.000 0.000 0.000 0.000 0.000 0.000 0.000 0.529 3.947 30.967 227.208 1020.345 4208.778 8384.358 14967.486 21556.037 27158.952 26210.173 25734.240 22923.048 17174.493 12574.803 7598.521 3986.677 1858.942 809.253 284.208 92.687 27.678 7.707 2.038 0.519 0.128 0.000 0.000 0.000 0.000 0.000
0.000 0.000 0.000 0.000 0.000 0.000 0.000 0.000 0.000 0.000 0.000 0.000 0.000 0.000 0.000 0.000 0.000 0.000 0.000 0.375 2.730 17.617 101.706 410.185 1738.175 3207.636 4991.268 6024.495 7595.152 7836.047 8047.732 7273.863 5223.161 3877.515 2393.086 1262.709 597.804 231.965 83.161 27.461 8.028 2.153 0.548 0.135 0.000 0.000 0.000 0.000 0.000 0.000
0.000 0.000 0.000 0.000 0.000 0.000 0.000 0.000 0.000 0.000 0.000 0.000 0.000 0.000 0.000 0.000 0.000 0.000 0.000 0.260 1.494 8.105 38.213 153.067 543.802 1183.897 1868.073 2157.116 2423.439 2319.860 2205.828 1829.285 1358.989 963.445 582.785 304.707 140.312 52.172 17.057 5.352 1.535 0.409 0.103 0.000 0.000 0.000 0.000 0.000 0.000 0.000
0.000 0.000 0.000 0.000 0.000 0.000 0.000 0.000 0.000 0.000 0.000 0.000 0.000 0.000 0.000 0.000 0.000 0.000 0.000 0.141 0.677 3.097 14.143 47.783 164.094 348.542 539.567 646.292 681.061 665.367 616.205 473.303 350.302 228.722 127.255 61.896 25.129 9.445 3.115 0.919 0.253 0.000 0.000 0.000 0.000 0.000 0.000 0.000 0.000 0.000
0.000 0.000 0.000 0.000 0.000 0.000 0.000 0.000 0.000 0.000 0.000 0.000 0.000 0.000 0.000 0.000 0.000 0.000 0.000 0.000 0.266 1.147 4.539 14.101 42.891 95.773 145.660 177.442 183.774 179.197 162.617 118.236 87.716 55.371 30.055 14.471 5.840 2.203 0.715 0.209 0.000 0.000 0.000 0.000 0.000 0.000 0.000 0.000 0.000 0.000
0.000 0.000 0.000 0.000 0.000 0.000 0.000 0.000 0.000 0.000 0.000 0.000 0.000 0.000 0.000 0.000 0.000 0.000 0.000 0.000 0.098 0.354 1.238 3.854 10.323 24.023 36.514 45.338 47.085 45.894 41.427 29.704 21.902 13.711 7.371 3.526 1.409 0.527 0.172 0.000 0.000 0.000 0.000 0.000 0.000 0.000 0.000 0.000 0.000 0.000
0.000 0.000 0.000 0.000 0.000 0.000 0.000 0.000 0.000 0.000 0.000 0.000 0.000 0.000 0.000 0.000 0.000 0.000 0.000 0.000 0.000 0.094 0.308 1.013 2.460 5.656 8.561 10.831 11.366 11.108 10.029 7.234 5.279 3.316 1.779 0.847 0.333 0.123 0.000 0.000 0.000 0.000 0.000 0.000 0.000 0.000 0.000 0.000 0.000 0.000
0.000 0.000 0.000 0.000 0.000 0.000 0.000 0.000 0.000 0.000 0.000 0.000 0.000 0.000 0.000 0.000 0.000 0.000 0.000 0.000 0.000 0.000 0.000 0.267 0.631 1.262 1.888 2.440 2.587 2.539 2.300 1.679 1.214 0.768 0.412 0.196 0.077 0.000 0.000 0.000 0.000 0.000 0.000 0.000 0.000 0.000 0.000 0.000 0.000 0.000
0.000 0.000 0.000 0.000 0.000 0.000 0.000 0.000 0.000 0.000 0.000 0.000 0.000 0.000 0.000 0.000 0.000 0.000 0.000 0.000 0.000 0.000 0.000 0.000 0.156 0.281 0.402 0.533 0.565 0.559 0.506 0.373 0.267 0.170 0.091 0.000 0.000 0.000 0.000 0.000 0.000 0.000 0.000 0.000 0.000 0.000 0.000 0.000 0.000 0.000
0.000 0.000 0.000 0.000 0.000 0.000 0.000 0.000 0.000 0.000 0.000 0.000 0.000 0.000 0.000 0.000 0.000 0.000 0.000 0.000 0.000 0.000 0.000 0.000 0.000 0.000 0.084 0.112 0.117 0.117 0.105 0.078 0.000 0.000 0.000 0.000 0.000 0.000 0.000 0.000 0.000 0.000 0.000 0.000 0.000 0.000 0.000 0.000 0.000 0.000
0.000 0.000 0.000 0.000 0.000 0.000 0.000 0.000 0.000 0.000 0.000 0.000 0.000 0.000 0.000 0.000 0.000 0.000 0.000 0.000 0.000 0.000 0.000 0.000 0.000 0.000 0.000 0.000 0.000 0.000 0.000 0.000 0.000 0.000 0.000 0.000 0.000 0.000 0.000 0.000 0.000 0.000 0.000 0.000 0.000 0.000 0.000 0.000 0.000 0.000
0.000 0.000 0.000 0.000 0.000 0.000 0.000 0.000 0.000 0.000 0.000 0.000 0.000 0.000 0.000 0.000 0.000 0.000 0.000 0.000 0.000 0.000 0.000 0.000 0.000 0.000 0.000 0.000 0.000 0.000 0.000 0.000 0.000 0.000 0.000 0.000 0.000 0.000 0.000 0.000 0.000 0.000 0.000 0.000 0.000 0.000 0.000 0.000 0.000 0.000
0.000 0.000 0.000 0.000 0.000 0.000 0.000 0.000 0.000 0.000 0.000 0.000 0.000 0.000 0.000 0.000 0.000 0.000 0.000 0.000 0.000 0.000 0.000 0.000 0.000 0.000 0.000 0.000 0.000 0.000 0.000 0.000 0.000 0.000 0.000 0.000 0.000 0.000 0.000 0.000 0.000 0.000 0.000 0.000 0.000 0.000 0.000 0.000 0.000 0.000
0.000 0.000 0.000 0.000 0.000 0.000 0.000 0.000 0.000 0.000 0.000 0.000 0.000 0.000 0.000 0.000 0.000 0.000 0.000 0.000 0.000 0.000 0.000 0.000 0.000 0.000 0.000 0.000 0.000 0.000 0.000 0.000 0.000 0.000 0.000 0.000 0.000 0.000 0.000 0.000 0.000 0.000 0.000 0.000 0.000 0.000 0.000 0.000 0.000 0.000
0.000 0.000 0.000 0.000 0.000 0.000 0.000 0.000 0.000 0.000 0.000 0.000 0.000 0.000 0.000 0.000 0.000 0.000 0.000 0.000 0.000 0.000 0.000 0.000 0.000 0.000 0.000 0.000 0.000 0.000 0.000 0.000 0.000 0.000 0.000 0.000 0.000 0.000 0.000 0.000 0.000 0.000 0.000 0.000 0.000 0.000 0.000 0.000 0.000 0.000
0.000 0.000 0.000 0.000 0.000 0.000 0.000 0.000 0.000 0.000 0.000 0.000 0.000 0.000 0.000 0.000 0.000 0.000 0.000 0.000 0.000 0.000 0.000 0.000 0.000 0.000 0.000 0.000 0.000 0.000 0.000 0.000 0.000 0.000 0.000 0.000 0.000 0.000 0.000 0.000 0.000 0.000 0.000 0.000 0.000 0.000 0.000 0.000 0.000 0.000
