tests/test_03/output6/CloudLoad_010.00hrs.dat
NCOLS    50
NROWS    50
XLLCORNER    -2289770.000
YLLCORNER     2591270.000
CELLSIZE        2000.000       2000.000
NODATA_VALUE  0.000
[rows 0 to 31 of 50, columns 0 to 49 of 50]
373.659180 411.851654 461.450500 518.765503 584.035706 657.740723 740.798218 834.243835 939.615356 1059.430298 1197.153687 1358.192383 1547.444092 1768.770752 2026.337402 2327.075684 2679.101562 3087.477295 3560.146484 4113.617188 4767.538574 5534.290039 6415.651855 7415.707520 8553.111328 9863.855469 11374.975586 13076.916992 14954.388672 17001.410156 19201.005859 21508.732422 23725.207031 25817.279297 27336.271484 28481.224609 28733.251953 28442.550781 27555.650391 25433.757812 23008.595703 19657.039062 16510.238281 13188.790039 10508.533203 7724.802734 5300.015625 3529.197510 2084.487549 355.340210
214.125427 239.106628 271.384857 308.265350 349.987183 397.360626 451.622803 514.384216 587.838989 675.316406 780.176514 906.669250 1058.224854 1238.544556 1454.398560 1714.377197 2023.229614 2385.016846 2815.809326 3337.988770 3964.304443 4690.169434 5519.995605 6488.909668 7638.751465 8983.803711 10506.781250 12206.029297 14115.536133 16255.611328 18597.728516 21039.041016 23377.644531 25677.162109 27453.957031 28777.103516 29221.302734 29069.179688 28308.224609 26304.498047 24004.792969 20695.115234 17479.599609 14038.623047 11236.083984 8314.875000 5741.502441 3839.750488 2301.308105 411.820831
155.909531 175.380737 200.449570 229.062576 261.553131 298.818817 342.192780 393.462128 455.048828 530.290955 622.370239 734.179810 868.796814 1031.297119 1229.329956 1469.484741 1755.425415 2095.260010 2507.313232 3010.342773 3607.167236 4292.871094 5089.000000 6037.784180 7172.432129 8499.851562 10007.720703 11704.588867 13626.178711 15800.755859 18212.197266 20730.433594 23161.658203 25569.980469 27596.939453 29138.279297 29853.941406 29887.402344 29279.982422 27440.962891 25254.107422 22020.181641 18738.716797 15157.069336 12178.374023 9078.041016 6315.083496 4232.935547 2574.625732 487.076385
87.777016 100.499390 116.771400 135.436508 156.945374 182.296036 212.951736 250.796936 298.411102 358.903198 435.035583 528.215759 641.987732 783.326843 959.215271 1173.390137 1430.744263 1744.197021 2131.552002 2605.873047 3162.755371 3802.487305 4561.698242 5488.921875 6610.081055 7918.155273 9402.271484 11086.180664 13016.231445 15224.075195 17705.869141 20343.986328 22895.529297 25408.572266 27669.826172 29450.863281 30481.330078 30722.025391 30269.228516 28596.755859 26505.304688 23347.023438 20029.250000 16375.182617 13181.318359 9895.333984 6938.372559 4654.819336 2870.585205 576.224121
49.622063 57.597630 67.688492 79.586288 94.001999 111.829384 134.620499 163.992996 201.900879 250.517242 311.793213 388.144684 484.996399 609.128784 764.019043 952.373901 1182.500977 1470.426025 1830.159546 2261.906494 2766.350830 3366.950684 4102.730957 5003.894531 6090.893066 7369.287598 8838.162109 10514.093750 12439.894531 14660.928711 17184.445312 19932.085938 22633.035156 25239.238281 27716.152344 29700.673828 31074.152344 31553.675781 31258.107422 29747.734375 27756.763672 24662.949219 21310.251953 17673.128906 14240.992188 10753.613281 7618.898926 5109.384766 3193.262695 680.808289
20.699800 24.721203 30.407280 37.882107 47.569328 59.977356 76.030647 97.561646 126.241379 162.985199 209.829575 271.833130 354.215790 459.331665 590.835815 754.198120 957.662659 1213.504883 1531.525635 1918.716797 2388.316895 2961.021973 3662.889160 4522.840332 5570.368164 6822.638672 8279.416992 9948.729492 11865.750977 14082.594727 16627.080078 19443.404297 22316.099609 25061.228516 27694.828125 29894.423828 31584.947266 32309.414062 32196.265625 30850.306641 28967.789062 25964.859375 22570.800781 19003.189453 15347.177734 11650.872070 8350.126953 5591.863770 3534.480225 801.705933
8.310113 10.041516 12.718402 16.758408 22.653879 30.950075 42.575089 58.214741 78.470932 105.419373 142.908722 194.307556 261.902954 349.048706 460.362488 599.960388 774.691223 996.273621 1277.892944 1631.399170 2069.680664 2609.204834 3271.388916 4084.916992 5084.001953 6298.513184 7739.144531 9405.052734 11309.634766 13503.980469 16036.824219 18894.585938 21893.289062 24785.798828 27591.740234 29990.126953 31949.296875 32909.410156 33017.445312 31879.861328 30105.386719 27217.183594 23808.367188 20329.183594 16485.220703 12584.226562 9123.641602 6102.603027 3896.630615 939.740173
3.228661 3.994606 5.318896 7.509803 10.964534 16.222904 23.563953 33.696541 48.177193 69.179764 98.791992 139.196838 193.258972 264.331146 355.752380 471.531097 618.776550 809.587280 1059.331909 1382.294312 1789.723389 2294.587891 2914.948242 3679.694824 4625.617676 5791.615723 7201.441895 8853.820312 10746.561523 12911.142578 15414.768555 18279.617188 21373.349609 24382.027344 27285.246094 29929.710938 32130.427734 33347.074219 33646.539062 32814.476562 31144.861328 28411.052734 25003.492188 21627.738281 17634.035156 13546.940430 9928.338867 6638.582520 4278.872559 1098.968018
1.195223 1.576994 2.309823 3.543442 5.480918 8.428535 12.993848 20.167747 31.366224 47.618793 70.079506 100.818054 142.607620 198.414337 271.738861 367.375183 492.438416 658.266968 880.323364 1173.520752 1548.600342 2016.085693 2593.664062 3310.356445 4204.332031 5312.720215 6668.782715 8284.586914 10154.882812 12291.400391 14753.141602 17596.851562 20727.884766 23847.544922 26822.794922 29678.458984 32114.273438 33574.250000 34074.191406 33585.574219 32052.392578 29516.500000 26147.236328 22882.291016 18770.914062 14536.359375 10765.241211 7197.515625 4681.588379 1274.441895
0.422693 0.656750 1.066491 1.700442 2.770412 4.689284 7.992274 13.452735 21.589199 33.128014 49.433361 72.217575 103.407372 146.092545 204.640244 284.638855 393.057709 539.250977 735.499878 996.008667 1334.490234 1763.947754 2302.519043 2975.087646 3814.892090 4859.005859 6145.319336 7700.795410 9529.394531 11631.631836 14044.406250 16842.455078 19961.171875 23154.898438 26221.121094 29181.058594 31793.785156 33638.363281 34304.281250 34093.828125 32755.316406 30501.423828 27210.894531 24068.875000 19875.820312 15540.359375 11627.474609 7777.044922 5105.403320 1473.115112
0.000000 0.289346 0.503989 0.832473 1.487747 2.941001 5.526735 9.111709 14.181776 21.991047 33.680714 50.044243 72.734016 105.292595 153.065353 221.822205 317.051819 445.485077 616.722046 843.561646 1143.417114 1534.709351 2034.933472 2664.503906 3448.738037 4424.228516 5631.345703 7108.759766 8875.367188 10927.429688 13282.365234 16015.500977 19098.005859 22295.363281 25465.322266 28512.888672 31237.376953 33355.343750 34315.917969 34331.507812 33212.351562 31321.847656 28170.550781 25154.306641 20956.062500 16550.681641 12519.599609 8376.940430 5541.553223 1684.035400
0.000000 0.000000 0.231543 0.452433 0.926492 1.975564 3.446188 5.492894 8.624893 13.641973 21.482716 33.177448 50.352837 76.163490 115.539848 174.193466 257.128204 368.694366 516.415222 712.821045 975.562561 1326.791016 1785.880859 2370.004639 3097.743896 4002.143066 5126.701172 6514.207520 8198.547852 10185.647461 12475.528320 15120.381836 18140.095703 21317.007812 24522.708984 27647.117188 30511.640625 32807.148438 34052.691406 34357.093750 33465.003906 31790.767578 28974.652344 26115.033203 21997.689453 17548.853516 13427.495117 9003.809570 5995.447754 1916.577881
0.000000 0.000000 0.000000 0.275834 0.577067 0.948944 1.639033 3.023052 5.148546 8.168778 13.298580 22.335064 36.564854 57.704842 89.528801 137.606018 207.369003 303.006653 429.919006 599.683289 829.727722 1141.020386 1554.665161 2087.715088 2756.990234 3589.116699 4629.112793 5923.346191 7511.577148 9415.658203 11630.673828 14175.583984 17090.058594 20225.595703 23428.347656 26579.009766 29585.718750 32035.138672 33521.648438 34070.128906 33575.539062 32015.337891 29517.117188 26957.500000 22981.193359 18521.712891 14337.030273 9662.408203 6463.909180 2168.708252
0.000000 0.000000 0.000000 0.000000 0.220787 0.450035 0.861997 1.641684 3.115066 5.432645 9.009044 15.529320 27.172401 45.091213 70.997742 108.824219 164.292328 243.647491 353.330322 501.859497 702.754639 974.589722 1339.167847 1816.883545 2427.113525 3190.774658 4146.211914 5343.671387 6827.704590 8628.503906 10752.000000 13197.069336 15972.358398 19016.222656 22213.005859 25347.689453 28444.615234 31060.552734 32754.232422 33531.101562 33404.683594 32069.085938 29823.427734 27506.023438 23859.541016 19455.140625 15243.442383 10342.993164 6944.936035 2438.193848
0.000000 0.000000 0.000000 0.000000 0.000000 0.000000 0.402482 0.838714 1.799373 3.620723 6.423831 10.999314 19.588652 34.266243 55.568687 85.244148 128.135590 191.984009 285.335693 415.535736 591.103027 825.924988 1140.451416 1560.058960 2108.864502 2808.163818 3683.853516 4782.634766 6154.812988 7836.651367 9845.741211 12182.320312 14820.394531 17719.388672 20871.152344 23987.972656 27100.480469 29869.648438 31759.970703 32764.355469 33021.117188 31897.953125 29848.519531 27824.447266 24564.660156 20304.994141 16108.710938 11042.267578 7436.717285 2735.420166
0.000000 0.000000 0.000000 0.000000 0.000000 0.000000 0.229387 0.512351 1.104395 2.362076 4.761515 8.403062 14.270002 24.718618 41.398075 64.933304 98.693871 149.886536 227.202423 338.397003 489.542175 690.502136 959.487549 1322.223511 1807.442749 2442.514404 3246.025879 4249.010254 5502.105957 7052.148926 8927.912109 11140.791992 13644.479492 16399.414062 19409.564453 22510.855469 25583.982422 28466.359375 30528.476562 31736.490234 32316.902344 31502.578125 29680.558594 27892.800781 25029.791016 21029.152344 16927.513672 11758.248047 7929.971191 3042.246338
0.000000 0.000000 0.000000 0.000000 0.000000 0.000000 0.000000 0.323388 0.711374 1.516002 3.222418 6.182782 10.424721 17.199566 29.141113 48.231426 75.985222 116.909538 178.427277 268.993805 396.142059 567.940857 798.659729 1110.990723 1533.344482 2096.229004 2826.538086 3742.650146 4878.694824 6289.945801 8020.149902 10089.596680 12444.956055 15060.835938 17915.080078 20901.076172 23936.558594 26844.236328 29082.404297 30427.349609 31300.326172 30902.720703 29308.175781 27733.486328 25282.806641 21540.191406 17655.060547 12464.545898 8415.605469 3373.708252
0.000000 0.000000 0.000000 0.000000 0.000000 0.000000 0.000000 0.000000 0.398419 0.833669 1.826656 3.986676 7.276067 11.934240 19.951111 34.629063 57.905220 90.951813 138.330643 208.390961 311.673065 458.096527 657.866333 926.772644 1290.604980 1779.719727 2425.419678 3253.041992 4287.550781 5564.291504 7139.630371 9050.876953 11242.379883 13699.636719 16405.175781 19231.166016 22171.660156 25022.400391 27423.701172 28893.123047 29978.033203 30042.302734 28746.210938 27389.501953 25309.660156 21868.082031 18269.923828 13162.326172 8886.953125 3717.110107
0.000000 0.000000 0.000000 0.000000 0.000000 0.000000 0.000000 0.000000 0.216815 0.493794 1.088372 2.256384 4.581080 8.499199 14.518224 24.652334 41.996521 68.446861 105.746803 159.916519 241.475021 362.386993 533.327759 765.436462 1077.068848 1496.138306 2055.577393 2787.090820 3720.016357 4880.910156 6303.864258 8042.554688 10052.231445 12337.375977 14857.057617 17536.574219 20329.716797 23088.275391 25550.126953 27188.228516 28423.683594 28876.369141 27980.681641 26843.994141 25147.767578 21957.998047 18701.773438 13830.179688 9336.978516 4069.053955
0.000000 0.000000 0.000000 0.000000 0.000000 0.000000 0.000000 0.000000 0.000000 0.323745 0.644605 1.302726 2.750591 5.759636 10.511788 17.527182 28.993164 48.622913 78.873436 122.380547 186.021423 281.342102 421.688232 619.984497 888.463013 1246.521118 1723.538818 2358.027344 3184.517822 4229.602051 5515.513672 7070.812500 8892.190430 10992.658203 13303.624023 15816.656250 18453.890625 21084.927734 23503.437500 25306.628906 26692.761719 27440.412109 26992.398438 26104.593750 24800.384766 21844.750000 18921.626953 14429.651367 9765.268555 4440.851562
0.000000 0.000000 0.000000 0.000000 0.000000 0.000000 0.000000 0.000000 0.000000 0.000000 0.404833 0.812140 1.672741 3.431491 6.677493 11.994812 19.949806 33.234482 55.912228 91.669548 143.375046 217.416153 327.160461 488.241608 716.737061 1025.272583 1433.554688 1973.560669 2687.420410 3610.937256 4764.130371 6152.376465 7776.792969 9679.458008 11783.167969 14099.912109 16560.001953 19046.781250 21374.412109 23244.380859 24811.023438 25779.869141 25768.998047 25129.882812 24263.226562 21589.509766 18944.398438 14973.083008 10166.020508 4810.767090
0.000000 0.000000 0.000000 0.000000 0.000000 0.000000 0.000000 0.000000 0.000000 0.000000 0.000000 0.430790 0.911568 1.845251 3.753039 7.400426 13.498650 23.115864 38.725231 65.027588 106.335831 166.601669 252.735992 377.316040 558.961548 817.392517 1172.061890 1638.515137 2244.671875 3035.489990 4046.393311 5281.873535 6724.292969 8404.683594 10295.464844 12417.323242 14656.125000 16996.628906 19243.517578 21093.855469 22765.378906 23937.501953 24315.093750 23969.759766 23451.658203 21245.359375 18785.417969 15324.548828 10521.224609 5190.511719
0.000000 0.000000 0.000000 0.000000 0.000000 0.000000 0.000000 0.000000 0.000000 0.000000 0.000000 0.000000 0.465413 0.978979 2.027718 4.240819 8.503817 15.603968 26.556343 44.458096 74.322174 121.864838 191.728317 290.815002 432.129578 635.461487 925.154968 1325.647583 1851.106445 2521.404785 3377.419922 4445.480469 5724.858398 7205.278809 8878.356445 10769.696289 12821.397461 14961.838867 17032.011719 18938.728516 20627.396484 21924.136719 22658.082031 22676.140625 22412.564453 20768.488281 18496.251953 15525.808594 10830.500000 5572.435547
0.000000 0.000000 0.000000 0.000000 0.000000 0.000000 0.000000 0.000000 0.000000 0.000000 0.000000 0.000000 0.000000 0.465168 1.111751 2.358044 4.780236 9.435435 17.691065 30.629160 50.854950 83.731674 136.523987 216.035950 329.398407 489.343445 717.641418 1041.089966 1481.976929 2058.644775 2784.714355 3679.997070 4784.056641 6081.847168 7565.747559 9237.660156 11085.697266 13020.806641 14892.637695 16752.023438 18474.605469 19830.660156 20857.394531 21189.939453 21202.472656 20108.238281 18071.679688 15525.238281 11059.351562 5932.143066
0.000000 0.000000 0.000000 0.000000 0.000000 0.000000 0.000000 0.000000 0.000000 0.000000 0.000000 0.000000 0.000000 0.000000 0.426710 1.068685 2.374837 4.901355 10.122561 19.561052 34.832233 57.971272 93.581505 150.353378 238.982330 369.411865 551.594849 804.203369 1153.621826 1628.532715 2246.171387 3008.673828 3933.597900 5039.405273 6347.542480 7829.576660 9436.823242 11163.047852 12865.974609 14631.223633 16300.842773 17739.695312 18918.605469 19602.738281 19858.314453 19250.882812 17536.794922 15378.216797 11222.092773 6281.214355
0.000000 0.000000 0.000000 0.000000 0.000000 0.000000 0.000000 0.000000 0.000000 0.000000 0.000000 0.000000 0.000000 0.000000 0.000000 0.389683 0.955956 2.414655 5.454198 10.789907 20.699751 37.367928 63.429493 103.425667 165.590424 262.362610 406.713898 610.935669 885.845947 1254.880981 1755.502930 2400.438721 3191.882080 4125.159180 5233.776367 6538.018555 7943.304199 9430.976562 10991.909180 12617.107422 14214.599609 15702.690430 16952.623047 17912.029297 18429.585938 18249.154297 16878.011719 15098.978516 11290.530273 6604.118652
0.000000 0.000000 0.000000 0.000000 0.000000 0.000000 0.000000 0.000000 0.000000 0.000000 0.000000 0.000000 0.000000 0.000000 0.000000 0.000000 0.372608 0.914572 2.277563 5.526413 10.931658 20.586906 38.661068 68.617058 113.597290 180.690475 282.458679 436.344879 657.468811 958.143860 1352.836304 1862.300903 2518.211426 3318.860107 4264.702148 5358.279297 6580.998047 7890.773926 9283.432617 10764.165039 12236.097656 13708.721680 15037.246094 16157.715820 16910.621094 17090.544922 16114.949219 14704.525391 11294.135742 6903.566895
0.000000 0.000000 0.000000 0.000000 0.000000 0.000000 0.000000 0.000000 0.000000 0.000000 0.000000 0.000000 0.000000 0.000000 0.000000 0.000000 0.000000 0.360166 0.887794 2.165010 5.360773 11.688137 22.071508 40.006817 70.664284 119.434509 193.682770 304.188843 466.155823 699.795349 1019.947632 1433.211792 1951.784058 2605.002197 3415.275635 4325.621094 5344.878906 6475.647461 7742.887695 9037.745117 10359.304688 11778.796875 13138.047852 14359.499023 15278.210938 15772.031250 15246.148438 14214.897461 11188.909180 7174.125000
0.000000 0.000000 0.000000 0.000000 0.000000 0.000000 0.000000 0.000000 0.000000 0.000000 0.000000 0.000000 0.000000 0.000000 0.000000 0.000000 0.000000 0.000000 0.356120 0.896161 2.214415 5.366748 11.905468 23.043669 41.373276 72.593697 124.417892 206.546112 328.514587 499.715515 736.742554 1062.062378 1486.254517 2010.753052 2650.615234 3402.014160 4262.346680 5216.283691 6266.552734 7412.856934 8612.460938 9906.694336 11226.231445 12497.290039 13528.328125 14277.774414 14185.791992 13546.393555 10936.048828 7420.029297
0.000000 0.000000 0.000000 0.000000 0.000000 0.000000 0.000000 0.000000 0.000000 0.000000 0.000000 0.000000 0.000000 0.000000 0.000000 0.000000 0.000000 0.000000 0.000000 0.355813 0.899308 2.213817 5.159574 11.310983 23.017746 43.459934 77.491379 132.317291 217.289352 345.478363 528.340454 771.833069 1091.207886 1510.836304 2012.762695 2592.413574 3283.260986 4062.607178 4931.891113 5910.947266 6979.538574 8111.929688 9330.500000 10590.465820 11678.916992 12586.521484 12854.660156 12617.430664 10473.119141 7582.699707
0.000000 0.000000 0.000000 0.000000 0.000000 0.000000 0.000000 0.000000 0.000000 0.000000 0.000000 0.000000 0.000000 0.000000 0.000000 0.000000 0.000000 0.000000 0.000000 0.000000 0.362195 0.903723 2.236465 5.454505 12.189088 24.310440 45.764618 82.492088 142.772949 232.687363 361.209900 542.494507 784.678406 1087.129395 1455.707642 1899.906738 2429.477295 3033.086182 3722.353027 4525.938477 5434.036621 6421.407227 7486.257812 8640.155273 9745.449219 10701.339844 11315.028320 11420.877930 9773.471680 7580.547363
0.000000 0.000000 0.000000 0.000000 0.000000 0.000000 0.000000 0.000000 0.000000 0.000000 0.000000 0.000000 0.000000 0.000000 0.000000 0.000000 0.000000 0.000000 0.000000 0.000000 0.000000 0.380908 0.931750 2.297837 5.615664 12.615811 25.617775 49.548088 89.348076 150.815063 240.474274 364.069122 529.246887 736.635925 989.136719 1304.874878 1677.711548 2124.480469 2655.487793 3273.619141 4009.983643 4831.193359 5749.053711 6763.447266 7810.576660 8798.487305 9600.821289 10003.512695 8855.558594 7345.461914
