tests/test_03/output6/CloudLoad_010.00hrs.dat
NCOLS    50
NROWS    50
XLLCORNER    -2289770.000
YLLCORNER     2591270.000
CELLSIZE        2000.000       2000.000
NODATA_VALUE  0.000
[rows 0 to 45 of 50, columns 0 to 49 of 50]
373.659 411.852 461.451 518.766 584.036 657.741 740.798 834.244 939.615 1059.430 1197.154 1358.192 1547.444 1768.771 2026.337 2327.076 2679.102 3087.478 3560.147 4113.617 4767.539 5534.291 6415.652 7415.708 8553.112 9863.856 11374.977 13076.919 14954.392 17001.414 19201.010 21508.736 23725.211 25817.283 27336.277 28481.230 28733.258 28442.557 27555.656 25433.766 23008.602 19657.045 16510.244 13188.795 10508.537 7724.806 5300.018 3529.199 2084.489 355.340
214.125 239.107 271.385 308.265 349.987 397.361 451.623 514.384 587.839 675.316 780.176 906.669 1058.225 1238.544 1454.398 1714.377 2023.229 2385.017 2815.809 3337.989 3964.304 4690.169 5519.996 6488.910 7638.751 8983.804 10506.781 12206.030 14115.538 16255.612 18597.730 21039.043 23377.646 25677.166 27453.963 28777.109 29221.309 29069.186 28308.230 26304.504 24004.799 20695.121 17479.605 14038.628 11236.088 8314.878 5741.505 3839.752 2301.309 411.821
155.909 175.381 200.450 229.063 261.553 298.819 342.193 393.462 455.049 530.291 622.370 734.180 868.797 1031.297 1229.330 1469.484 1755.425 2095.260 2507.313 3010.342 3607.167 4292.871 5089.000 6037.784 7172.432 8499.852 10007.721 11704.589 13626.180 15800.757 18212.197 20730.436 23161.660 25569.982 27596.943 29138.283 29853.947 29887.406 29279.988 27440.967 25254.113 22020.188 18738.723 15157.074 12178.378 9078.044 6315.086 4232.938 2574.627 487.077
87.777 100.499 116.771 135.436 156.945 182.296 212.952 250.797 298.411 358.903 435.035 528.216 641.987 783.327 959.215 1173.390 1430.744 1744.197 2131.551 2605.873 3162.755 3802.487 4561.698 5488.921 6610.080 7918.154 9402.271 11086.180 13016.230 15224.075 17705.869 20343.986 22895.531 25408.574 27669.828 29450.865 30481.332 30722.027 30269.232 28596.760 26505.311 23347.029 20029.256 16375.187 13181.323 9895.338 6938.375 4654.821 2870.587 576.224
49.622 57.598 67.688 79.586 94.002 111.829 134.620 163.993 201.901 250.517 311.793 388.145 484.996 609.128 764.019 952.374 1182.501 1470.426 1830.159 2261.906 2766.350 3366.950 4102.730 5003.894 6090.892 7369.286 8838.161 10514.093 12439.894 14660.928 17184.445 19932.086 22633.035 25239.238 27716.152 29700.676 31074.154 31553.680 31258.111 29747.736 27756.768 24662.953 21310.256 17673.133 14240.996 10753.617 7618.902 5109.387 3193.264 680.809
20.700 24.721 30.407 37.882 47.569 59.977 76.031 97.562 126.241 162.985 209.829 271.833 354.216 459.331 590.836 754.198 957.662 1213.504 1531.525 1918.716 2388.316 2961.021 3662.888 4522.839 5570.367 6822.637 8279.416 9948.728 11865.750 14082.593 16627.078 19443.402 22316.100 25061.227 27694.828 29894.424 31584.947 32309.416 32196.268 30850.311 28967.793 25964.863 22570.805 19003.193 15347.182 11650.876 8350.130 5591.866 3534.482 801.706
8.310 10.042 12.718 16.758 22.654 30.950 42.575 58.215 78.471 105.419 142.909 194.307 261.903 349.048 460.362 599.960 774.691 996.273 1277.892 1631.398 2069.680 2609.204 3271.388 4084.916 5084.000 6298.511 7739.143 9405.051 11309.633 13503.979 16036.821 18894.584 21893.285 24785.797 27591.738 29990.125 31949.297 32909.410 33017.445 31879.863 30105.389 27217.186 23808.371 20329.188 16485.227 12584.230 9123.645 6102.605 3896.632 939.741
3.229 3.995 5.319 7.510 10.965 16.223 23.564 33.697 48.177 69.180 98.792 139.197 193.259 264.331 355.752 471.531 618.776 809.587 1059.331 1382.294 1789.723 2294.587 2914.947 3679.693 4625.616 5791.614 7201.439 8853.818 10746.559 12911.140 15414.765 18279.613 21373.348 24382.023 27285.244 29929.709 32130.428 33347.074 33646.539 32814.477 31144.863 28411.055 25003.496 21627.742 17634.039 13546.943 9928.342 6638.585 4278.874 1098.969
1.195 1.577 2.310 3.543 5.481 8.429 12.994 20.168 31.366 47.619 70.079 100.818 142.607 198.414 271.739 367.375 492.438 658.267 880.323 1173.520 1548.599 2016.085 2593.663 3310.355 4204.331 5312.718 6668.780 8284.584 10154.880 12291.397 14753.139 17596.848 20727.879 23847.541 26822.791 29678.455 32114.270 33574.250 34074.191 33585.574 32052.393 29516.502 26147.238 22882.295 18770.918 14536.363 10765.245 7197.518 4681.590 1274.443
0.423 0.657 1.066 1.700 2.770 4.689 7.992 13.453 21.589 33.128 49.433 72.218 103.407 146.092 204.640 284.639 393.057 539.251 735.499 996.008 1334.489 1763.947 2302.518 2975.086 3814.890 4859.004 6145.317 7700.792 9529.391 11631.628 14044.402 16842.451 19961.168 23154.895 26221.115 29181.055 31793.781 33638.359 34304.281 34093.824 32755.316 30501.426 27210.896 24068.879 19875.824 15540.363 11627.478 7777.048 5105.405 1473.116
0.000 0.289 0.504 0.832 1.488 2.941 5.527 9.112 14.182 21.991 33.681 50.044 72.734 105.292 153.065 221.822 317.052 445.485 616.722 843.561 1143.416 1534.708 2034.932 2664.502 3448.736 4424.227 5631.343 7108.757 8875.364 10927.426 13282.361 16015.496 19098.000 22295.357 25465.316 28512.883 31237.371 33355.340 34315.914 34331.504 33212.352 31321.848 28170.553 25154.311 20956.066 16550.686 12519.604 8376.942 5541.555 1684.036
0.000 0.000 0.232 0.452 0.926 1.976 3.446 5.493 8.625 13.642 21.483 33.177 50.353 76.163 115.540 174.193 257.128 368.694 516.415 712.820 975.562 1326.790 1785.880 2370.003 3097.742 4002.141 5126.699 6514.204 8198.544 10185.644 12475.524 15120.376 18140.090 21317.002 24522.703 27647.111 30511.635 32807.145 34052.688 34357.090 33465.004 31790.766 28974.654 26115.037 21997.693 17548.857 13427.499 9003.812 5995.450 1916.579
0.000 0.000 0.000 0.276 0.577 0.949 1.639 3.023 5.149 8.169 13.299 22.335 36.565 57.705 89.529 137.606 207.369 303.006 429.919 599.683 829.727 1141.020 1554.664 2087.714 2756.989 3589.115 4629.110 5923.343 7511.573 9415.653 11630.670 14175.579 17090.051 20225.590 23428.340 26579.004 29585.711 32035.133 33521.645 34070.125 33575.535 32015.336 29517.117 26957.502 22981.197 18521.717 14337.034 9662.411 6463.912 2168.709
0.000 0.000 0.000 0.000 0.221 0.450 0.862 1.642 3.115 5.433 9.009 15.529 27.172 45.091 70.998 108.824 164.292 243.647 353.330 501.859 702.754 974.589 1339.167 1816.882 2427.112 3190.772 4146.209 5343.668 6827.701 8628.499 10751.995 13197.063 15972.353 19016.217 22212.998 25347.682 28444.609 31060.547 32754.227 33531.094 33404.680 32069.084 29823.428 27506.025 23859.545 19455.145 15243.446 10342.996 6944.938 2438.195
0.000 0.000 0.000 0.000 0.000 0.000 0.402 0.839 1.799 3.621 6.424 10.999 19.589 34.266 55.569 85.244 128.135 191.984 285.335 415.535 591.103 825.924 1140.451 1560.058 2108.863 2808.162 3683.851 4782.632 6154.810 7836.647 9845.736 12182.315 14820.388 17719.381 20871.145 23987.965 27100.471 29869.643 31759.965 32764.350 33021.113 31897.951 29848.518 27824.447 24564.662 20304.996 16108.714 11042.271 7436.720 2735.421
0.000 0.000 0.000 0.000 0.000 0.000 0.229 0.512 1.104 2.362 4.762 8.403 14.270 24.719 41.398 64.933 98.694 149.886 227.202 338.397 489.542 690.502 959.487 1322.222 1807.441 2442.512 3246.024 4249.007 5502.103 7052.145 8927.907 11140.787 13644.473 16399.406 19409.557 22510.848 25583.975 28466.352 30528.469 31736.484 32316.896 31502.574 29680.559 27892.801 25029.791 21029.154 16927.518 11758.252 7929.974 3042.248
0.000 0.000 0.000 0.000 0.000 0.000 0.000 0.323 0.711 1.516 3.222 6.183 10.425 17.200 29.141 48.231 75.985 116.909 178.427 268.993 396.142 567.940 798.659 1110.990 1533.343 2096.227 2826.536 3742.647 4878.691 6289.942 8020.146 10089.591 12444.950 15060.829 17915.072 20901.068 23936.549 26844.229 29082.396 30427.342 31300.320 30902.717 29308.174 27733.486 25282.809 21540.193 17655.064 12464.550 8415.608 3373.710
0.000 0.000 0.000 0.000 0.000 0.000 0.000 0.000 0.398 0.834 1.827 3.987 7.276 11.934 19.951 34.629 57.905 90.952 138.330 208.391 311.673 458.096 657.866 926.772 1290.604 1779.718 2425.418 3253.040 4287.548 5564.288 7139.626 9050.871 11242.373 13699.630 16405.168 19231.158 22171.652 25022.393 27423.693 28893.115 29978.027 30042.299 28746.209 27389.502 25309.662 21868.084 18269.926 13162.330 8886.956 3717.112
0.000 0.000 0.000 0.000 0.000 0.000 0.000 0.000 0.217 0.494 1.088 2.256 4.581 8.499 14.518 24.652 41.996 68.447 105.747 159.916 241.475 362.387 533.327 765.436 1077.068 1496.137 2055.576 2787.089 3720.013 4880.907 6303.860 8042.550 10052.226 12337.370 14857.050 17536.566 20329.709 23088.268 25550.117 27188.221 28423.678 28876.365 27980.680 26843.992 25147.768 21958.000 18701.775 13830.184 9336.981 4069.056
0.000 0.000 0.000 0.000 0.000 0.000 0.000 0.000 0.000 0.324 0.645 1.303 2.751 5.760 10.512 17.527 28.993 48.623 78.873 122.380 186.021 281.342 421.688 619.984 888.462 1246.520 1723.537 2358.025 3184.515 4229.599 5515.510 7070.808 8892.185 10992.652 13303.617 15816.649 18453.883 21084.918 23503.428 25306.621 26692.756 27440.406 26992.396 26104.592 24800.387 21844.752 18921.629 14429.655 9765.271 4440.854
0.000 0.000 0.000 0.000 0.000 0.000 0.000 0.000 0.000 0.000 0.405 0.812 1.673 3.431 6.677 11.995 19.950 33.234 55.912 91.669 143.375 217.416 327.160 488.241 716.736 1025.272 1433.553 1973.559 2687.418 3610.934 4764.127 6152.372 7776.788 9679.452 11783.161 14099.905 16559.994 19046.773 21374.404 23244.373 24811.018 25779.863 25768.996 25129.883 24263.227 21589.512 18944.400 14973.087 10166.023 4810.770
0.000 0.000 0.000 0.000 0.000 0.000 0.000 0.000 0.000 0.000 0.000 0.431 0.912 1.845 3.753 7.400 13.499 23.116 38.725 65.027 106.336 166.601 252.736 377.316 558.961 817.392 1172.061 1638.514 2244.670 3035.488 4046.390 5281.870 6724.289 8404.679 10295.459 12417.317 14656.118 16996.621 19243.510 21093.850 22765.373 23937.498 24315.090 23969.758 23451.658 21245.361 18785.420 15324.553 10521.228 5190.514
0.000 0.000 0.000 0.000 0.000 0.000 0.000 0.000 0.000 0.000 0.000 0.000 0.465 0.979 2.028 4.241 8.504 15.604 26.556 44.458 74.322 121.865 191.728 290.815 432.129 635.461 925.154 1325.646 1851.105 2521.403 3377.417 4445.477 5724.854 7205.274 8878.352 10769.690 12821.392 14961.832 17032.006 18938.723 20627.391 21924.133 22658.078 22676.139 22412.564 20768.490 18496.254 15525.812 10830.503 5572.438
0.000 0.000 0.000 0.000 0.000 0.000 0.000 0.000 0.000 0.000 0.000 0.000 0.000 0.465 1.112 2.358 4.780 9.435 17.691 30.629 50.855 83.732 136.524 216.036 329.398 489.343 717.641 1041.089 1481.975 2058.643 2784.712 3679.994 4784.053 6081.843 7565.743 9237.655 11085.691 13020.801 14892.631 16752.018 18474.600 19830.656 20857.391 21189.938 21202.473 20108.240 18071.684 15525.241 11059.355 5932.146
0.000 0.000 0.000 0.000 0.000 0.000 0.000 0.000 0.000 0.000 0.000 0.000 0.000 0.000 0.427 1.069 2.375 4.901 10.123 19.561 34.832 57.971 93.581 150.353 238.982 369.411 551.594 804.203 1153.621 1628.531 2246.169 3008.672 3933.595 5039.402 6347.539 7829.572 9436.818 11163.043 12865.969 14631.219 16300.838 17739.691 18918.602 19602.736 19858.314 19250.885 17536.799 15378.220 11222.096 6281.217
0.000 0.000 0.000 0.000 0.000 0.000 0.000 0.000 0.000 0.000 0.000 0.000 0.000 0.000 0.000 0.390 0.956 2.415 5.454 10.790 20.700 37.368 63.429 103.426 165.590 262.362 406.713 610.935 885.845 1254.880 1755.501 2400.437 3191.879 4125.156 5233.772 6538.015 7943.300 9430.973 10991.904 12617.103 14214.596 15702.687 16952.621 17912.027 18429.584 18249.156 16878.014 15098.982 11290.534 6604.122
0.000 0.000 0.000 0.000 0.000 0.000 0.000 0.000 0.000 0.000 0.000 0.000 0.000 0.000 0.000 0.000 0.373 0.915 2.278 5.526 10.932 20.587 38.661 68.617 113.597 180.690 282.458 436.344 657.468 958.143 1352.835 1862.299 2518.209 3318.857 4264.700 5358.276 6580.995 7890.770 9283.428 10764.161 12236.094 13708.718 15037.243 16157.715 16910.621 17090.545 16114.952 14704.529 11294.140 6903.570
0.000 0.000 0.000 0.000 0.000 0.000 0.000 0.000 0.000 0.000 0.000 0.000 0.000 0.000 0.000 0.000 0.000 0.360 0.888 2.165 5.361 11.688 22.071 40.007 70.664 119.434 193.683 304.188 466.155 699.795 1019.947 1433.210 1951.782 2605.000 3415.273 4325.618 5344.875 6475.644 7742.885 9037.741 10359.302 11778.795 13138.046 14359.497 15278.211 15772.032 15246.150 14214.900 11188.912 7174.128
0.000 0.000 0.000 0.000 0.000 0.000 0.000 0.000 0.000 0.000 0.000 0.000 0.000 0.000 0.000 0.000 0.000 0.000 0.356 0.896 2.214 5.367 11.905 23.044 41.373 72.594 124.418 206.546 328.514 499.715 736.742 1062.061 1486.253 2010.751 2650.613 3402.012 4262.344 5216.281 6266.550 7412.854 8612.458 9906.692 11226.229 12497.288 13528.328 14277.775 14185.794 13546.396 10936.052 7420.033
0.000 0.000 0.000 0.000 0.000 0.000 0.000 0.000 0.000 0.000 0.000 0.000 0.000 0.000 0.000 0.000 0.000 0.000 0.000 0.356 0.899 2.214 5.160 11.311 23.018 43.460 77.491 132.317 217.289 345.478 528.340 771.832 1091.207 1510.835 2012.761 2592.412 3283.259 4062.605 4931.889 5910.945 6979.537 8111.928 9330.498 10590.465 11678.917 12586.521 12854.662 12617.434 10473.122 7582.703
0.000 0.000 0.000 0.000 0.000 0.000 0.000 0.000 0.000 0.000 0.000 0.000 0.000 0.000 0.000 0.000 0.000 0.000 0.000 0.000 0.362 0.904 2.236 5.454 12.189 24.310 45.765 82.492 142.773 232.687 361.210 542.494 784.678 1087.128 1455.706 1899.906 2429.476 3033.085 3722.352 4525.937 5434.035 6421.406 7486.257 8640.155 9745.449 10701.341 11315.030 11420.881 9773.475 7580.551
0.000 0.000 0.000 0.000 0.000 0.000 0.000 0.000 0.000 0.000 0.000 0.000 0.000 0.000 0.000 0.000 0.000 0.000 0.000 0.000 0.000 0.381 0.932 2.298 5.616 12.616 25.618 49.548 89.348 150.815 240.474 364.069 529.246 736.635 989.136 1304.874 1677.711 2124.479 2655.487 3273.618 4009.983 4831.193 5749.053 6763.447 7810.577 8798.488 9600.822 10003.515 8855.562 7345.465
0.000 0.000 0.000 0.000 0.000 0.000 0.000 0.000 0.000 0.000 0.000 0.000 0.000 0.000 0.000 0.000 0.000 0.000 0.000 0.000 0.000 0.000 0.429 1.026 2.472 5.909 13.438 27.771 52.444 90.977 146.311 222.580 322.638 447.270 603.504 801.740 1047.578 1350.273 1723.208 2177.865 2736.680 3398.119 4142.350 4990.635 5906.413 6901.004 7751.418 8386.311 7771.721 6859.355
0.000 0.000 0.000 0.000 0.000 0.000 0.000 0.000 0.000 0.000 0.000 0.000 0.000 0.000 0.000 0.000 0.000 0.000 0.000 0.000 0.000 0.000 0.241 0.560 1.303 3.008 6.794 14.075 26.892 46.260 74.311 112.846 163.716 228.406 311.163 420.089 563.131 752.419 994.856 1305.669 1699.379 2185.851 2758.113 3412.794 4170.948 5055.175 5917.585 6669.852 6570.343 6146.736
0.000 0.000 0.000 0.000 0.000 0.000 0.000 0.000 0.000 0.000 0.000 0.000 0.000 0.000 0.000 0.000 0.000 0.000 0.000 0.000 0.000 0.000 0.000 0.355 0.799 1.687 3.513 7.031 12.852 21.806 34.756 52.875 78.356 113.021 160.206 223.108 306.500 415.719 559.194 750.793 1002.419 1323.659 1728.924 2204.626 2766.875 3456.458 4235.692 4978.210 5255.006 5310.941
0.000 0.000 0.000 0.000 0.000 0.000 0.000 0.000 0.000 0.000 0.000 0.000 0.000 0.000 0.000 0.000 0.000 0.000 0.000 0.000 0.000 0.000 0.000 0.247 0.534 1.077 2.067 3.840 6.838 11.509 18.401 28.161 41.909 61.810 89.575 128.671 181.632 250.007 341.495 465.411 625.924 830.696 1095.930 1416.964 1803.755 2289.463 2857.708 3522.707 3995.525 4406.025
0.000 0.000 0.000 0.000 0.000 0.000 0.000 0.000 0.000 0.000 0.000 0.000 0.000 0.000 0.000 0.000 0.000 0.000 0.000 0.000 0.000 0.000 0.000 0.000 0.369 0.720 1.339 2.392 4.098 6.797 10.946 17.036 25.831 38.493 56.003 80.670 113.994 157.677 218.394 299.804 402.539 535.841 711.522 935.641 1208.718 1545.540 1943.877 2455.731 2887.331 3472.775
0.000 0.000 0.000 0.000 0.000 0.000 0.000 0.000 0.000 0.000 0.000 0.000 0.000 0.000 0.000 0.000 0.000 0.000 0.000 0.000 0.000 0.000 0.000 0.000 0.257 0.498 0.910 1.617 2.775 4.542 7.209 11.217 17.160 25.734 37.694 54.055 75.858 106.052 148.755 206.125 279.376 372.479 495.572 653.175 837.041 1065.609 1340.486 1705.642 2025.205 2605.066
0.000 0.000 0.000 0.000 0.000 0.000 0.000 0.000 0.000 0.000 0.000 0.000 0.000 0.000 0.000 0.000 0.000 0.000 0.000 0.000 0.000 0.000 0.000 0.000 0.000 0.353 0.643 1.128 1.954 3.255 5.210 8.196 12.503 18.782 27.525 39.299 54.909 76.339 105.489 144.299 194.931 261.315 349.004 457.034 588.381 751.230 942.028 1197.003 1417.714 1899.099
0.000 0.000 0.000 0.000 0.000 0.000 0.000 0.000 0.000 0.000 0.000 0.000 0.000 0.000 0.000 0.000 0.000 0.000 0.000 0.000 0.000 0.000 0.000 0.000 0.000 0.263 0.490 0.852 1.495 2.480 3.965 6.214 9.468 14.110 20.627 29.258 40.583 55.694 75.109 101.764 137.852 185.535 245.675 322.717 418.749 533.968 660.174 829.995 981.045 1333.410
0.000 0.000 0.000 0.000 0.000 0.000 0.000 0.000 0.000 0.000 0.000 0.000 0.000 0.000 0.000 0.000 0.000 0.000 0.000 0.000 0.000 0.000 0.000 0.000 0.000 0.208 0.391 0.684 1.164 1.909 3.054 4.740 7.200 10.643 15.364 21.682 30.074 40.852 54.705 73.652 99.047 130.785 168.341 219.792 286.321 368.748 459.318 579.305 684.014 927.172
0.000 0.000 0.000 0.000 0.000 0.000 0.000 0.000 0.000 0.000 0.000 0.000 0.000 0.000 0.000 0.000 0.000 0.000 0.000 0.000 0.000 0.000 0.000 0.000 0.000 0.000 0.313 0.554 0.915 1.472 2.306 3.585 5.455 8.001 11.455 16.000 21.812 29.422 39.283 52.309 68.845 89.646 114.741 148.410 192.700 248.845 312.127 395.235 467.207 628.898
0.000 0.000 0.000 0.000 0.000 0.000 0.000 0.000 0.000 0.000 0.000 0.000 0.000 0.000 0.000 0.000 0.000 0.000 0.000 0.000 0.000 0.000 0.000 0.000 0.000 0.000 0.249 0.440 0.729 1.160 1.782 2.682 3.938 5.682 8.069 11.291 15.497 21.032 28.255 37.116 47.809 61.573 78.177 99.585 126.802 162.713 204.598 257.845 305.077 412.270
0.000 0.000 0.000 0.000 0.000 0.000 0.000 0.000 0.000 0.000 0.000 0.000 0.000 0.000 0.000 0.000 0.000 0.000 0.000 0.000 0.000 0.000 0.000 0.000 0.000 0.000 0.202 0.346 0.560 0.872 1.333 1.962 2.839 4.096 5.815 8.060 10.950 14.667 19.412 25.156 32.083 41.080 51.890 64.784 81.502 104.144 131.144 165.382 196.313 262.508
0.000 0.000 0.000 0.000 0.000 0.000 0.000 0.000 0.000 0.000 0.000 0.000 0.000 0.000 0.000 0.000 0.000 0.000 0.000 0.000 0.000 0.000 0.000 0.000 0.000 0.000 0.000 0.262 0.426 0.666 0.983 1.407 2.021 2.890 4.046 5.555 7.529 10.084 13.284 17.167 21.545 26.476 32.388 39.657 48.783 60.675 75.182 92.173 108.211 144.734
0.000 0.000 0.000 0.000 0.000 0.000 0.000 0.000 0.000 0.000 0.000 0.000 0.000 0.000 0.000 0.000 0.000 0.000 0.000 0.000 0.000 0.000 0.000 0.000 0.000 0.000 0.000 0.206 0.329 0.493 0.714 1.013 1.402 1.908 2.600 3.509 4.682 6.154 7.926 9.992 12.354 15.087 18.656 22.980 28.085 34.666 42.659 52.040 62.489 87.441
