tests/test_03/output6/CloudConcentration_005.00hrs.dat
NCOLS    50
NROWS    50
XLLCORNER    -2289770.000
YLLCORNER     2591270.000
CELLSIZE        2000.000       2000.000
NODATA_VALUE  0.000
[rows 0 to 29 of 50, columns 0 to 49 of 50]
0.000000 0.000000 0.000000 0.000000 0.000000 0.000000 0.000000 0.186686 1.168522 6.763681 36.662102 182.918793 915.379944 4757.418945 10621.811523 17468.609375 24713.316406 31218.888672 37318.175781 41184.398438 42895.703125 43266.515625 43968.031250 48982.875000 53134.625000 54669.304688 54455.906250 51511.839844 48209.746094 51014.507812 52373.269531 48288.507812 42427.828125 33016.371094 26721.767578 20222.671875 13331.142578 6034.991211 2345.158447 507.622253 64.170052 9.704255 1.525876 0.242378 0.000000 0.000000 0.000000 0.000000 0.000000 0.000000
0.000000 0.000000 0.000000 0.000000 0.000000 0.000000 0.172508 1.103209 6.578784 37.284630 199.623444 1115.308350 5269.488281 11246.801758 17858.966797 25536.267578 33522.492188 41169.890625 46470.628906 50018.121094 51034.480469 50583.750000 49898.199219 48596.621094 53202.781250 57740.402344 60649.132812 60763.238281 57706.851562 54217.117188 59614.031250 61716.777344 56786.832031 48913.320312 39730.796875 33273.925781 25834.984375 16790.025391 6686.855957 2425.495361 475.427551 64.192879 9.631377 1.512692 0.235033 0.000000 0.000000 0.000000 0.000000 0.000000
0.000000 0.000000 0.000000 0.000000 0.000000 0.177932 1.149112 7.115041 42.120823 244.258194 1529.252930 6840.212402 14072.660156 21268.808594 28152.621094 34552.597656 43426.121094 50281.183594 53899.734375 55248.164062 55778.773438 56046.101562 54982.242188 53245.304688 51937.117188 55689.125000 60572.390625 63227.644531 65965.914062 64893.230469 61872.496094 68034.453125 71473.218750 68292.062500 57700.117188 47963.367188 41429.679688 32061.787109 19684.259766 7728.248047 2672.138672 446.202484 63.560810 9.525963 1.475573 0.223527 0.000000 0.000000 0.000000 0.000000
0.000000 0.000000 0.000000 0.000000 0.187696 1.193699 7.499087 46.453720 288.869446 1915.618896 8262.304688 16882.654297 25537.500000 33406.457031 40549.722656 45960.558594 48655.609375 51097.039062 53321.718750 54265.945312 54581.753906 54380.718750 54204.945312 53636.035156 52172.628906 50605.628906 54453.078125 60627.968750 64417.847656 67466.250000 67618.859375 66480.203125 74063.125000 80081.015625 78077.062500 65650.992188 58534.707031 49599.359375 37941.785156 22953.697266 9152.332031 2692.415039 441.992767 61.448524 9.233552 1.415403 0.211649 0.000000 0.000000 0.000000
0.000000 0.000000 0.000000 0.200477 1.250082 7.816167 49.538017 326.957611 2253.503174 9218.613281 18703.484375 28275.871094 37717.707031 46057.480469 51482.460938 52866.550781 52347.359375 50292.070312 46874.683594 45534.718750 45695.964844 46536.863281 47444.542969 47531.070312 47788.187500 47419.441406 46238.210938 48807.203125 57744.218750 63905.273438 67257.625000 67770.375000 69748.382812 80192.898438 85800.882812 84149.273438 73078.609375 69396.781250 57242.105469 42341.863281 24935.437500 10011.331055 2809.213379 426.024231 58.659370 8.840330 1.352410 0.203125 0.000000 0.000000
0.000000 0.000000 0.207476 1.290865 8.053429 51.723721 355.306854 2405.254150 9323.817383 19091.496094 29303.777344 39775.699219 48652.421875 53727.335938 55324.464844 54602.660156 51074.007812 45694.414062 40815.460938 36733.117188 33583.488281 31886.845703 33319.398438 35038.140625 36789.093750 38127.296875 39498.566406 39858.105469 40340.492188 50453.570312 59035.214844 64758.937500 66422.320312 73560.929688 84130.242188 90147.015625 88388.484375 81887.414062 78530.968750 62487.496094 45447.164062 25542.408203 10915.734375 2846.447510 391.516754 55.098145 8.393021 1.300927 0.197547 0.000000
0.000000 0.205590 1.292401 8.136590 52.956352 372.775299 2394.823975 8879.405273 17961.806641 28047.623047 38607.843750 48049.445312 52851.312500 54756.609375 53590.179688 47709.554688 40624.562500 34697.527344 30467.283203 27565.359375 25017.306641 22847.376953 21218.187500 21377.640625 23314.265625 25730.107422 27980.179688 29879.662109 30527.542969 31952.968750 40982.214844 50797.703125 58555.324219 62090.332031 75717.742188 86242.640625 90579.039062 89836.890625 91944.468750 83105.132812 65937.765625 45597.589844 25864.507812 11531.089844 2728.499756 348.504211 50.984894 7.949292 1.255338 0.217437
0.202227 1.257305 8.037870 53.375458 378.417664 2291.831299 8074.806641 16243.406250 25435.763672 35080.394531 43769.640625 50229.796875 51734.406250 49191.832031 40795.609375 32145.564453 25529.394531 21510.052734 19111.074219 17409.109375 15865.976562 14707.800781 13897.913086 13157.125000 12556.941406 13731.874023 15850.901367 18216.250000 20359.220703 22400.593750 24044.705078 32847.949219 42480.644531 50288.242188 55524.679688 75007.421875 87502.726562 89669.929688 93072.664062 98591.492188 85386.507812 65725.914062 44184.023438 24881.083984 11673.037109 2416.790771 304.232239 46.382298 7.466292 1.372171
1.288204 7.904316 52.861885 369.949799 2110.441162 7125.817871 14215.872070 22184.931641 30474.236328 38131.828125 44888.375000 45519.761719 41608.222656 32075.628906 22551.859375 15566.106445 11971.348633 10368.362305 9364.951172 8500.427734 7861.550293 7483.791016 7255.139648 7024.530762 6910.527344 6857.538086 6665.263672 8282.818359 10669.083008 12991.450195 15279.230469 16909.019531 25082.501953 33955.046875 40920.757812 49143.296875 70529.304688 83364.273438 88795.546875 98978.554688 100871.156250 83696.195312 62885.546875 41791.937500 25861.822266 11024.430664 1966.778687 255.069061 40.900265 7.932146
8.387934 52.174267 352.607941 1893.883911 6168.684082 12097.298828 18720.371094 25629.251953 32446.263672 37966.902344 37521.144531 33112.304688 23704.048828 14378.141602 7777.667480 5311.612305 4394.273926 3887.660156 3474.326416 3125.173096 2911.210449 2806.156494 2762.522217 2762.033447 2841.404785 2879.239990 3050.154053 3123.266846 3780.691650 5479.745605 7371.827637 9265.031250 10934.257812 18007.486328 25861.615234 30978.478516 46358.273438 65164.355469 76326.562500 94564.039062 102342.414062 97732.171875 79980.492188 58887.812500 41495.101562 25141.960938 9479.000000 1439.610962 208.673447 41.271324
51.954342 326.599792 1661.266357 5241.360840 10055.953125 15467.506836 21105.156250 27000.812500 30584.435547 29880.531250 25717.804688 16793.091797 8450.402344 3392.154297 2083.369873 1603.061646 1361.010010 1193.656250 1042.192871 927.191101 868.030090 839.097534 831.946716 845.079468 882.369263 950.659424 1053.009277 1212.522095 1358.463867 1625.362549 2456.635498 3507.556885 4855.546875 6703.817383 12282.371094 18737.269531 25787.328125 43931.507812 58555.937500 78432.906250 98620.132812 100118.257812 91597.632812 74538.328125 58722.886719 40421.433594 21955.865234 7124.273926 1005.768738 199.158401
295.606720 1415.313599 4345.982910 8221.965820 12532.397461 17028.660156 22034.875000 23941.878906 23273.771484 19435.310547 11686.497070 4909.687012 1509.108276 766.841980 523.470093 410.410492 347.673370 298.525299 255.387009 225.090454 211.391098 205.877197 206.702026 212.138336 227.151825 256.091125 303.984192 371.854828 453.536163 526.487793 696.564575 1105.739502 1691.990234 2393.300293 4582.998047 8611.011719 13325.162109 25897.193359 41277.863281 56688.289062 83986.625000 96837.937500 95147.273438 88392.265625 76057.101562 55809.500000 35178.339844 17448.724609 4774.593750 864.951843
1190.339844 3514.279541 6598.666016 10007.720703 13614.818359 17481.285156 18570.917969 17972.720703 14658.670898 8284.699219 2992.765869 728.467529 282.397797 159.412796 110.018127 85.726700 71.432686 59.849995 50.137611 43.348755 41.545483 41.572556 42.303719 44.472107 48.839119 57.516068 74.320778 97.394646 124.876244 164.020355 197.652145 349.922272 611.256226 933.270874 1920.794434 3960.736084 6746.288086 14474.660156 26364.933594 37796.265625 65179.875000 83976.070312 93071.695312 95295.570312 90322.468750 70738.398438 48831.812500 27778.865234 12389.812500 3699.687012
2832.183838 5212.783203 7834.301758 10724.677734 13713.248047 14337.554688 13819.554688 11092.858398 6018.559570 1919.395142 401.135834 116.914627 49.254749 27.641460 18.512047 13.994349 11.373834 9.386017 7.781643 6.888820 6.784192 6.855276 7.167314 7.749642 8.913579 11.632945 15.367976 21.391893 31.833836 44.343777 60.718552 121.984314 236.767944 400.878693 959.392273 2131.889404 3723.780273 8501.673828 16185.285156 26036.496094 48420.863281 69145.656250 83021.695312 96811.320312 95924.007812 83440.812500 60979.691406 38434.582031 20661.462891 9953.904297
4141.359863 6082.825195 8343.407227 10605.638672 11015.864258 10612.923828 8476.023438 4517.318359 1339.897949 258.976501 61.255413 18.159115 7.266259 3.826702 2.438781 1.773837 1.423043 1.198579 1.047316 0.956651 0.953669 0.980169 1.061053 1.214379 1.560708 1.992519 2.752584 4.199642 6.809777 12.015433 20.761116 45.693485 102.867142 192.945953 537.411987 1278.206421 2559.654785 5791.189941 10803.193359 19245.408203 36324.765625 55674.613281 70798.015625 93549.726562 96967.195312 90990.812500 70768.296875 48331.605469 29081.349609 17708.093750
4817.876953 6422.468262 8149.658691 8438.150391 8143.043945 6533.147949 3475.170898 1014.493774 195.368332 43.872570 9.734369 2.553012 0.892519 0.425638 0.260363 0.000000 0.000000 0.000000 0.000000 0.000000 0.000000 0.000000 0.000000 0.000000 0.229206 0.305303 0.457020 0.777463 1.482490 3.249467 6.988060 17.489643 48.217537 99.849777 327.292694 803.476257 1875.426270 4366.859863 7981.335938 15647.600586 29020.031250 45229.468750 61428.390625 85795.757812 95086.992188 91306.203125 77322.375000 57327.507812 39602.492188 26697.429688
5045.378418 6193.679688 6422.410645 6217.760742 5049.925781 2689.430420 776.597412 151.734619 36.964993 8.381568 1.609471 0.333414 0.000000 0.000000 0.000000 0.000000 0.000000 0.000000 0.000000 0.000000 0.000000 0.000000 0.000000 0.000000 0.000000 0.000000 0.000000 0.000000 0.330673 0.848213 2.362461 6.538141 21.635153 54.171314 198.504196 502.561981 1315.506714 3263.177734 6063.742188 13113.388672 24315.591797 37394.019531 55127.675781 78469.757812 91163.218750 89615.335938 79196.109375 65192.980469 50076.183594 36024.167969
4737.069824 4846.819336 4711.044434 3880.735840 2068.320557 583.455566 112.511040 29.162708 7.827687 1.728080 0.285162 0.000000 0.000000 0.000000 0.000000 0.000000 0.000000 0.000000 0.000000 0.000000 0.000000 0.000000 0.000000 0.000000 0.000000 0.000000 0.000000 0.000000 0.000000 0.211029 0.703521 2.193527 7.866035 25.493664 96.143021 289.865479 860.090942 2292.706055 4559.389648 10800.830078 20294.705078 31576.203125 50656.679688 71746.687500 85251.789062 85949.500000 79860.632812 73736.500000 59315.675781 44242.417969
3592.013672 3507.929443 2959.577393 1596.837524 449.967682 82.736626 20.920769 6.058376 1.693660 0.365656 0.000000 0.000000 0.000000 0.000000 0.000000 0.000000 0.000000 0.000000 0.000000 0.000000 0.000000 0.000000 0.000000 0.000000 0.000000 0.000000 0.000000 0.000000 0.000000 0.000000 0.151718 0.625648 2.435719 9.091133 40.527317 145.389023 552.265564 1549.582764 3724.701416 8903.647461 16859.238281 27584.181641 47556.550781 66516.671875 79152.023438 81992.273438 81365.218750 80150.492188 65656.593750 50803.429688
2531.307129 2190.680664 1207.827759 351.972748 60.489594 14.265414 3.911315 1.122061 0.298204 0.000000 0.000000 0.000000 0.000000 0.000000 0.000000 0.000000 0.000000 0.000000 0.000000 0.000000 0.000000 0.000000 0.000000 0.000000 0.000000 0.000000 0.000000 0.000000 0.000000 0.000000 0.000000 0.183496 0.869289 4.566480 21.473242 82.914764 389.014954 1089.215942 3175.115723 7601.680176 14236.916992 26362.130859 44508.320312 62135.691406 73429.093750 77595.929688 84734.804688 83723.765625 69215.289062 55159.812500
1575.692139 892.057068 264.860138 41.978706 8.943299 2.300164 0.629377 0.000000 0.000000 0.000000 0.000000 0.000000 0.000000 0.000000 0.000000 0.000000 0.000000 0.000000 0.000000 0.000000 0.000000 0.000000 0.000000 0.000000 0.000000 0.000000 0.000000 0.000000 0.000000 0.000000 0.000000 0.097787 0.497061 2.536174 12.143966 62.796322 303.739258 855.810974 2764.239014 6574.727539 12542.250000 25638.421875 42027.179688 57526.761719 68269.500000 80718.476562 87122.914062 84461.968750 71144.117188 56388.988281
690.693420 220.505386 30.368101 5.323528 1.220474 0.311801 0.000000 0.000000 0.000000 0.000000 0.000000 0.000000 0.000000 0.000000 0.000000 0.000000 0.000000 0.000000 0.000000 0.000000 0.000000 0.000000 0.000000 0.000000 0.000000 0.000000 0.000000 0.000000 0.000000 0.000000 0.000000 0.000000 0.305549 1.715686 9.272072 47.370701 226.550690 742.395203 2415.712158 5700.367188 12280.622070 25522.541016 40555.437500 53656.218750 65570.703125 82636.570312 87369.218750 84528.226562 69391.882812 56237.167969
189.934311 32.668892 3.827614 0.640426 0.000000 0.000000 0.000000 0.000000 0.000000 0.000000 0.000000 0.000000 0.000000 0.000000 0.000000 0.000000 0.000000 0.000000 0.000000 0.000000 0.000000 0.000000 0.000000 0.000000 0.000000 0.000000 0.000000 0.000000 0.000000 0.000000 0.000000 0.000000 0.244024 1.358386 6.954540 33.481373 150.054916 634.014648 2107.041992 4955.528809 12483.592773 25091.537109 38935.820312 50884.339844 69825.210938 83786.914062 86821.507812 81362.945312 66622.210938 54914.742188
32.053181 4.166221 0.441105 0.000000 0.000000 0.000000 0.000000 0.000000 0.000000 0.000000 0.000000 0.000000 0.000000 0.000000 0.000000 0.000000 0.000000 0.000000 0.000000 0.000000 0.000000 0.000000 0.000000 0.000000 0.000000 0.000000 0.000000 0.000000 0.000000 0.000000 0.000000 0.000000 0.189425 1.038331 5.376041 29.316883 139.358368 573.637939 1825.538452 4786.829590 12845.480469 24799.917969 37138.082031 52409.703125 74099.664062 83507.343750 85295.867188 77177.992188 64026.207031 59740.625000
2.689350 0.318586 0.000000 0.000000 0.000000 0.000000 0.000000 0.000000 0.000000 0.000000 0.000000 0.000000 0.000000 0.000000 0.000000 0.000000 0.000000 0.000000 0.000000 0.000000 0.000000 0.000000 0.000000 0.000000 0.000000 0.000000 0.000000 0.000000 0.000000 0.000000 0.000000 0.000000 0.141614 0.840127 5.233827 28.140100 137.092941 550.647217 1653.184204 5126.526367 13026.572266 23865.761719 35396.859375 57613.644531 76530.210938 83694.007812 82128.132812 73419.132812 69379.742188 62552.613281
0.000000 0.000000 0.000000 0.000000 0.000000 0.000000 0.000000 0.000000 0.000000 0.000000 0.000000 0.000000 0.000000 0.000000 0.000000 0.000000 0.000000 0.000000 0.000000 0.000000 0.000000 0.000000 0.000000 0.000000 0.000000 0.000000 0.000000 0.000000 0.000000 0.000000 0.000000 0.000000 0.134254 0.908308 5.304749 28.125788 132.694397 522.205322 1815.239746 5702.074707 13261.783203 22793.320312 39861.957031 61531.445312 77746.125000 81687.187500 79158.164062 76593.921875 72826.898438 60974.300781
0.000000 0.000000 0.000000 0.000000 0.000000 0.000000 0.000000 0.000000 0.000000 0.000000 0.000000 0.000000 0.000000 0.000000 0.000000 0.000000 0.000000 0.000000 0.000000 0.000000 0.000000 0.000000 0.000000 0.000000 0.000000 0.000000 0.000000 0.000000 0.000000 0.000000 0.000000 0.000000 0.151952 1.000929 5.505191 26.933317 125.389320 553.622620 2060.589111 5923.683105 13073.650391 25012.166016 44792.699219 63796.964844 76602.250000 79518.359375 81454.359375 83237.148438 71846.570312 58492.984375
0.000000 0.000000 0.000000 0.000000 0.000000 0.000000 0.000000 0.000000 0.000000 0.000000 0.000000 0.000000 0.000000 0.000000 0.000000 0.000000 0.000000 0.000000 0.000000 0.000000 0.000000 0.000000 0.000000 0.000000 0.000000 0.000000 0.000000 0.000000 0.000000 0.000000 0.000000 0.000000 0.197232 1.104082 5.752711 30.196873 145.299576 625.018799 2168.473633 6263.470215 13489.367188 29707.322266 48910.562500 65629.640625 73637.437500 83041.453125 88701.914062 85458.062500 69002.515625 53168.316406
0.000000 0.000000 0.000000 0.000000 0.000000 0.000000 0.000000 0.000000 0.000000 0.000000 0.000000 0.000000 0.000000 0.000000 0.000000 0.000000 0.000000 0.000000 0.000000 0.000000 0.000000 0.000000 0.000000 0.000000 0.000000 0.000000 0.000000 0.000000 0.000000 0.000000 0.000000 0.000000 0.324558 1.702726 8.273361 38.106960 164.597076 668.861023 2305.879395 6250.660645 16997.193359 33688.621094 51428.847656 64374.683594 78362.500000 90582.554688 91377.195312 82184.437500 62741.589844 46979.132812
0.000000 0.000000 0.000000 0.000000 0.000000 0.000000 0.000000 0.000000 0.000000 0.000000 0.000000 0.000000 0.000000 0.000000 0.000000 0.000000 0.000000 0.000000 0.000000 0.000000 0.000000 0.000000 0.000000 0.000000 0.000000 0.000000 0.000000 0.000000 0.000000 0.000000 0.000000 0.000000 0.525371 2.519844 11.370381 48.230968 194.979004 722.397156 2381.305664 8013.384277 20731.521484 36647.464844 51017.687500 68203.218750 88053.890625 93484.296875 91497.164062 74245.140625 56322.617188 45801.402344
