tests/test_03/output6/CloudConcentration_010.00hrs.dat
NCOLS    50
NROWS    50
XLLCORNER    -2289770.000
YLLCORNER     2591270.000
CELLSIZE        2000.000       2000.000
NODATA_VALUE  0.000
[rows 0 to 32 of 50, columns 0 to 49 of 50]
373.657867 411.849945 461.448059 518.762024 584.030396 657.732544 740.785522 834.223816 939.583313 1059.377930 1197.067871 1358.046997 1547.180420 1768.277466 2025.439209 2325.402100 2675.848389 3081.599854 3550.262451 4097.087891 4739.217285 5486.209961 6337.437500 7292.426270 8359.702148 9559.744141 10900.090820 12349.045898 13860.890625 15377.833984 16795.632812 17946.044922 18482.394531 18295.785156 17492.062500 16048.388672 14435.324219 13284.211914 13272.264648 12005.824219 10437.839844 8552.547852 7607.189941 6616.012207 5182.994141 3484.394775 2713.722656 1961.207275 1035.537598 210.817093
214.125397 239.106583 271.384796 308.265259 349.987030 397.360352 451.622314 514.383240 587.837158 675.312500 780.168152 906.650513 1058.182495 1238.448242 1454.178223 1713.854980 2021.897339 2382.341797 2810.928711 3328.522461 3945.735840 4657.423340 5466.175293 6400.889648 7491.943359 8739.246094 10112.273438 11592.637695 13177.686523 14820.168945 16397.453125 17687.312500 18335.763672 18303.806641 17634.937500 16259.284180 14687.590820 13561.473633 13603.576172 12405.746094 10880.717773 8988.302734 8036.559570 7021.342285 5528.862793 3747.613281 2936.001221 2129.759033 1137.720337 244.876328
155.909515 175.380737 200.449554 229.062561 261.553101 298.818726 342.192627 393.461853 455.048218 530.289429 622.366577 734.170715 868.774536 1031.243042 1229.199219 1469.156494 1754.545044 2093.423828 2503.708252 3002.793701 3591.739014 4265.846680 5044.254883 5962.231445 7041.903320 8277.690430 9645.636719 11135.536133 12743.036133 14426.382812 16077.663086 17454.017578 18206.605469 18279.453125 17785.888672 16515.001953 15011.323242 13923.948242 14034.454102 12919.546875 11439.583008 9541.755859 8586.494141 7552.627441 5980.056641 4091.132080 3222.047607 2343.652100 1263.227539 289.765686
87.777016 100.499390 116.771400 135.436508 156.945374 182.296021 212.951691 250.796844 298.410858 358.902496 435.033722 528.210693 641.974304 783.292053 959.127014 1173.166504 1430.187378 1742.969360 2128.980469 2600.064941 3150.872070 3781.889160 4526.593262 5426.457520 6497.369629 7721.691406 9077.284180 10566.592773 12192.730469 13916.524414 15645.066406 17149.775391 18028.349609 18196.992188 17872.613281 16729.876953 15327.680664 14294.579102 14472.390625 13437.063477 11996.066406 10089.155273 9142.082031 8136.838379 6458.481445 4460.141602 3534.589600 2573.741211 1397.562988 343.196411
49.622063 57.597630 67.688492 79.586288 94.001991 111.829384 134.620483 163.992966 201.900772 250.516891 311.792145 388.141479 484.987274 609.103699 763.952942 952.205994 1182.092529 1469.484619 1828.117554 2257.354492 2757.155762 3350.252686 4072.198242 4948.105957 5989.808105 7191.006836 8537.346680 10024.945312 11655.779297 13402.278320 15179.014648 16798.093750 17838.330078 18106.335938 17954.404297 16936.966797 15637.172852 14662.464844 14909.874023 13949.850586 12548.820312 10627.782227 9676.293945 8768.770508 6959.693848 4849.630371 3878.733887 2820.083496 1543.346558 405.908173
20.699800 24.721203 30.407280 37.882107 47.569328 59.977356 76.030640 97.561630 126.241325 162.985001 209.828888 271.830933 354.209106 459.312683 590.785522 754.073303 957.368225 1212.834961 1530.056274 1915.589966 2381.472900 2947.069336 3636.465820 4474.308105 5481.549316 6661.734375 7999.819336 9485.332031 11116.960938 12873.765625 14682.277344 16370.154297 17582.572266 18003.687500 17990.269531 17124.978516 15914.041016 14989.170898 15324.400391 14440.294922 13080.259766 11158.858398 10188.215820 9416.952148 7478.430664 5257.733398 4250.055664 3080.554688 1695.898804 478.969818
8.310113 10.041516 12.718402 16.758408 22.653879 30.950075 42.575089 58.214733 78.470901 105.419258 142.908295 194.306091 261.898438 349.035767 460.327881 599.872925 774.479492 995.780457 1276.789062 1628.991455 2064.172607 2596.877441 3247.615479 4041.218506 5004.087891 6151.933105 7477.375488 8961.117188 10587.473633 12339.602539 14156.154297 15892.816406 17228.597656 17806.511719 17963.023438 17279.283203 16139.730469 15231.027344 15675.490234 14909.135742 13574.299805 11664.679688 10681.539062 10062.634766 8007.262695 5681.847656 4642.525391 3354.537354 1856.723877 563.065857
3.228661 3.994606 5.318896 7.509803 10.964534 16.222904 23.563951 33.696537 48.177177 69.179710 98.791771 139.196091 193.256638 264.324280 355.733368 471.480957 618.649414 809.272400 1058.565430 1380.462769 1785.378906 2284.064941 2893.706055 3640.345215 4553.381348 5658.202637 6958.565430 8431.902344 10049.680664 11787.755859 13600.257812 15362.779297 16798.974609 17496.699219 17767.476562 17348.427734 16272.771484 15389.677734 15914.140625 15349.648438 14024.478516 12139.077148 11150.342773 10690.902344 8538.184570 6117.180176 5049.211914 3640.665039 2024.759033 661.094910
1.195223 1.576994 2.309823 3.543442 5.480918 8.428534 12.993848 20.167746 31.366217 47.618767 70.079407 100.817703 142.606461 198.410721 271.727966 367.343811 492.351685 658.035217 879.721191 1172.017578 1545.000244 2007.405640 2574.869873 3274.613525 4138.193359 5190.549316 6444.967285 7888.019531 9486.833008 11207.329102 13005.262695 14778.504883 16272.240234 17092.593750 17445.962891 17254.740234 16300.180664 15443.272461 16041.554688 15709.947266 14422.794922 12575.879883 11588.544922 11283.851562 9063.864258 6558.622070 5469.367676 3937.519531 2201.178955 769.305481
0.422693 0.656750 1.066491 1.700442 2.770412 4.689284 7.992274 13.452734 21.589195 33.127998 49.433304 72.217361 103.406624 146.090042 204.632339 284.615021 392.988953 539.060791 734.995972 994.739319 1331.470825 1757.042358 2286.511963 2942.683594 3754.225098 4747.153809 5940.117188 7331.867188 8894.754883 10587.669922 12362.502930 14131.440430 15647.777344 16565.230469 17021.029297 16968.869141 16187.291992 15429.284180 16072.026367 15912.979492 14743.333984 12955.125000 11988.194336 11822.201172 9575.189453 7001.479492 5898.687988 4243.134277 2386.851074 891.720642
0.000000 0.289346 0.503989 0.832473 1.487747 2.941001 5.526735 9.111709 14.181774 21.991037 33.680672 50.044086 72.733452 105.290634 153.058929 221.802368 316.993835 445.324585 616.299255 842.501099 1140.892334 1528.980713 2021.848755 2635.781982 3393.500977 4322.110352 5443.797852 6768.310059 8278.121094 9927.839844 11665.378906 13413.677734 14942.559570 15899.686523 16483.996094 16543.703125 15906.841797 15221.235352 15990.394531 15953.539062 14938.376953 13252.113281 12344.757812 12283.939453 10066.541016 7440.080566 6336.723145 4555.887207 2578.320557 1021.388306
0.000000 0.000000 0.231543 0.452433 0.926492 1.975564 3.446188 5.492894 8.624891 13.641965 21.482685 33.177326 50.352398 76.161957 115.534813 174.177826 257.082336 368.566833 516.078735 711.973999 973.521851 1322.076904 1775.214111 2345.304199 3048.062744 3909.437988 4955.821777 6201.905762 7641.692871 9235.211914 10918.969727 12621.731445 14149.554688 15142.409180 15800.300781 15964.974609 15503.486328 14885.563477 15757.789062 15864.475586 15006.599609 13387.254883 12631.371094 12653.882812 10529.814453 7863.858887 6779.020020 4875.929688 2780.104248 1163.453247
0.000000 0.000000 0.000000 0.275834 0.577067 0.948944 1.639033 3.023051 5.148545 8.168774 13.298559 22.334982 36.564552 57.703789 89.525276 137.594833 207.335464 302.911591 429.663239 599.026672 828.107117 1137.165894 1545.803833 2067.162109 2712.962891 3505.291504 4473.683594 5637.596680 6995.808594 8517.372070 10135.175781 11770.551758 13265.191406 14292.618164 15002.939453 15227.089844 14963.319336 14450.977539 15396.083008 15592.642578 14997.778320 13408.558594 12796.964844 12947.449219 10953.765625 8268.631836 7221.553711 5203.725098 2990.675537 1316.531006
0.000000 0.000000 0.000000 0.000000 0.220787 0.450035 0.861997 1.641684 3.115065 5.432643 9.009032 15.529275 27.172232 45.090591 70.995560 108.816895 164.269241 243.578903 353.138000 501.348083 701.455566 971.422119 1331.765869 1800.149902 2389.177979 3115.004150 4004.618164 5082.163086 6351.213379 7784.883301 9321.257812 10875.760742 12302.891602 13335.154297 14117.147461 14368.466797 14263.419922 13921.874023 14918.043945 15200.249023 14807.326172 13318.408203 12855.779297 13050.204102 11313.280273 8639.961914 7656.892578 5538.321289 3210.129639 1478.538696
0.000000 0.000000 0.000000 0.000000 0.000000 0.000000 0.402482 0.838714 1.799373 3.620721 6.423824 10.999287 19.588541 34.265831 55.567223 85.239174 128.119308 191.933594 285.188904 415.132996 590.054321 823.318176 1134.270996 1546.074707 2077.375732 2740.633301 3554.087158 4542.332520 5714.568848 7048.560059 8486.875000 9947.038086 11283.553711 12291.599609 13129.702148 13423.080078 13417.014648 13298.711914 14325.303711 14696.600586 14491.674805 13131.654297 12777.656250 13035.217773 11590.752930 8960.620117 8067.165039 5874.449707 3437.743652 1653.331055
0.000000 0.000000 0.000000 0.000000 0.000000 0.000000 0.229387 0.512351 1.104395 2.362075 4.761510 8.403041 14.269917 24.718302 41.396946 64.929474 98.681465 149.848038 227.088852 338.079865 488.702667 688.385010 954.382263 1310.460327 1781.276367 2383.852051 3127.137451 4026.365967 5094.535645 6318.134277 7646.171387 8998.640625 10233.387695 11220.716797 12040.838867 12400.010742 12462.851562 12586.129883 13616.704102 14066.374023 14012.658203 12836.208984 12633.951172 12859.604492 11724.588867 9213.063477 8447.029297 6208.618652 3668.443115 1831.609741
0.000000 0.000000 0.000000 0.000000 0.000000 0.000000 0.000000 0.323388 0.711373 1.516001 3.222414 6.182766 10.424660 17.199337 29.140287 48.228584 75.975891 116.880432 178.340576 268.747498 395.477783 566.237000 794.472351 1101.088257 1510.877319 2046.285156 2719.802002 3535.251709 4499.015137 5606.727051 6816.601562 8051.056152 9165.291992 10124.916016 10927.089844 11284.571289 11446.977539 11780.314453 12808.221680 13307.433594 13347.418945 12445.684570 12396.564453 12593.520508 11726.492188 9343.109375 8782.259766 6530.969238 3897.369873 2016.827759
0.000000 0.000000 0.000000 0.000000 0.000000 0.000000 0.000000 0.000000 0.398418 0.833668 1.826654 3.986667 7.276031 11.934101 19.950598 34.627228 57.898922 90.931252 138.267029 208.204056 311.152496 456.721466 654.399658 918.372742 1271.081787 1736.368286 2331.646973 3063.382324 3930.837402 4924.799316 6012.902344 7124.111328 8113.321777 9009.960938 9800.952148 10145.128906 10374.478516 10841.759766 11909.894531 12455.543945 12512.205078 11942.163086 12067.829102 12240.884766 11565.247070 9381.370117 9054.662109 6837.973633 4121.045410 2201.407471
0.000000 0.000000 0.000000 0.000000 0.000000 0.000000 0.000000 0.000000 0.216815 0.493793 1.088370 2.256378 4.581054 8.499100 14.517864 24.651072 41.992203 68.432457 105.700485 159.775192 241.067139 361.273529 530.443420 758.290588 1060.025269 1457.440918 1972.956665 2617.585205 3390.000244 4276.066895 5244.419922 6231.845703 7096.328613 7919.126465 8623.027344 9008.450195 9276.432617 9861.795898 10906.957031 11538.347656 11587.493164 11290.499023 11581.431641 11810.412109 11286.465820 9295.263672 9227.402344 7125.988770 4337.132324 2381.334473
0.000000 0.000000 0.000000 0.000000 0.000000 0.000000 0.000000 0.000000 0.000000 0.323745 0.644603 1.302720 2.750569 5.759553 10.511492 17.526157 28.989729 48.611691 78.837746 122.270882 185.698761 280.438904 419.290253 613.927734 873.741943 1212.097168 1649.844849 2206.998047 2885.532471 3665.821045 4510.064453 5367.772461 6129.440918 6871.230469 7461.424805 7870.685059 8184.849121 8879.907227 9860.299805 10525.821289 10623.879883 10507.849609 10989.325195 11293.013672 10903.639648 9094.299805 9280.478516 7377.819824 4546.486328 2546.251953
0.000000 0.000000 0.000000 0.000000 0.000000 0.000000 0.000000 0.000000 0.000000 0.000000 0.404832 0.812135 1.672722 3.431420 6.677238 11.993940 19.946924 33.225250 55.883476 91.582298 143.118179 216.688248 325.190002 483.167725 704.264954 995.555359 1367.503662 1837.908081 2418.475830 3095.931641 3827.047119 4551.366211 5221.220703 5878.532715 6367.300293 6764.518066 7098.236816 7904.117188 8802.193359 9409.169922 9638.365234 9635.526367 10311.326172 10672.960938 10400.620117 8828.804688 9191.046875 7604.684082 4746.866211 2705.311279
0.000000 0.000000 0.000000 0.000000 0.000000 0.000000 0.000000 0.000000 0.000000 0.000000 0.000000 0.430786 0.911553 1.845193 3.752832 7.399720 13.496331 23.108496 38.702423 64.958664 106.132858 166.021896 251.141403 373.127594 548.505737 792.485046 1114.421631 1515.601685 2001.194946 2570.796875 3192.221924 3802.868164 4382.181641 4943.093262 5338.835938 5716.106445 6075.121094 6952.005859 7778.500488 8275.953125 8610.456055 8795.059570 9562.075195 9950.992188 9761.100586 8584.008789 8959.875977 7690.510254 4929.763672 2862.877197
0.000000 0.000000 0.000000 0.000000 0.000000 0.000000 0.000000 0.000000 0.000000 0.000000 0.000000 0.000000 0.465401 0.978934 2.027555 4.240262 8.501981 15.598136 26.538338 44.403824 74.162338 121.406113 190.453308 287.412781 423.481293 614.543945 876.386292 1217.365723 1631.197388 2102.663330 2609.853516 3107.621338 3607.756104 4066.508545 4408.162598 4736.969238 5256.827148 6043.853027 6730.625000 7206.796875 7559.924316 8035.492676 8805.959961 9143.677734 9029.997070 8355.796875 8640.406250 7672.714355 5092.654785 3010.891602
0.000000 0.000000 0.000000 0.000000 0.000000 0.000000 0.000000 0.000000 0.000000 0.000000 0.000000 0.000000 0.000000 0.465132 1.111618 2.357577 4.778682 9.430519 17.676132 30.585060 50.727398 83.369484 135.517731 213.322037 322.355347 471.874146 676.391602 948.575562 1289.140015 1682.361450 2096.131836 2490.925781 2902.562988 3270.804199 3583.130371 3877.855957 4482.415527 5180.266602 5725.156738 6198.655273 6547.509277 7227.605957 8035.066406 8297.158203 8257.551758 8050.037109 8271.227539 7474.305664 5226.823730 3154.791992
0.000000 0.000000 0.000000 0.000000 0.000000 0.000000 0.000000 0.000000 0.000000 0.000000 0.000000 0.000000 0.000000 0.000000 0.426597 1.068283 2.373482 4.897037 10.109531 19.523497 34.727081 57.681332 92.789185 148.214355 233.339630 355.083282 516.956116 725.806396 989.157654 1300.478760 1632.708130 1962.567871 2293.020264 2570.921631 2853.046387 3180.085205 3774.436768 4349.348633 4808.922852 5243.161621 5612.133301 6442.414062 7198.298340 7475.706055 7479.597168 7617.699707 7845.602539 7183.637695 5324.560059 3263.108398
0.000000 0.000000 0.000000 0.000000 0.000000 0.000000 0.000000 0.000000 0.000000 0.000000 0.000000 0.000000 0.000000 0.000000 0.000000 0.389353 0.954828 2.411008 5.443047 10.757624 20.610424 37.127560 62.789272 101.723419 161.098480 250.822327 378.417908 545.123474 746.103210 975.339417 1227.078491 1494.869873 1767.037964 1989.922729 2211.898193 2611.674805 3125.041260 3570.920410 3987.190430 4367.025391 4955.325195 5689.500000 6280.373535 6666.505371 6738.832031 7131.563477 7413.065430 6819.936035 5386.862305 3328.964355
0.000000 0.000000 0.000000 0.000000 0.000000 0.000000 0.000000 0.000000 0.000000 0.000000 0.000000 0.000000 0.000000 0.000000 0.000000 0.000000 0.371684 0.911552 2.268193 5.498850 10.854613 20.380503 38.121956 67.220795 109.999466 171.541000 259.769073 382.333649 539.978821 720.803955 905.110718 1101.539795 1304.858276 1500.794189 1710.700928 2109.729980 2526.455322 2896.684326 3257.330566 3660.911865 4336.308105 4934.586914 5428.497070 5852.878418 6013.861816 6598.963379 6902.839844 6419.742676 5416.778320 3363.137451
0.000000 0.000000 0.000000 0.000000 0.000000 0.000000 0.000000 0.000000 0.000000 0.000000 0.000000 0.000000 0.000000 0.000000 0.000000 0.000000 0.000000 0.357627 0.879875 2.141515 5.294539 11.510195 21.611300 38.841606 67.736313 112.140617 175.742050 260.818451 368.995331 500.120819 644.926270 800.863281 940.462158 1086.442383 1343.390381 1674.786011 1989.629150 2312.163574 2629.769043 3148.157715 3718.654053 4209.926758 4663.525879 5056.285645 5481.434570 6083.438477 6318.921387 5988.331543 5390.342773 3388.077881
0.000000 0.000000 0.000000 0.000000 0.000000 0.000000 0.000000 0.000000 0.000000 0.000000 0.000000 0.000000 0.000000 0.000000 0.000000 0.000000 0.000000 0.000000 0.349363 0.876209 2.158459 5.217165 11.521799 22.088261 39.023304 66.785751 110.104675 171.868713 249.739731 337.732574 434.944885 546.109436 658.625366 789.887939 1025.942017 1289.291748 1547.316772 1802.674194 2149.791016 2635.268555 3102.627441 3529.076904 3932.990479 4306.326172 4893.818848 5482.395508 5691.969727 5521.383301 5259.865723 3420.909668
0.000000 0.000000 0.000000 0.000000 0.000000 0.000000 0.000000 0.000000 0.000000 0.000000 0.000000 0.000000 0.000000 0.000000 0.000000 0.000000 0.000000 0.000000 0.000000 0.338904 0.852245 2.089318 4.844186 10.538820 21.153858 38.936012 66.241547 104.475067 155.503769 216.856155 287.835754 360.921692 437.580902 584.315796 767.979492 956.193481 1160.354858 1369.543823 1726.450317 2119.436768 2495.433105 2858.627441 3203.148193 3636.523926 4236.039062 4758.549805 5026.527344 4968.354492 4982.495117 3425.867676
0.000000 0.000000 0.000000 0.000000 0.000000 0.000000 0.000000 0.000000 0.000000 0.000000 0.000000 0.000000 0.000000 0.000000 0.000000 0.000000 0.000000 0.000000 0.000000 0.000000 0.322477 0.799370 1.973801 4.814977 10.661979 20.669588 36.973759 61.127758 93.133774 131.358017 176.523575 227.744034 302.242767 412.611969 542.718140 682.099121 824.849060 1024.914917 1303.972656 1606.626831 1901.802979 2198.021729 2496.583496 2992.766357 3510.265381 3946.938965 4274.489746 4330.282227 4529.224609 3381.837402
0.000000 0.000000 0.000000 0.000000 0.000000 0.000000 0.000000 0.000000 0.000000 0.000000 0.000000 0.000000 0.000000 0.000000 0.000000 0.000000 0.000000 0.000000 0.000000 0.000000 0.000000 0.295703 0.718016 1.779501 4.390353 9.750979 18.853544 33.185802 52.182201 76.199005 104.168587 135.846405 196.871216 271.596558 353.100769 443.203583 538.363647 706.093323 905.334473 1119.760254 1345.140381 1574.259399 1913.199707 2329.308350 2739.442627 3128.949219 3482.065918 3715.911377 3991.078613 3228.106201
0.000000 0.000000 0.000000 0.000000 0.000000 0.000000 0.000000 0.000000 0.000000 0.000000 0.000000 0.000000 0.000000 0.000000 0.000000 0.000000 0.000000 0.000000 0.000000 0.000000 0.000000 0.000000 0.257448 0.611874 1.498359 3.661229 8.336040 15.929935 26.220785 39.604664 54.484062 77.559608 111.335091 151.220230 196.328049 243.460052 324.096710 431.301758 555.825989 698.055786 851.240295 1083.816650 1368.681763 1673.550537 2001.389526 2335.450928 2674.552002 3117.513428 3381.259277 2960.339355
