tests/test_03/output6/CloudConcentration_010.00hrs.dat
NCOLS    50
NROWS    50
XLLCORNER    -2289770.000
YLLCORNER     2591270.000
CELLSIZE        2000.000       2000.000
NODATA_VALUE  0.000
[rows 0 to 37 of 50, columns 0 to 49 of 50]
18957.850 22595.415 27450.025 33307.456 40350.617 48778.977 58797.570 70603.171 84337.651 100028.066 117441.003 135927.506 154323.418 169945.413 179986.463 187705.130 189139.428 188028.275 186080.671 190180.904 194084.591 187066.550 179047.009 173275.501 172847.301 162169.651 146464.941 130949.760 116149.979 103120.454 92514.552 82600.529 73998.200 66812.275 63016.719 61746.387 60726.095 58749.688 56036.779 52668.615 48781.487 44440.007 39583.869 34597.819 30187.534 25057.178 19245.833 11931.411 7116.165 3445.991
19740.667 23558.603 28660.609 34819.953 42230.827 51103.662 61659.729 74114.677 88614.245 105183.938 123585.076 143146.571 162660.725 179249.286 190003.544 198226.276 199500.094 198754.480 197286.436 204301.631 208850.753 200904.687 192506.143 191617.540 191367.152 176734.476 159545.110 142959.817 127872.932 114957.600 102243.971 90094.269 79861.298 71634.743 65442.795 62451.782 61797.841 60932.949 59003.577 56017.099 52496.848 48337.016 43601.403 39022.830 34444.924 28879.200 22297.471 14294.413 8776.466 4289.607
20463.504 24499.860 29911.957 36467.370 44376.669 53863.612 65156.639 78448.474 93906.963 111547.590 131147.664 151980.565 172772.708 190393.394 201841.778 210268.198 210963.418 210081.755 212512.547 221980.326 225216.554 217533.216 208244.251 214516.283 213476.258 195376.973 176494.353 159366.167 145089.641 129795.300 112762.904 96836.480 84463.971 75005.499 67900.028 63472.835 62126.456 61765.342 61189.629 59670.229 56692.968 52987.164 48288.166 44298.667 39580.892 33756.972 26205.113 17396.142 11020.330 5432.934
20633.174 24743.974 30272.953 36996.900 45143.540 54968.835 66732.285 80677.520 96952.420 115530.118 136080.531 157821.898 179390.704 197577.551 209949.298 218974.968 219409.419 218452.199 227348.124 237609.448 239962.703 231131.821 233242.224 238878.957 230362.226 213590.654 194357.045 180636.022 163688.205 142612.073 121034.804 103553.756 89561.202 78836.582 70547.000 64856.451 62239.211 61853.765 61641.216 61108.907 59794.860 56740.218 53313.019 49543.373 44793.090 38691.504 30363.935 20876.341 13753.325 6817.450
20648.799 24770.926 30321.529 37079.699 45283.735 55195.856 67097.220 81253.331 97854.679 116917.255 138083.399 160462.121 182375.247 200277.558 213216.040 222267.833 223332.987 223536.804 240071.509 252207.292 254596.635 245710.323 259086.890 264895.412 250411.795 229529.559 220219.622 202998.820 181102.023 153636.251 130002.194 110646.669 94915.601 82875.368 73429.979 66561.275 62747.102 61817.635 61686.003 61472.993 60940.421 60077.814 57930.411 54220.237 49493.344 43061.694 34574.384 24664.673 17013.550 8421.756
20441.950 24561.041 30110.559 36871.655 45083.039 55010.647 66930.544 81094.092 97691.139 116738.054 137921.712 160321.348 182077.431 199187.736 212125.034 219896.219 221460.346 221987.419 248109.322 261711.929 264076.529 257506.848 282268.987 290043.353 270627.189 249566.371 243905.035 226619.458 194589.687 165211.555 139437.461 118021.694 100233.491 86879.563 76433.542 68469.734 63286.752 61356.205 61526.847 61504.076 61424.836 61304.677 60635.615 57467.378 52940.839 46774.152 38680.737 28598.135 20847.199 10159.974
19893.767 23936.184 29393.290 36057.063 44168.718 53997.746 65824.379 79913.363 96434.368 115376.744 136362.177 158486.246 179813.046 196172.419 208719.682 214802.691 216386.314 223283.197 252474.270 266872.252 268961.123 274392.143 302339.508 311159.358 287175.147 282239.506 270659.221 245483.258 208815.967 177568.309 147926.158 128019.232 108551.840 93496.121 81704.123 72929.687 66316.795 61294.676 60722.469 61304.090 61540.364 61566.634 61384.227 59506.352 55530.802 50078.925 42495.511 33413.463 25181.604 12158.287
19175.354 23105.978 28421.329 34924.487 42856.548 52487.313 64108.411 77998.907 94370.625 113231.080 134190.430 156216.379 177153.611 192665.997 204197.960 208977.736 209986.216 225951.200 254722.342 269055.318 270197.543 289764.725 319628.513 329659.186 305715.240 318177.758 301203.402 262693.193 224301.554 190123.301 166756.139 139776.053 117601.677 100343.188 87278.435 77897.390 70917.737 65530.984 61063.700 60262.258 61413.299 61635.726 61628.111 60931.247 57593.979 52892.908 45946.582 38466.089 29893.172 14508.089
18241.417 22010.220 27114.472 33372.178 41020.806 50332.452 61598.351 75110.711 91094.289 109608.428 130330.024 152322.285 173552.197 189427.464 200804.448 204942.511 205737.503 226802.932 255985.409 269885.434 270423.673 303836.190 334501.122 342961.132 325583.503 349335.018 327374.910 281596.982 238708.335 216256.571 182040.559 151036.466 123748.649 103487.633 89609.767 80171.543 73381.299 68029.489 63299.805 60565.184 60545.584 61470.622 61664.659 61451.353 59213.544 55156.352 49016.733 43086.029 34622.664 17230.945
17133.579 20699.467 25537.588 31480.646 38762.751 47649.957 58434.336 71403.868 86794.524 104676.904 124784.122 146240.342 167251.707 183515.071 195197.314 199927.182 201018.347 226539.329 256540.130 271142.949 272424.191 316972.360 348142.052 352620.651 363750.028 383755.185 345519.020 302450.546 274521.052 236446.401 196492.048 156728.799 126576.516 105508.202 90989.576 81179.972 74211.859 68743.089 63936.245 60827.322 60047.904 60877.938 61477.603 61521.187 60405.236 56831.481 51446.397 46706.657 39015.871 20379.637
15884.463 19216.602 23747.206 29325.827 36178.830 44564.625 54767.941 67075.915 81729.137 98820.302 118119.921 138813.574 159269.800 175416.110 186982.252 192057.643 193327.731 221295.181 253545.213 269499.504 271242.635 327905.160 361815.745 364181.020 400632.396 419489.431 360257.425 342372.881 305121.360 256136.711 203138.378 160845.472 129004.331 107014.523 91989.863 81879.428 74741.446 69153.627 64315.464 60919.250 59966.883 59973.646 61105.150 61455.370 60888.052 58037.095 54503.858 50126.458 43188.061 23833.418
14526.700 17600.459 21790.224 26960.930 33329.288 41141.602 50677.730 62221.736 76025.301 92210.560 110600.566 130449.220 150289.268 166255.188 177527.576 182707.062 184005.918 212384.548 246147.861 263441.789 266816.214 336150.453 373507.051 375128.353 436786.511 439461.342 374756.037 390592.991 331623.532 266625.288 208822.191 164161.656 138242.694 114996.036 97696.345 85634.105 77577.348 71815.974 66946.758 62714.988 59555.119 59526.948 61031.428 61618.760 61571.348 59553.861 56765.215 52918.798 46878.485 27325.483
13107.460 15906.024 19728.543 24456.415 30291.967 37466.468 46250.294 56923.423 69758.644 84909.335 102281.393 121246.687 140473.630 156464.827 167508.721 173002.949 174329.267 201787.595 236653.922 254374.268 258283.670 337767.605 382501.614 384951.241 476971.192 465421.652 423504.683 427482.318 351636.530 273907.600 217932.388 188681.097 152992.616 123347.013 104405.037 92419.277 84317.670 77941.856 72859.111 68674.939 64670.402 60862.144 60556.202 61562.820 61694.495 59982.176 57338.094 54051.766 48901.667 31274.997
11674.208 14190.718 17632.454 21899.558 27173.910 33677.455 41657.849 51388.641 63136.986 77099.710 93276.152 111194.977 129724.857 145857.664 156625.640 162856.493 164272.605 190040.272 225481.489 243811.307 248000.750 335755.570 385204.259 398190.315 517522.348 503410.136 489296.227 459809.539 360740.253 283952.882 258041.584 207475.886 158257.187 127719.977 108612.423 96837.883 88351.766 81813.944 76820.166 72573.920 68259.604 64391.259 61185.178 61221.761 61606.260 60248.396 57711.507 54494.267 49781.370 36136.895
10273.608 12507.523 15563.192 19361.139 24063.080 29885.755 37048.886 45831.282 56465.272 69179.923 83999.682 100660.806 118237.966 134466.872 144874.759 152082.664 153619.378 177020.518 212833.964 231579.486 236571.374 326569.469 384701.029 408434.086 556022.181 555767.634 544285.956 476724.326 370765.792 343171.134 285523.101 213082.866 158934.049 126900.034 109066.034 97522.969 88943.432 82776.997 78280.230 74107.687 69578.708 65982.812 63660.068 61895.324 61276.584 60308.109 57959.501 54791.618 50438.839 40691.482
8930.308 10893.111 13586.069 16933.203 21092.960 26255.084 32641.725 40504.006 50076.236 61579.686 75057.938 90325.656 106621.194 122354.543 133254.147 141026.513 142623.333 162297.214 199402.931 217668.773 223073.539 310163.392 380497.046 413693.388 581499.938 642026.103 586183.818 486631.986 435231.992 394623.585 292015.100 205135.903 153460.271 123780.264 107321.309 95994.946 87754.807 82010.349 77754.577 73494.993 68930.643 65676.522 63728.904 62994.256 62097.639 60176.126 58099.380 54947.072 50943.307 44350.977
7550.861 9237.324 11561.335 14455.660 18074.735 22577.377 28199.797 35167.825 43795.232 54292.773 66825.257 81184.231 96743.895 112159.670 123996.031 131756.709 133485.851 145981.741 185249.297 203437.692 208447.822 287285.023 372117.029 418764.155 595359.627 772089.756 608278.696 543090.896 519535.277 405706.218 276514.109 201624.111 160744.574 137163.195 118770.636 104427.676 94396.169 89407.770 85193.744 79257.469 72198.734 65059.235 63353.094 62991.759 62132.434 61036.875 58751.337 55010.922 51276.998 46908.006
6153.887 7558.893 9497.889 11926.434 14969.885 18776.517 23544.645 29494.239 36929.494 46133.934 57461.357 70918.848 86183.907 101922.399 115514.237 123370.997 126879.229 128963.405 169832.535 195634.487 200416.013 264461.197 356994.271 418143.920 605642.587 915404.614 626356.422 657111.519 556969.604 383002.071 301499.605 232275.620 185703.130 150047.201 126880.505 114773.092 108879.101 103731.907 96173.169 87487.319 78875.159 71403.585 65331.543 62625.807 61777.055 60882.704 59040.473 55927.797 52299.025 49103.646
4781.038 5907.107 7455.777 9421.200 11877.288 14988.825 18874.095 23785.699 29910.661 37622.305 47181.358 59037.867 73235.184 89308.253 105338.357 116275.023 122092.994 122617.385 152212.470 190626.838 202250.498 250340.185 338464.945 407220.405 612451.783 1042959.067 769970.441 779435.208 536528.048 448593.045 341007.849 250838.835 188912.632 149884.521 130063.296 120510.815 115054.024 108525.679 99709.976 90006.710 81108.469 73944.154 68111.374 63986.907 61321.236 60524.623 58663.069 55671.209 52640.363 50110.700
3520.475 4373.576 5547.735 7056.175 8941.560 11362.028 14380.334 18252.882 23070.338 29243.729 36892.795 46643.944 58556.499 73344.775 90097.698 107641.517 116972.440 121371.562 132065.739 178234.106 209407.552 236074.099 329821.372 375332.710 614600.029 1146495.319 934777.093 797892.768 640169.951 500237.903 351107.152 219763.798 164618.004 137865.281 124744.200 117976.806 112274.762 103186.247 93388.339 84639.601 77154.175 72385.300 69045.505 66561.677 62573.066 60058.523 58084.612 55196.162 52315.698 49852.310
2507.621 3112.907 3958.513 5033.100 6401.466 8145.254 10363.685 13182.842 16767.206 21323.022 27109.057 34452.273 43735.553 55389.836 69722.746 86638.934 104603.231 115304.795 117847.073 150817.990 195848.959 215233.721 314088.710 365171.670 606520.731 1216893.194 1090463.066 865085.562 745312.033 476540.921 291054.586 220129.060 172315.519 153520.371 148889.952 144296.500 132348.072 117186.306 101770.472 88000.108 76526.577 70089.156 67622.612 65746.468 63603.378 60718.369 57314.627 54659.516 51842.440 49426.018
1736.880 2193.605 2832.071 3645.849 4663.146 5947.520 7547.971 9587.802 12120.355 15362.683 19375.114 24551.039 30955.697 39329.858 49667.732 62987.518 78414.598 96002.070 107609.687 111202.539 167296.973 222065.054 287449.547 392709.463 600055.475 1298584.538 1096834.175 1081038.134 681240.696 436887.174 319061.899 236877.462 203911.881 189459.089 175759.624 160725.733 141506.961 122283.532 105425.744 91639.910 80625.318 72240.546 66355.167 64410.845 62565.942 60257.117 57814.119 53956.039 51323.555 48883.802
844.747 1129.899 1553.223 2103.644 2840.540 3782.373 5013.919 6572.782 8619.620 11191.533 14543.876 18689.358 23980.150 30285.058 38207.022 47550.683 59492.473 73385.551 89605.739 103197.245 107604.810 162805.809 214975.656 373999.317 580512.447 1572487.317 1490755.248 998492.281 668045.566 424660.527 254484.183 222632.345 208158.588 187273.467 162295.193 138313.899 119210.099 105085.773 93871.620 85586.582 79082.260 74465.851 68176.472 63241.918 61079.152 59223.120 56484.536 54190.699 50622.358 48206.828
169.138 244.469 365.051 546.999 814.650 1216.033 1803.187 2637.122 3794.948 5382.901 7544.466 10449.472 14382.493 19619.137 26531.256 35387.815 46592.645 60480.268 77781.462 97186.174 117841.222 130861.995 152254.249 215162.739 457835.467 1796089.963 1518990.932 910698.667 407656.242 375440.954 333259.255 296539.511 260664.419 224672.807 190960.853 160063.153 133366.175 110431.770 91741.164 77744.455 73812.815 71406.993 69099.574 65248.101 59602.396 57767.562 55207.787 53057.284 50950.254 47522.110
15.293 22.928 35.406 55.314 85.483 133.452 206.378 321.984 498.229 776.888 1202.759 1874.551 2903.403 4522.934 7006.403 10898.990 16667.381 25101.669 36858.110 53983.429 78079.296 109307.652 146108.279 184045.369 233559.230 901101.180 1034410.364 636833.646 536908.343 453620.690 371559.140 293863.809 228689.381 175603.860 137086.939 118762.309 104831.022 95275.957 87411.556 79409.032 71741.972 68417.765 66058.231 63129.259 60306.237 56125.763 53855.424 52185.580 49764.680 47547.792
0.000 0.000 0.000 0.000 0.000 0.000 0.000 0.000 0.000 0.000 0.000 0.000 0.000 0.000 0.000 0.000 0.000 0.000 0.000 0.000 0.000 2.168 133.708 10461.755 147727.911 431550.083 339027.467 295546.501 232575.818 216934.967 176832.295 134499.806 129957.119 123294.351 113332.063 97688.611 84147.125 82514.002 80896.617 78577.705 72331.124 65785.392 62745.401 60545.732 57802.021 55623.508 52591.622 51156.053 48656.879 46332.137
0.000 0.000 0.000 0.000 0.000 0.000 0.000 0.000 0.000 0.000 0.000 0.000 0.000 0.000 0.000 0.000 0.000 0.000 0.000 0.000 0.468 28.789 1553.277 44137.296 162133.681 386355.580 272249.093 232414.763 230795.787 174330.665 173347.136 154937.093 123716.400 109317.961 107275.886 102265.606 93909.098 82141.973 77236.214 73813.405 70939.276 66350.791 60039.011 57465.663 55247.566 53212.615 51349.845 50015.836 47355.572 44914.329
0.000 0.000 0.000 0.000 0.000 0.000 0.000 0.000 0.000 0.000 0.000 0.000 0.000 0.000 0.000 0.000 0.000 0.000 0.000 0.000 5.175 236.844 10146.698 56576.279 172909.942 352294.334 232940.323 214950.670 177127.178 171594.426 131398.303 132851.797 125087.221 103528.294 89255.175 88038.116 85082.615 78584.714 70114.148 66197.010 63741.639 61615.592 57622.304 54435.890 53051.607 51798.641 50356.202 48726.205 45910.061 43324.574
0.000 0.000 0.000 0.000 0.000 0.000 0.000 0.000 0.000 0.000 0.000 0.000 0.000 0.000 0.000 0.000 0.000 0.000 0.000 0.821 36.315 1681.613 21463.835 56782.063 159462.729 315935.504 209887.971 185642.274 151495.879 146326.008 128175.967 98740.653 102946.873 98176.889 83142.763 74516.249 73618.757 71061.260 65671.470 60081.108 58858.922 57122.213 55416.984 52377.070 51707.589 50697.715 49581.778 47332.652 44291.426 41599.426
0.000 0.000 0.000 0.000 0.000 0.000 0.000 0.000 0.000 0.000 0.000 0.000 0.000 0.000 0.000 0.000 0.000 0.000 0.000 5.626 188.360 6119.125 22655.939 66542.376 123290.643 276401.603 191282.139 159030.471 144630.304 117072.431 115450.575 93083.642 84494.844 84867.085 79766.226 67308.871 65450.556 64663.740 61491.257 56660.442 54913.450 53887.463 52886.170 50872.365 50395.326 49492.783 48239.768 45673.583 42516.613 39798.215
0.000 0.000 0.000 0.000 0.000 0.000 0.000 0.000 0.000 0.000 0.000 0.000 0.000 0.000 0.000 0.000 0.000 0.000 0.777 30.060 1031.477 9564.745 21837.188 63878.933 103657.792 227760.943 174541.536 135375.866 128831.185 103731.372 104623.770 91922.961 75245.891 75484.333 72086.612 64763.663 59836.832 59437.133 58190.172 54250.395 52215.585 51837.809 51215.077 49648.870 49127.954 48137.441 46655.395 44512.911 40676.434 37861.158
0.000 0.000 0.000 0.000 0.000 0.000 0.000 0.000 0.000 0.000 0.000 0.000 0.000 0.000 0.000 0.000 0.000 0.000 4.117 125.433 3103.872 9097.522 24308.803 53322.780 93920.185 180371.862 162087.407 125442.956 118113.779 93080.829 96763.318 90498.314 70077.920 70440.786 68113.682 62952.453 56324.123 56174.074 55665.439 52462.770 50698.502 50534.822 50117.951 48723.499 47648.661 46584.070 44848.912 42868.758 38736.742 35885.698
0.000 0.000 0.000 0.000 0.000 0.000 0.000 0.000 0.000 0.000 0.000 0.000 0.000 0.000 0.000 0.000 0.000 0.562 19.038 552.033 4012.845 9180.496 23092.736 44968.812 86154.078 145300.215 147331.125 118213.740 111542.789 85225.079 89177.716 84496.280 70152.879 66657.936 65748.987 61374.179 54235.423 54199.991 53849.937 51500.044 49522.063 49327.264 48850.509 47770.507 46037.846 44703.365 42740.359 40477.544 37236.056 33589.983
0.000 0.000 0.000 0.000 0.000 0.000 0.000 0.000 0.000 0.000 0.000 0.000 0.000 0.000 0.000 0.000 0.000 2.564 85.757 1410.845 3614.280 9572.578 20409.739 41263.855 74775.899 120626.071 130855.032 110729.728 106126.336 81398.470 83274.804 78781.955 67065.762 63026.599 62878.031 59241.997 52316.780 52316.433 52029.247 50279.127 48079.987 47837.756 47232.078 46348.886 44013.739 42461.659 40369.264 37973.703 35168.038 31844.594
0.000 0.000 0.000 0.000 0.000 0.000 0.000 0.000 0.000 0.000 0.000 0.000 0.000 0.000 0.000 0.000 0.380 11.542 350.563 1672.307 3951.557 8792.686 17247.785 38193.589 63181.705 97286.127 114788.856 101569.660 98899.282 79168.827 79661.022 74816.560 63469.925 60064.903 59916.676 56641.570 50841.873 50495.533 50270.768 48860.375 46377.681 46011.024 45220.174 44269.434 41723.335 40005.519 37824.776 35323.314 32513.670 29802.560
0.000 0.000 0.000 0.000 0.000 0.000 0.000 0.000 0.000 0.000 0.000 0.000 0.000 0.000 0.000 0.000 1.668 59.331 665.432 1492.755 3919.683 7560.486 16081.135 34090.838 50400.413 78354.582 97829.695 91680.951 90437.750 76147.768 76919.614 72316.306 60886.514 58022.464 57798.996 54553.322 49205.625 48687.030 48432.353 47199.992 44248.755 43728.346 42839.805 41839.728 39744.464 37481.945 35114.726 32550.940 29785.415 27467.607
0.000 0.000 0.000 0.000 0.000 0.000 0.000 0.000 0.000 0.000 0.000 0.000 0.000 0.000 0.000 0.244 6.746 189.776 691.801 1616.922 3345.237 6691.278 14632.465 29589.997 39462.981 63600.007 80900.265 81854.597 81431.332 70700.369 72319.135 68809.189 58978.430 55713.794 55614.025 52594.911 47492.497 46332.692 46025.432 45017.329 41997.872 41127.447 40244.287 39135.306 37415.712 34733.565 32288.395 29715.582 27018.226 24779.887
0.000 0.000 0.000 0.000 0.000 0.000 0.000 0.000 0.000 0.000 0.000 0.000 0.000 0.000 0.000 1.061 32.921 294.820 652.049 1541.141 2861.605 6282.732 13327.650 24612.534 33214.736 52937.460 65150.321 71380.519 72033.223 63951.838 66076.790 63626.895 55959.989 51901.380 51989.775 49434.332 45046.125 43350.466 43088.488 42335.522 39603.359 38379.281 37467.670 36229.148 34790.649 31732.767 29426.773 26860.146 24247.424 22107.835
