tests/test_03/output6/CloudLoad_005.00hrs.dat
NCOLS    50
NROWS    50
XLLCORNER    -2289770.000
YLLCORNER     2591270.000
CELLSIZE        2000.000       2000.000
NODATA_VALUE  0.000
[rows 0 to 40 of 50, columns 0 to 49 of 50]
0.000 0.000 0.000 0.000 0.000 0.000 0.000 0.239 1.580 9.914 59.457 344.783 1912.945 9232.006 20484.549 33449.668 47749.812 61994.938 75201.891 85747.672 92812.641 97413.656 101200.805 104015.328 106658.875 108954.719 109135.891 108554.414 108085.055 107811.047 102347.312 94571.414 87389.250 73432.883 53896.188 35227.676 21601.504 11513.785 4827.956 1006.073 137.167 20.681 3.204 0.496 0.000 0.000 0.000 0.000 0.000 0.000
0.000 0.000 0.000 0.000 0.000 0.000 0.213 1.406 8.990 56.088 339.384 2179.450 10323.073 22913.033 36861.348 51793.027 67091.523 81712.695 93604.406 101945.844 106893.922 109348.297 111461.930 112512.836 113722.906 116204.758 120093.312 122511.227 123604.734 123263.781 124654.562 121676.594 115086.023 105992.008 89213.523 67297.375 44825.660 27668.160 14151.992 4986.829 961.816 135.064 20.073 3.099 0.471 0.000 0.000 0.000 0.000 0.000
0.000 0.000 0.000 0.000 0.000 0.217 1.409 9.043 57.847 367.443 2446.351 11225.961 24494.602 39306.211 55517.602 72825.039 89186.102 101767.102 108915.859 112166.555 113855.445 115415.930 116894.906 117884.453 118959.227 120716.961 123225.273 126699.883 133587.688 138822.156 141752.953 143490.172 144676.906 139733.016 128786.094 108648.570 82830.422 56575.562 34646.641 17060.834 5361.707 915.604 130.616 19.381 2.961 0.442 0.000 0.000 0.000 0.000
0.000 0.000 0.000 0.000 0.222 1.410 8.990 57.724 378.907 2597.031 11445.067 25048.703 40408.066 57343.871 74294.438 89704.094 100964.758 107880.016 109881.742 109537.398 108207.656 107871.883 108320.141 108952.750 111007.812 113738.141 118335.039 123449.844 129020.898 136986.141 146330.344 154872.500 158446.406 165986.094 163677.844 151539.578 129125.680 98529.344 68602.773 41826.266 19959.654 5363.497 889.181 122.960 18.393 2.800 0.417 0.000 0.000 0.000
0.000 0.000 0.000 0.226 1.410 8.876 57.115 383.423 2658.166 11164.561 24445.051 39159.867 55274.582 71398.094 85941.797 95862.016 101685.039 101454.414 97788.375 94118.281 91936.430 91321.945 91313.141 92354.828 94348.344 97011.000 100934.805 106799.312 116346.711 126151.477 134902.938 147145.891 162128.438 172235.188 183860.859 185053.297 173217.391 149365.078 113752.016 80527.250 48740.820 21372.600 5433.337 832.818 114.728 17.328 2.651 0.396 0.000 0.000
0.000 0.000 0.225 1.401 8.773 56.711 390.727 2646.647 10404.085 22290.596 35667.043 50822.574 66299.672 79038.727 87976.523 90721.836 86126.727 79122.656 72392.562 68225.953 66235.719 65594.688 66027.172 67232.539 69979.266 74070.039 78569.461 83862.750 90259.102 101142.773 114257.391 128073.711 144493.375 165348.672 182151.547 200059.328 204581.562 194166.891 167056.453 127158.023 90162.328 53784.371 22570.078 5319.767 749.352 106.159 16.291 2.525 0.381 0.000
0.000 0.216 1.363 8.616 56.270 397.723 2541.797 9470.788 19686.357 31545.332 44992.316 58905.961 69688.680 77435.781 76803.359 69255.953 58985.816 50745.000 45972.012 43370.344 42091.988 41536.566 41836.527 42963.711 44754.555 47745.586 52481.676 57618.379 62805.645 70968.148 81591.023 97630.039 115716.930 136965.078 163632.078 188369.812 212880.859 219269.375 211574.078 179330.422 137691.891 96442.641 56309.707 22439.379 4952.749 658.974 97.776 15.345 2.417 0.399
0.214 1.307 8.364 55.700 395.240 2375.460 8388.761 17170.068 27342.445 38674.723 50173.539 60426.848 64800.172 62188.223 51910.672 39730.715 30686.832 26208.635 23864.770 22681.906 21970.635 21916.164 22417.527 23482.582 24933.725 26916.855 29354.750 32490.979 37922.926 44704.324 52970.633 63829.754 80959.633 100099.469 124359.492 157091.047 190079.031 219775.469 228610.562 225013.234 186502.453 143353.312 98308.664 56116.930 21633.537 4329.296 577.909 89.816 14.453 2.529
1.403 8.275 54.846 380.428 2154.504 7282.143 14688.765 23235.693 32487.217 41818.559 50594.434 52592.992 48464.391 37454.160 25409.988 17021.496 13090.184 11446.046 10455.733 9685.062 9253.438 9211.093 9426.299 9959.473 10726.966 11965.155 13505.970 15661.796 18543.473 23011.627 29431.766 37135.230 46963.695 62929.828 83250.523 109158.055 147471.422 187975.844 223420.688 234317.125 230458.703 190063.594 143695.812 95778.398 53500.188 19842.436 3610.833 505.170 81.343 14.852
8.945 53.944 358.943 1916.385 6243.250 12314.544 19282.725 26748.803 34533.285 41120.645 41194.914 36551.246 26153.531 15594.249 8249.495 5579.972 4619.604 4108.429 3697.700 3368.685 3200.653 3165.345 3222.468 3386.875 3694.328 4113.609 4774.695 5832.595 7489.421 9647.864 12738.599 17058.383 23421.146 32723.514 47744.250 66931.062 96337.422 137977.812 186627.406 226066.922 238469.125 229144.797 188832.531 138618.422 89847.891 48959.949 17312.910 2906.585 434.980 80.862
52.998 330.019 1672.351 5276.189 10156.595 15743.504 21713.748 28143.242 32243.379 31761.939 27460.566 18001.811 9019.289 3575.195 2159.400 1650.491 1402.506 1234.589 1083.641 972.314 922.367 906.112 920.248 963.273 1048.327 1191.090 1435.674 1846.793 2423.787 3284.254 4417.971 6121.032 9139.298 13740.347 21558.264 36120.988 54746.734 88781.781 133624.562 188446.719 230778.312 241490.219 221664.844 181251.594 128994.797 82009.992 42776.234 14057.345 2297.864 412.391
296.861 1419.718 4360.734 8266.521 12664.684 17346.424 22623.504 24788.533 24232.357 20313.926 12292.633 5207.049 1598.153 794.777 535.642 418.112 354.421 305.180 262.120 232.403 220.158 216.911 221.382 231.897 255.044 297.885 373.874 497.869 692.086 970.067 1369.229 1982.128 3068.725 5133.245 8680.017 15964.876 29520.459 50826.012 86951.805 135485.719 194046.750 233156.469 236347.312 212358.578 168064.047 117165.164 71823.266 35207.605 10721.525 1965.005
1191.627 3518.941 6615.022 10064.104 13771.645 17775.295 18994.936 18449.848 15091.654 8590.389 3157.797 781.567 295.686 163.774 111.861 86.832 72.381 60.781 51.077 44.359 42.748 43.114 44.384 47.319 52.910 64.018 85.456 118.424 172.024 263.188 399.157 635.387 1095.017 2013.724 3780.163 7523.353 15225.796 28797.893 53987.160 91045.438 146334.188 198823.781 232184.891 226049.125 199130.531 151159.516 103162.164 59242.762 27463.922 8504.099
2833.413 5217.451 7852.401 10790.090 13849.123 14539.422 14048.196 11301.147 6171.464 2011.134 436.131 124.888 51.346 28.307 18.768 14.132 11.487 9.496 7.892 7.007 6.925 7.038 7.419 8.100 9.445 12.510 16.960 24.684 39.585 65.266 116.087 226.553 426.500 883.245 1886.799 4133.988 8704.876 17671.131 34311.672 62440.973 104901.883 159107.469 207552.516 226926.641 214690.312 179676.438 132883.672 85435.344 46841.320 21162.480
4142.123 6086.339 8361.624 10656.107 11099.329 10707.052 8564.223 4591.762 1391.439 285.632 67.614 19.474 7.597 3.923 2.471 1.789 1.434 1.209 1.058 0.968 0.968 0.999 1.087 1.253 1.622 2.101 2.970 4.707 8.227 16.806 37.014 86.556 186.305 433.173 1044.283 2545.220 5721.193 12080.269 23965.729 45240.539 77756.070 124991.195 174687.859 212236.484 217976.062 197984.500 157783.953 111086.578 67786.859 36396.613
4818.113 6423.809 8157.043 8460.209 8171.362 6561.737 3502.582 1039.221 213.422 52.758 11.348 2.799 0.944 0.439 0.264 0.000 0.000 0.000 0.000 0.000 0.000 0.000 0.000 0.000 0.236 0.319 0.488 0.865 1.792 4.543 12.321 33.846 87.558 229.430 621.302 1653.349 4032.048 8920.032 18351.717 35117.918 61918.281 101278.062 146950.000 190340.172 210561.016 204642.984 175645.562 134063.000 88655.719 53825.059
5045.429 6193.943 6423.909 6222.297 5056.846 2696.809 784.007 158.925 43.218 12.292 2.286 0.390 0.000 0.000 0.000 0.000 0.000 0.000 0.000 0.000 0.000 0.000 0.000 0.000 0.000 0.000 0.000 0.000 0.413 1.246 4.218 13.150 40.124 125.911 370.483 1043.312 2758.971 6575.551 14282.117 28243.396 51502.324 85008.672 126267.023 170090.391 197852.734 204213.438 184543.750 151000.406 107757.422 71894.430
4737.082 4846.873 4711.335 3881.615 2069.773 585.129 114.242 30.908 9.573 3.230 0.567 0.000 0.000 0.000 0.000 0.000 0.000 0.000 0.000 0.000 0.000 0.000 0.000 0.000 0.000 0.000 0.000 0.000 0.000 0.339 1.329 4.638 15.752 57.696 190.630 598.369 1797.550 4682.895 10854.372 22688.943 43340.184 73180.438 110888.297 152493.406 184029.969 198493.891 188357.828 162497.938 123242.031 88633.266
3592.017 3507.940 2959.628 1596.990 450.224 83.056 21.262 6.412 2.062 0.696 0.000 0.000 0.000 0.000 0.000 0.000 0.000 0.000 0.000 0.000 0.000 0.000 0.000 0.000 0.000 0.000 0.000 0.000 0.000 0.000 0.367 1.457 5.572 23.201 89.265 331.930 1154.630 3319.996 8340.771 18412.914 36647.316 63971.031 99836.156 139607.750 171891.656 191150.781 187696.250 169588.406 135317.312 102605.391
2531.308 2190.683 1207.835 351.995 60.528 14.315 3.965 1.178 0.356 0.000 0.000 0.000 0.000 0.000 0.000 0.000 0.000 0.000 0.000 0.000 0.000 0.000 0.000 0.000 0.000 0.000 0.000 0.000 0.000 0.000 0.000 0.494 2.260 11.107 50.606 212.745 812.387 2531.205 6787.897 15443.210 31820.248 56930.219 91312.805 129633.164 162630.422 183901.016 185082.609 172419.844 142481.203 112889.570
1575.693 892.057 264.861 41.981 8.948 2.306 0.636 0.000 0.000 0.000 0.000 0.000 0.000 0.000 0.000 0.000 0.000 0.000 0.000 0.000 0.000 0.000 0.000 0.000 0.000 0.000 0.000 0.000 0.000 0.000 0.000 0.248 1.237 6.549 33.242 155.453 636.393 2069.805 5746.696 13621.952 28908.654 52417.086 85740.742 122006.938 155339.609 178404.203 181756.203 173562.672 147028.516 120363.695
690.694 220.505 30.368 5.324 1.221 0.312 0.000 0.000 0.000 0.000 0.000 0.000 0.000 0.000 0.000 0.000 0.000 0.000 0.000 0.000 0.000 0.000 0.000 0.000 0.000 0.000 0.000 0.000 0.000 0.000 0.000 0.000 0.826 4.483 23.798 116.642 503.106 1700.910 4939.796 12288.393 26762.150 50039.383 82292.688 116884.164 150258.578 173522.016 179885.688 173733.453 148708.016 125343.727
189.934 32.669 3.828 0.640 0.000 0.000 0.000 0.000 0.000 0.000 0.000 0.000 0.000 0.000 0.000 0.000 0.000 0.000 0.000 0.000 0.000 0.000 0.000 0.000 0.000 0.000 0.000 0.000 0.000 0.000 0.000 0.000 0.599 3.224 17.077 87.975 385.470 1407.472 4313.116 11228.832 25323.717 49097.668 81032.312 114681.023 148373.609 169907.422 178392.828 172569.891 148695.422 126647.586
32.053 4.166 0.441 0.000 0.000 0.000 0.000 0.000 0.000 0.000 0.000 0.000 0.000 0.000 0.000 0.000 0.000 0.000 0.000 0.000 0.000 0.000 0.000 0.000 0.000 0.000 0.000 0.000 0.000 0.000 0.000 0.000 0.450 2.488 14.001 71.496 325.354 1233.078 3927.987 10548.264 24534.975 48913.395 80684.281 114944.594 148847.547 169069.734 177934.672 169682.859 147889.922 126556.016
2.689 0.319 0.000 0.000 0.000 0.000 0.000 0.000 0.000 0.000 0.000 0.000 0.000 0.000 0.000 0.000 0.000 0.000 0.000 0.000 0.000 0.000 0.000 0.000 0.000 0.000 0.000 0.000 0.000 0.000 0.000 0.000 0.360 2.156 12.515 64.635 304.661 1181.265 3815.256 10331.336 24557.756 49129.418 80359.867 117526.992 151177.172 169755.609 178653.891 167472.406 147425.062 124464.805
0.000 0.000 0.000 0.000 0.000 0.000 0.000 0.000 0.000 0.000 0.000 0.000 0.000 0.000 0.000 0.000 0.000 0.000 0.000 0.000 0.000 0.000 0.000 0.000 0.000 0.000 0.000 0.000 0.000 0.000 0.000 0.000 0.327 2.063 11.849 63.182 298.768 1196.294 3858.665 10714.118 25363.883 50044.047 82060.211 120425.125 154707.578 173608.953 179412.625 166942.078 145789.875 120955.750
0.000 0.000 0.000 0.000 0.000 0.000 0.000 0.000 0.000 0.000 0.000 0.000 0.000 0.000 0.000 0.000 0.000 0.000 0.000 0.000 0.000 0.000 0.000 0.000 0.000 0.000 0.000 0.000 0.000 0.000 0.000 0.000 0.342 2.166 12.172 63.308 301.275 1213.639 4018.492 11301.506 27211.494 52350.652 86296.086 125530.695 157595.656 179555.047 180759.688 168461.859 144180.484 116542.977
0.000 0.000 0.000 0.000 0.000 0.000 0.000 0.000 0.000 0.000 0.000 0.000 0.000 0.000 0.000 0.000 0.000 0.000 0.000 0.000 0.000 0.000 0.000 0.000 0.000 0.000 0.000 0.000 0.000 0.000 0.000 0.000 0.460 2.582 13.488 66.417 300.351 1243.241 4219.860 12256.971 29551.150 56454.672 94186.148 131780.484 162907.766 183626.938 182071.406 170375.641 140673.312 113237.172
0.000 0.000 0.000 0.000 0.000 0.000 0.000 0.000 0.000 0.000 0.000 0.000 0.000 0.000 0.000 0.000 0.000 0.000 0.000 0.000 0.000 0.000 0.000 0.000 0.000 0.000 0.000 0.000 0.000 0.000 0.000 0.000 0.687 3.400 16.156 73.629 327.145 1311.316 4527.722 13589.338 32288.270 63179.953 101530.062 139267.484 171740.031 186101.875 184705.828 167482.953 136353.984 105329.734
0.000 0.000 0.000 0.000 0.000 0.000 0.000 0.000 0.000 0.000 0.000 0.000 0.000 0.000 0.000 0.000 0.000 0.000 0.000 0.000 0.000 0.000 0.000 0.000 0.000 0.000 0.000 0.000 0.000 0.000 0.000 0.000 0.998 4.766 21.528 91.992 382.029 1487.476 5230.987 15535.903 37438.934 70661.562 109573.164 149139.109 179200.094 190481.812 187354.406 162775.078 128686.156 94208.102
0.000 0.000 0.000 0.000 0.000 0.000 0.000 0.000 0.000 0.000 0.000 0.000 0.000 0.000 0.000 0.000 0.000 0.000 0.000 0.000 0.000 0.000 0.000 0.000 0.000 0.000 0.000 0.000 0.000 0.000 0.000 0.323 1.719 7.683 31.303 124.013 479.939 1806.871 6324.324 18980.846 44049.863 79442.750 119662.820 162854.188 187016.734 195929.141 183676.469 155333.406 118190.484 83584.062
0.000 0.000 0.000 0.000 0.000 0.000 0.000 0.000 0.000 0.000 0.000 0.000 0.000 0.000 0.000 0.000 0.000 0.000 0.000 0.000 0.000 0.000 0.000 0.000 0.000 0.000 0.000 0.000 0.000 0.000 0.000 0.619 3.206 13.542 49.264 174.188 629.140 2330.422 7858.369 23741.754 52615.797 90124.750 136180.688 174287.359 196076.203 198331.453 176950.875 145430.547 105173.273 71993.016
0.000 0.000 0.000 0.000 0.000 0.000 0.000 0.000 0.000 0.000 0.000 0.000 0.000 0.000 0.000 0.000 0.000 0.000 0.000 0.000 0.000 0.000 0.000 0.000 0.000 0.000 0.000 0.000 0.000 0.000 0.217 1.286 6.089 24.073 85.025 278.477 918.867 3118.974 10587.577 30088.361 62496.754 107414.789 152461.219 187434.328 204010.031 194451.609 169809.031 129909.156 90732.328 58786.961
0.000 0.000 0.000 0.000 0.000 0.000 0.000 0.000 0.000 0.000 0.000 0.000 0.000 0.000 0.000 0.000 0.000 0.000 0.000 0.000 0.000 0.000 0.000 0.000 0.000 0.000 0.000 0.000 0.000 0.000 0.636 3.378 14.412 51.292 164.411 489.278 1435.312 4532.201 14795.504 38493.766 78745.539 125261.547 169265.016 200086.156 204683.875 190696.781 153803.953 112442.086 73839.539 40063.242
0.000 0.000 0.000 0.000 0.000 0.000 0.000 0.000 0.000 0.229 0.391 0.504 0.325 0.000 0.000 0.000 0.000 0.000 0.000 0.000 0.000 0.000 0.000 0.000 0.000 0.000 0.000 0.000 0.000 0.411 1.936 8.801 34.467 116.021 330.740 871.533 2339.969 6980.692 21213.521 52729.656 96808.719 145457.484 188991.859 207602.109 203920.031 175787.562 134541.766 90119.680 51119.195 24791.559
0.000 0.000 0.000 0.000 0.000 0.000 0.000 0.000 0.723 1.727 2.267 1.560 0.811 0.346 0.000 0.000 0.000 0.000 0.000 0.000 0.000 0.000 0.000 0.000 0.000 0.000 0.000 0.248 0.622 1.950 7.261 27.582 97.246 283.200 711.493 1718.946 4278.714 11669.852 33270.031 69923.789 119652.234 171782.328 204267.156 212317.438 191499.203 153660.219 106275.781 63704.758 31837.906 13651.015
0.000 0.000 0.000 0.000 0.000 0.000 0.000 1.155 3.486 5.107 4.906 3.576 2.114 1.014 0.383 0.000 0.000 0.000 0.000 0.000 0.000 0.000 0.000 0.000 0.207 0.436 0.880 1.787 3.849 9.941 29.429 94.700 302.738 757.270 1572.686 3307.403 7736.564 21268.229 49211.820 94949.586 149854.859 193404.938 211667.219 201771.281 169171.375 121125.172 75868.766 39966.555 17431.967 6738.511
0.000 0.000 0.000 0.000 0.000 0.000 1.037 4.109 7.291 9.871 9.955 8.495 5.705 3.006 1.284 0.526 0.225 0.000 0.000 0.000 0.000 0.272 0.485 0.895 1.803 3.426 6.177 11.269 21.780 47.022 117.755 331.079 888.093 1772.656 3292.812 6483.819 15121.463 36080.859 76432.156 128048.219 177074.266 204118.922 202450.625 179876.938 133395.469 86743.938 48216.828 22251.914 8498.290 3167.859
0.000 0.000 0.000 0.000 0.000 0.534 3.181 6.821 11.871 17.491 21.556 22.040 17.888 9.992 4.353 2.135 1.184 0.822 0.795 0.995 1.365 2.187 3.773 6.442 11.464 18.804 31.179 52.439 92.883 185.320 420.509 1081.912 2231.472 3861.243 6725.970 13031.415 29405.416 62664.977 109410.828 160667.125 192821.266 197321.250 183777.359 140779.094 95819.133 56386.594 26805.656 10410.133 3780.511 827.244
0.000 0.000 0.000 0.000 0.000 1.654 4.734 9.702 16.978 28.270 40.507 48.655 46.610 30.891 15.955 9.283 6.600 5.442 5.541 6.944 9.330 13.868 21.299 32.628 50.084 77.683 122.504 197.412 340.143 644.828 1378.193 2848.475 4865.620 7860.955 13598.205 26475.213 54445.039 96240.852 144739.016 180199.422 187744.516 180523.719 143903.609 101713.727 62791.496 30979.822 12065.872 3586.051 741.730 95.547
0.000 0.000 0.000 0.000 0.402 2.257 5.613 10.706 20.446 38.033 58.768 81.086 94.271 91.764 66.706 43.484 35.875 30.888 30.973 37.326 46.858 63.496 86.761 122.891 177.885 268.741 409.782 649.269 1082.934 1988.790 3738.161 6428.884 9899.833 15547.735 27288.191 51584.465 87729.141 129239.219 164635.281 175119.812 169240.891 142620.188 103798.945 66348.922 34259.559 13451.371 3683.125 655.665 91.747 14.231
