tests/test_03/output6/CloudConcentration_005.00hrs.dat
NCOLS    50
NROWS    50
XLLCORNER    -2289770.000
YLLCORNER     2591270.000
CELLSIZE        2000.000       2000.000
NODATA_VALUE  0.000
[rows 0 to 38 of 50, columns 0 to 49 of 50]
0.000 0.000 0.000 0.000 0.000 0.000 0.000 0.531 3.371 19.799 108.573 550.991 3014.356 14506.404 31758.764 51573.105 71936.907 90334.671 107814.685 119190.870 125969.553 132460.152 146393.975 150994.320 150070.760 137789.506 124048.118 116281.375 107262.925 93832.134 80315.660 64450.459 50635.984 38669.836 30677.028 22944.471 14431.496 6291.563 2364.617 511.511 76.556 13.343 2.578 0.579 0.137 0.000 0.000 0.000 0.000 0.000
0.000 0.000 0.000 0.000 0.000 0.000 0.484 3.154 19.108 110.209 602.813 3543.219 16255.209 33898.786 51745.861 73276.837 95968.248 117520.447 136188.846 149609.673 155243.322 157350.287 172071.916 177656.561 176441.394 162345.908 146444.877 136841.879 125406.492 110761.366 95525.528 78550.289 63915.375 51105.798 40043.866 32410.610 24259.370 15045.162 6114.520 2262.831 441.865 63.874 11.984 2.726 0.697 0.184 0.000 0.000 0.000 0.000
0.000 0.000 0.000 0.000 0.000 0.485 3.229 20.452 123.356 732.961 4724.561 20821.784 41936.867 62755.542 81940.144 99566.857 124142.141 151279.071 171706.534 188465.791 191986.130 192008.125 203586.039 209781.229 206635.323 190664.190 172384.199 160772.176 145951.562 129784.549 111267.775 93557.996 78475.588 64890.037 52266.639 43042.639 34748.882 25796.440 15899.020 6488.853 2227.696 393.683 61.579 12.324 3.017 0.840 0.239 0.000 0.000 0.000
0.000 0.000 0.000 0.000 0.484 3.257 21.190 135.044 857.812 5832.633 24749.552 49639.800 74551.771 96828.239 116191.809 132152.370 149859.803 181114.295 207031.352 223233.776 225662.692 223504.481 233759.281 239481.038 230528.476 213029.585 193708.717 182062.795 165144.699 144362.909 122222.590 104213.608 89358.661 76947.615 64672.611 53553.099 45402.387 36653.687 26559.505 16194.910 6795.683 2131.645 363.907 59.017 12.238 3.026 0.875 0.447 0.121 0.000
0.000 0.000 0.000 0.485 3.269 21.596 142.318 974.087 6830.716 27380.982 54636.250 81780.377 108174.751 132363.171 149811.253 165140.719 178331.000 206224.023 235071.248 249219.682 252423.620 247343.378 260928.746 266471.783 251398.936 230166.763 220716.906 203626.873 182065.028 154463.369 130757.060 111473.927 95717.989 83644.461 73693.852 63195.827 55410.957 47335.142 37578.369 26992.117 15796.922 6849.554 2055.059 336.937 54.535 10.792 2.441 1.097 0.439 0.000
0.000 0.000 0.480 3.241 21.726 147.116 1063.281 7183.502 27354.157 54852.320 83724.993 113200.212 139518.272 162384.652 181825.700 192979.140 200412.940 218982.017 248503.106 262987.845 266537.817 262579.166 283623.224 291125.162 271995.413 250933.843 243965.381 226649.743 194859.925 165502.717 139705.966 118383.940 100854.123 87582.669 77289.375 69309.782 63238.404 56635.424 48052.622 37785.166 26354.940 15193.021 7043.239 1978.494 303.642 47.211 8.204 1.655 0.733 0.148
0.000 0.463 3.159 21.451 149.278 1095.370 6950.392 25451.420 50953.239 79183.704 108929.825 138113.695 163652.326 182508.605 197632.156 204530.448 208011.888 224135.343 254208.000 268997.113 271752.531 275039.623 303071.592 312013.070 287953.188 282068.097 270624.487 245381.582 208759.479 177581.501 147904.820 127946.015 108458.148 93361.879 81683.182 73415.534 67827.011 63031.616 56756.341 47808.683 36792.498 24853.050 14624.559 7148.813 1863.593 261.026 38.770 6.240 0.977 0.169
0.445 3.019 20.817 147.502 1064.459 6396.628 22529.129 45358.637 70877.700 97504.154 123969.391 149274.010 171803.439 188248.332 201326.176 207235.627 209764.352 226624.525 256073.274 271097.068 272385.867 289751.223 319470.482 329407.688 305585.582 318094.310 301115.343 262634.104 224178.406 190139.220 166777.998 139781.140 117542.220 100188.398 87064.276 77853.202 71546.418 67142.229 62579.897 55774.265 45740.504 34166.892 23057.278 13759.271 7046.660 1659.891 214.859 32.890 5.386 1.008
2.964 19.987 140.399 984.209 5627.186 19340.388 39116.092 60243.590 81962.391 104171.246 127172.125 150320.417 172028.268 188901.153 201697.744 206276.922 207014.223 227269.280 256460.190 270367.824 270888.205 303754.806 334355.199 342643.737 325583.456 349342.324 327355.710 281570.115 238708.184 216264.235 182060.960 151066.543 123737.864 103363.598 89341.489 79955.520 73566.155 69349.876 65313.900 59877.233 51907.950 41844.170 31043.113 20866.038 13633.060 6536.576 1349.159 175.269 28.212 5.509
19.504 129.772 885.995 4795.667 16413.888 32441.680 48994.665 66072.022 84548.158 104475.354 125489.816 147488.872 168901.803 185256.766 196310.371 200796.955 201532.843 226623.628 256475.013 271046.989 272222.205 316966.345 348117.224 352598.202 363756.801 383766.308 345551.941 302450.801 274519.203 236443.962 196494.684 156759.977 126589.639 105504.999 90876.785 80977.520 74175.488 69555.760 65885.664 61403.533 55276.531 47069.579 37650.509 27965.037 20394.278 12611.817 5464.167 1007.614 139.472 27.531
117.609 768.206 3986.241 13516.647 25889.624 38560.924 51940.788 67009.619 82838.073 100125.948 119401.180 139986.670 160280.595 176199.056 187366.032 192195.909 193292.286 221139.120 253357.253 269318.168 271085.659 327926.501 361851.322 364196.134 400632.038 419489.415 360261.716 342373.089 305120.782 256134.358 203134.442 160852.514 129014.629 107026.504 91961.269 81775.650 74707.794 69704.496 66084.594 62311.005 57086.819 50324.697 41885.494 34757.595 26889.356 18473.339 10558.951 4211.418 702.263 127.671
646.681 3235.093 10659.118 20011.822 29490.006 40213.624 51673.910 63484.333 77104.247 92969.777 111098.879 130763.657 150452.898 166280.359 177448.293 182580.438 183873.080 212385.139 246163.152 263507.553 266945.026 336159.917 373521.266 375138.390 436785.236 439457.752 374752.981 390593.252 331624.054 266625.070 208818.236 164160.165 138244.689 115000.767 97706.327 85645.571 77569.956 71803.655 67037.609 62971.633 58900.191 54216.800 48306.011 40845.358 32323.580 23682.690 15457.553 8228.995 2956.368 567.425
2579.669 8132.802 14947.686 22138.490 30377.108 38518.624 47321.898 57713.411 70200.664 85076.780 102280.853 121154.406 140343.330 156342.470 167432.052 172956.551 174305.281 201793.411 236672.327 254406.458 258324.089 337766.127 382500.511 384953.865 476971.182 465420.326 423504.686 427482.344 351636.732 273908.293 217932.258 188681.445 152994.421 123348.891 104408.966 92426.478 84316.077 77933.126 72944.352 68947.369 64747.203 59676.514 53335.794 45590.850 36907.234 28246.029 19734.851 11925.968 5941.655 2287.613
6113.902 10894.415 16350.970 22281.694 28004.442 34442.210 42139.302 51588.226 63163.491 77047.106 93202.229 111131.195 129678.628 145827.338 156611.046 162850.494 164271.623 190045.727 225492.050 243827.661 248020.580 335754.802 385203.573 398190.548 517522.828 503410.329 489296.232 459809.489 360740.209 283952.828 258041.444 207476.492 158258.855 127720.666 108613.157 96840.314 88347.937 81795.740 76875.245 72852.616 68572.458 63695.368 57741.600 50083.264 41311.933 32078.199 23075.202 15177.498 8783.879 4731.628
7965.470 11813.575 15974.124 20012.089 24580.851 30100.151 37027.512 45708.588 56348.682 69111.907 83973.736 100657.560 118245.617 134475.607 144882.113 152087.728 153621.268 177022.117 212837.983 231585.323 236580.419 326569.449 384700.340 408434.213 556022.235 555767.793 544285.975 476724.261 370765.646 343171.083 285523.034 213083.323 158935.756 126899.649 109066.050 97523.531 88938.808 82750.189 78309.004 74398.257 70104.932 65706.743 60757.659 53447.201 44366.760 35105.592 26127.066 18057.871 11472.539 7395.399
8625.304 11212.403 14064.902 17261.802 21167.931 26162.925 32499.755 40394.739 50028.399 61581.017 75081.180 90348.846 106634.462 122356.120 133249.950 141020.952 142617.196 162297.258 199405.468 217674.081 223081.670 310163.338 380496.465 413693.300 581499.690 642026.103 586183.820 486631.963 435231.996 394623.517 292015.071 205136.226 153461.600 123780.775 107320.790 95994.339 87753.530 81981.422 77728.273 73685.403 69597.815 65978.714 61484.012 55623.379 47169.978 37881.110 28949.573 20627.296 14804.493 10187.955
7746.757 9536.067 11806.645 14568.288 18081.638 22538.111 28162.673 35151.326 43797.498 54303.697 66836.308 81190.772 96745.422 112157.980 123993.755 131754.038 133482.298 145982.083 185250.767 203441.214 208453.271 287284.941 372116.604 418764.180 595359.528 772089.756 608278.692 543090.897 519535.280 405706.157 276514.132 201624.214 160744.984 137163.778 118771.158 104426.748 94397.775 89400.060 85166.096 79267.694 72302.859 65782.664 61599.850 56555.920 49356.855 40407.389 32088.781 24904.426 18094.087 12837.399
6304.644 7679.988 9550.777 11927.714 14950.333 18757.583 23536.280 29496.601 36936.826 46140.662 57464.987 70919.579 86183.047 101921.032 115513.456 123369.916 126877.270 128963.792 169833.440 195637.212 200420.438 264461.161 356993.997 418143.922 605642.603 915404.614 626356.417 657111.520 556969.604 383002.024 301499.585 232275.748 185703.496 150048.068 126879.427 114771.867 108883.870 103727.809 96159.798 87483.798 79014.093 71767.210 65623.316 60091.471 53752.912 45777.112 37290.413 28904.883 20967.465 15181.309
4818.741 5910.259 7436.227 9399.578 11864.167 14986.212 18877.757 23791.521 29915.644 37625.262 47182.510 59037.749 73234.634 89307.584 105337.837 116274.462 122091.853 122615.406 152213.040 190628.652 202254.232 250340.262 338464.750 407220.400 612451.788 1042959.066 769970.441 779435.208 536528.046 448593.026 341007.870 250839.033 188912.940 149885.256 130062.213 120510.165 115057.458 108534.121 99694.677 89979.984 81281.193 74358.541 68528.603 63644.216 57869.318 50021.253 41217.177 32168.122 23632.003 17478.838
3499.055 4347.803 5530.213 7050.776 8945.255 11369.008 14386.399 18256.442 23071.572 29243.752 36892.390 46643.628 58556.357 73344.773 90097.737 107641.487 116972.164 121370.465 132065.879 178234.459 209408.889 236074.050 329821.326 375332.711 614600.029 1146495.318 934777.093 797892.767 640169.951 500237.883 351107.161 219764.215 164617.675 137865.671 124742.409 117976.198 112277.105 103216.795 93354.887 84581.002 77407.058 73061.843 69667.569 65980.504 60403.936 52953.357 44166.830 35110.527 26052.201 19015.251
2507.085 3117.247 3965.506 5039.261 6404.795 8145.637 10362.510 13181.331 16766.019 21322.272 27108.656 34452.077 43735.453 55389.765 69722.659 86638.812 104603.006 115304.239 117846.092 150818.050 195849.204 215234.551 314088.709 365171.612 606520.732 1216893.193 1090463.066 865085.562 745312.031 476540.888 291054.605 220129.191 172315.492 153520.356 148890.376 144295.466 132347.745 117189.618 101774.762 87999.787 76521.690 70963.401 68137.829 64895.128 60895.127 54054.241 45141.654 35857.792 26924.149 20118.629
1738.673 2195.012 2832.355 3644.947 4661.555 5946.107 7546.919 9587.125 12119.988 15362.531 19375.084 24551.058 30955.722 39329.867 49667.716 62987.460 78414.505 96001.914 107609.401 111201.987 167297.122 222065.852 287449.531 392709.464 600055.475 1298584.538 1096834.175 1081038.134 681240.692 436887.174 319061.962 236877.788 203911.700 189459.629 175760.136 160724.382 141508.117 122287.093 105428.088 91633.872 80616.904 72255.261 66563.138 63676.437 60002.709 53552.186 44907.307 35819.500 27117.902 20563.437
844.469 1129.839 1553.265 2103.662 2840.531 3782.364 5013.932 6572.818 8619.666 11191.569 14543.899 18689.366 23980.148 30285.052 38207.009 47550.665 59492.435 73385.485 89605.609 103197.047 107604.487 162805.718 214975.879 373999.296 580512.447 1572487.317 1490755.248 998492.281 668045.566 424660.528 254484.237 222632.253 208158.298 187274.085 162294.293 138314.458 119212.094 105088.485 93865.326 85569.402 79047.126 74489.347 68312.653 63627.339 58935.953 52855.181 44669.083 35752.022 27717.651 22074.365
169.036 244.420 365.042 547.013 814.679 1216.064 1803.209 2637.131 3794.949 5382.899 7544.464 10449.470 14382.490 19619.134 26531.251 35387.806 46592.623 60480.231 77781.389 97186.050 117841.007 130861.641 152254.233 215162.856 457835.467 1796089.963 1518990.932 910698.667 407656.242 375440.954 333259.255 296539.511 260664.416 224672.807 190960.897 160063.149 133366.230 110431.582 91740.275 77685.757 73806.558 71421.356 69463.471 65661.295 59602.295 53640.859 46136.715 37885.178 29829.359 23623.078
15.292 22.926 35.403 55.312 85.481 133.451 206.377 321.983 498.229 776.888 1202.759 1874.551 2903.402 4522.932 7006.399 10898.985 16667.370 25101.649 36858.070 53983.355 78079.154 109307.403 146107.864 184044.685 233559.230 901101.180 1034410.364 636833.646 536908.343 453620.690 371559.140 293863.809 228689.381 175603.860 137086.970 118762.773 104831.016 95275.049 87408.422 79408.108 71743.260 68564.448 66577.981 63657.779 60600.223 54515.681 46920.544 38674.595 30396.617 23804.480
0.000 0.000 0.000 0.000 0.000 0.000 0.000 0.000 0.000 0.000 0.000 0.000 0.000 0.000 0.000 0.000 0.000 0.000 0.000 0.000 0.000 2.168 133.708 10461.755 147727.911 431550.083 339027.467 295546.501 232575.818 216934.967 176832.295 134499.806 129957.119 123294.350 113332.059 97688.607 84146.033 82509.748 80895.079 78580.401 72334.512 65774.486 63189.386 60785.666 57896.200 53863.240 47086.205 38544.696 29855.393 22934.371
0.000 0.000 0.000 0.000 0.000 0.000 0.000 0.000 0.000 0.000 0.000 0.000 0.000 0.000 0.000 0.000 0.000 0.000 0.000 0.000 0.468 28.789 1553.277 44137.296 162133.681 386355.580 272249.093 232414.763 230795.787 174330.665 173347.136 154937.093 123716.400 109317.958 107275.880 102265.606 93909.121 82142.049 77240.096 73823.339 70928.909 66319.843 60021.375 57481.242 54960.504 51354.592 44792.005 36364.257 27705.987 20895.462
0.000 0.000 0.000 0.000 0.000 0.000 0.000 0.000 0.000 0.000 0.000 0.000 0.000 0.000 0.000 0.000 0.000 0.000 0.000 0.000 5.175 236.844 10146.698 56576.279 172909.942 352294.334 232940.323 214950.670 177127.178 171594.426 131398.303 132851.798 125087.221 103528.294 89255.180 88038.144 85082.662 78584.723 70114.488 66203.992 63721.236 61554.504 57603.156 54347.662 52262.016 48929.020 42202.668 33845.161 25356.839 18646.714
0.000 0.000 0.000 0.000 0.000 0.000 0.000 0.000 0.000 0.000 0.000 0.000 0.000 0.000 0.000 0.000 0.000 0.000 0.000 0.821 36.315 1681.613 21463.835 56782.063 159462.729 315935.504 209887.971 185642.274 151495.879 146326.007 128175.966 98740.651 102946.876 98176.893 83142.760 74516.267 73618.678 71061.011 65671.330 60053.308 58790.656 57042.514 55394.767 51930.738 50131.130 46647.651 39353.830 31026.066 22943.789 16474.858
0.000 0.000 0.000 0.000 0.000 0.000 0.000 0.000 0.000 0.000 0.000 0.000 0.000 0.000 0.000 0.000 0.000 0.000 0.000 5.626 188.360 6119.125 22655.939 66542.376 123290.643 276401.603 191282.139 159030.471 144630.304 117072.431 115450.574 93083.639 84494.817 84867.084 79766.246 67308.884 65450.437 64663.038 61489.957 56659.140 54859.485 53873.653 52940.346 50310.370 48244.572 44010.788 36400.467 28068.856 21065.441 16079.103
0.000 0.000 0.000 0.000 0.000 0.000 0.000 0.000 0.000 0.000 0.000 0.000 0.000 0.000 0.000 0.000 0.000 0.000 0.777 30.060 1031.477 9564.745 21837.188 63878.933 103657.792 227760.943 174541.536 135375.866 128831.185 103731.373 104623.769 91922.958 75245.866 75484.338 72086.648 64763.741 59836.193 59435.979 58189.340 54251.749 52220.140 51897.649 51381.250 49664.139 46145.063 41145.806 34157.427 26831.969 20047.599 14838.257
0.000 0.000 0.000 0.000 0.000 0.000 0.000 0.000 0.000 0.000 0.000 0.000 0.000 0.000 0.000 0.000 0.000 0.000 4.117 125.433 3103.872 9097.522 24308.803 53322.780 93920.185 180371.862 162087.407 125442.956 118113.779 93080.830 96763.318 90498.311 70077.912 70440.784 68113.691 62952.431 56323.586 56175.112 55670.354 52473.978 50714.234 50604.964 50305.063 48957.876 45546.906 39778.249 32571.573 25214.158 18139.509 12214.786
0.000 0.000 0.000 0.000 0.000 0.000 0.000 0.000 0.000 0.000 0.000 0.000 0.000 0.000 0.000 0.000 0.000 0.562 19.038 552.033 4012.845 9180.496 23092.736 44968.812 86154.078 145300.216 147331.125 118213.740 111542.789 85225.077 89177.725 84496.291 70152.876 66657.941 65748.927 61373.959 54236.091 54203.308 53857.446 51508.842 49573.462 49462.754 49123.471 47942.218 44207.616 37525.211 29871.638 22266.731 15372.625 9114.470
0.000 0.000 0.000 0.000 0.000 0.000 0.000 0.000 0.000 0.000 0.000 0.000 0.000 0.000 0.000 0.000 0.000 2.564 85.757 1410.846 3614.280 9572.578 20409.739 41263.855 74775.899 120626.071 130855.032 110729.727 106126.335 81398.474 83274.811 78781.961 67065.741 63026.467 62877.857 59241.785 52317.506 52324.283 52034.338 50268.888 48228.387 48087.635 47578.477 46231.431 41653.820 34285.750 26478.009 18776.404 11551.804 6413.492
0.000 0.000 0.000 0.000 0.000 0.000 0.000 0.000 0.000 0.000 0.000 0.000 0.000 0.000 0.000 0.000 0.380 11.542 350.563 1672.307 3951.557 8792.687 17247.785 38193.589 63181.705 97286.126 114788.855 101569.665 98899.288 79168.819 79661.017 74816.554 63469.663 60064.890 59916.843 56642.547 50842.523 50495.163 50243.947 48797.551 46649.060 46341.740 45403.493 43266.776 37514.176 29781.566 21780.234 14168.611 8181.183 4606.349
0.000 0.000 0.000 0.000 0.000 0.000 0.000 0.000 0.000 0.000 0.000 0.000 0.000 0.000 0.000 0.000 1.668 59.331 665.432 1492.756 3919.683 7560.486 16081.135 34090.838 50400.413 78354.581 97829.695 91680.937 90437.742 76147.747 76919.504 72316.329 60886.921 58024.592 57802.575 54558.446 49206.195 48654.042 48358.056 47112.214 44576.335 43933.422 42573.401 38995.611 32087.737 24348.220 16693.198 10149.163 6077.862 2933.121
0.000 0.000 0.000 0.000 0.000 0.000 0.000 0.000 0.000 0.000 0.000 0.000 0.000 0.000 0.000 0.244 6.746 189.776 691.801 1616.923 3345.238 6691.279 14632.465 29589.997 39462.981 63600.007 80900.265 81854.559 81431.326 70700.411 72319.739 68810.172 58980.751 55716.982 55615.899 52590.339 47479.318 46269.469 45939.639 45030.136 42237.698 40945.741 38837.083 33513.311 26332.095 18993.294 12409.680 7749.408 3807.067 1404.489
0.000 0.000 0.000 0.000 0.000 0.000 0.000 0.000 0.000 0.000 0.000 0.000 0.000 0.000 0.000 1.061 32.922 294.818 652.050 1541.142 2861.605 6282.732 13327.649 24612.534 33214.732 52937.457 65150.320 71380.616 72033.253 63951.901 66077.389 63627.180 55959.949 51900.146 51976.491 49410.892 45016.069 43338.581 43158.879 42544.716 40106.731 37163.416 33947.077 27664.488 20592.736 14875.368 9550.959 4915.818 1670.867 520.347
0.000 0.000 0.000 0.000 0.000 0.000 0.000 0.000 0.000 0.000 0.000 0.000 0.000 0.000 0.000 4.023 95.134 282.252 672.576 1282.261 2626.218 5717.390 11562.233 19665.572 27742.908 43459.340 52095.193 60828.348 62780.698 56750.765 59120.967 57487.644 52045.799 47875.539 48112.297 46000.365 42436.050 40429.376 40316.441 39905.607 37562.570 34188.735 29259.372 23222.135 17077.486 11209.281 5903.367 2042.994 648.277 149.783
