tests/test_03/output6/CloudConcentration_010.00hrs.dat
NCOLS    50
NROWS    50
XLLCORNER    -2289770.000
YLLCORNER     2591270.000
CELLSIZE        2000.000       2000.000
NODATA_VALUE  0.000
[rows 0 to 47 of 50, columns 0 to 49 of 50]
373.658 411.850 461.448 518.762 584.030 657.733 740.786 834.224 939.583 1059.378 1197.068 1358.047 1547.180 1768.277 2025.439 2325.402 2675.848 3081.600 3550.263 4097.088 4739.217 5486.210 6337.438 7292.427 8359.703 9559.745 10900.092 12349.047 13860.893 15377.836 16795.635 17946.047 18482.396 18295.787 17492.064 16048.390 14435.326 13284.215 13272.268 12005.828 10437.843 8552.551 7607.193 6616.015 5182.996 3484.396 2713.724 1961.208 1035.538 210.817
214.125 239.107 271.385 308.265 349.987 397.360 451.622 514.383 587.837 675.312 780.168 906.650 1058.182 1238.448 1454.178 1713.855 2021.897 2382.342 2810.928 3328.522 3945.736 4657.423 5466.175 6400.890 7491.943 8739.246 10112.273 11592.638 13177.688 14820.170 16397.453 17687.314 18335.766 18303.807 17634.939 16259.285 14687.592 13561.477 13603.579 12405.749 10880.721 8988.305 8036.563 7021.345 5528.865 3747.615 2936.003 2129.760 1137.721 244.877
155.909 175.381 200.450 229.063 261.553 298.819 342.193 393.462 455.048 530.289 622.366 734.171 868.774 1031.243 1229.199 1469.156 1754.545 2093.424 2503.708 3002.793 3591.739 4265.846 5044.254 5962.231 7041.903 8277.690 9645.636 11135.536 12743.036 14426.383 16077.663 17454.018 18206.605 18279.453 17785.889 16515.002 15011.323 13923.951 14034.457 12919.549 11439.585 9541.759 8586.497 7552.630 5980.059 4091.134 3222.049 2343.653 1263.228 289.766
87.777 100.499 116.771 135.436 156.945 182.296 212.952 250.797 298.411 358.902 435.034 528.210 641.974 783.292 959.127 1173.166 1430.187 1742.969 2128.980 2600.064 3150.871 3781.889 4526.592 5426.457 6497.369 7721.690 9077.283 10566.593 12192.729 13916.524 15645.065 17149.773 18028.350 18196.992 17872.613 16729.877 15327.681 14294.582 14472.394 13437.065 11996.068 10089.157 9142.085 8136.840 6458.483 4460.144 3534.591 2573.742 1397.564 343.197
49.622 57.598 67.688 79.586 94.002 111.829 134.620 163.993 201.901 250.517 311.792 388.141 484.987 609.103 763.953 952.206 1182.092 1469.484 1828.117 2257.354 2757.155 3350.252 4072.198 4948.105 5989.807 7191.005 8537.346 10024.944 11655.778 13402.277 15179.013 16798.092 17838.330 18106.336 17954.402 16936.967 15637.172 14662.467 14909.876 13949.853 12548.821 10627.784 9676.298 8768.772 6959.696 4849.632 3878.736 2820.084 1543.347 405.908
20.700 24.721 30.407 37.882 47.569 59.977 76.031 97.562 126.241 162.985 209.829 271.831 354.209 459.312 590.785 754.073 957.368 1212.834 1530.056 1915.589 2381.472 2947.068 3636.465 4474.307 5481.548 6661.732 7999.818 9485.330 11116.959 12873.764 14682.274 16370.151 17582.570 18003.686 17990.268 17124.977 15914.039 14989.173 15324.402 14440.296 13080.262 11158.860 10188.219 9416.954 7478.433 5257.735 4250.058 3080.556 1695.900 478.970
8.310 10.042 12.718 16.758 22.654 30.950 42.575 58.215 78.471 105.419 142.908 194.306 261.898 349.036 460.328 599.873 774.479 995.780 1276.788 1628.991 2064.172 2596.876 3247.614 4041.217 5004.086 6151.931 7477.374 8961.115 10587.472 12339.601 14156.151 15892.813 17228.596 17806.508 17963.021 17279.281 16139.729 15231.027 15675.491 14909.137 13574.301 11664.681 10681.542 10062.637 8007.264 5681.850 4642.527 3354.539 1856.725 563.066
3.229 3.995 5.319 7.510 10.965 16.223 23.564 33.697 48.177 69.180 98.792 139.196 193.256 264.324 355.733 471.481 618.649 809.272 1058.565 1380.462 1785.378 2284.064 2893.705 3640.344 4553.379 5658.201 6958.563 8431.899 10049.678 11787.753 13600.255 15362.775 16798.971 17496.695 17767.473 17348.426 16272.769 15389.678 15914.141 15349.649 14024.479 12139.078 11150.345 10690.904 8538.186 6117.182 5049.214 3640.666 2024.760 661.095
1.195 1.577 2.310 3.543 5.481 8.429 12.994 20.168 31.366 47.619 70.079 100.818 142.606 198.411 271.728 367.344 492.351 658.035 879.721 1172.017 1544.999 2007.405 2574.869 3274.612 4138.192 5190.547 6444.965 7888.017 9486.829 11207.325 13005.259 14778.501 16272.236 17092.588 17445.959 17254.736 16300.178 15443.272 16041.555 15709.948 14422.795 12575.880 11588.548 11283.854 9063.866 6558.624 5469.370 3937.521 2201.180 769.306
0.423 0.657 1.066 1.700 2.770 4.689 7.992 13.453 21.589 33.128 49.433 72.217 103.407 146.090 204.632 284.615 392.989 539.060 734.995 994.739 1331.470 1757.041 2286.511 2942.682 3754.223 4747.151 5940.114 7331.864 8894.751 10587.667 12362.498 14131.436 15647.772 16565.225 17021.023 16968.863 16187.287 15429.283 16072.026 15912.979 14743.334 12955.125 11988.196 11822.202 9575.191 7001.481 5898.690 4243.136 2386.852 891.721
0.000 0.289 0.504 0.832 1.488 2.941 5.527 9.112 14.182 21.991 33.681 50.044 72.733 105.291 153.059 221.802 316.994 445.324 616.299 842.500 1140.891 1528.980 2021.848 2635.781 3393.499 4322.108 5443.795 6768.307 8278.117 9927.836 11665.374 13413.673 14942.554 15899.682 16483.992 16543.697 15906.837 15221.233 15990.394 15953.539 14938.377 13252.113 12344.760 12283.940 10066.543 7440.082 6336.726 4555.889 2578.322 1021.389
0.000 0.000 0.232 0.452 0.926 1.976 3.446 5.493 8.625 13.642 21.483 33.177 50.352 76.162 115.535 174.178 257.082 368.566 516.078 711.973 973.521 1322.076 1775.213 2345.303 3048.061 3909.436 4955.819 6201.902 7641.689 9235.207 10918.966 12621.727 14149.550 15142.403 15800.295 15964.969 15503.481 14885.562 15757.787 15864.475 15006.599 13387.254 12631.372 12653.884 10529.816 7863.860 6779.022 4875.931 2780.105 1163.454
0.000 0.000 0.000 0.276 0.577 0.949 1.639 3.023 5.149 8.169 13.299 22.335 36.565 57.704 89.525 137.595 207.335 302.911 429.663 599.026 828.106 1137.165 1545.803 2067.161 2712.961 3505.289 4473.681 5637.594 6995.805 8517.367 10135.171 11770.546 13265.186 14292.612 15002.934 15227.084 14963.314 14450.975 15396.081 15592.641 14997.777 13408.558 12796.966 12947.450 10953.768 8268.633 7221.557 5203.727 2990.677 1316.532
0.000 0.000 0.000 0.000 0.221 0.450 0.862 1.642 3.115 5.433 9.009 15.529 27.172 45.091 70.995 108.817 164.269 243.579 353.138 501.348 701.455 971.421 1331.765 1800.149 2389.176 3115.002 4004.616 5082.160 6351.210 7784.879 9321.253 10875.756 12302.886 13335.148 14117.142 14368.461 14263.414 13921.871 14918.042 15200.247 14807.325 13318.406 12855.780 13050.205 11313.281 8639.963 7656.895 5538.323 3210.131 1478.539
0.000 0.000 0.000 0.000 0.000 0.000 0.402 0.839 1.799 3.621 6.424 10.999 19.589 34.266 55.567 85.239 128.119 191.933 285.189 415.133 590.054 823.318 1134.270 1546.073 2077.374 2740.631 3554.085 4542.330 5714.565 7048.556 8486.870 9947.032 11283.548 12291.594 13129.696 13423.074 13417.009 13298.709 14325.301 14696.598 14491.673 13131.653 12777.656 13035.218 11590.754 8960.621 8067.167 5874.452 3437.745 1653.332
0.000 0.000 0.000 0.000 0.000 0.000 0.229 0.512 1.104 2.362 4.762 8.403 14.270 24.718 41.397 64.929 98.681 149.848 227.089 338.080 488.702 688.384 954.381 1310.459 1781.275 2383.850 3127.135 4026.363 5094.533 6318.130 7646.167 8998.636 10233.382 11220.711 12040.833 12400.004 12462.846 12586.126 13616.700 14066.371 14012.655 12836.208 12633.951 12859.604 11724.590 9213.064 8447.031 6208.621 3668.445 1831.611
0.000 0.000 0.000 0.000 0.000 0.000 0.000 0.323 0.711 1.516 3.222 6.183 10.425 17.199 29.140 48.229 75.976 116.880 178.340 268.747 395.477 566.236 794.472 1101.087 1510.876 2046.283 2719.800 3535.249 4499.012 5606.724 6816.597 8051.051 9165.286 10124.910 10927.084 11284.565 11446.972 11780.312 12808.218 13307.431 13347.416 12445.683 12396.564 12593.521 11726.492 9343.110 8782.263 6530.971 3897.371 2016.829
0.000 0.000 0.000 0.000 0.000 0.000 0.000 0.000 0.398 0.834 1.827 3.987 7.276 11.934 19.951 34.627 57.899 90.931 138.267 208.204 311.152 456.721 654.399 918.372 1271.081 1736.367 2331.645 3063.380 3930.835 4924.796 6012.898 7124.107 8113.316 9009.956 9800.946 10145.123 10374.474 10841.756 11909.891 12455.541 12512.201 11942.161 12067.829 12240.884 11565.247 9381.371 9054.664 6837.976 4121.047 2201.408
0.000 0.000 0.000 0.000 0.000 0.000 0.000 0.000 0.217 0.494 1.088 2.256 4.581 8.499 14.518 24.651 41.992 68.432 105.700 159.775 241.067 361.273 530.443 758.290 1060.024 1457.440 1972.955 2617.583 3389.998 4276.063 5244.416 6231.841 7096.324 7919.121 8623.021 9008.445 9276.428 9861.793 10906.953 11538.344 11587.490 11290.497 11581.432 11810.412 11286.466 9295.264 9227.404 7125.991 4337.134 2381.335
0.000 0.000 0.000 0.000 0.000 0.000 0.000 0.000 0.000 0.324 0.645 1.303 2.751 5.760 10.511 17.526 28.990 48.612 78.838 122.271 185.699 280.439 419.290 613.927 873.741 1212.096 1649.843 2206.996 2885.530 3665.818 4510.061 5367.769 6129.437 6871.226 7461.420 7870.680 8184.844 8879.904 9860.296 10525.817 10623.877 10507.847 10989.324 11293.014 10903.640 9094.300 9280.479 7377.822 4546.488 2546.253
0.000 0.000 0.000 0.000 0.000 0.000 0.000 0.000 0.000 0.000 0.405 0.812 1.673 3.431 6.677 11.994 19.947 33.225 55.883 91.582 143.118 216.688 325.190 483.167 704.264 995.554 1367.502 1837.906 2418.474 3095.929 3827.044 4551.363 5221.217 5878.529 6367.296 6764.514 7098.232 7904.114 8802.189 9409.167 9638.362 9635.523 10311.325 10672.960 10400.619 8828.805 9191.048 7604.686 4746.868 2705.312
0.000 0.000 0.000 0.000 0.000 0.000 0.000 0.000 0.000 0.000 0.000 0.431 0.912 1.845 3.753 7.400 13.496 23.108 38.702 64.959 106.133 166.022 251.141 373.127 548.505 792.484 1114.421 1515.600 2001.193 2570.795 3192.219 3802.865 4382.178 4943.090 5338.832 5716.102 6075.118 6952.003 7778.497 8275.950 8610.453 8795.058 9562.074 9950.991 9761.100 8584.010 8959.877 7690.512 4929.765 2862.878
0.000 0.000 0.000 0.000 0.000 0.000 0.000 0.000 0.000 0.000 0.000 0.000 0.465 0.979 2.028 4.240 8.502 15.598 26.538 44.404 74.162 121.406 190.453 287.412 423.481 614.543 876.385 1217.365 1631.196 2102.661 2609.851 3107.618 3607.753 4066.505 4408.159 4736.966 5256.825 6043.850 6730.622 7206.794 7559.921 8035.491 8805.959 9143.677 9029.996 8355.798 8640.407 7672.715 5092.657 3010.893
0.000 0.000 0.000 0.000 0.000 0.000 0.000 0.000 0.000 0.000 0.000 0.000 0.000 0.465 1.112 2.358 4.779 9.431 17.676 30.585 50.727 83.369 135.518 213.322 322.355 471.874 676.391 948.575 1289.139 1682.360 2096.130 2490.923 2902.561 3270.801 3583.128 3877.853 4482.413 5180.264 5725.154 6198.653 6547.507 7227.604 8035.065 8297.157 8257.551 8050.038 8271.229 7474.306 5226.826 3154.793
0.000 0.000 0.000 0.000 0.000 0.000 0.000 0.000 0.000 0.000 0.000 0.000 0.000 0.000 0.427 1.068 2.373 4.897 10.110 19.523 34.727 57.681 92.789 148.214 233.339 355.083 516.956 725.806 989.157 1300.477 1632.706 1962.566 2293.018 2570.919 2853.044 3180.083 3774.435 4349.346 4808.920 5243.160 5612.131 6442.413 7198.297 7475.705 7479.597 7617.701 7845.604 7183.639 5324.562 3263.110
0.000 0.000 0.000 0.000 0.000 0.000 0.000 0.000 0.000 0.000 0.000 0.000 0.000 0.000 0.000 0.389 0.955 2.411 5.443 10.758 20.610 37.127 62.789 101.723 161.098 250.822 378.417 545.123 746.102 975.338 1227.077 1494.868 1767.036 1989.921 2211.896 2611.673 3125.040 3570.918 3987.188 4367.023 4955.324 5689.499 6280.372 6666.504 6738.832 7131.564 7413.066 6819.937 5386.864 3328.966
0.000 0.000 0.000 0.000 0.000 0.000 0.000 0.000 0.000 0.000 0.000 0.000 0.000 0.000 0.000 0.000 0.372 0.912 2.268 5.499 10.855 20.380 38.122 67.221 109.999 171.541 259.769 382.333 539.978 720.803 905.110 1101.539 1304.857 1500.793 1710.700 2109.729 2526.454 2896.683 3257.329 3660.911 4336.307 4934.585 5428.496 5852.877 6013.861 6598.964 6902.841 6419.743 5416.781 3363.139
0.000 0.000 0.000 0.000 0.000 0.000 0.000 0.000 0.000 0.000 0.000 0.000 0.000 0.000 0.000 0.000 0.000 0.358 0.880 2.142 5.295 11.510 21.611 38.842 67.736 112.140 175.742 260.818 368.995 500.120 644.925 800.862 940.461 1086.441 1343.389 1674.785 1989.628 2312.162 2629.768 3148.157 3718.653 4209.926 4663.525 5056.285 5481.435 6083.439 6318.922 5988.333 5390.345 3388.079
0.000 0.000 0.000 0.000 0.000 0.000 0.000 0.000 0.000 0.000 0.000 0.000 0.000 0.000 0.000 0.000 0.000 0.000 0.349 0.876 2.158 5.217 11.522 22.088 39.023 66.786 110.105 171.868 249.739 337.732 434.944 546.109 658.625 789.887 1025.941 1289.291 1547.316 1802.673 2149.790 2635.268 3102.627 3529.076 3932.990 4306.326 4893.819 5482.396 5691.971 5521.384 5259.868 3420.911
0.000 0.000 0.000 0.000 0.000 0.000 0.000 0.000 0.000 0.000 0.000 0.000 0.000 0.000 0.000 0.000 0.000 0.000 0.000 0.339 0.852 2.089 4.844 10.539 21.154 38.936 66.241 104.475 155.504 216.856 287.835 360.921 437.580 584.315 767.979 956.193 1160.354 1369.543 1726.450 2119.436 2495.433 2858.627 3203.147 3636.524 4236.040 4758.550 5026.528 4968.355 4982.497 3425.869
0.000 0.000 0.000 0.000 0.000 0.000 0.000 0.000 0.000 0.000 0.000 0.000 0.000 0.000 0.000 0.000 0.000 0.000 0.000 0.000 0.322 0.799 1.974 4.815 10.662 20.670 36.974 61.128 93.134 131.358 176.523 227.744 302.242 412.612 542.718 682.099 824.848 1024.915 1303.972 1606.626 1901.802 2198.021 2496.583 2992.766 3510.266 3946.939 4274.490 4330.283 4529.226 3381.839
0.000 0.000 0.000 0.000 0.000 0.000 0.000 0.000 0.000 0.000 0.000 0.000 0.000 0.000 0.000 0.000 0.000 0.000 0.000 0.000 0.000 0.296 0.718 1.779 4.390 9.751 18.854 33.186 52.182 76.199 104.168 135.846 196.871 271.596 353.100 443.203 538.363 706.093 905.334 1119.760 1345.140 1574.259 1913.200 2329.308 2739.443 3128.949 3482.066 3715.913 3991.080 3228.108
0.000 0.000 0.000 0.000 0.000 0.000 0.000 0.000 0.000 0.000 0.000 0.000 0.000 0.000 0.000 0.000 0.000 0.000 0.000 0.000 0.000 0.000 0.257 0.612 1.498 3.661 8.336 15.930 26.221 39.605 54.484 77.560 111.335 151.220 196.328 243.460 324.097 431.302 555.826 698.056 851.240 1083.817 1368.682 1673.551 2001.390 2335.451 2674.552 3117.514 3381.260 2960.341
0.000 0.000 0.000 0.000 0.000 0.000 0.000 0.000 0.000 0.000 0.000 0.000 0.000 0.000 0.000 0.000 0.000 0.000 0.000 0.000 0.000 0.000 0.103 0.227 0.516 1.238 2.978 5.942 10.063 14.993 22.240 32.646 45.045 63.427 88.884 120.830 162.476 217.171 296.391 403.552 539.451 703.466 892.852 1107.556 1348.598 1661.615 2060.676 2488.442 2685.083 2603.321
0.000 0.000 0.000 0.000 0.000 0.000 0.000 0.000 0.000 0.000 0.000 0.000 0.000 0.000 0.000 0.000 0.000 0.000 0.000 0.000 0.000 0.000 0.000 0.096 0.224 0.448 0.866 1.652 2.969 5.142 8.325 13.107 20.788 31.896 47.308 67.518 93.712 128.262 174.342 235.959 317.599 425.536 574.955 755.205 958.693 1202.526 1496.395 1836.287 2043.244 2347.035
0.000 0.000 0.000 0.000 0.000 0.000 0.000 0.000 0.000 0.000 0.000 0.000 0.000 0.000 0.000 0.000 0.000 0.000 0.000 0.000 0.000 0.000 0.000 0.072 0.152 0.315 0.614 1.124 1.976 3.339 5.382 8.314 12.464 18.492 27.394 39.910 58.337 83.378 117.216 161.037 217.905 293.037 390.544 509.714 652.876 827.302 1038.772 1293.624 1494.781 2003.026
0.000 0.000 0.000 0.000 0.000 0.000 0.000 0.000 0.000 0.000 0.000 0.000 0.000 0.000 0.000 0.000 0.000 0.000 0.000 0.000 0.000 0.000 0.000 0.000 0.121 0.240 0.452 0.799 1.324 2.238 3.706 5.903 9.098 13.619 19.908 28.677 40.566 56.876 79.759 110.189 149.083 198.894 263.713 350.641 461.043 600.083 769.471 991.201 1178.942 1586.844
0.000 0.000 0.000 0.000 0.000 0.000 0.000 0.000 0.000 0.000 0.000 0.000 0.000 0.000 0.000 0.000 0.000 0.000 0.000 0.000 0.000 0.000 0.000 0.000 0.088 0.171 0.320 0.594 1.054 1.758 2.802 4.309 6.488 9.702 14.181 20.182 28.433 40.333 57.861 81.999 113.494 153.926 207.280 271.662 350.294 452.169 575.980 740.417 879.200 1194.357
0.000 0.000 0.000 0.000 0.000 0.000 0.000 0.000 0.000 0.000 0.000 0.000 0.000 0.000 0.000 0.000 0.000 0.000 0.000 0.000 0.000 0.000 0.000 0.000 0.000 0.139 0.250 0.444 0.771 1.282 2.055 3.325 5.139 7.799 11.603 16.835 23.400 32.649 45.501 63.024 86.198 116.292 154.467 199.114 256.988 328.419 411.125 516.852 606.194 824.243
0.000 0.000 0.000 0.000 0.000 0.000 0.000 0.000 0.000 0.000 0.000 0.000 0.000 0.000 0.000 0.000 0.000 0.000 0.000 0.000 0.000 0.000 0.000 0.000 0.000 0.107 0.207 0.366 0.662 1.106 1.775 2.785 4.253 6.341 9.318 13.249 18.186 24.914 33.513 45.430 61.251 81.150 104.449 135.984 177.281 226.892 281.800 353.419 414.941 570.555
0.000 0.000 0.000 0.000 0.000 0.000 0.000 0.000 0.000 0.000 0.000 0.000 0.000 0.000 0.000 0.000 0.000 0.000 0.000 0.000 0.000 0.000 0.000 0.000 0.000 0.098 0.186 0.324 0.550 0.893 1.411 2.172 3.257 4.743 6.789 9.426 12.966 17.540 23.300 31.268 42.557 57.310 74.232 97.187 127.562 166.824 210.923 271.804 325.132 451.918
0.000 0.000 0.000 0.000 0.000 0.000 0.000 0.000 0.000 0.000 0.000 0.000 0.000 0.000 0.000 0.000 0.000 0.000 0.000 0.000 0.000 0.000 0.000 0.000 0.000 0.000 0.148 0.259 0.418 0.653 1.008 1.539 2.376 3.573 5.228 7.392 10.164 13.901 18.808 25.417 34.087 45.090 58.014 75.277 97.855 126.352 158.558 201.649 238.454 320.953
0.000 0.000 0.000 0.000 0.000 0.000 0.000 0.000 0.000 0.000 0.000 0.000 0.000 0.000 0.000 0.000 0.000 0.000 0.000 0.000 0.000 0.000 0.000 0.000 0.000 0.000 0.111 0.206 0.354 0.573 0.885 1.342 1.984 2.901 4.155 5.825 8.009 10.843 14.492 19.115 24.762 31.850 39.916 50.792 64.629 82.536 103.610 130.860 153.849 204.225
0.000 0.000 0.000 0.000 0.000 0.000 0.000 0.000 0.000 0.000 0.000 0.000 0.000 0.000 0.000 0.000 0.000 0.000 0.000 0.000 0.000 0.000 0.000 0.000 0.000 0.000 0.108 0.189 0.304 0.458 0.687 1.001 1.450 2.095 2.964 4.101 5.562 7.420 9.783 12.594 15.751 19.567 23.981 29.710 37.135 47.254 59.482 74.860 88.508 116.564
0.000 0.000 0.000 0.000 0.000 0.000 0.000 0.000 0.000 0.000 0.000 0.000 0.000 0.000 0.000 0.000 0.000 0.000 0.000 0.000 0.000 0.000 0.000 0.000 0.000 0.000 0.000 0.136 0.216 0.328 0.467 0.644 0.912 1.290 1.794 2.484 3.437 4.683 6.267 8.234 10.455 12.939 15.747 19.424 24.043 30.003 37.165 45.975 54.220 75.260
0.000 0.000 0.000 0.000 0.000 0.000 0.000 0.000 0.000 0.000 0.000 0.000 0.000 0.000 0.000 0.000 0.000 0.000 0.000 0.000 0.000 0.000 0.000 0.000 0.000 0.000 0.000 0.096 0.160 0.245 0.364 0.523 0.729 0.999 1.382 1.895 2.560 3.400 4.427 5.644 7.035 8.573 10.634 13.107 15.997 19.700 24.357 29.760 35.374 47.912
0.000 0.000 0.000 0.000 0.000 0.000 0.000 0.000 0.000 0.000 0.000 0.000 0.000 0.000 0.000 0.000 0.000 0.000 0.000 0.000 0.000 0.000 0.000 0.000 0.000 0.000 0.000 0.000 0.117 0.170 0.246 0.349 0.488 0.670 0.908 1.213 1.595 2.063 2.598 3.183 3.834 4.605 5.426 6.453 7.606 9.080 11.003 13.319 16.101 21.598
0.000 0.000 0.000 0.000 0.000 0.000 0.000 0.000 0.000 0.000 0.000 0.000 0.000 0.000 0.000 0.000 0.000 0.000 0.000 0.000 0.000 0.000 0.000 0.000 0.000 0.000 0.000 0.000 0.000 0.092 0.131 0.186 0.259 0.351 0.471 0.626 0.825 1.078 1.389 1.760 2.196 2.715 3.291 3.957 4.752 5.599 6.804 8.130 9.317 10.982
