tests/test_03/output6/CloudLoad_010.00hrs.dat
NCOLS    50
NROWS    50
XLLCORNER    -2289770.000
YLLCORNER     2591270.000
CELLSIZE        2000.000       2000.000
NODATA_VALUE  0.000
[rows 0 to 46 of 50, columns 0 to 49 of 50]
0.000 0.000 0.000 0.000 0.000 0.000 0.000 0.000 0.000 0.000 0.000 0.000 0.000 0.000 0.000 0.000 0.000 0.275 0.406 0.586 0.813 1.080 1.336 1.561 1.731 1.838 1.917 1.938 1.899 1.792 1.520 1.143 0.735 0.399 0.000 0.000 0.000 0.000 0.000 0.000 0.000 0.000 0.000 0.000 0.000 0.000 0.000 0.000 0.000 0.000
0.000 0.000 0.000 0.000 0.000 0.000 0.000 0.000 0.000 0.000 0.000 0.000 0.000 0.000 0.202 0.310 0.474 0.718 1.072 1.561 2.183 2.922 3.608 4.194 4.615 4.886 4.977 4.968 4.828 4.530 3.851 2.924 1.905 1.061 0.471 0.000 0.000 0.000 0.000 0.000 0.000 0.000 0.000 0.000 0.000 0.000 0.000 0.000 0.000 0.000
0.000 0.000 0.000 0.000 0.000 0.000 0.000 0.000 0.000 0.000 0.000 0.209 0.319 0.489 0.748 1.140 1.731 2.606 3.865 5.596 7.780 10.282 12.547 14.203 15.404 15.753 15.558 15.060 14.273 13.124 11.032 8.417 5.495 3.129 1.425 0.353 0.000 0.000 0.000 0.000 0.000 0.000 0.000 0.000 0.000 0.000 0.000 0.000 0.000 0.000
0.000 0.000 0.000 0.000 0.000 0.000 0.000 0.000 0.000 0.285 0.440 0.679 1.047 1.612 2.477 3.795 5.784 8.740 13.013 18.906 26.523 34.801 41.995 47.497 49.551 49.421 47.331 44.613 40.939 36.510 30.476 23.360 15.295 8.916 4.191 1.121 0.356 0.000 0.000 0.000 0.000 0.000 0.000 0.000 0.000 0.000 0.000 0.000 0.000 0.000
0.000 0.000 0.000 0.000 0.000 0.000 0.252 0.390 0.601 0.927 1.430 2.202 3.390 5.215 8.009 12.267 18.701 28.269 42.121 61.236 86.228 113.103 135.964 154.056 158.449 156.921 146.718 134.467 119.180 102.958 83.773 63.870 41.966 24.860 12.055 3.512 1.151 0.304 0.000 0.000 0.000 0.000 0.000 0.000 0.000 0.000 0.000 0.000 0.000 0.000
0.000 0.000 0.000 0.230 0.354 0.544 0.838 1.290 1.987 3.058 4.706 7.239 11.134 17.109 26.261 40.196 61.235 92.471 137.588 199.418 279.644 364.328 437.438 491.702 506.127 499.322 456.203 403.866 346.694 290.467 229.411 171.921 113.495 67.619 33.670 10.741 3.651 0.976 0.224 0.000 0.000 0.000 0.000 0.000 0.000 0.000 0.000 0.000 0.000 0.000
0.273 0.374 0.553 0.835 1.269 1.932 2.945 4.490 6.852 10.460 15.983 24.441 37.420 57.321 87.819 134.287 204.525 308.924 459.834 665.689 930.483 1189.064 1410.946 1556.288 1593.518 1563.185 1409.123 1217.483 1003.928 816.869 632.284 455.519 303.568 180.156 90.569 31.682 11.290 3.026 0.715 0.000 0.000 0.000 0.000 0.000 0.000 0.000 0.000 0.000 0.000 0.000
1.381 1.941 2.877 4.244 6.263 9.238 13.632 20.117 29.687 43.816 64.619 95.300 140.439 207.316 307.078 459.624 692.923 1043.994 1552.600 2250.189 3178.037 4026.319 4721.321 5042.748 5053.292 4812.315 4319.238 3682.696 2958.209 2305.803 1715.330 1227.757 804.671 474.188 235.218 89.308 33.444 8.970 2.181 0.425 0.000 0.000 0.000 0.000 0.000 0.000 0.000 0.000 0.000 0.000
3.280 4.770 7.375 11.365 17.502 26.877 41.270 63.239 96.961 148.485 227.605 348.593 533.927 816.040 1243.237 1881.215 2822.139 4183.472 6098.758 8649.760 11966.256 15086.755 17843.352 18427.821 17729.428 15663.510 13442.195 11092.029 8722.060 6601.543 4740.342 3281.857 2112.822 1228.000 601.454 240.796 93.864 25.381 6.254 1.262 0.256 0.000 0.000 0.000 0.000 0.000 0.000 0.000 0.000 0.000
6.059 9.019 14.243 22.443 35.279 55.315 86.534 135.025 210.334 326.925 507.733 787.381 1221.428 1893.663 2938.730 4557.875 7067.014 10922.680 16752.922 25123.406 36774.709 49078.729 59845.642 65967.114 65600.778 58955.287 48565.939 37106.642 27331.962 19524.157 13342.687 8940.981 5514.617 3091.544 1517.505 621.670 249.581 68.680 16.791 3.480 0.735 0.000 0.000 0.000 0.000 0.000 0.000 0.000 0.000 0.000
9.574 14.558 23.386 37.523 60.066 96.003 153.032 243.459 386.191 611.329 965.028 1520.000 2387.786 3742.318 5850.998 9122.519 14177.651 21914.617 33619.903 50775.454 75529.056 103955.048 130088.460 148454.988 154628.428 147587.997 131088.461 105366.605 80268.103 58835.424 40461.228 25545.051 14873.145 7740.667 3764.246 1542.451 627.320 176.561 43.374 9.047 1.961 0.429 0.000 0.000 0.000 0.000 0.000 0.000 0.000 0.000
13.503 20.854 33.944 55.207 89.603 145.262 235.047 379.863 612.686 986.764 1585.706 2543.958 4070.013 6496.676 10331.573 16370.013 25774.852 40239.215 61850.359 92510.213 135620.158 184004.965 233029.584 269861.324 290792.074 277720.436 255177.727 216395.502 173740.133 134612.871 98159.452 65623.573 39453.528 20229.844 9258.268 3721.977 1484.406 427.937 107.141 22.743 4.993 1.112 0.269 0.000 0.000 0.000 0.000 0.000 0.000 0.000
17.288 27.251 44.936 73.925 121.279 198.615 324.487 529.567 863.348 1407.743 2294.171 3733.697 6065.984 9838.580 15923.187 25696.089 41268.606 65730.256 102999.414 156295.374 229357.618 299828.787 376214.050 429177.846 469559.294 450446.997 415757.612 368247.161 307065.345 248643.283 191693.968 136047.799 87326.296 47893.894 22506.487 8803.949 3338.336 975.213 240.770 52.575 12.015 2.734 0.669 0.000 0.000 0.000 0.000 0.000 0.000 0.000
18.679 30.086 50.648 85.105 142.824 239.194 399.790 666.360 1107.050 1832.378 3021.918 4971.807 8160.328 13369.927 21861.142 35681.680 58088.740 93991.065 149724.409 231765.472 345221.144 456837.493 567544.364 637798.779 679995.225 666581.923 601282.136 534183.578 463152.299 392347.708 317285.386 237876.147 161746.632 96816.854 48740.462 19370.212 7171.954 2092.802 514.939 112.855 26.170 6.151 1.549 0.399 0.000 0.000 0.000 0.000 0.000 0.000
18.890 30.569 51.707 87.439 147.857 249.805 421.962 712.077 1201.205 2023.819 3406.941 5725.126 9604.119 16069.548 26820.501 44611.288 73828.893 121227.999 195920.114 308214.016 467012.126 629457.193 803521.397 907373.945 924525.607 895937.300 791703.336 678443.493 590907.630 523796.654 459157.738 364086.202 260468.705 167345.359 92274.622 39119.476 14312.542 4283.249 1050.442 231.286 54.192 12.847 3.265 0.853 0.226 0.000 0.000 0.000 0.000 0.000
18.160 29.881 51.049 86.991 147.869 250.735 424.501 718.259 1215.348 2055.815 3477.649 5881.349 9947.778 16816.355 28404.011 47884.153 80527.479 134656.941 222225.945 356603.408 558604.365 769043.557 1019920.604 1177034.751 1182419.939 1133355.358 1010229.806 840004.434 703148.193 622782.317 568935.076 495117.048 379537.543 256135.216 153265.044 71599.203 26517.215 8173.087 2036.589 450.494 106.412 25.489 6.548 1.730 0.461 0.000 0.000 0.000 0.000 0.000
14.791 24.773 42.977 74.577 129.248 224.034 387.561 669.214 1151.717 1978.445 3388.124 5791.591 9872.394 16799.176 28519.247 48315.991 81632.738 137325.472 228369.059 368735.354 591491.786 832385.864 1157877.484 1373362.346 1428905.947 1337399.677 1167856.381 971276.841 794549.201 699365.281 643802.363 583182.930 492189.861 356297.798 227504.500 116094.931 45059.785 14386.497 3664.087 822.185 197.678 47.800 12.350 3.292 0.886 0.239 0.000 0.000 0.000 0.000
11.395 19.260 33.639 58.742 102.417 178.527 310.739 540.601 939.162 1630.327 2827.067 4898.689 8478.965 14664.374 25329.677 43709.500 75199.301 128683.279 217214.587 355614.630 576624.707 820077.479 1174442.743 1433532.432 1598336.732 1579834.239 1278700.297 1000272.416 817953.742 723178.736 696758.213 655951.566 574622.417 445123.551 302333.858 168977.993 70512.233 23261.836 6040.390 1380.416 339.590 83.758 21.895 5.897 1.600 0.434 0.000 0.000 0.000 0.000
8.151 13.945 24.643 43.424 76.503 134.478 236.270 414.372 726.318 1271.245 2223.567 3884.384 6780.997 11824.470 20603.703 35854.151 62290.418 107780.573 184558.731 306589.807 512686.246 746788.855 1083176.306 1365144.443 1694719.788 1884050.964 1394419.208 1051878.793 780140.972 673115.074 678368.771 686511.536 640338.189 521444.264 372865.667 223246.263 101846.847 34759.794 9165.967 2123.727 535.020 135.348 35.899 9.782 2.681 0.734 0.000 0.000 0.000 0.000
5.098 8.895 15.967 28.559 51.057 90.991 162.073 287.891 511.060 905.043 1601.606 2828.286 4990.628 8789.940 15468.979 27180.508 47703.835 83448.631 144690.596 243192.773 415077.766 614418.012 919475.542 1215508.871 1670213.480 2207554.690 1582126.607 1081314.194 746778.029 608346.386 635295.941 675710.209 669157.357 576482.687 429392.929 272465.437 135311.028 48783.068 13105.120 3071.178 785.762 202.426 54.491 15.013 4.153 1.146 0.315 0.000 0.000 0.000
2.758 4.953 9.037 16.481 29.904 54.222 97.936 176.735 317.975 571.410 1024.446 1834.101 3277.539 5848.217 10419.229 18536.012 32934.067 58404.975 102968.857 176876.569 314595.043 479987.263 727329.928 1011520.194 1552429.810 2572334.985 1724132.593 1171056.891 727647.292 555557.558 558790.533 628225.415 669970.649 602997.258 470661.616 309485.414 162684.642 63607.521 17464.679 4137.291 1074.536 284.707 77.745 21.626 6.017 1.668 0.460 0.000 0.000 0.000
1.194 2.288 4.348 8.286 15.484 28.985 53.379 98.575 180.316 329.920 599.535 1089.874 1970.422 3563.554 6417.520 11558.899 20752.295 37249.093 66606.072 117724.877 210288.688 355610.143 571907.008 836136.745 1378532.458 3116594.784 2004173.378 1276790.743 712810.606 531080.257 524633.862 588219.300 651487.042 598594.679 490215.238 337026.658 184055.410 75942.301 21368.927 5197.332 1384.409 375.129 103.567 29.032 8.149 2.275 0.631 0.000 0.000 0.000
0.296 0.603 1.222 2.484 5.002 10.121 20.223 40.323 78.735 153.228 292.492 557.179 1042.850 1946.073 3579.535 6587.368 12028.492 21937.569 39786.452 71986.755 127531.934 238203.633 405475.750 655499.288 1215643.906 4021475.407 2359690.161 1297433.857 694976.542 547642.936 509116.204 542207.029 609671.856 585724.642 490743.686 342529.603 194102.545 84041.160 24388.126 6112.718 1648.933 455.169 128.629 36.517 10.322 2.897 0.807 0.223 0.000 0.000
0.000 0.000 0.213 0.445 0.931 1.942 4.047 8.419 17.489 36.255 75.058 154.835 319.702 655.601 1342.458 2695.327 5345.072 10415.070 20062.766 37960.872 70858.343 128462.301 248468.172 495216.344 1047310.145 5277841.208 2758499.330 1261495.827 733632.648 589900.820 514309.328 513724.608 577205.646 561984.953 467715.184 335025.453 193016.101 85913.920 25555.830 6598.046 1836.948 521.963 149.058 42.561 12.077 3.401 0.951 0.264 0.000 0.000
0.000 0.000 0.000 0.000 0.000 0.000 0.418 0.904 1.957 4.237 9.174 19.860 42.996 93.083 201.519 436.274 944.532 2044.836 4427.684 9587.268 21070.629 45016.044 91972.116 219700.042 609639.648 4712435.732 2966893.056 1469218.584 908042.143 659563.119 513919.614 477302.179 530799.793 519014.708 435817.533 315822.314 181071.806 82720.876 24988.033 6661.744 1893.860 548.033 159.053 45.833 13.063 3.690 1.034 0.288 0.000 0.000
0.000 0.000 0.000 0.000 0.000 0.000 0.000 0.000 0.000 0.000 0.000 0.000 0.000 0.000 0.000 0.000 0.000 0.000 0.306 0.598 1.169 2.649 42.986 5414.821 161759.672 1327392.409 762317.472 547976.683 448366.175 399050.479 378727.916 416989.916 476381.299 478204.673 402574.721 284725.957 159395.246 71496.036 23111.226 6306.668 1818.546 537.043 158.209 45.927 13.140 3.722 1.045 0.291 0.000 0.000
0.000 0.000 0.000 0.000 0.000 0.000 0.000 0.000 0.000 0.000 0.000 0.000 0.000 0.000 0.000 0.000 0.000 0.000 0.000 0.000 0.398 5.108 459.297 13376.959 183289.554 940176.517 540196.088 409585.477 353773.335 327160.352 344880.251 381328.038 447298.749 435003.870 359273.952 238470.003 133509.527 59159.793 19625.918 5473.771 1642.367 498.779 149.327 43.474 12.449 3.529 0.992 0.277 0.000 0.000
0.000 0.000 0.000 0.000 0.000 0.000 0.000 0.000 0.000 0.000 0.000 0.000 0.000 0.000 0.000 0.000 0.000 0.000 0.000 0.000 0.571 44.796 1266.110 18784.745 158768.596 644976.040 484042.105 366201.547 313004.634 305983.198 325623.755 368624.696 406046.309 380213.596 299130.351 188482.253 102940.357 45795.679 15366.488 4466.501 1383.196 424.943 127.030 37.009 10.590 3.000 0.842 0.234 0.000 0.000
0.000 0.000 0.000 0.000 0.000 0.000 0.000 0.000 0.000 0.000 0.000 0.000 0.000 0.000 0.000 0.000 0.000 0.000 0.000 0.000 4.322 124.273 1469.879 18541.987 109225.169 441120.817 432586.589 357757.460 309469.239 305135.690 316141.006 342676.553 352806.751 311526.808 226713.572 139272.121 75170.796 33466.510 10980.135 3407.695 1104.362 346.023 104.061 30.306 8.667 2.457 0.690 0.000 0.000 0.000
0.000 0.000 0.000 0.000 0.000 0.000 0.000 0.000 0.000 0.000 0.000 0.000 0.000 0.000 0.000 0.000 0.000 0.000 0.000 0.423 12.007 139.274 1572.059 14478.314 70959.820 256731.179 332975.185 318309.898 292130.053 287453.744 287883.033 294763.048 281330.408 228603.554 157402.735 96207.670 49330.064 21270.139 7255.912 2374.996 766.416 236.825 70.481 20.331 5.762 1.620 0.450 0.000 0.000 0.000
0.000 0.000 0.000 0.000 0.000 0.000 0.000 0.000 0.000 0.000 0.000 0.000 0.000 0.000 0.000 0.000 0.000 0.000 0.000 1.168 13.644 128.283 1413.734 9422.421 40745.140 126903.960 204332.062 227918.286 230737.523 232399.573 226472.439 219478.532 192304.102 148650.963 97292.183 57203.704 28541.986 11944.689 4094.816 1379.289 453.129 141.715 42.355 12.175 3.434 0.952 0.258 0.000 0.000 0.000
0.000 0.000 0.000 0.000 0.000 0.000 0.000 0.000 0.000 0.000 0.000 0.000 0.000 0.000 0.000 0.000 0.000 0.000 0.000 1.323 12.044 108.416 938.149 5216.932 20570.092 50714.111 96582.970 128027.023 141101.331 145772.003 138964.757 130302.706 106815.479 78253.443 50342.195 28227.025 13564.440 5468.364 2015.564 699.431 226.957 68.827 19.617 5.381 1.464 0.393 0.000 0.000 0.000 0.000
0.000 0.000 0.000 0.000 0.000 0.000 0.000 0.000 0.000 0.000 0.000 0.000 0.000 0.000 0.000 0.000 0.000 0.000 0.000 1.165 9.545 72.719 529.690 2519.079 9682.755 19560.118 33501.649 50551.669 63117.025 67298.415 64834.845 59073.595 45757.056 32106.160 19764.394 10496.837 4907.280 1989.809 685.035 219.320 65.383 18.210 4.812 1.223 0.302 0.000 0.000 0.000 0.000 0.000
0.000 0.000 0.000 0.000 0.000 0.000 0.000 0.000 0.000 0.000 0.000 0.000 0.000 0.000 0.000 0.000 0.000 0.000 0.000 0.913 6.286 41.867 249.375 1046.487 3974.693 7972.409 11961.034 15741.612 18900.213 20968.077 21387.542 19387.919 15023.714 10243.032 6252.987 3311.879 1542.502 623.788 212.843 66.225 18.868 5.015 1.271 0.312 0.000 0.000 0.000 0.000 0.000 0.000
0.000 0.000 0.000 0.000 0.000 0.000 0.000 0.000 0.000 0.000 0.000 0.000 0.000 0.000 0.000 0.000 0.000 0.000 0.000 0.595 3.556 20.011 101.854 369.907 1309.592 2777.363 4271.315 5321.310 6063.621 6405.423 5996.875 5053.547 3840.273 2602.475 1561.263 809.115 361.847 138.742 45.563 13.725 3.781 0.982 0.246 0.000 0.000 0.000 0.000 0.000 0.000 0.000
0.000 0.000 0.000 0.000 0.000 0.000 0.000 0.000 0.000 0.000 0.000 0.000 0.000 0.000 0.000 0.000 0.000 0.000 0.000 0.335 1.680 8.245 35.740 116.631 382.840 799.572 1231.449 1523.974 1661.000 1720.311 1591.728 1297.743 925.830 599.757 334.288 160.645 68.232 24.485 7.723 2.258 0.622 0.000 0.000 0.000 0.000 0.000 0.000 0.000 0.000 0.000
0.000 0.000 0.000 0.000 0.000 0.000 0.000 0.000 0.000 0.000 0.000 0.000 0.000 0.000 0.000 0.000 0.000 0.000 0.000 0.000 0.690 2.853 11.064 34.962 102.411 216.938 336.060 416.380 447.793 452.813 411.447 326.565 227.893 144.878 78.995 37.595 15.755 5.590 1.749 0.508 0.000 0.000 0.000 0.000 0.000 0.000 0.000 0.000 0.000 0.000
0.000 0.000 0.000 0.000 0.000 0.000 0.000 0.000 0.000 0.000 0.000 0.000 0.000 0.000 0.000 0.000 0.000 0.000 0.000 0.000 0.240 0.873 3.092 9.854 25.748 54.521 86.074 107.197 115.491 115.517 104.055 81.675 56.399 35.533 19.217 9.097 3.787 1.335 0.417 0.000 0.000 0.000 0.000 0.000 0.000 0.000 0.000 0.000 0.000 0.000
0.000 0.000 0.000 0.000 0.000 0.000 0.000 0.000 0.000 0.000 0.000 0.000 0.000 0.000 0.000 0.000 0.000 0.000 0.000 0.000 0.000 0.243 0.796 2.621 6.288 12.951 20.688 25.913 28.127 28.085 25.158 19.692 13.545 8.496 4.587 2.164 0.897 0.314 0.000 0.000 0.000 0.000 0.000 0.000 0.000 0.000 0.000 0.000 0.000 0.000
0.000 0.000 0.000 0.000 0.000 0.000 0.000 0.000 0.000 0.000 0.000 0.000 0.000 0.000 0.000 0.000 0.000 0.000 0.000 0.000 0.000 0.000 0.000 0.683 1.521 2.960 4.713 5.929 6.496 6.483 5.787 4.533 3.114 1.947 1.051 0.495 0.204 0.000 0.000 0.000 0.000 0.000 0.000 0.000 0.000 0.000 0.000 0.000 0.000 0.000
0.000 0.000 0.000 0.000 0.000 0.000 0.000 0.000 0.000 0.000 0.000 0.000 0.000 0.000 0.000 0.000 0.000 0.000 0.000 0.000 0.000 0.000 0.000 0.000 0.362 0.664 1.040 1.311 1.445 1.438 1.277 0.999 0.683 0.425 0.229 0.000 0.000 0.000 0.000 0.000 0.000 0.000 0.000 0.000 0.000 0.000 0.000 0.000 0.000 0.000
0.000 0.000 0.000 0.000 0.000 0.000 0.000 0.000 0.000 0.000 0.000 0.000 0.000 0.000 0.000 0.000 0.000 0.000 0.000 0.000 0.000 0.000 0.000 0.000 0.000 0.000 0.214 0.275 0.304 0.301 0.266 0.207 0.000 0.000 0.000 0.000 0.000 0.000 0.000 0.000 0.000 0.000 0.000 0.000 0.000 0.000 0.000 0.000 0.000 0.000
0.000 0.000 0.000 0.000 0.000 0.000 0.000 0.000 0.000 0.000 0.000 0.000 0.000 0.000 0.000 0.000 0.000 0.000 0.000 0.000 0.000 0.000 0.000 0.000 0.000 0.000 0.000 0.000 0.000 0.000 0.000 0.000 0.000 0.000 0.000 0.000 0.000 0.000 0.000 0.000 0.000 0.000 0.000 0.000 0.000 0.000 0.000 0.000 0.000 0.000
0.000 0.000 0.000 0.000 0.000 0.000 0.000 0.000 0.000 0.000 0.000 0.000 0.000 0.000 0.000 0.000 0.000 0.000 0.000 0.000 0.000 0.000 0.000 0.000 0.000 0.000 0.000 0.000 0.000 0.000 0.000 0.000 0.000 0.000 0.000 0.000 0.000 0.000 0.000 0.000 0.000 0.000 0.000 0.000 0.000 0.000 0.000 0.000 0.000 0.000
0.000 0.000 0.000 0.000 0.000 0.000 0.000 0.000 0.000 0.000 0.000 0.000 0.000 0.000 0.000 0.000 0.000 0.000 0.000 0.000 0.000 0.000 0.000 0.000 0.000 0.000 0.000 0.000 0.000 0.000 0.000 0.000 0.000 0.000 0.000 0.000 0.000 0.000 0.000 0.000 0.000 0.000 0.000 0.000 0.000 0.000 0.000 0.000 0.000 0.000
0.000 0.000 0.000 0.000 0.000 0.000 0.000 0.000 0.000 0.000 0.000 0.000 0.000 0.000 0.000 0.000 0.000 0.000 0.000 0.000 0.000 0.000 0.000 0.000 0.000 0.000 0.000 0.000 0.000 0.000 0.000 0.000 0.000 0.000 0.000 0.000 0.000 0.000 0.000 0.000 0.000 0.000 0.000 0.000 0.000 0.000 0.000 0.000 0.000 0.000
0.000 0.000 0.000 0.000 0.000 0.000 0.000 0.000 0.000 0.000 0.000 0.000 0.000 0.000 0.000 0.000 0.000 0.000 0.000 0.000 0.000 0.000 0.000 0.000 0.000 0.000 0.000 0.000 0.000 0.000 0.000 0.000 0.000 0.000 0.000 0.000 0.000 0.000 0.000 0.000 0.000 0.000 0.000 0.000 0.000 0.000 0.000 0.000 0.000 0.000
