tests/test_03/output6/CloudLoad_005.00hrs.dat
NCOLS    50
NROWS    50
XLLCORNER    -2289770.000
YLLCORNER     2591270.000
CELLSIZE        2000.000       2000.000
NODATA_VALUE -9999.
[rows 0 to 28 of 50, columns 0 to 49 of 50]
0.000000 0.000000 0.000000 0.000000 0.000000 0.000000 0.000000 0.238862 1.579953 9.914492 59.456528 344.782898 1912.944946 9232.003906 20484.544922 33449.660156 47749.804688 61994.929688 75201.882812 85747.671875 92812.632812 97413.648438 101200.804688 104015.328125 106658.875000 108954.718750 109135.890625 108554.421875 108085.062500 107811.046875 102347.320312 94571.414062 87389.250000 73432.882812 53896.191406 35227.675781 21601.503906 11513.785156 4827.955566 1006.073303 137.166992 20.681461 3.203819 0.496123 0.000000 0.000000 0.000000 0.000000 0.000000 0.000000
0.000000 0.000000 0.000000 0.000000 0.000000 0.000000 0.213079 1.405707 8.989614 56.087872 339.383575 2179.449463 10323.069336 22913.027344 36861.339844 51793.015625 67091.515625 81712.687500 93604.398438 101945.835938 106893.914062 109348.296875 111461.937500 112512.835938 113722.906250 116204.765625 120093.312500 122511.234375 123604.742188 123263.781250 124654.570312 121676.593750 115086.031250 105992.015625 89213.531250 67297.375000 44825.660156 27668.160156 14151.991211 4986.829102 961.815369 135.063614 20.072741 3.099168 0.470914 0.000000 0.000000 0.000000 0.000000 0.000000
0.000000 0.000000 0.000000 0.000000 0.000000 0.217092 1.409114 9.043354 57.846786 367.442474 2446.349365 11225.956055 24494.593750 39306.199219 55517.589844 72825.031250 89186.093750 101767.093750 108915.851562 112166.546875 113855.445312 115415.929688 116894.914062 117884.453125 118959.226562 120716.968750 123225.281250 126699.890625 133587.703125 138822.171875 141752.968750 143490.187500 144676.921875 139733.015625 128786.109375 108648.578125 82830.421875 56575.562500 34646.636719 17060.833984 5361.706543 915.604187 130.616455 19.380533 2.961251 0.442346 0.000000 0.000000 0.000000 0.000000
0.000000 0.000000 0.000000 0.000000 0.222221 1.410114 8.989944 57.723877 378.906372 2597.029541 11445.063477 25048.695312 40408.054688 57343.855469 74294.421875 89704.078125 100964.750000 107880.007812 109881.742188 109537.398438 108207.656250 107871.890625 108320.140625 108952.757812 111007.820312 113738.156250 118335.046875 123449.851562 129020.914062 136986.156250 146330.359375 154872.531250 158446.421875 165986.109375 163677.875000 151539.593750 129125.687500 98529.343750 68602.773438 41826.265625 19959.652344 5363.496094 889.180420 122.960159 18.393024 2.799797 0.416558 0.000000 0.000000 0.000000
0.000000 0.000000 0.000000 0.226483 1.410283 8.875586 57.115025 383.423248 2658.164795 11164.555664 24445.042969 39159.855469 55274.566406 71398.070312 85941.781250 95862.000000 101685.031250 101454.406250 97788.375000 94118.281250 91936.429688 91321.945312 91313.148438 92354.835938 94348.359375 97011.007812 100934.820312 106799.328125 116346.734375 126151.492188 134902.968750 147145.921875 162128.453125 172235.218750 183860.890625 185053.312500 173217.421875 149365.093750 113752.015625 80527.250000 48740.816406 21372.597656 5433.336426 832.817993 114.728111 17.328115 2.650657 0.396458 0.000000 0.000000
0.000000 0.000000 0.224780 1.400741 8.772562 56.710793 390.726471 2646.645264 10404.081055 22290.585938 35667.027344 50822.558594 66299.656250 79038.710938 87976.507812 90721.820312 86126.726562 79122.648438 72392.562500 68225.960938 66235.726562 65594.695312 66027.179688 67232.554688 69979.281250 74070.046875 78569.476562 83862.773438 90259.125000 101142.796875 114257.421875 128073.742188 144493.421875 165348.703125 182151.578125 200059.359375 204581.593750 194166.906250 167056.453125 127158.023438 90162.328125 53784.367188 22570.076172 5319.766113 749.351685 106.159081 16.290775 2.524601 0.380566 0.000000
0.000000 0.216260 1.362670 8.615649 56.270382 397.723297 2541.796143 9470.784180 19686.349609 31545.320312 44992.300781 58905.945312 69688.664062 77435.765625 76803.343750 69255.953125 58985.816406 50745.000000 45972.015625 43370.347656 42091.992188 41536.574219 41836.535156 42963.722656 44754.570312 47745.601562 52481.691406 57618.398438 62805.664062 70968.171875 81591.054688 97630.070312 115716.960938 136965.109375 163632.109375 188369.843750 212880.890625 219269.406250 211574.093750 179330.421875 137691.890625 96442.632812 56309.699219 22439.375000 4952.747070 658.974060 97.776115 15.345044 2.416780 0.399154
0.213542 1.307342 8.363705 55.700272 395.240112 2375.458984 8388.756836 17170.060547 27342.433594 38674.710938 50173.523438 60426.832031 64800.156250 62188.210938 51910.664062 39730.710938 30686.832031 26208.636719 23864.773438 22681.910156 21970.640625 21916.169922 22417.535156 23482.591797 24933.734375 26916.867188 29354.763672 32490.994141 37922.941406 44704.343750 52970.660156 63829.785156 80959.664062 100099.507812 124359.531250 157091.093750 190079.078125 219775.515625 228610.593750 225013.250000 186502.453125 143353.312500 98308.648438 56116.921875 21633.533203 4329.294434 577.909180 89.815529 14.453194 2.528812
1.402936 8.274512 54.845764 380.427734 2154.503418 7282.139648 14688.758789 23235.683594 32487.205078 41818.542969 50594.417969 52592.980469 48464.378906 37454.152344 25409.988281 17021.496094 13090.185547 11446.047852 10455.735352 9685.065430 9253.440430 9211.096680 9426.302734 9959.477539 10726.971680 11965.162109 13505.978516 15661.805664 18543.486328 23011.642578 29431.783203 37135.253906 46963.718750 62929.859375 83250.554688 109158.093750 147471.468750 187975.890625 223420.718750 234317.156250 230458.718750 190063.593750 143695.796875 95778.382812 53500.175781 19842.427734 3610.831299 505.169922 81.342758 14.852180
8.944681 53.944088 358.943207 1916.384644 6243.247070 12314.539062 19282.716797 26748.792969 34533.273438 41120.628906 41194.902344 36551.238281 26153.525391 15594.248047 8249.496094 5579.972656 4619.604980 4108.429688 3697.700928 3368.686768 3200.654785 3165.346680 3222.469727 3386.876709 3694.330322 4113.611816 4774.698730 5832.600098 7489.427734 9647.873047 12738.609375 17058.396484 23421.162109 32723.533203 47744.277344 66931.093750 96337.460938 137977.859375 186627.468750 226066.968750 238469.156250 229144.812500 188832.531250 138618.406250 89847.867188 48959.933594 17312.902344 2906.583252 434.980194 80.861694
52.998276 330.019196 1672.350342 5276.187500 10156.590820 15743.498047 21713.740234 28143.232422 32243.367188 31761.929688 27460.560547 18001.806641 9019.288086 3575.194824 2159.400879 1650.491699 1402.506470 1234.589478 1083.641602 972.314575 922.367065 906.112732 920.248291 963.273254 1048.327881 1191.090576 1435.675781 1846.794556 2423.789795 3284.258057 4417.976074 6121.037598 9139.305664 13740.358398 21558.279297 36121.015625 54746.765625 88781.828125 133624.609375 188446.781250 230778.343750 241490.250000 221664.843750 181251.578125 128994.773438 82009.968750 42776.218750 14057.335938 2297.861816 412.391052
296.861176 1419.716797 4360.731445 8266.517578 12664.678711 17346.416016 22623.496094 24788.525391 24232.349609 20313.919922 12292.629883 5207.048340 1598.153320 794.776733 535.642334 418.112457 354.421051 305.179871 262.120453 232.402679 220.158615 216.911041 221.381729 231.897583 255.044052 297.885132 373.874390 497.869812 692.087219 970.068176 1369.230347 1982.130493 3068.728516 5133.250000 8680.025391 15964.891602 29520.484375 50826.050781 86951.859375 135485.781250 194046.812500 233156.500000 236347.328125 212358.562500 168064.015625 117165.140625 71823.242188 35207.589844 10721.516602 1965.003296
1191.626343 3518.939453 6615.019531 10064.098633 13771.638672 17775.289062 18994.929688 18449.841797 15091.649414 8590.386719 3157.796631 781.566406 295.685974 163.774261 111.860710 86.832054 72.380638 60.780567 51.077080 44.358727 42.748177 43.113808 44.384403 47.319031 52.909725 64.018227 85.456230 118.424530 172.024200 263.188263 399.158051 635.387756 1095.018311 2013.726318 3780.168213 7523.362305 15225.813477 28797.921875 53987.203125 91045.492188 146334.250000 198823.843750 232184.921875 226049.125000 199130.515625 151159.484375 103162.132812 59242.734375 27463.904297 8504.090820
2833.412109 5217.448242 7852.396973 10790.085938 13849.117188 14539.416016 14048.191406 11301.143555 6171.461914 2011.133545 436.130768 124.887657 51.345573 28.306849 18.767963 14.131908 11.486634 9.495855 7.892253 7.006582 6.924579 7.038115 7.419173 8.099905 9.445493 12.510330 16.960173 24.683971 39.585125 65.266296 116.087158 226.552902 426.500366 883.246826 1886.801392 4133.994141 8704.886719 17671.150391 34311.707031 62441.023438 104901.953125 159107.531250 207552.562500 226926.656250 214690.296875 179676.406250 132883.640625 85435.304688 46841.292969 21162.462891
4142.121582 6086.335938 8361.620117 10656.103516 11099.325195 10707.047852 8564.219727 4591.759766 1391.438232 285.631866 67.614021 19.474264 7.597217 3.923115 2.470897 1.788587 1.434351 1.209467 1.058258 0.968254 0.967602 0.999076 1.087287 1.252550 1.621899 2.101138 2.970186 4.706926 8.226860 16.806183 37.014034 86.556541 186.305435 433.174072 1044.284180 2545.223877 5721.200684 12080.283203 23965.753906 45240.578125 77756.132812 124991.257812 174687.921875 212236.515625 217976.062500 197984.484375 157783.906250 111086.539062 67786.828125 36396.585938
4818.111328 6423.805664 8157.039551 8460.205078 8171.358398 6561.734863 3502.581055 1039.220825 213.422134 52.757496 11.348423 2.799398 0.944357 0.438688 0.263997 0.000000 0.000000 0.000000 0.000000 0.000000 0.000000 0.000000 0.000000 0.000000 0.235996 0.318567 0.487963 0.865439 1.791939 4.542679 12.321276 33.846512 87.557892 229.430237 621.302979 1653.351929 4032.053223 8920.043945 18351.736328 35117.953125 61918.335938 101278.125000 146950.062500 190340.218750 210561.031250 204642.968750 175645.515625 134062.953125 88655.679688 53825.023438
5045.427246 6193.940430 6423.906738 6222.294434 5056.844727 2696.807861 784.006409 158.924469 43.217575 12.292271 2.285933 0.389526 0.000000 0.000000 0.000000 0.000000 0.000000 0.000000 0.000000 0.000000 0.000000 0.000000 0.000000 0.000000 0.000000 0.000000 0.000000 0.000000 0.412749 1.246113 4.217570 13.149677 40.124199 125.911461 370.483368 1043.313599 2758.975342 6575.560547 14282.134766 28243.427734 51502.371094 85008.734375 126267.085938 170090.437500 197852.765625 204213.437500 184543.718750 151000.359375 107757.375000 71894.382812
4737.079102 4846.870605 4711.333008 3881.613281 2069.772705 585.128601 114.241699 30.907846 9.573173 3.230471 0.567190 0.000000 0.000000 0.000000 0.000000 0.000000 0.000000 0.000000 0.000000 0.000000 0.000000 0.000000 0.000000 0.000000 0.000000 0.000000 0.000000 0.000000 0.000000 0.339104 1.328651 4.638222 15.751900 57.696556 190.630417 598.370056 1797.553467 4682.901855 10854.386719 22688.970703 43340.226562 73180.492188 110888.359375 152493.468750 184030.000000 198493.890625 188357.796875 162497.906250 123241.976562 88633.210938
3592.015381 3507.938232 2959.626709 1596.989258 450.223907 83.055618 21.261667 6.412487 2.062187 0.695831 0.000000 0.000000 0.000000 0.000000 0.000000 0.000000 0.000000 0.000000 0.000000 0.000000 0.000000 0.000000 0.000000 0.000000 0.000000 0.000000 0.000000 0.000000 0.000000 0.000000 0.367260 1.457493 5.572060 23.200829 89.265671 331.930206 1154.632080 3320.001465 8340.783203 18412.937500 36647.355469 63971.082031 99836.218750 139607.796875 171891.687500 191150.781250 187696.234375 169588.359375 135317.265625 102605.335938
2531.307373 2190.681885 1207.834961 351.995209 60.527794 14.315384 3.965328 1.177928 0.356047 0.000000 0.000000 0.000000 0.000000 0.000000 0.000000 0.000000 0.000000 0.000000 0.000000 0.000000 0.000000 0.000000 0.000000 0.000000 0.000000 0.000000 0.000000 0.000000 0.000000 0.000000 0.000000 0.493544 2.259624 11.106536 50.606171 212.745087 812.388733 2531.209229 6787.907227 15443.230469 31820.283203 56930.265625 91312.867188 129633.226562 162630.468750 183901.031250 185082.593750 172419.812500 142481.156250 112889.515625
1575.692261 892.057190 264.860992 41.981453 8.948041 2.306408 0.635988 0.000000 0.000000 0.000000 0.000000 0.000000 0.000000 0.000000 0.000000 0.000000 0.000000 0.000000 0.000000 0.000000 0.000000 0.000000 0.000000 0.000000 0.000000 0.000000 0.000000 0.000000 0.000000 0.000000 0.000000 0.248114 1.236754 6.549358 33.241993 155.453384 636.393799 2069.808105 5746.704590 13621.969727 28908.685547 52417.128906 85740.796875 122007.000000 155339.656250 178404.218750 181756.203125 173562.640625 147028.468750 120363.640625
690.693481 220.505402 30.368177 5.323791 1.220941 0.312389 0.000000 0.000000 0.000000 0.000000 0.000000 0.000000 0.000000 0.000000 0.000000 0.000000 0.000000 0.000000 0.000000 0.000000 0.000000 0.000000 0.000000 0.000000 0.000000 0.000000 0.000000 0.000000 0.000000 0.000000 0.000000 0.000000 0.825944 4.483205 23.797783 116.642097 503.107239 1700.913696 4939.803711 12288.409180 26762.181641 50039.429688 82292.742188 116884.226562 150258.625000 173522.031250 179885.671875 173733.421875 148707.968750 125343.664062
189.934311 32.668892 3.827620 0.640444 0.000000 0.000000 0.000000 0.000000 0.000000 0.000000 0.000000 0.000000 0.000000 0.000000 0.000000 0.000000 0.000000 0.000000 0.000000 0.000000 0.000000 0.000000 0.000000 0.000000 0.000000 0.000000 0.000000 0.000000 0.000000 0.000000 0.000000 0.000000 0.598913 3.223681 17.076691 87.975716 385.470703 1407.474731 4313.123535 11228.849609 25323.748047 49097.714844 81032.367188 114681.078125 148373.656250 169907.453125 178392.828125 172569.859375 148695.375000 126647.523438
32.053181 4.166221 0.441105 0.000000 0.000000 0.000000 0.000000 0.000000 0.000000 0.000000 0.000000 0.000000 0.000000 0.000000 0.000000 0.000000 0.000000 0.000000 0.000000 0.000000 0.000000 0.000000 0.000000 0.000000 0.000000 0.000000 0.000000 0.000000 0.000000 0.000000 0.000000 0.000000 0.449986 2.488024 14.001232 71.496635 325.354614 1233.080933 3927.994873 10548.281250 24535.005859 48913.445312 80684.343750 114944.656250 148847.593750 169069.750000 177934.671875 169682.828125 147889.859375 126555.953125
2.689350 0.318586 0.000000 0.000000 0.000000 0.000000 0.000000 0.000000 0.000000 0.000000 0.000000 0.000000 0.000000 0.000000 0.000000 0.000000 0.000000 0.000000 0.000000 0.000000 0.000000 0.000000 0.000000 0.000000 0.000000 0.000000 0.000000 0.000000 0.000000 0.000000 0.000000 0.000000 0.360039 2.155548 12.515078 64.635269 304.661407 1181.267456 3815.263428 10331.352539 24557.787109 49129.468750 80359.921875 117527.054688 151177.218750 169755.625000 178653.875000 167472.375000 147425.000000 124464.734375
0.000000 0.000000 0.000000 0.000000 0.000000 0.000000 0.000000 0.000000 0.000000 0.000000 0.000000 0.000000 0.000000 0.000000 0.000000 0.000000 0.000000 0.000000 0.000000 0.000000 0.000000 0.000000 0.000000 0.000000 0.000000 0.000000 0.000000 0.000000 0.000000 0.000000 0.000000 0.000000 0.326659 2.063168 11.849096 63.181847 298.768188 1196.296143 3858.671387 10714.134766 25363.914062 50044.093750 82060.273438 120425.195312 154707.625000 173608.984375 179412.609375 166942.031250 145789.828125 120955.679688
0.000000 0.000000 0.000000 0.000000 0.000000 0.000000 0.000000 0.000000 0.000000 0.000000 0.000000 0.000000 0.000000 0.000000 0.000000 0.000000 0.000000 0.000000 0.000000 0.000000 0.000000 0.000000 0.000000 0.000000 0.000000 0.000000 0.000000 0.000000 0.000000 0.000000 0.000000 0.000000 0.341623 2.166336 12.172047 63.307823 301.275970 1213.641724 4018.499023 11301.522461 27211.529297 52350.703125 86296.148438 125530.750000 157595.703125 179555.078125 180759.671875 168461.812500 144180.421875 116542.914062
0.000000 0.000000 0.000000 0.000000 0.000000 0.000000 0.000000 0.000000 0.000000 0.000000 0.000000 0.000000 0.000000 0.000000 0.000000 0.000000 0.000000 0.000000 0.000000 0.000000 0.000000 0.000000 0.000000 0.000000 0.000000 0.000000 0.000000 0.000000 0.000000 0.000000 0.000000 0.000000 0.459780 2.581674 13.488416 66.417389 300.352112 1243.243530 4219.867188 12256.990234 29551.187500 56454.726562 94186.210938 131780.546875 162907.796875 183626.953125 182071.375000 170375.578125 140673.250000 113237.109375
0.000000 0.000000 0.000000 0.000000 0.000000 0.000000 0.000000 0.000000 0.000000 0.000000 0.000000 0.000000 0.000000 0.000000 0.000000 0.000000 0.000000 0.000000 0.000000 0.000000 0.000000 0.000000 0.000000 0.000000 0.000000 0.000000 0.000000 0.000000 0.000000 0.000000 0.000000 0.000000 0.686967 3.399589 16.155970 73.628761 327.145721 1311.318481 4527.729980 13589.360352 32288.310547 63180.011719 101530.125000 139267.546875 171740.062500 186101.875000 184705.796875 167482.906250 136353.906250 105329.664062
