tests/test_03/output6/CloudArrivalTime.dat
NCOLS    50
NROWS    50
XLLCORNER    -2289770.000
YLLCORNER     2591270.000
CELLSIZE        2000.000       2000.000
NODATA_VALUE -1.000
[rows 0 to 49 of 50, columns 0 to 49 of 50]
6.000 5.889 5.778 5.556 5.444 5.222 5.111 5.000 4.778 4.667 4.556 4.333 4.222 4.111 3.889 3.778 3.667 3.556 3.333 3.222 3.111 3.000 2.889 2.778 2.778 2.778 2.778 2.889 2.889 2.889 3.000 3.222 3.333 3.444 3.556 3.667 3.778 3.889 4.000 4.222 4.333 4.556 4.778 4.889 5.000 5.222 5.333 5.444 5.556 5.667
5.889 5.778 5.556 5.444 5.222 5.111 5.000 4.778 4.667 4.556 4.333 4.222 4.111 3.889 3.778 3.667 3.556 3.333 3.222 3.111 3.000 2.889 2.778 2.667 2.667 2.667 2.667 2.667 2.667 2.778 2.889 3.000 3.111 3.222 3.333 3.444 3.667 3.778 3.889 4.111 4.222 4.444 4.556 4.778 4.889 5.000 5.111 5.222 5.333 5.444
5.778 5.556 5.444 5.333 5.111 5.000 4.778 4.667 4.556 4.333 4.222 4.111 3.889 3.778 3.667 3.556 3.333 3.222 3.111 3.000 2.889 2.667 2.556 2.556 2.556 2.556 2.556 2.556 2.556 2.667 2.778 2.889 3.000 3.111 3.222 3.333 3.444 3.556 3.778 4.000 4.111 4.333 4.444 4.556 4.778 4.889 5.000 5.111 5.222 5.333
5.556 5.444 5.333 5.111 5.000 4.778 4.667 4.556 4.333 4.222 4.111 3.889 3.778 3.667 3.444 3.333 3.222 3.111 3.000 2.778 2.667 2.556 2.444 2.444 2.333 2.333 2.444 2.444 2.444 2.444 2.667 2.778 2.889 3.000 3.111 3.222 3.333 3.444 3.667 3.778 4.000 4.111 4.333 4.444 4.556 4.667 4.778 4.889 5.000 5.222
5.444 5.333 5.111 5.000 4.778 4.667 4.556 4.333 4.222 4.111 3.889 3.778 3.667 3.444 3.333 3.222 3.111 2.889 2.778 2.667 2.556 2.444 2.333 2.222 2.222 2.222 2.222 2.222 2.333 2.333 2.444 2.556 2.667 2.778 2.889 3.000 3.111 3.333 3.556 3.667 3.889 4.000 4.111 4.333 4.444 4.556 4.667 4.778 4.889 5.111
5.333 5.111 5.000 4.778 4.667 4.556 4.333 4.222 4.111 3.889 3.778 3.667 3.444 3.333 3.222 3.111 2.889 2.778 2.667 2.556 2.444 2.333 2.222 2.111 2.111 2.111 2.111 2.111 2.111 2.222 2.333 2.444 2.556 2.667 2.778 2.889 3.000 3.222 3.444 3.556 3.667 3.889 4.000 4.111 4.222 4.333 4.444 4.556 4.778 5.000
5.111 5.000 4.778 4.667 4.556 4.333 4.222 4.111 3.889 3.778 3.667 3.444 3.333 3.222 3.111 2.889 2.778 2.667 2.556 2.444 2.333 2.222 2.111 2.000 2.000 2.000 2.000 2.000 2.000 2.111 2.222 2.333 2.444 2.556 2.667 2.778 2.889 3.111 3.222 3.444 3.556 3.667 3.889 4.000 4.111 4.222 4.333 4.556 4.778 5.000
5.000 4.889 4.667 4.556 4.333 4.222 4.111 3.889 3.778 3.667 3.444 3.333 3.222 3.111 2.889 2.778 2.667 2.556 2.444 2.222 2.111 2.000 1.889 1.889 1.889 1.889 1.889 1.889 1.889 2.000 2.111 2.111 2.222 2.333 2.444 2.667 2.778 3.000 3.111 3.222 3.444 3.556 3.667 3.778 4.000 4.111 4.222 4.444 4.667 4.889
4.778 4.667 4.556 4.333 4.222 4.111 3.889 3.778 3.667 3.444 3.333 3.222 3.111 2.889 2.778 2.667 2.556 2.333 2.222 2.111 2.000 1.889 1.778 1.778 1.778 1.778 1.778 1.778 1.778 1.889 1.889 2.000 2.111 2.222 2.333 2.556 2.667 2.889 3.000 3.111 3.222 3.444 3.556 3.667 3.778 4.000 4.222 4.444 4.556 4.667
4.667 4.444 4.333 4.222 4.111 3.889 3.778 3.667 3.444 3.333 3.222 3.000 2.889 2.778 2.667 2.556 2.333 2.222 2.111 2.000 1.889 1.778 1.667 1.667 1.667 1.667 1.667 1.667 1.667 1.778 1.778 1.889 2.000 2.111 2.222 2.444 2.556 2.667 2.889 3.000 3.111 3.222 3.444 3.556 3.778 3.889 4.111 4.222 4.444 4.556
4.444 4.333 4.111 4.000 3.889 3.778 3.667 3.444 3.333 3.222 3.000 2.889 2.778 2.667 2.556 2.333 2.222 2.111 2.000 1.889 1.778 1.667 1.556 1.556 1.556 1.556 1.556 1.556 1.556 1.556 1.667 1.778 1.889 2.000 2.111 2.222 2.444 2.556 2.667 2.778 3.000 3.111 3.333 3.444 3.667 3.778 4.000 4.111 4.333 4.444
4.333 4.111 4.000 3.889 3.667 3.556 3.444 3.333 3.222 3.000 2.889 2.778 2.556 2.444 2.333 2.222 2.111 2.000 1.889 1.778 1.667 1.556 1.444 1.444 1.444 1.444 1.444 1.444 1.444 1.444 1.556 1.556 1.667 1.889 2.000 2.111 2.222 2.444 2.556 2.667 2.889 3.000 3.222 3.333 3.556 3.667 3.889 4.000 4.111 4.333
4.222 4.000 3.889 3.667 3.556 3.444 3.333 3.222 3.000 2.889 2.778 2.667 2.444 2.333 2.222 2.111 2.000 1.889 1.667 1.556 1.444 1.333 1.333 1.333 1.333 1.333 1.333 1.333 1.333 1.333 1.444 1.444 1.556 1.778 1.889 2.000 2.111 2.222 2.444 2.556 2.778 2.889 3.111 3.222 3.444 3.556 3.667 3.889 4.000 4.111
4.111 3.889 3.778 3.556 3.444 3.222 3.111 3.000 2.889 2.778 2.667 2.444 2.333 2.222 2.111 1.889 1.778 1.667 1.556 1.444 1.333 1.222 1.222 1.222 1.222 1.222 1.222 1.222 1.222 1.222 1.222 1.333 1.444 1.556 1.778 1.889 2.000 2.111 2.333 2.444 2.667 2.778 3.000 3.111 3.222 3.444 3.556 3.667 3.889 4.000
3.889 3.778 3.667 3.444 3.333 3.111 3.000 2.889 2.667 2.556 2.444 2.333 2.222 2.111 1.889 1.778 1.667 1.556 1.444 1.333 1.222 1.111 1.111 1.111 1.111 1.111 1.111 1.111 1.111 1.111 1.111 1.222 1.333 1.444 1.556 1.778 1.889 2.000 2.222 2.333 2.556 2.667 2.778 3.000 3.111 3.222 3.444 3.556 3.667 3.889
3.778 3.667 3.556 3.333 3.222 3.000 2.889 2.778 2.556 2.444 2.333 2.222 2.111 1.889 1.778 1.667 1.556 1.444 1.333 1.222 1.111 1.000 1.000 1.000 1.000 1.000 1.000 1.000 1.000 1.000 1.000 1.111 1.222 1.333 1.444 1.667 1.778 1.889 2.111 2.222 2.444 2.556 2.667 2.889 3.000 3.111 3.222 3.444 3.556 3.667
3.667 3.556 3.444 3.222 3.111 2.889 2.778 2.667 2.444 2.333 2.222 2.000 1.889 1.778 1.667 1.556 1.444 1.333 1.222 1.111 1.000 0.889 0.889 0.889 0.889 0.889 0.889 0.889 0.889 0.889 0.889 1.000 1.111 1.222 1.333 1.556 1.667 1.778 2.000 2.111 2.222 2.444 2.556 2.667 2.889 3.000 3.111 3.333 3.444 3.556
3.556 3.444 3.333 3.111 3.000 2.778 2.667 2.556 2.333 2.222 2.111 1.889 1.778 1.667 1.556 1.444 1.333 1.111 1.000 0.889 0.778 0.778 0.778 0.778 0.778 0.778 0.778 0.778 0.778 0.778 0.778 0.889 1.000 1.111 1.222 1.444 1.556 1.778 1.889 2.000 2.111 2.333 2.444 2.556 2.667 2.889 3.000 3.111 3.333 3.444
3.444 3.333 3.222 3.000 2.889 2.778 2.556 2.444 2.333 2.111 2.000 1.889 1.667 1.556 1.444 1.333 1.222 1.000 0.889 0.778 0.667 0.667 0.667 0.667 0.667 0.667 0.667 0.667 0.667 0.667 0.667 0.778 0.889 1.000 1.222 1.333 1.444 1.667 1.778 1.889 2.000 2.111 2.333 2.444 2.556 2.778 2.889 3.000 3.111 3.333
3.333 3.222 3.111 2.889 2.778 2.667 2.444 2.333 2.222 2.000 1.889 1.778 1.667 1.444 1.333 1.222 1.111 1.000 0.778 0.667 0.556 0.556 0.556 0.556 0.556 0.556 0.556 0.556 0.556 0.556 0.556 0.667 0.778 1.000 1.111 1.222 1.333 1.556 1.667 1.778 1.889 2.000 2.222 2.333 2.444 2.556 2.778 2.889 3.000 3.111
3.222 3.111 2.889 2.778 2.667 2.444 2.333 2.222 2.111 2.000 1.778 1.667 1.556 1.444 1.222 1.111 1.000 0.889 0.778 0.667 0.556 0.444 0.444 0.444 0.444 0.444 0.444 0.444 0.444 0.444 0.556 0.667 0.778 0.889 1.000 1.111 1.222 1.444 1.556 1.667 1.778 1.889 2.111 2.222 2.333 2.444 2.667 2.778 2.889 3.000
3.111 3.000 2.889 2.667 2.556 2.444 2.222 2.111 2.000 1.889 1.667 1.556 1.444 1.333 1.222 1.111 1.000 0.889 0.778 0.667 0.556 0.444 0.333 0.333 0.333 0.333 0.333 0.333 0.333 0.444 0.556 0.667 0.778 0.889 1.000 1.111 1.222 1.333 1.444 1.556 1.667 1.889 2.000 2.111 2.222 2.333 2.556 2.667 2.778 3.000
3.111 3.000 2.889 2.667 2.556 2.333 2.222 2.111 2.000 1.778 1.667 1.556 1.444 1.333 1.222 1.111 1.000 0.889 0.778 0.667 0.556 0.444 0.333 0.222 0.222 0.222 0.222 0.222 0.333 0.444 0.556 0.667 0.778 0.889 1.000 1.111 1.222 1.333 1.444 1.556 1.667 1.778 1.889 2.000 2.222 2.333 2.444 2.556 2.778 2.889
3.222 3.000 2.889 2.667 2.556 2.333 2.222 2.111 1.889 1.778 1.667 1.556 1.444 1.333 1.222 1.111 1.000 0.889 0.778 0.667 0.556 0.444 0.333 0.222 0.111 0.111 0.111 0.222 0.333 0.444 0.556 0.667 0.778 0.889 1.000 1.111 1.222 1.333 1.444 1.556 1.667 1.778 1.889 2.000 2.111 2.333 2.444 2.556 2.778 2.889
3.333 3.222 3.000 2.778 2.667 2.444 2.333 2.111 2.000 1.889 1.667 1.556 1.444 1.333 1.222 1.111 1.000 0.889 0.778 0.667 0.556 0.444 0.333 0.222 0.111 0.111 0.111 0.222 0.333 0.444 0.556 0.667 0.778 0.889 1.000 1.111 1.222 1.333 1.444 1.556 1.667 1.778 1.889 2.000 2.222 2.333 2.444 2.556 2.778 2.889
-1.000 -1.000 -1.000 -1.000 -1.000 -1.000 -1.000 -1.000 15.111 14.667 14.222 13.778 13.444 13.111 12.778 12.444 12.111 11.778 11.444 11.000 10.667 0.444 0.333 0.222 0.111 0.111 0.111 0.222 0.333 0.444 0.556 0.667 0.778 0.889 1.000 1.111 1.222 1.333 1.444 1.556 1.667 1.778 1.889 2.000 2.222 2.333 2.444 2.667 2.778 2.889
-1.000 -1.000 -1.000 -1.000 -1.000 -1.000 -1.000 -1.000 -1.000 -1.000 14.778 14.222 13.778 13.444 13.111 12.778 12.556 12.111 11.667 11.333 0.667 0.444 0.333 0.222 0.222 0.222 0.222 0.222 0.333 0.444 0.556 0.667 0.778 0.889 1.000 1.111 1.222 1.333 1.444 1.556 1.667 1.778 1.889 2.111 2.222 2.333 2.444 2.667 2.778 3.000
-1.000 -1.000 -1.000 -1.000 -1.000 -1.000 -1.000 -1.000 -1.000 -1.000 -1.000 -1.000 -1.000 14.222 13.556 13.222 12.889 12.556 12.111 11.222 0.556 0.444 0.333 0.333 0.333 0.333 0.333 0.333 0.333 0.444 0.556 0.667 0.778 0.889 1.000 1.111 1.222 1.333 1.444 1.556 1.667 1.778 2.000 2.111 2.222 2.333 2.556 2.667 2.889 3.000
-1.000 -1.000 -1.000 -1.000 -1.000 -1.000 -1.000 -1.000 -1.000 -1.000 -1.000 -1.000 -1.000 -1.000 -1.000 14.556 13.333 13.000 12.333 0.889 0.556 0.444 0.444 0.444 0.444 0.444 0.444 0.444 0.444 0.444 0.556 0.667 0.778 0.889 1.000 1.111 1.222 1.444 1.556 1.667 1.778 1.889 2.000 2.222 2.333 2.444 2.556 2.778 2.889 3.000
-1.000 -1.000 -1.000 -1.000 -1.000 -1.000 -1.000 -1.000 -1.000 -1.000 -1.000 -1.000 -1.000 -1.000 -1.000 -1.000 -1.000 -1.000 1.333 0.889 0.667 0.556 0.556 0.556 0.556 0.556 0.556 0.556 0.556 0.556 0.556 0.667 0.889 1.000 1.111 1.222 1.333 1.444 1.556 1.778 1.889 2.000 2.111 2.333 2.444 2.556 2.667 2.889 3.000 3.111
-1.000 -1.000 -1.000 -1.000 -1.000 -1.000 -1.000 -1.000 -1.000 -1.000 -1.000 -1.000 -1.000 -1.000 -1.000 -1.000 -1.000 -1.000 1.222 0.889 0.778 0.667 0.667 0.667 0.667 0.667 0.667 0.667 0.667 0.667 0.667 0.778 0.889 1.000 1.222 1.333 1.444 1.556 1.667 1.778 2.000 2.111 2.222 2.444 2.556 2.667 2.889 3.000 3.111 3.222
-1.000 -1.000 -1.000 -1.000 -1.000 -1.000 -1.000 -1.000 -1.000 -1.000 -1.000 -1.000 -1.000 -1.000 -1.000 -1.000 -1.000 -1.000 1.222 1.000 0.889 0.778 0.778 0.778 0.778 0.778 0.778 0.778 0.778 0.778 0.889 0.889 1.000 1.111 1.333 1.444 1.556 1.667 1.778 1.889 2.111 2.222 2.333 2.556 2.667 2.778 3.000 3.111 3.222 3.444
-1.000 -1.000 -1.000 -1.000 -1.000 -1.000 -1.000 -1.000 -1.000 -1.000 -1.000 -1.000 -1.000 -1.000 -1.000 -1.000 -1.000 1.667 1.333 1.111 1.000 0.889 0.889 0.889 0.889 0.889 0.889 0.889 0.889 0.889 1.000 1.111 1.222 1.333 1.444 1.556 1.667 1.778 1.889 2.000 2.222 2.333 2.444 2.667 2.778 2.889 3.111 3.222 3.333 3.556
-1.000 -1.000 -1.000 -1.000 -1.000 -1.000 -1.000 -1.000 -1.000 -1.000 -1.000 -1.000 -1.000 -1.000 -1.000 -1.000 -1.000 1.667 1.333 1.222 1.111 1.000 1.000 1.000 1.000 1.000 1.000 1.000 1.000 1.000 1.111 1.222 1.333 1.444 1.556 1.667 1.778 2.000 2.111 2.222 2.333 2.444 2.556 2.778 2.889 3.000 3.222 3.333 3.556 3.667
-1.000 -1.000 -1.000 -1.000 -1.000 -1.000 -1.000 -1.000 -1.000 -1.000 -1.000 -1.000 -1.000 -1.000 -1.000 -1.000 2.000 1.667 1.444 1.333 1.222 1.111 1.111 1.111 1.111 1.111 1.111 1.111 1.111 1.111 1.222 1.333 1.444 1.556 1.667 1.778 2.000 2.111 2.222 2.333 2.556 2.556 2.778 2.889 3.000 3.222 3.333 3.444 3.667 3.778
-1.000 -1.000 -1.000 -1.000 -1.000 -1.000 -1.000 -1.000 -1.000 -1.000 -1.000 -1.000 -1.000 -1.000 -1.000 -1.000 2.000 1.778 1.556 1.444 1.333 1.222 1.222 1.222 1.222 1.222 1.222 1.222 1.222 1.333 1.444 1.556 1.667 1.778 1.889 2.000 2.111 2.222 2.333 2.556 2.667 2.778 2.889 3.000 3.222 3.333 3.444 3.667 3.778 3.889
-1.000 -1.000 -1.000 -1.000 -1.000 -1.000 -1.000 -1.000 -1.000 -1.000 -1.000 -1.000 -1.000 -1.000 -1.000 2.556 2.000 1.889 1.667 1.556 1.444 1.444 1.333 1.333 1.333 1.333 1.333 1.333 1.333 1.444 1.556 1.667 1.778 1.889 2.000 2.111 2.222 2.333 2.556 2.667 2.778 3.000 3.111 3.222 3.333 3.444 3.667 3.778 3.889 4.111
-1.000 -1.000 -1.000 -1.000 -1.000 -1.000 -1.000 -1.000 -1.000 -1.000 -1.000 -1.000 -1.000 -1.000 -1.000 2.444 2.111 1.889 1.778 1.778 1.667 1.556 1.444 1.444 1.444 1.444 1.444 1.444 1.444 1.556 1.667 1.778 1.889 2.000 2.111 2.333 2.444 2.556 2.667 2.778 3.000 3.111 3.222 3.444 3.556 3.667 3.778 3.889 4.111 4.222
-1.000 -1.000 -1.000 -1.000 -1.000 -1.000 -1.000 -1.000 -1.000 -1.000 -1.000 -1.000 -1.000 -1.000 -1.000 2.444 2.222 2.111 2.000 1.889 1.778 1.667 1.556 1.556 1.556 1.556 1.556 1.556 1.556 1.667 1.778 1.889 2.000 2.222 2.333 2.444 2.556 2.667 2.778 3.000 3.111 3.222 3.444 3.556 3.667 3.889 4.000 4.111 4.222 4.444
-1.000 -1.000 -1.000 -1.000 -1.000 -1.000 -1.000 -1.000 -1.000 -1.000 -1.000 -1.000 -1.000 -1.000 2.889 2.444 2.333 2.222 2.111 2.000 1.889 1.778 1.667 1.667 1.667 1.667 1.667 1.667 1.778 1.778 1.889 2.111 2.222 2.333 2.444 2.556 2.667 2.889 3.000 3.111 3.222 3.444 3.556 3.667 3.889 4.000 4.111 4.333 4.444 4.556
-1.000 -1.000 -1.000 -1.000 -1.000 -1.000 -1.000 -1.000 -1.000 -1.000 -1.000 -1.000 -1.000 -1.000 2.889 2.556 2.444 2.333 2.222 2.111 2.000 1.889 1.778 1.778 1.778 1.778 1.778 1.778 1.889 2.000 2.111 2.222 2.333 2.444 2.556 2.778 2.889 3.000 3.111 3.222 3.444 3.556 3.667 3.889 4.000 4.111 4.333 4.444 4.667 4.778
-1.000 -1.000 -1.000 -1.000 -1.000 -1.000 -1.000 -1.000 -1.000 -1.000 -1.000 -1.000 -1.000 3.333 2.889 2.667 2.667 2.556 2.444 2.333 2.222 2.111 2.000 1.889 1.889 1.889 1.889 1.889 2.000 2.111 2.222 2.333 2.444 2.556 2.778 2.889 3.000 3.111 3.333 3.444 3.556 3.667 3.889 4.000 4.222 4.333 4.444 4.667 4.778 4.889
-1.000 -1.000 -1.000 -1.000 -1.000 -1.000 -1.000 -1.000 -1.000 -1.000 -1.000 -1.000 -1.000 3.333 3.000 2.889 2.778 2.667 2.556 2.444 2.333 2.222 2.111 2.111 2.000 2.000 2.000 2.111 2.111 2.222 2.333 2.444 2.667 2.778 2.889 3.000 3.111 3.333 3.444 3.556 3.778 3.889 4.000 4.222 4.333 4.444 4.667 4.778 5.000 5.111
-1.000 -1.000 -1.000 -1.000 -1.000 -1.000 -1.000 -1.000 -1.000 -1.000 -1.000 -1.000 4.000 3.333 3.111 3.000 2.889 2.778 2.667 2.556 2.444 2.333 2.222 2.222 2.222 2.222 2.222 2.222 2.222 2.333 2.444 2.667 2.778 2.889 3.000 3.222 3.333 3.444 3.556 3.778 3.889 4.000 4.222 4.333 4.444 4.667 4.778 5.000 5.111 5.222
-1.000 -1.000 -1.000 -1.000 -1.000 -1.000 -1.000 -1.000 -1.000 -1.000 -1.000 -1.000 3.778 3.444 3.333 3.222 3.111 3.000 2.889 2.778 2.667 2.444 2.444 2.333 2.333 2.333 2.333 2.333 2.444 2.556 2.667 2.778 2.889 3.000 3.222 3.333 3.444 3.556 3.778 3.889 4.000 4.222 4.333 4.444 4.667 4.778 5.000 5.111 5.222 5.444
-1.000 -1.000 -1.000 -1.000 -1.000 -1.000 -1.000 -1.000 -1.000 -1.000 -1.000 -1.000 3.778 3.556 3.444 3.333 3.222 3.111 3.000 2.889 2.778 2.556 2.556 2.556 2.444 2.444 2.444 2.444 2.556 2.667 2.778 2.889 3.111 3.222 3.333 3.444 3.667 3.778 3.889 4.000 4.222 4.333 4.444 4.667 4.778 5.000 5.111 5.222 5.444 5.556
-1.000 -1.000 -1.000 -1.000 -1.000 -1.000 -1.000 -1.000 -1.000 -1.000 -1.000 4.222 3.889 3.778 3.667 3.444 3.333 3.222 3.111 3.000 2.889 2.778 2.667 2.667 2.667 2.667 2.667 2.667 2.667 2.778 2.889 3.111 3.222 3.333 3.444 3.667 3.778 3.889 4.111 4.222 4.333 4.556 4.667 4.778 5.000 5.111 5.222 5.444 5.556 5.778
-1.000 -1.000 -1.000 -1.000 -1.000 -1.000 -1.000 -1.000 -1.000 -1.000 -1.000 4.222 4.000 3.889 3.778 3.667 3.556 3.444 3.333 3.222 3.000 2.889 2.889 2.778 2.778 2.778 2.778 2.778 2.889 3.000 3.111 3.222 3.333 3.444 3.667 3.778 3.889 4.111 4.222 4.333 4.556 4.667 4.778 5.000 5.111 5.222 5.444 5.556 5.778 5.889
-1.000 -1.000 -1.000 -1.000 -1.000 -1.000 -1.000 -1.000 -1.000 -1.000 4.889 4.333 4.222 4.111 3.889 3.778 3.667 3.556 3.444 3.333 3.111 3.111 3.000 3.000 3.000 2.889 2.889 2.889 3.000 3.111 3.222 3.333 3.444 3.667 3.778 3.889 4.111 4.222 4.333 4.556 4.667 4.778 5.000 5.111 5.222 5.444 5.556 5.778 5.889 6.111
-1.000 -1.000 -1.000 -1.000 -1.000 -1.000 -1.000 -1.000 -1.000 -1.000 4.778 4.556 4.444 4.222 4.111 4.000 3.889 3.778 3.667 3.444 3.333 3.222 3.222 3.111 3.111 3.111 3.111 3.111 3.111 3.222 3.333 3.444 3.667 3.778 3.889 4.111 4.222 4.333 4.556 4.667 4.778 5.000 5.111 5.222 5.444 5.556 5.778 5.889 6.000 6.222
