tests/test_03/output6/CloudConcentration_005.00hrs.dat
NCOLS    50
NROWS    50
XLLCORNER    -2289770.000
YLLCORNER     2591270.000
CELLSIZE        2000.000       2000.000
NODATA_VALUE  0.000
[rows 0 to 38 of 50, columns 0 to 49 of 50]
0.000 0.000 0.000 0.000 0.000 0.000 0.000 0.531 3.371 19.799 108.573 550.991 3014.359 14506.414 31758.781 51573.129 71936.930 90334.695 107814.711 119190.891 125969.578 132460.203 146394.016 150994.359 150070.781 137789.531 124048.148 116281.414 107262.961 93832.164 80315.688 64450.480 50636.004 38669.852 30677.043 22944.482 14431.503 6291.566 2364.619 511.512 76.556 13.343 2.578 0.579 0.137 0.000 0.000 0.000 0.000 0.000
0.000 0.000 0.000 0.000 0.000 0.000 0.484 3.154 19.108 110.209 602.814 3543.222 16255.217 33898.797 51745.887 73276.867 95968.281 117520.469 136188.875 149609.688 155243.344 157350.312 172071.969 177656.609 176441.406 162345.938 146444.906 136841.922 125406.523 110761.398 95525.555 78550.312 63915.395 51105.816 40043.887 32410.625 24259.381 15045.169 6114.523 2262.832 441.865 63.874 11.984 2.726 0.697 0.184 0.000 0.000 0.000 0.000
0.000 0.000 0.000 0.000 0.000 0.485 3.229 20.452 123.357 732.961 4724.564 20821.793 41936.875 62755.555 81940.156 99566.867 124142.180 151279.094 171706.547 188465.797 191986.141 192008.156 203586.094 209781.266 206635.328 190664.219 172384.219 160772.203 145951.594 129784.578 111267.797 93558.016 78475.609 64890.055 52266.652 43042.656 34748.898 25796.449 15899.026 6488.857 2227.697 393.683 61.579 12.324 3.017 0.840 0.239 0.000 0.000 0.000
0.000 0.000 0.000 0.000 0.484 3.257 21.190 135.044 857.812 5832.636 24749.561 49639.812 74551.789 96828.250 116191.820 132152.375 149859.844 181114.328 207031.359 223233.797 225662.703 223504.500 233759.328 239481.078 230528.500 213029.594 193708.734 182062.828 165144.734 144362.938 122222.609 104213.625 89358.680 76947.633 64672.625 53553.121 45402.402 36653.699 26559.514 16194.916 6795.687 2131.647 363.907 59.017 12.238 3.026 0.875 0.447 0.121 0.000
0.000 0.000 0.000 0.485 3.269 21.596 142.319 974.087 6830.719 27380.990 54636.262 81780.391 108174.766 132363.188 149811.250 165140.719 178330.984 206224.047 235071.250 249219.688 252423.609 247343.375 260928.781 266471.812 251398.953 230166.781 220716.938 203626.906 182065.047 154463.391 130757.086 111473.945 95718.008 83644.477 73693.867 63195.836 55410.973 47335.156 37578.379 26992.125 15796.927 6849.558 2055.061 336.938 54.535 10.792 2.441 1.097 0.439 0.000
0.000 0.000 0.480 3.241 21.726 147.116 1063.281 7183.506 27354.166 54852.336 83725.008 113200.234 139518.281 162384.656 181825.688 192979.125 200412.922 218982.031 248503.109 262987.844 266537.781 262579.156 283623.250 291125.188 271995.406 250933.859 243965.406 226649.766 194859.938 165502.734 139705.984 118383.961 100854.141 87582.680 77289.383 69309.789 63238.418 56635.438 48052.633 37785.176 26354.945 15193.026 7043.243 1978.495 303.642 47.211 8.204 1.655 0.733 0.148
0.000 0.463 3.159 21.451 149.278 1095.371 6950.395 25451.430 50953.254 79183.719 108929.844 138113.719 163652.328 182508.609 197632.156 204530.422 208011.859 224135.359 254207.984 268997.094 271752.500 275039.656 303071.594 312013.062 287953.188 282068.156 270624.500 245381.594 208759.500 177581.516 147904.859 127946.047 108458.172 93361.898 81683.195 73415.547 67827.023 63031.629 56756.355 47808.695 36792.504 24853.057 14624.564 7148.817 1863.594 261.026 38.770 6.240 0.977 0.169
0.445 3.019 20.817 147.503 1064.459 6396.631 22529.137 45358.648 70877.719 97504.172 123969.414 149274.031 171803.453 188248.328 201326.172 207235.609 209764.328 226624.547 256073.266 271097.031 272385.844 289751.250 319470.500 329407.688 305585.562 318094.344 301115.375 262634.094 224178.422 190139.266 166778.031 139781.172 117542.242 100188.414 87064.289 77853.211 71546.430 67142.234 62579.902 55774.273 45740.512 34166.898 23057.285 13759.276 7046.664 1659.891 214.859 32.890 5.386 1.008
2.964 19.987 140.399 984.209 5627.189 19340.395 39116.102 60243.605 81962.406 104171.266 127172.141 150320.438 172028.281 188901.141 201697.734 206276.891 207014.203 227269.297 256460.188 270367.812 270888.188 303754.812 334355.188 342643.719 325583.500 349342.344 327355.688 281570.125 238708.219 216264.266 182060.984 151066.562 123737.883 103363.609 89341.492 79955.523 73566.156 69349.875 65313.898 59877.238 51907.957 41844.176 31043.119 20866.043 13633.065 6536.579 1349.160 175.269 28.212 5.509
19.504 129.772 885.996 4795.669 16413.893 32441.688 48994.676 66072.039 84548.172 104475.367 125489.828 147488.875 168901.812 185256.750 196310.359 200796.922 201532.812 226623.641 256475.000 271046.969 272222.188 316966.375 348117.219 352598.188 363756.844 383766.344 345551.938 302450.812 274519.250 236443.984 196494.703 156760.000 126589.656 105505.008 90876.789 80977.523 74175.492 69555.758 65885.664 61403.535 55276.535 47069.582 37650.516 27965.047 20394.285 12611.821 5464.169 1007.614 139.472 27.531
117.609 768.207 3986.242 13516.651 25889.631 38560.934 51940.801 67009.633 82838.086 100125.961 119401.188 139986.672 160280.594 176199.047 187366.016 192195.875 193292.250 221139.125 253357.234 269318.156 271085.625 327926.531 361851.312 364196.125 400632.062 419489.406 360261.688 342373.125 305120.812 256134.375 203134.453 160852.531 129014.648 107026.516 91961.273 81775.656 74707.797 69704.500 66084.594 62311.004 57086.820 50324.699 41885.500 34757.605 26889.363 18473.346 10558.955 4211.420 702.263 127.671
646.681 3235.095 10659.122 20011.828 29490.014 40213.633 51673.922 63484.344 77104.258 92969.789 111098.891 130763.664 150452.891 166280.344 177448.281 182580.406 183873.047 212385.141 246163.125 263507.531 266945.000 336159.938 373521.250 375138.375 436785.250 439457.719 374752.969 390593.281 331624.062 266625.062 208818.250 164160.172 138244.719 115000.789 97706.344 85645.586 77569.969 71803.664 67037.617 62971.641 58900.199 54216.809 48306.020 40845.367 32323.588 23682.697 15457.559 8228.998 2956.370 567.425
2579.670 8132.805 14947.690 22138.496 30377.115 38518.633 47321.910 57713.422 70200.680 85076.789 102280.867 121154.414 140343.328 156342.453 167432.031 172956.531 174305.250 201793.422 236672.312 254406.422 258324.062 337766.125 382500.500 384953.844 476971.219 465420.312 423504.719 427482.344 351636.750 273908.312 217932.297 188681.484 152994.438 123348.906 104408.977 92426.484 84316.086 77933.133 72944.352 68947.367 64747.207 59676.520 53335.801 45590.855 36907.242 28246.035 19734.855 11925.972 5941.658 2287.615
6113.905 10894.418 16350.975 22281.699 28004.449 34442.219 42139.312 51588.238 63163.504 77047.117 93202.242 111131.203 129678.633 145827.328 156611.031 162850.469 164271.594 190045.734 225492.031 243827.641 248020.547 335754.812 385203.562 398190.594 517522.844 503410.344 489296.250 459809.500 360740.219 283952.875 258041.484 207476.516 158258.875 127720.680 108613.164 96840.320 88347.938 81795.742 76875.242 72852.617 68572.461 63695.367 57741.602 50083.270 41311.938 32078.203 23075.207 15177.503 8783.883 4731.631
7965.473 11813.579 15974.129 20012.094 24580.857 30100.158 37027.520 45708.598 56348.691 69111.914 83973.742 100657.570 118245.617 134475.594 144882.094 152087.703 153621.250 177022.125 212837.969 231585.297 236580.391 326569.469 384700.312 408434.250 556022.250 555767.750 544286.000 476724.250 370765.656 343171.125 285523.062 213083.344 158935.766 126899.648 109066.047 97523.531 88938.805 82750.188 78309.000 74398.250 70104.930 65706.734 60757.656 53447.203 44366.762 35105.598 26127.072 18057.877 11472.545 7395.403
8625.307 11212.406 14064.906 17261.807 21167.936 26162.930 32499.760 40394.746 50028.406 61581.023 75081.188 90348.852 106634.461 122356.109 133249.922 141020.922 142617.172 162297.266 199405.453 217674.062 223081.641 310163.344 380496.438 413693.344 581499.688 642026.188 586183.812 486631.938 435232.031 394623.531 292015.094 205136.234 153461.609 123780.781 107320.789 95994.336 87753.531 81981.422 77728.266 73685.398 69597.812 65978.711 61484.008 55623.379 47169.980 37881.113 28949.578 20627.301 14804.500 10187.961
7746.759 9536.069 11806.647 14568.291 18081.643 22538.115 28162.678 35151.332 43797.504 54303.703 66836.312 81190.773 96745.422 112157.977 123993.742 131754.016 133482.281 145982.094 185250.766 203441.188 208453.250 287284.938 372116.594 418764.219 595359.500 772089.812 608278.688 543090.938 519535.312 405706.156 276514.156 201624.266 160745.016 137163.812 118771.180 104426.766 94397.789 89400.070 85166.102 79267.703 72302.867 65782.656 61599.848 56555.918 49356.859 40407.391 32088.793 24904.436 18094.096 12837.405
6304.646 7679.990 9550.779 11927.716 14950.336 18757.586 23536.283 29496.605 36936.828 46140.668 57464.992 70919.586 86183.047 101921.031 115513.445 123369.898 126877.250 128963.805 169833.453 195637.203 200420.422 264461.156 356993.969 418143.938 605642.562 915404.688 626356.375 657111.500 556969.625 383002.031 301499.656 232275.797 185703.516 150048.078 126879.430 114771.867 108883.875 103727.812 96159.797 87483.797 79014.094 71767.211 65623.320 60091.477 53752.922 45777.125 37290.426 28904.893 20967.473 15181.315
4818.743 5910.261 7436.229 9399.580 11864.169 14986.214 18877.760 23791.523 29915.646 37625.266 47182.512 59037.750 73234.633 89307.586 105337.828 116274.445 122091.836 122615.391 152213.047 190628.641 202254.203 250340.281 338464.719 407220.438 612451.750 1042959.062 769970.500 779435.188 536528.062 448593.094 341007.938 250839.062 188912.953 149885.250 130062.211 120510.164 115057.453 108534.117 99694.672 89979.984 81281.195 74358.547 68528.609 63644.223 57869.324 50021.262 41217.188 32168.131 23632.012 17478.846
3499.056 4347.804 5530.214 7050.778 8945.257 11369.010 14386.402 18256.445 23071.574 29243.754 36892.391 46643.629 58556.359 73344.773 90097.734 107641.477 116972.148 121370.445 132065.891 178234.469 209408.875 236074.078 329821.344 375332.750 614600.000 1146495.375 934777.125 797892.688 640170.000 500237.938 351107.188 219764.219 164617.672 137865.672 124742.398 117976.195 112277.102 103216.789 93354.883 84581.000 77407.055 73061.844 69667.570 65980.500 60403.941 52953.367 44166.840 35110.535 26052.207 19015.258
2507.086 3117.248 3965.507 5039.262 6404.796 8145.639 10362.513 13181.334 16766.021 21322.275 27108.658 34452.078 43735.457 55389.770 69722.664 86638.812 104603.000 115304.227 117846.078 150818.047 195849.188 215234.531 314088.719 365171.594 606520.688 1216893.125 1090463.000 865085.625 745312.062 476540.875 291054.656 220129.219 172315.516 153520.359 148890.391 144295.484 132347.750 117189.625 101774.773 87999.797 76521.703 70963.398 68137.828 64895.129 60895.129 54054.246 45141.664 35857.801 26924.158 20118.637
1738.674 2195.013 2832.356 3644.948 4661.556 5946.109 7546.921 9587.127 12119.990 15362.534 19375.088 24551.061 30955.727 39329.871 49667.719 62987.461 78414.508 96001.914 107609.391 111201.977 167297.125 222065.828 287449.562 392709.469 600055.500 1298584.500 1096834.125 1081038.125 681240.688 436887.219 319062.000 236877.797 203911.703 189459.625 175760.141 160724.391 141508.125 122287.102 105428.094 91633.883 80616.914 72255.266 66563.141 63676.438 60002.711 53552.191 44907.312 35819.508 27117.910 20563.445
844.470 1129.839 1553.265 2103.663 2840.532 3782.365 5013.933 6572.820 8619.668 11191.572 14543.901 18689.369 23980.150 30285.055 38207.012 47550.668 59492.438 73385.484 89605.609 103197.039 107604.477 162805.719 214975.859 373999.281 580512.438 1572487.250 1490755.250 998492.312 668045.625 424660.562 254484.219 222632.234 208158.281 187274.078 162294.281 138314.453 119212.086 105088.484 93865.328 85569.406 79047.125 74489.352 68312.664 63627.348 58935.953 52855.188 44669.090 35752.027 27717.662 22074.375
169.036 244.420 365.042 547.014 814.679 1216.064 1803.210 2637.132 3794.950 5382.900 7544.466 10449.473 14382.493 19619.139 26531.256 35387.812 46592.629 60480.234 77781.391 97186.055 117841.008 130861.633 152254.234 215162.844 457835.469 1796090.000 1518991.000 910698.688 407656.250 375440.938 333259.250 296539.500 260664.422 224672.797 190960.891 160063.156 133366.250 110431.602 91740.289 77685.758 73806.555 71421.352 69463.469 65661.305 59602.305 53640.871 46136.727 37885.191 29829.371 23623.088
15.292 22.926 35.403 55.312 85.481 133.451 206.377 321.983 498.229 776.888 1202.759 1874.551 2903.403 4522.933 7006.400 10898.986 16667.373 25101.652 36858.074 53983.359 78079.156 109307.406 146107.859 184044.688 233559.234 901101.188 1034410.375 636833.625 536908.375 453620.688 371559.156 293863.844 228689.406 175603.891 137086.969 118762.773 104831.016 95275.047 87408.422 79408.102 71743.258 68564.445 66577.984 63657.781 60600.230 54515.691 46920.555 38674.605 30396.627 23804.488
0.000 0.000 0.000 0.000 0.000 0.000 0.000 0.000 0.000 0.000 0.000 0.000 0.000 0.000 0.000 0.000 0.000 0.000 0.000 0.000 0.000 2.168 133.708 10461.755 147727.922 431550.094 339027.469 295546.500 232575.812 216934.969 176832.312 134499.797 129957.109 123294.352 113332.062 97688.617 84146.031 82509.742 80895.070 78580.406 72334.523 65774.492 63189.387 60785.668 57896.203 53863.246 47086.215 38544.707 29855.402 22934.379
0.000 0.000 0.000 0.000 0.000 0.000 0.000 0.000 0.000 0.000 0.000 0.000 0.000 0.000 0.000 0.000 0.000 0.000 0.000 0.000 0.468 28.789 1553.277 44137.301 162133.688 386355.562 272249.094 232414.766 230795.797 174330.688 173347.141 154937.109 123716.414 109317.953 107275.883 102265.609 93909.125 82142.062 77240.094 73823.344 70928.906 66319.844 60021.383 57481.246 54960.508 51354.598 44792.012 36364.266 27705.996 20895.471
0.000 0.000 0.000 0.000 0.000 0.000 0.000 0.000 0.000 0.000 0.000 0.000 0.000 0.000 0.000 0.000 0.000 0.000 0.000 0.000 5.175 236.844 10146.699 56576.285 172909.953 352294.312 232940.328 214950.672 177127.172 171594.438 131398.312 132851.797 125087.234 103528.312 89255.180 88038.141 85082.664 78584.727 70114.500 66203.992 63721.238 61554.504 57603.160 54347.664 52262.016 48929.023 42202.676 33845.168 25356.846 18646.723
0.000 0.000 0.000 0.000 0.000 0.000 0.000 0.000 0.000 0.000 0.000 0.000 0.000 0.000 0.000 0.000 0.000 0.000 0.000 0.821 36.315 1681.613 21463.838 56782.062 159462.750 315935.500 209887.969 185642.281 151495.891 146326.016 128175.977 98740.656 102946.883 98176.898 83142.773 74516.266 73618.680 71061.016 65671.336 60053.305 58790.652 57042.512 55394.770 51930.738 50131.129 46647.652 39353.836 31026.074 22943.797 16474.865
0.000 0.000 0.000 0.000 0.000 0.000 0.000 0.000 0.000 0.000 0.000 0.000 0.000 0.000 0.000 0.000 0.000 0.000 0.000 5.626 188.360 6119.126 22655.945 66542.383 123290.656 276401.594 191282.125 159030.469 144630.312 117072.438 115450.586 93083.648 84494.812 84867.086 79766.258 67308.898 65450.434 64663.035 61489.961 56659.145 54859.484 53873.652 52940.344 50310.371 48244.570 44010.793 36400.473 28068.861 21065.451 16079.110
0.000 0.000 0.000 0.000 0.000 0.000 0.000 0.000 0.000 0.000 0.000 0.000 0.000 0.000 0.000 0.000 0.000 0.000 0.777 30.060 1031.478 9564.748 21837.189 63878.941 103657.797 227760.938 174541.531 135375.859 128831.188 103731.375 104623.773 91922.969 75245.867 75484.336 72086.648 64763.750 59836.191 59435.977 58189.344 54251.754 52220.141 51897.648 51381.250 49664.141 46145.059 41145.812 34157.438 26831.979 20047.607 14838.265
0.000 0.000 0.000 0.000 0.000 0.000 0.000 0.000 0.000 0.000 0.000 0.000 0.000 0.000 0.000 0.000 0.000 0.000 4.117 125.433 3103.872 9097.525 24308.807 53322.789 93920.188 180371.875 162087.406 125442.953 118113.781 93080.828 96763.320 90498.320 70077.922 70440.789 68113.695 62952.438 56323.582 56175.109 55670.352 52473.977 50714.230 50604.961 50305.059 48957.875 45546.906 39778.254 32571.580 25214.166 18139.518 12214.792
0.000 0.000 0.000 0.000 0.000 0.000 0.000 0.000 0.000 0.000 0.000 0.000 0.000 0.000 0.000 0.000 0.000 0.562 19.038 552.033 4012.847 9180.497 23092.740 44968.816 86154.086 145300.219 147331.125 118213.734 111542.789 85225.070 89177.727 84496.297 70152.883 66657.938 65748.930 61373.965 54236.086 54203.305 53857.441 51508.844 49573.457 49462.750 49123.465 47942.215 44207.621 37525.219 29871.645 22266.738 15372.632 9114.475
0.000 0.000 0.000 0.000 0.000 0.000 0.000 0.000 0.000 0.000 0.000 0.000 0.000 0.000 0.000 0.000 0.000 2.564 85.757 1410.846 3614.282 9572.581 20409.744 41263.859 74775.906 120626.070 130855.031 110729.727 106126.336 81398.469 83274.812 78781.961 67065.750 63026.465 62877.855 59241.785 52317.512 52324.277 52034.332 50268.887 48228.383 48087.629 47578.473 46231.426 41653.824 34285.758 26478.016 18776.408 11551.809 6413.496
0.000 0.000 0.000 0.000 0.000 0.000 0.000 0.000 0.000 0.000 0.000 0.000 0.000 0.000 0.000 0.000 0.380 11.542 350.563 1672.308 3951.559 8792.689 17247.787 38193.590 63181.715 97286.133 114788.859 101569.664 98899.289 79168.820 79661.016 74816.555 63469.668 60064.887 59916.840 56642.547 50842.527 50495.156 50243.941 48797.551 46649.055 46341.734 45403.488 43266.773 37514.180 29781.570 21780.238 14168.615 8181.187 4606.353
0.000 0.000 0.000 0.000 0.000 0.000 0.000 0.000 0.000 0.000 0.000 0.000 0.000 0.000 0.000 0.000 1.668 59.331 665.432 1492.757 3919.685 7560.488 16081.138 34090.844 50400.422 78354.586 97829.703 91680.938 90437.742 76147.750 76919.500 72316.328 60886.926 58024.590 57802.570 54558.445 49206.199 48654.035 48358.051 47112.211 44576.332 43933.418 42573.402 38995.613 32087.740 24348.225 16693.203 10149.166 6077.866 2933.124
0.000 0.000 0.000 0.000 0.000 0.000 0.000 0.000 0.000 0.000 0.000 0.000 0.000 0.000 0.000 0.244 6.746 189.776 691.802 1616.924 3345.239 6691.280 14632.469 29590.002 39462.988 63600.012 80900.273 81854.562 81431.328 70700.414 72319.742 68810.172 58980.758 55716.980 55615.898 52590.340 47479.324 46269.465 45939.637 45030.137 42237.703 40945.742 38837.082 33513.316 26332.102 18993.299 12409.686 7749.413 3807.070 1404.490
0.000 0.000 0.000 0.000 0.000 0.000 0.000 0.000 0.000 0.000 0.000 0.000 0.000 0.000 0.000 1.061 32.922 294.818 652.050 1541.143 2861.606 6282.733 13327.651 24612.539 33214.738 52937.461 65150.324 71380.617 72033.258 63951.906 66077.391 63627.184 55959.953 51900.148 51976.492 49410.895 45016.074 43338.582 43158.879 42544.719 40106.734 37163.418 33947.078 27664.492 20592.744 14875.375 9550.964 4915.820 1670.869 520.347
0.000 0.000 0.000 0.000 0.000 0.000 0.000 0.000 0.000 0.000 0.000 0.000 0.000 0.000 0.000 4.023 95.134 282.253 672.577 1282.262 2626.219 5717.392 11562.236 19665.578 27742.912 43459.348 52095.199 60828.352 62780.703 56750.770 59120.969 57487.648 52045.805 47875.543 48112.301 46000.371 42436.059 40429.379 40316.441 39905.613 37562.574 34188.742 29259.381 23222.143 17077.492 11209.286 5903.370 2042.995 648.278 149.783
