tests/test_03/output6/CloudLoad_005.00hrs.dat
NCOLS    50
NROWS    50
XLLCORNER    -2289770.000
YLLCORNER     2591270.000
CELLSIZE        2000.000       2000.000
NODATA_VALUE  0.000
[rows 0 to 36 of 50, columns 0 to 49 of 50]
0.000 0.000 0.000 0.000 0.000 0.000 0.000 0.677 4.572 29.290 179.561 1063.526 6148.175 28439.594 61793.324 99289.453 139052.797 179335.844 220427.125 258936.062 290090.656 310247.469 320353.188 331445.844 334097.500 323230.000 300194.656 274544.156 242697.688 208738.984 176717.047 144837.250 114515.594 87776.328 62218.023 41000.871 24581.979 12719.294 4799.792 1017.894 161.207 28.502 5.385 1.143 0.253 0.000 0.000 0.000 0.000 0.000
0.000 0.000 0.000 0.000 0.000 0.000 0.588 4.007 26.253 167.444 1035.300 6907.878 31502.436 68162.281 108109.836 150148.672 193680.156 236730.672 281881.719 323951.781 357257.656 376995.469 387821.469 400190.906 401762.562 390492.938 364989.250 335017.281 297734.375 258127.469 219843.938 184089.531 150737.125 119318.531 90967.789 65455.676 44098.266 26639.363 13194.245 4590.259 892.560 134.413 24.743 5.376 1.288 0.321 0.000 0.000 0.000 0.000
0.000 0.000 0.000 0.000 0.000 0.569 3.894 25.905 169.828 1094.861 7486.724 33509.062 71840.812 113995.078 159350.266 207415.891 256387.578 307973.406 357508.562 403355.688 441482.625 461953.125 472647.125 486542.500 487428.625 472884.188 445814.656 410327.500 365625.562 319024.219 273702.344 231064.359 193355.703 158439.125 125725.180 96083.227 70074.914 48042.512 29096.203 14268.268 4461.831 793.349 125.021 24.261 5.636 1.502 0.461 0.000 0.000 0.000
0.000 0.000 0.000 0.000 0.549 3.753 25.138 168.202 1132.873 8044.315 34498.613 72873.953 115625.461 162235.219 210616.062 261523.453 317055.281 373746.219 428132.812 476236.812 520439.125 545573.125 553930.500 567538.312 565035.688 545004.062 517671.781 477456.875 426859.188 374755.625 323835.750 277909.594 235737.000 197902.766 162890.219 129818.211 100007.203 74200.211 51383.301 31081.236 14985.598 4192.571 720.896 115.354 23.213 5.778 1.924 0.763 0.208 0.000
0.000 0.000 0.000 0.530 3.614 24.333 164.537 1165.146 8188.726 33329.301 70444.672 111618.070 157332.109 206122.359 257199.625 311165.031 369883.969 430820.344 487329.688 533703.938 582569.562 612728.250 618792.938 632095.812 631525.125 605009.188 581197.125 534947.438 478280.031 419823.906 364061.438 314645.219 270679.844 232663.656 197767.266 164013.344 132121.938 103401.125 77411.609 53895.672 32321.139 14999.738 3946.951 648.585 104.014 21.414 5.901 2.230 0.887 0.000
0.000 0.000 0.510 3.472 23.584 162.159 1189.584 7932.405 30500.561 63274.059 100492.531 142751.297 188691.594 237814.312 290333.719 346165.344 404276.125 463918.531 517491.594 564078.688 617071.625 658345.312 669888.250 686175.812 693803.750 667987.562 634294.188 588841.312 527924.688 463175.781 401993.375 346673.719 298131.812 257390.547 222358.469 192313.828 162789.266 133449.750 106000.438 79702.609 55172.586 32803.211 14787.743 3683.541 571.291 91.540 18.342 4.806 1.543 0.264
0.000 0.483 3.311 22.672 159.806 1173.064 7344.900 26987.285 55213.328 87930.258 124801.086 165643.625 209150.125 255138.688 305385.125 358998.094 416857.656 476711.531 531191.188 578414.625 632839.188 684038.500 707255.562 728149.750 736059.500 714513.562 681127.125 631868.125 564405.375 494535.781 429126.281 371268.625 320470.125 278007.594 240932.906 210095.844 183657.375 159338.094 133903.812 106396.680 80069.711 54547.859 32378.377 14134.887 3364.931 492.133 77.665 14.174 2.863 0.426
0.465 3.135 21.660 154.507 1106.670 6588.492 23252.844 47463.719 75272.039 105694.469 138402.109 174265.062 214705.328 259200.781 308366.938 361467.500 420170.750 481804.062 534840.188 580798.688 634297.062 689460.562 723604.875 760058.750 770892.188 759414.250 718496.125 664583.188 589627.625 513578.281 445488.219 384133.375 333087.688 292540.656 256978.953 225371.078 198305.328 175076.969 153971.375 131283.172 104904.969 77800.203 52455.496 30819.057 13214.396 2967.527 422.280 66.124 10.888 1.923
3.166 20.858 144.970 1005.460 5714.391 19659.193 40106.766 62444.027 86111.906 111627.023 140471.094 173758.875 212755.344 257458.078 307161.344 359578.562 417122.062 476750.125 528817.125 575489.625 626885.125 687921.062 733306.312 790078.562 800981.562 804463.000 760177.312 703967.188 614991.688 534002.188 454026.625 387627.625 334136.688 293335.875 260201.141 232973.312 209344.250 187518.781 167336.875 147033.234 124601.352 99797.016 73247.258 49096.500 28240.197 11942.124 2527.287 361.727 57.262 10.515
20.216 132.452 896.417 4834.310 16548.422 32874.102 50050.371 68125.797 88323.234 111289.875 137662.938 169079.312 206725.250 249593.750 297300.000 349808.375 408695.000 467905.875 518108.812 566991.250 619253.188 685509.062 740358.750 814982.938 838910.688 855632.000 802963.062 746823.375 646272.500 551551.625 463557.281 389650.344 333048.625 291823.406 258064.938 231688.781 210375.547 193735.297 177568.672 159212.250 138510.203 115827.039 91688.258 67156.148 44174.867 24972.184 10331.734 2070.931 297.095 55.298
118.817 772.738 4002.792 13572.383 26069.000 39038.969 52905.016 68804.570 86140.320 106160.820 130351.578 159689.203 195217.375 236244.062 282555.062 333540.281 391174.281 453450.875 506239.938 556869.750 610368.750 681850.875 746806.500 836406.812 877366.500 911226.500 844962.812 798929.938 680834.562 574079.188 472944.156 392848.375 331766.875 287593.094 253324.203 227411.141 207855.672 193643.188 180978.734 166354.859 148793.969 128525.406 105889.734 82553.500 59682.547 38507.477 21182.559 8556.413 1581.717 276.280
648.053 3240.336 10678.451 20078.670 29690.537 40637.582 52471.535 64974.695 79887.258 98160.469 120731.883 148435.453 182263.297 221622.516 266238.094 315367.125 370554.719 431908.594 486648.406 540629.938 597175.375 678589.312 753872.562 857342.312 921691.438 963452.188 884772.000 856301.375 720634.062 595010.438 486632.438 400667.469 337140.094 286762.031 250492.984 223648.281 205075.531 192503.703 182161.297 170662.156 155976.594 138134.500 117494.633 94881.414 72490.867 51211.395 32334.104 17215.094 6595.486 1319.879
2581.057 8138.105 14967.251 22208.604 30545.379 38846.086 47945.020 58899.398 72471.586 89407.008 110478.312 136479.500 168470.484 206148.625 248895.281 296023.938 349124.469 408109.500 462013.125 517134.375 576241.375 663320.562 755128.938 875926.500 977884.750 1027063.250 938314.938 913746.562 756747.938 616370.562 501511.719 411262.188 339641.094 286333.156 247036.391 220283.328 203104.016 190672.531 181559.906 173414.297 162301.438 147184.703 127934.164 106039.586 83567.703 62187.805 42687.648 26079.045 13349.346 5091.934
6115.093 10898.841 16366.673 22328.363 28113.400 34669.848 42602.328 52515.465 64979.168 80553.188 99935.180 123926.836 153600.078 189157.688 229607.438 274675.625 325714.438 383262.312 435250.281 490577.906 551896.438 642307.938 745014.438 880285.938 1037518.562 1113022.000 990540.938 970106.625 788793.312 641239.250 522754.844 425584.656 343053.719 285893.250 245517.078 221081.406 204521.078 191281.266 181838.906 175295.781 167326.719 154799.984 137527.422 116730.352 94138.234 72106.578 51936.613 34274.340 20170.830 10094.765
7966.024 11815.525 15980.359 20029.867 24630.230 30228.838 37327.695 46373.824 57742.836 71908.961 89379.352 110998.852 137825.891 170713.688 208283.328 250950.531 299386.438 356944.062 407909.344 461520.938 523231.562 617261.750 732449.938 872734.062 1087481.250 1224891.750 1066579.750 1025181.062 824371.625 669818.438 552757.375 436718.531 345651.156 283503.031 245726.594 224109.719 207532.016 191895.469 181494.375 176818.125 171093.422 161167.266 146816.250 126887.719 104316.977 81914.727 60776.738 42116.812 26687.307 15341.521
8625.432 11212.846 14066.375 17266.416 21182.172 26206.779 32635.227 40766.008 50923.707 63580.500 79256.188 98646.898 122502.727 152012.141 186335.281 225620.891 270431.219 325616.875 380314.469 431012.438 489691.969 583471.500 720068.500 863420.750 1123646.250 1363361.250 1154591.875 1066962.875 865387.875 726287.688 578598.375 443538.406 342006.875 281254.906 251997.453 230736.719 209947.875 193703.125 183938.781 179706.234 175475.844 166876.281 154462.594 136595.656 114211.797 91203.242 69351.156 49679.426 32920.070 20678.617
7746.784 9536.160 11806.972 14569.383 18085.234 22549.824 28200.740 35273.277 44182.457 55384.730 69499.859 87115.328 109029.484 135946.906 167144.953 202478.859 242160.250 291514.781 347849.219 401867.938 453835.719 535880.250 696824.062 856263.062 1151044.000 1533060.000 1264859.875 1124226.625 935581.375 783999.250 593631.188 436815.344 333247.156 290599.469 260388.703 232733.312 210549.516 197757.422 189935.953 184492.219 179888.281 172099.734 160360.125 145015.219 124074.078 100621.273 77938.922 56984.461 38894.242 25916.611
6304.650 7680.007 9550.844 11927.946 14951.134 18760.320 23545.570 29527.797 37040.285 46478.109 58548.629 74057.000 94041.102 119078.078 149734.844 183075.250 219669.250 260401.984 311396.812 377727.969 429838.719 491156.594 654504.188 843548.375 1166065.500 1757653.750 1369505.750 1180707.500 1046342.875 820742.250 585375.562 424169.469 349973.469 303327.969 263815.750 234285.922 218005.625 207595.156 197230.547 188536.344 182526.359 175964.406 165142.078 152435.062 133451.438 109657.000 86040.633 64060.566 44742.754 31009.256
4818.743 5910.264 7436.240 9399.622 11864.321 14986.762 18879.711 23798.402 29939.615 37707.684 47461.637 59969.250 76278.016 98408.617 127330.227 161612.234 198453.312 236696.188 277334.844 338856.219 412723.469 468968.125 595517.062 821884.625 1163561.625 2033690.500 1493541.875 1347618.000 1129854.125 830635.562 568466.188 453567.812 371735.688 308214.688 263776.031 241682.109 230412.500 218937.250 205704.266 193413.188 186614.844 180843.875 170615.031 158304.578 140547.719 117086.789 93245.508 70816.156 50743.242 36171.848
3499.056 4347.805 5530.216 7050.785 8945.281 11369.102 14386.743 18257.707 23076.201 29260.533 36952.477 46855.676 59293.402 75851.469 98508.742 132103.359 170142.031 213526.422 255154.297 297694.719 378949.594 471752.875 557762.312 787109.625 1160672.125 2394297.000 1622992.750 1539951.125 1181933.375 819500.500 610477.625 467026.719 355854.094 297148.281 269085.594 256547.562 246566.547 229975.141 212644.141 198939.078 191421.656 187227.922 178318.844 164373.594 146845.641 123830.203 99813.359 77033.711 56376.156 40953.906
2507.086 3117.248 3965.507 5039.263 6404.800 8145.651 10362.561 13181.520 16766.738 21325.016 27119.041 34491.027 43880.000 55918.809 71639.992 93383.016 127724.656 172544.047 221182.453 272256.000 327926.344 448502.844 552199.500 769877.312 1153374.000 2819998.000 1990859.250 1693677.250 1216946.375 889260.812 594207.938 417063.094 331073.875 302764.719 296388.281 285767.562 262964.906 238552.875 216944.422 201251.953 194282.891 191708.156 183882.859 169568.703 152806.281 130067.008 105600.516 82184.266 60976.051 45215.566
1738.674 2195.013 2832.356 3644.948 4661.556 5946.110 7546.926 9587.148 12120.075 15362.876 19376.449 24556.453 30976.898 39412.371 49985.785 64206.312 82984.617 113434.719 160064.094 219272.828 276692.312 368388.094 549250.500 756405.000 1212239.875 3419045.000 2382367.000 1859804.000 1341929.125 768666.562 529512.562 404258.031 374104.188 359558.281 335116.562 305953.312 273539.031 243974.156 220361.891 204795.328 197152.688 194661.422 187073.719 173245.609 157825.453 135608.516 110340.969 86153.555 64057.266 47903.887
844.470 1129.839 1553.265 2103.663 2840.532 3782.365 5013.934 6572.821 8619.675 11191.604 14544.032 18689.912 23982.393 30294.266 38244.605 47703.098 60104.391 75831.617 99164.906 141427.688 202220.109 276702.719 413476.469 716973.688 1271926.625 4590097.000 3007434.500 2143350.000 1142518.875 710011.188 524377.812 475943.125 446243.000 401609.125 349373.594 301145.438 263562.156 235164.828 216428.422 204004.219 197616.359 196730.484 191367.141 178645.031 162352.984 139403.734 113718.039 88740.148 66209.172 49563.301
169.036 244.420 365.042 547.014 814.679 1216.064 1803.210 2637.132 3794.950 5382.902 7544.474 10449.510 14382.651 19619.826 26534.232 35400.645 46647.672 60714.840 78776.461 101358.297 135373.922 198410.859 305193.438 523379.656 1275792.125 7027479.000 3938406.500 1818211.625 954482.625 684641.938 602080.188 532973.375 467418.125 401527.938 343379.438 297054.562 260869.359 232169.172 212688.125 200483.047 199130.375 201553.797 198514.953 183058.859 164838.250 142260.703 115478.016 89904.969 67100.797 50426.141
15.292 22.926 35.403 55.312 85.481 133.451 206.377 321.983 498.229 776.888 1202.759 1874.552 2903.409 4522.959 7006.521 10899.541 16669.932 25113.449 36912.551 54234.121 79243.945 114645.070 171999.812 296167.031 838017.750 5035207.000 4058759.500 1827239.125 1269564.250 964203.625 744555.750 573981.250 450733.844 362346.281 304156.781 262979.156 235153.297 216251.750 205268.125 199760.828 200956.703 201713.094 197685.406 181895.938 164908.516 142548.578 116014.000 90603.961 67754.883 50613.090
0.000 0.000 0.000 0.000 0.000 0.000 0.000 0.000 0.000 0.000 0.000 0.000 0.000 0.000 0.000 0.000 0.000 0.000 0.000 0.000 0.000 2.752 171.215 13393.467 264903.000 1836001.625 983771.750 663198.812 500607.250 397658.094 334112.938 298718.719 269041.812 243918.375 224937.328 209536.938 200580.172 195953.484 193227.875 193052.922 195543.266 198266.781 194265.984 180344.891 163887.641 142420.609 115855.641 89836.820 66535.867 49311.234
0.000 0.000 0.000 0.000 0.000 0.000 0.000 0.000 0.000 0.000 0.000 0.000 0.000 0.000 0.000 0.000 0.000 0.000 0.000 0.000 0.600 37.029 2010.429 60168.621 337151.969 1176073.500 658231.188 532196.000 411485.594 368399.062 317441.125 274455.562 251223.672 238716.641 228537.141 218938.828 209177.844 201592.703 195967.391 192384.719 194839.047 198740.047 192473.062 178512.141 160537.641 138985.094 112648.117 86919.047 63798.961 46386.727
0.000 0.000 0.000 0.000 0.000 0.000 0.000 0.000 0.000 0.000 0.000 0.000 0.000 0.000 0.000 0.000 0.000 0.000 0.000 0.000 6.702 310.352 13321.749 99660.094 313785.438 880437.000 499548.062 406287.656 363814.469 296325.781 274012.125 253624.453 226556.250 208585.281 198994.281 194252.203 188996.234 183872.203 181899.234 181665.703 185942.500 190730.328 185278.609 171113.578 154851.344 133554.062 107507.766 82237.070 59422.469 42437.844
0.000 0.000 0.000 0.000 0.000 0.000 0.000 0.000 0.000 0.000 0.000 0.000 0.000 0.000 0.000 0.000 0.000 0.000 0.000 1.072 47.882 2212.557 31679.162 116741.117 289748.594 704086.875 408844.688 352443.219 298643.625 265903.750 226409.000 213653.312 204825.016 189300.484 178003.203 172034.344 169564.891 167579.281 168747.703 172206.859 178872.469 183162.312 177423.531 163726.062 148026.984 126902.156 101021.188 76055.977 54205.875 38038.309
0.000 0.000 0.000 0.000 0.000 0.000 0.000 0.000 0.000 0.000 0.000 0.000 0.000 0.000 0.000 0.000 0.000 0.000 0.000 7.430 254.442 8247.545 41838.695 117611.227 253999.688 576085.500 363246.438 317898.094 266400.156 248934.547 213392.594 189862.016 181405.312 174639.438 166141.219 160730.547 157440.172 157016.891 159817.344 166068.078 172628.922 176388.984 169383.781 156579.547 140817.391 119217.727 93224.984 69142.258 48413.285 33326.773
0.000 0.000 0.000 0.000 0.000 0.000 0.000 0.000 0.000 0.000 0.000 0.000 0.000 0.000 0.000 0.000 0.000 0.000 1.035 40.239 1392.545 15050.965 43621.074 112989.461 227976.922 472349.781 333752.531 288706.312 241116.375 226216.453 204840.406 180465.188 167275.281 159929.594 155418.656 150846.750 148773.141 148635.375 152902.062 160180.781 167047.797 170068.906 161541.688 149074.500 132682.234 109722.906 84483.352 61651.113 42434.648 28627.580
0.000 0.000 0.000 0.000 0.000 0.000 0.000 0.000 0.000 0.000 0.000 0.000 0.000 0.000 0.000 0.000 0.000 0.000 5.544 171.956 4380.045 18049.662 43705.812 105951.609 198186.141 392134.938 310774.688 269521.531 225201.844 205273.594 191580.234 177085.547 161075.844 152415.500 147225.688 143896.016 144041.172 144713.375 149687.297 157066.812 163243.984 163704.844 153533.125 140892.016 123639.891 99644.727 75511.594 54251.215 36781.309 23917.613
0.000 0.000 0.000 0.000 0.000 0.000 0.000 0.000 0.000 0.000 0.000 0.000 0.000 0.000 0.000 0.000 0.000 0.760 25.878 759.725 6717.181 17687.008 41327.492 99303.867 173174.109 322560.781 286593.438 255617.344 219300.156 190345.578 179135.359 168202.875 157932.641 148956.578 143800.406 140927.203 141626.859 142814.578 147987.750 154567.625 159109.328 156302.047 145252.469 132111.078 113186.492 89097.531 66357.695 46817.355 30894.871 19106.656
0.000 0.000 0.000 0.000 0.000 0.000 0.000 0.000 0.000 0.000 0.000 0.000 0.000 0.000 0.000 0.000 0.000 3.504 116.642 2081.424 7728.174 17131.834 40417.973 89370.305 148003.938 264254.219 259175.781 241852.359 214118.344 184855.594 169735.672 159952.922 152716.266 145487.547 140662.891 138326.641 139148.203 140583.984 145075.094 150435.375 153121.922 147388.656 136002.219 122004.805 101362.641 78023.711 57176.461 39256.453 24476.820 14049.315
0.000 0.000 0.000 0.000 0.000 0.000 0.000 0.000 0.000 0.000 0.000 0.000 0.000 0.000 0.000 0.000 0.517 15.841 477.994 2953.696 7343.624 16055.812 38384.379 80048.273 126215.383 215267.766 229896.125 224378.266 204870.125 183275.656 164802.875 154153.547 146878.688 141102.234 137101.156 134983.984 136032.953 137329.141 140711.922 144579.312 144969.938 137310.844 125622.656 110443.266 88585.469 67225.047 47923.383 30878.555 17865.770 8905.190
0.000 0.000 0.000 0.000 0.000 0.000 0.000 0.000 0.000 0.000 0.000 0.000 0.000 0.000 0.000 0.000 2.283 80.246 1022.023 3175.214 6959.811 15521.841 35700.090 69749.266 105662.289 173122.391 198719.828 203317.609 190545.688 177518.172 160715.141 149948.891 142153.531 136461.953 132733.125 130655.719 131376.641 132328.016 134807.859 137124.672 134808.359 125908.406 114030.664 97179.516 75981.562 55607.941 37158.008 22511.426 11503.010 4955.826
0.000 0.000 0.000 0.000 0.000 0.000 0.000 0.000 0.000 0.000 0.000 0.000 0.000 0.000 0.000 0.333 9.361 261.118 1308.731 3034.274 6388.712 14883.385 32088.227 60718.660 90307.945 138981.266 167223.766 179388.531 172193.047 164596.266 152572.391 143547.703 136531.406 130711.461 126802.469 124540.750 125108.078 125700.328 127175.586 127961.719 123161.773 113695.578 101399.242 82680.281 62098.418 43196.188 27201.244 14439.849 6308.080 2431.161
