tests/test_03/output6/CloudLoad_010.00hrs.dat
NCOLS    50
NROWS    50
XLLCORNER    -2289770.000
YLLCORNER     2591270.000
CELLSIZE        2000.000       2000.000
NODATA_VALUE  0.000
[rows 0 to 35 of 50, columns 0 to 49 of 50]
19022.410 22702.562 27634.962 33624.252 40887.625 49676.962 60293.689 73092.757 88480.698 106926.111 128911.014 154932.446 185472.399 219955.856 256844.935 296213.577 337141.771 377450.448 415108.101 448481.582 476966.154 501827.040 515168.719 518116.802 515365.088 501316.872 476943.441 451055.599 417870.486 385717.101 355905.834 328364.308 303736.491 282069.041 262910.935 245027.704 227594.900 209768.785 191773.435 172997.079 153541.618 134052.338 114242.145 94440.764 74827.676 57566.498 41924.144 27152.436 14424.843 5887.924
19804.825 23665.531 28845.666 35140.186 42781.896 52042.794 63238.971 76742.894 92989.969 112460.791 135666.328 163150.979 195552.013 232354.314 271910.180 314358.764 359319.126 404105.057 447089.657 485445.858 516860.356 543084.497 557286.353 564187.993 562367.486 548423.039 522131.403 491571.280 455208.854 418037.406 384035.849 352787.683 325310.367 301317.818 280287.159 261977.443 244881.046 227749.157 209809.011 190788.304 170839.797 150461.516 129514.786 108379.074 86959.445 67586.086 50068.989 32733.626 17724.305 7527.660
20525.946 24605.714 30095.973 36786.924 44929.645 54820.112 66801.978 81251.090 98605.484 119345.987 144092.933 173374.436 207887.458 247193.152 289754.259 335490.544 384723.543 434290.224 482906.944 526138.844 562977.962 589075.286 600181.879 611784.762 612095.649 598437.426 573820.926 540221.021 499064.486 456531.184 416583.492 380490.044 348937.549 322007.590 298715.833 278912.519 262047.207 246177.898 229676.992 211627.005 191455.295 170320.241 148204.015 125616.654 102218.371 80541.571 60646.343 40196.901 22248.942 9818.386
20691.079 24845.006 30452.660 37312.662 45692.933 55922.302 68382.181 83529.582 101849.622 123846.754 149955.384 180739.318 217000.008 258138.086 303105.172 351464.243 403966.573 457222.370 509413.537 555517.226 598070.269 622354.507 634272.090 649001.651 649426.702 633554.724 609438.589 573452.512 528400.890 483844.406 441336.472 404210.978 371045.401 342036.556 316612.325 294854.673 276712.416 260701.208 245177.526 228640.277 210341.149 189458.246 166737.875 143228.141 118315.215 94702.000 72348.341 48862.028 27762.159 12674.858
20701.527 24863.641 30488.906 37380.368 45819.569 56137.333 68737.042 84094.774 102769.476 125386.661 152566.406 184862.780 222634.446 265118.293 311887.797 362431.092 417262.024 474600.494 529885.039 577737.866 624402.529 655876.944 668162.095 683723.419 685734.582 662406.334 643559.955 601437.376 551722.731 502114.158 455275.225 415689.279 382683.991 355359.246 332061.855 310215.243 290563.840 274310.186 258941.016 243313.434 225974.433 206954.284 184819.297 160681.460 134728.283 109488.050 84935.197 58709.732 34359.162 16192.036
20489.446 24645.494 30263.592 37148.067 45581.219 55906.830 68527.895 83905.304 102577.815 125189.882 152487.697 185235.385 224042.369 267625.597 315600.273 367008.343 422921.676 481722.218 538108.549 587226.197 638726.354 683325.778 698928.992 713960.364 719979.946 694683.024 668456.471 628720.000 571710.050 514157.706 462460.435 420787.707 385715.243 358242.953 336135.365 317981.108 301733.022 286459.305 271481.527 256441.779 239869.140 222030.541 201564.308 177511.051 151001.304 124526.264 98163.727 69582.475 42153.694 20472.058
19935.487 24011.711 29531.870 36309.179 44625.146 54820.380 67305.053 82572.465 101178.087 123730.346 150856.083 183415.252 222117.051 265867.508 314783.148 367093.155 424369.461 483639.482 538409.329 585596.160 640525.522 692420.848 714920.182 736956.115 747591.145 726908.066 697193.726 652152.650 590719.367 527478.487 469433.292 421770.172 384075.253 356601.558 334495.738 317865.167 304508.276 293756.887 281862.110 267978.892 252044.659 235114.704 216161.985 193485.609 166897.861 139691.776 111782.121 81296.390 51071.972 25607.033
19210.929 23171.560 28543.386 35149.950 43269.999 53239.356 65468.471 80446.668 98770.094 121114.783 148232.966 180827.725 219339.819 262505.653 310499.835 362612.845 420403.184 481157.110 533971.419 580119.380 635143.684 693076.246 728274.639 765677.716 775316.566 765789.405 727018.378 677688.357 608937.120 537259.000 474811.961 421520.039 380084.342 350384.523 328534.318 312292.733 300569.118 292909.073 286800.412 277647.925 263130.344 247018.252 228880.555 207794.156 181731.530 154471.013 125494.570 93553.889 61096.010 31661.934
18270.829 22065.442 27218.665 33567.553 41384.684 51005.267 62831.921 77354.662 95147.416 116892.941 143357.630 175471.131 214087.852 257931.703 306328.809 358227.163 415616.688 474787.998 527022.970 574575.042 627066.879 689367.227 735899.969 793627.485 805238.199 809189.994 765371.333 712447.725 626646.428 550537.537 476620.800 416990.569 371998.261 340778.535 318675.056 303151.731 292989.218 287218.685 284955.491 281603.522 271506.165 257638.322 240718.032 220199.404 195132.664 168068.413 138707.384 105970.754 72019.797 38638.343
17157.043 20744.396 25623.748 31644.734 39073.135 48232.892 59521.049 73412.752 90474.971 111360.279 136823.213 167724.057 205038.782 247901.217 296179.157 348987.283 408042.016 467751.553 518593.562 567690.345 620620.525 686836.059 742044.602 816795.633 840985.358 858041.627 806113.945 751970.704 653962.406 562856.636 479745.588 411496.156 361986.738 329898.142 306100.603 291085.424 282336.042 278562.504 279329.368 279612.178 277056.286 265990.904 251566.303 231892.722 208010.397 180878.970 151298.871 118007.630 83372.849 46470.036
15902.111 19251.754 23816.081 29459.110 36435.287 45053.952 55694.440 68816.314 84972.146 104806.706 129052.380 158540.197 194274.426 235552.307 282190.096 333409.580 391164.623 453892.398 506978.404 557782.879 611200.968 682549.742 747373.231 837108.227 878329.836 912459.448 846802.394 801997.669 685760.472 581204.274 483781.054 408368.290 353218.144 317753.336 292674.208 277109.173 270011.640 267998.554 270522.534 273526.381 277232.352 272294.424 260249.435 242404.223 219540.198 192839.429 163158.497 129750.572 94907.694 55075.704
14538.409 17625.566 21842.351 27065.619 33534.828 41538.964 51442.235 63680.226 78787.226 97395.482 120241.453 148136.728 182118.174 221611.469 266315.788 315475.354 370682.752 432059.866 486749.810 540687.495 597171.745 678678.540 754099.337 857645.734 922159.701 964129.790 885745.462 858121.719 723710.271 599810.492 494119.625 411720.605 352879.258 309309.238 281770.950 264347.886 257634.188 257360.257 260309.586 265266.136 272594.648 274791.174 266957.445 251948.036 230515.415 204427.502 174376.681 140830.220 106199.365 64294.130
13113.404 15920.705 19762.783 24531.319 30448.032 37780.024 46863.228 58105.813 72032.315 89246.075 110484.104 136571.186 168590.307 206253.964 248966.581 296068.158 349155.881 408116.694 462043.830 517194.406 576321.411 663389.851 755252.051 876101.857 978174.758 1027505.867 939014.559 915009.279 758836.174 619712.548 506723.585 419132.290 351238.226 303289.077 271197.757 253188.205 246295.256 246629.180 249715.946 255416.588 265278.764 273033.040 270955.829 259383.849 240023.503 215695.298 185665.947 151563.463 116735.376 73989.771
11676.099 14196.188 17648.945 21942.986 27275.502 33901.736 42124.750 52325.556 64959.999 80609.582 100009.458 123987.162 153639.747 189180.497 229618.795 274679.853 325715.221 383258.652 435262.249 490613.418 551952.666 642369.253 745108.680 880412.578 1037702.633 1113309.567 991011.592 970983.912 790301.443 643725.053 526697.710 431569.999 351938.174 298825.591 263887.626 246783.133 239673.356 237848.624 240632.970 246286.385 257425.618 268218.494 272455.759 264661.070 247884.027 225706.209 196694.640 162248.679 126801.277 83855.609
10274.124 12509.065 15568.147 19376.643 24110.459 30012.903 37350.511 46501.499 57861.496 71976.187 89403.380 111000.433 137816.906 170703.674 208275.308 250945.421 299384.150 356949.542 407926.553 461552.323 523270.812 617302.462 732504.644 872816.162 1087610.671 1225077.753 1066912.860 1025819.982 825508.626 671734.459 555801.824 441420.241 352706.199 293799.951 260394.690 244514.062 235660.633 229867.954 232285.510 239668.594 251522.959 263034.431 271420.767 268214.228 254095.914 234004.187 206991.437 172407.885 136634.728 93511.051
8930.435 10893.506 13587.379 16937.469 21106.731 26298.601 32776.952 40875.073 50972.215 63578.416 79231.718 98622.714 122489.027 152010.111 186338.441 225625.447 270436.710 325623.042 380323.980 431029.599 489716.523 583495.460 720107.632 863481.191 1123739.338 1363499.691 1154851.273 1067446.416 866230.685 727705.493 580855.341 447040.969 347352.276 289194.655 263478.884 246835.056 232589.604 224641.923 226259.276 234508.479 247034.284 259721.987 269855.860 270093.856 258635.017 241367.159 216251.086 181799.648 146355.342 102625.348
7550.888 9237.414 11561.645 14456.709 18078.247 22588.981 28237.723 35289.429 44179.287 55373.391 69488.134 87108.218 109027.604 135948.523 167147.249 202481.499 242163.497 291518.160 347855.021 401879.893 453854.116 535900.543 696855.338 856307.909 1151114.218 1533163.584 1265048.608 1124568.776 936177.275 785012.088 595278.538 439401.280 337240.888 296656.757 269301.655 245426.101 228657.322 222962.248 224460.783 231479.673 242902.321 255968.895 267260.985 271506.835 262798.755 247022.838 223971.760 191185.523 155765.927 111517.737
6153.892 7558.911 9497.953 11926.660 14970.673 18779.235 23553.910 29525.399 37032.872 46471.233 58544.909 74056.322 94041.805 119079.322 149735.425 183076.113 219670.674 260404.413 311402.111 377736.754 429852.506 491171.283 654526.366 843580.856 1166114.843 1757726.071 1369638.621 1180944.425 1046751.497 821431.546 586506.818 425978.848 352834.904 307820.482 270614.842 244239.747 232445.824 228105.280 225755.294 228122.836 237753.289 251962.330 265294.353 272459.674 265579.149 251590.053 230715.731 199723.162 164497.333 120306.116
4781.039 5907.111 7455.789 9421.242 11877.440 14989.371 18876.043 23792.575 29934.629 37704.721 47460.483 59969.387 76278.632 98409.288 127330.679 161612.667 198454.224 236698.078 277339.907 338864.691 412735.120 468978.990 595530.973 821904.294 1163593.086 2033736.002 1493623.995 1347763.429 1130101.038 831055.591 569175.713 454744.076 373646.271 311300.864 268612.677 248958.518 241256.682 234917.661 228680.661 226296.247 233812.858 249052.810 263848.274 273292.058 267405.098 255015.198 235982.959 207602.558 172825.953 128532.657
3520.475 4373.576 5547.737 7056.182 8941.584 11362.119 14380.674 18254.144 23074.966 29260.509 36952.883 46855.997 59293.557 75851.484 98508.713 132103.379 170142.246 213527.378 255155.519 297697.590 378955.148 471761.912 557772.209 787122.788 1160690.141 2394323.134 1623035.658 1540031.626 1182068.253 819731.614 610878.915 467720.524 357030.331 299099.053 272269.828 261506.544 254197.798 241764.866 230496.180 225583.884 231506.581 247983.309 264363.662 273491.219 269240.662 257809.257 239436.487 213367.371 180275.143 136745.320
2507.621 3112.907 3958.513 5033.101 6401.470 8145.266 10363.733 13183.028 16767.923 21325.762 27119.440 34491.220 43880.100 55918.879 71640.078 93383.135 127724.887 172544.596 221183.442 272258.173 327929.618 448506.662 552205.851 769884.177 1153385.416 2820012.884 1990879.445 1693717.458 1217019.524 889384.207 594420.056 417429.861 331711.562 303855.809 298289.099 288899.009 267948.899 246672.542 230229.200 221758.932 227309.225 245351.386 263574.300 272692.180 270077.162 259898.619 242124.443 217620.650 186380.008 144066.710
1736.880 2193.605 2832.071 3645.849 4663.146 5947.521 7547.976 9587.823 12120.440 15363.025 19376.477 24556.431 30976.870 39412.358 49985.796 64206.368 82984.709 113434.865 160064.379 219273.323 276693.523 368390.994 549254.196 756409.917 1212245.787 3419053.308 2382377.682 1859823.818 1341965.957 768733.056 529625.151 404448.873 374436.188 360130.807 336121.949 307760.290 276589.173 249051.814 229666.124 219779.708 223476.051 241300.074 260865.113 270067.393 270673.253 261645.820 244056.144 220335.018 191401.528 150254.066
844.747 1129.899 1553.223 2103.644 2840.540 3782.373 5013.919 6572.783 8619.628 11191.564 14544.006 18689.900 23982.391 30294.268 38244.616 47703.114 60104.426 75831.681 99165.037 141427.883 202220.456 276703.599 413477.923 716976.411 1271930.138 4590101.925 3007440.829 2143361.239 1142538.382 710045.221 524436.859 476045.061 446413.907 401895.461 349870.444 302038.878 265237.594 238076.331 222663.644 214122.898 217956.454 237695.675 257872.867 269185.414 269670.173 261255.836 244798.378 222472.016 194518.294 154970.587
169.138 244.469 365.051 546.999 814.650 1216.033 1803.187 2637.122 3794.948 5382.902 7544.475 10449.509 14382.651 19619.825 26534.234 35400.648 46647.690 60714.872 78776.529 101358.421 135374.132 198411.220 305194.028 523380.878 1275794.180 7027481.845 3938410.315 1818218.496 954494.534 684661.941 602113.435 533028.968 467510.626 401679.849 343632.990 297509.198 261693.532 233702.656 216339.984 206601.247 214579.783 236745.613 258238.708 267810.362 267558.286 259622.824 243434.531 222267.991 195747.726 158267.535
15.293 22.928 35.406 55.314 85.483 133.452 206.378 321.984 498.229 776.888 1202.759 1874.552 2903.409 4522.960 7006.523 10899.545 16669.940 25113.466 36912.587 54234.191 79244.084 114645.319 172000.228 296167.716 838018.837 5035208.608 4058761.899 1827243.352 1269571.418 964215.823 744575.996 574015.137 450789.473 362435.267 304298.411 263257.282 235547.688 217027.338 207222.358 203529.717 212192.837 231336.285 251504.838 261065.897 262918.358 255054.809 240611.091 220185.395 194774.643 160575.744
0.000 0.000 0.000 0.000 0.000 0.000 0.000 0.000 0.000 0.000 0.000 0.000 0.000 0.000 0.000 0.000 0.000 0.000 0.000 0.000 0.000 2.854 171.390 13393.750 264903.473 1836002.511 983773.350 663201.425 500611.303 397664.996 334125.124 298739.489 269077.097 243975.047 225026.544 209707.557 200749.020 196441.455 194357.628 195134.532 202944.962 222750.974 243390.234 254797.718 257403.129 250700.354 236677.809 217153.323 192357.600 160737.435
0.000 0.000 0.000 0.000 0.000 0.000 0.000 0.000 0.000 0.000 0.000 0.000 0.000 0.000 0.000 0.000 0.000 0.000 0.000 0.000 0.631 37.084 2010.535 60168.803 337152.267 1176073.960 658232.106 532197.486 411488.001 368403.121 317447.946 274467.131 251243.713 238752.148 228596.811 219042.225 209258.559 202053.074 196723.053 193636.063 199647.949 218500.784 237914.033 248685.010 249728.242 242378.427 230312.723 211868.849 187570.176 158617.764
0.000 0.000 0.000 0.000 0.000 0.000 0.000 0.000 0.000 0.000 0.000 0.000 0.000 0.000 0.000 0.000 0.000 0.000 0.000 0.000 6.722 310.386 13321.808 99660.197 313785.610 880437.316 499548.568 406288.534 363815.992 296328.410 274016.424 253631.271 226567.340 208604.678 199031.327 194319.376 189100.039 184258.765 182357.165 182322.908 189457.284 206837.207 227259.602 237716.337 239881.936 233426.034 222073.901 204888.766 181080.836 154837.560
0.000 0.000 0.000 0.000 0.000 0.000 0.000 0.000 0.000 0.000 0.000 0.000 0.000 0.000 0.000 0.000 0.000 0.000 0.000 1.078 47.895 2212.580 31679.194 116741.168 289748.673 704087.049 408845.015 352443.754 298644.582 265905.364 226411.703 213657.735 204832.125 189312.368 178025.959 172075.437 169641.684 167911.518 168934.220 172479.044 182133.887 197257.394 216663.623 227263.604 229595.982 223805.757 212501.131 196376.748 173788.486 149713.889
0.000 0.000 0.000 0.000 0.000 0.000 0.000 0.000 0.000 0.000 0.000 0.000 0.000 0.000 0.000 0.000 0.000 0.000 0.000 7.433 254.448 8247.555 41838.710 117611.252 253999.739 576085.617 363246.640 317898.433 266400.699 248935.413 213394.071 189864.657 181409.995 174647.367 166157.216 160751.646 157487.436 157272.821 159867.308 166083.391 175964.930 189199.553 206466.727 217599.941 219136.251 213632.685 202337.429 187088.535 165824.118 143625.346
0.000 0.000 0.000 0.000 0.000 0.000 0.000 0.000 0.000 0.000 0.000 0.000 0.000 0.000 0.000 0.000 0.000 0.000 1.036 40.241 1392.548 15050.968 43621.078 112989.474 227976.946 472349.868 333752.658 288706.518 241116.692 226216.967 204841.273 180466.761 167278.150 159934.663 155428.400 150854.803 148804.224 148799.638 152851.647 159941.730 170407.157 182580.333 197871.520 207544.422 208254.217 202552.475 191424.287 176599.748 156884.564 136248.303
0.000 0.000 0.000 0.000 0.000 0.000 0.000 0.000 0.000 0.000 0.000 0.000 0.000 0.000 0.000 0.000 0.000 0.000 5.545 171.957 4380.047 18049.661 43705.809 105951.608 198186.148 392134.967 310774.766 269521.656 225202.039 205273.914 191580.756 177086.447 161077.444 152418.492 147228.743 143903.194 144079.233 144873.998 149504.876 156768.533 166741.889 176992.914 189747.632 197538.246 197113.105 191226.160 180006.762 165195.703 147159.509 128448.885
0.000 0.000 0.000 0.000 0.000 0.000 0.000 0.000 0.000 0.000 0.000 0.000 0.000 0.000 0.000 0.000 0.000 0.760 25.879 759.726 6717.180 17687.005 41327.488 99303.861 173174.103 322560.799 286593.475 255617.413 219300.272 190345.789 179135.668 168203.363 157933.418 148958.571 143800.111 140934.779 141677.878 142965.844 147639.266 154343.671 162754.345 171230.393 181543.789 187393.826 185890.125 179419.152 168173.495 153482.977 136879.349 120002.342
0.000 0.000 0.000 0.000 0.000 0.000 0.000 0.000 0.000 0.000 0.000 0.000 0.000 0.000 0.000 0.000 0.000 3.504 116.643 2081.424 7728.172 17131.830 40417.970 89370.295 148003.937 264254.233 259175.801 241852.410 214118.415 184855.684 169735.842 159953.181 152716.934 145489.359 140655.202 138347.507 139207.615 140656.122 144580.245 150442.056 157225.467 164319.423 172449.296 176445.151 173884.303 166903.620 155592.777 141617.572 125741.297 110674.109
0.000 0.000 0.000 0.000 0.000 0.000 0.000 0.000 0.000 0.000 0.000 0.000 0.000 0.000 0.000 0.000 0.517 15.841 477.994 2953.694 7343.621 16055.808 38384.374 80048.266 126215.364 215267.760 229896.119 224378.273 204870.150 183275.683 164802.985 154153.759 146880.034 141101.785 137087.935 135014.057 136119.639 137180.083 140285.047 145029.899 150341.376 156269.686 162549.423 164871.568 161441.254 154166.629 142741.362 129513.819 114582.919 101143.288
0.000 0.000 0.000 0.000 0.000 0.000 0.000 0.000 0.000 0.000 0.000 0.000 0.000 0.000 0.000 0.000 2.283 80.246 1022.022 3175.211 6959.807 15521.837 35700.082 69749.259 105662.283 173122.384 198719.841 203317.628 190545.723 177518.584 160715.630 149949.414 142154.365 136459.967 132718.414 130728.792 131463.713 132088.268 134518.043 138211.352 142231.769 147226.119 151920.951 152660.591 148556.644 141099.258 129667.169 117312.820 103244.095 91264.778
