tests/test_03/output6/DepositFile_____final.dat
NCOLS    50
NROWS    50
XLLCORNER    -2289770.000
YLLCORNER     2591270.000
CELLSIZE        2000.000       2000.000
NODATA_VALUE  0.000
[rows 0 to 49 of 50, columns 0 to 49 of 50]
343.296 413.023 506.603 620.399 758.272 924.113 1121.959 1354.968 1624.192 1926.843 2252.861 2581.728 2878.758 3097.540 3257.216 3306.052 3297.164 3240.474 2988.105 2550.417 2126.147 1717.909 1293.092 1013.061 860.120 757.925 698.196 692.336 709.417 721.184 717.964 702.171 664.173 588.924 472.304 322.940 252.292 166.389 47.094 20.463 11.258 5.008 1.103 0.341 0.091 0.016 0.000 0.000 0.000 0.000
361.287 435.020 534.082 654.714 800.869 976.940 1187.321 1435.427 1722.690 2046.190 2395.474 2748.312 3067.585 3304.305 3478.497 3524.723 3516.360 3453.525 3104.345 2598.957 2089.409 1580.859 1169.173 975.682 839.098 729.340 655.071 687.402 718.186 723.719 719.848 708.672 675.343 611.027 504.351 358.459 266.479 187.174 57.849 22.195 12.248 5.483 1.241 0.390 0.106 0.019 0.000 0.000 0.000 0.000
381.906 460.821 566.939 696.240 853.124 1042.335 1268.358 1535.233 1844.785 2194.076 2572.017 2954.544 3301.142 3559.676 3750.791 3794.652 3785.801 3687.525 3175.248 2539.527 1877.163 1343.826 1092.429 908.369 773.222 674.947 625.658 696.933 735.269 734.127 726.175 713.068 682.012 628.042 534.806 398.148 282.085 214.103 76.893 24.387 13.438 6.076 1.418 0.453 0.126 0.023 0.000 0.000 0.000 0.000
392.559 474.778 585.673 721.276 886.396 1086.005 1325.192 1608.032 1936.098 2306.267 2706.730 3111.995 3478.312 3755.423 3964.405 4016.343 4010.617 3819.286 3124.298 2325.706 1577.704 1250.771 976.573 767.124 650.485 578.954 579.937 663.922 719.026 745.940 747.675 725.993 690.085 637.826 553.744 426.764 291.273 225.155 94.416 26.169 14.368 6.501 1.573 0.513 0.146 0.027 0.000 0.000 0.000 0.000
398.666 482.562 595.934 734.997 904.678 1110.520 1358.101 1651.906 1993.943 2380.417 2797.669 3217.235 3590.573 3876.100 4089.761 4150.074 4151.578 3852.541 2974.503 1987.559 1493.663 1046.863 649.393 466.809 431.151 465.407 506.648 612.362 684.599 733.804 745.409 733.601 702.706 656.265 574.121 451.576 297.300 232.771 109.882 27.685 15.246 6.930 1.729 0.568 0.163 0.031 0.000 0.000 0.000 0.000
400.521 485.614 600.748 741.988 914.562 1124.184 1376.368 1676.082 2025.713 2422.061 2850.448 3280.104 3655.903 3944.306 4149.971 4209.686 4212.120 3761.320 2675.723 1781.674 1325.344 616.609 297.635 188.015 273.494 366.891 433.712 553.846 633.516 661.741 681.466 691.606 690.494 656.219 589.795 469.728 313.276 236.794 120.572 28.732 16.033 7.440 1.911 0.613 0.176 0.034 0.000 0.000 0.000 0.000
394.424 478.971 593.516 734.452 907.235 1117.638 1371.698 1674.300 2027.633 2427.586 2859.617 3291.658 3664.119 3950.884 4141.423 4199.312 4201.685 3555.334 2263.220 1661.988 901.222 264.768 134.408 94.746 169.426 272.976 370.459 491.484 538.132 573.769 602.656 623.079 636.187 636.353 585.785 485.269 330.095 237.616 128.521 28.949 16.211 7.626 2.008 0.645 0.187 0.036 0.000 0.000 0.000 0.000
384.500 467.550 580.279 719.334 890.038 1098.512 1350.975 1653.069 2007.320 2410.203 2845.909 3279.562 3647.587 3927.960 4098.729 4152.457 4134.952 3262.064 1939.019 1475.073 437.192 153.934 91.387 63.651 96.613 190.813 312.922 386.734 434.288 477.753 517.502 549.120 573.771 584.208 569.360 490.233 345.130 234.679 139.065 28.787 16.037 7.568 2.009 0.651 0.190 0.037 0.000 0.000 0.000 0.000
369.937 450.410 559.916 695.140 861.561 1065.258 1312.728 1609.532 1959.220 2359.641 2796.273 3235.189 3611.140 3895.078 4053.208 4104.048 3990.843 2911.493 1806.334 1114.580 206.573 113.365 60.274 42.380 45.038 126.976 244.500 289.292 334.616 381.735 429.183 474.482 510.249 529.332 532.967 478.223 358.429 228.225 146.193 28.283 15.679 7.276 1.935 0.630 0.184 0.037 0.000 0.000 0.000 0.000
351.363 428.426 533.369 663.240 823.423 1020.051 1259.349 1547.281 1887.825 2279.052 2708.453 3144.151 3525.486 3816.059 3985.185 4043.914 3841.620 2601.323 1701.012 679.657 167.168 81.092 39.829 27.916 25.002 103.147 172.768 210.579 252.781 300.619 352.296 404.938 446.489 472.870 481.978 458.456 361.751 217.705 152.786 27.707 15.351 7.000 1.873 0.596 0.171 0.035 0.000 0.000 0.000 0.000
329.326 402.139 501.462 624.670 777.050 964.468 1193.308 1469.822 1797.822 2176.496 2594.498 3021.181 3399.868 3689.072 3863.751 3927.403 3717.859 2406.134 1615.092 369.651 137.309 54.832 26.768 18.818 25.675 111.675 136.224 165.333 201.850 245.769 296.784 347.311 386.878 415.628 430.685 430.905 351.862 204.322 153.177 26.403 14.704 6.754 1.835 0.567 0.157 0.032 0.000 0.000 0.000 0.000
304.436 372.266 465.021 580.352 723.249 899.555 1115.791 1377.992 1690.752 2054.291 2458.357 2874.529 3249.591 3535.418 3712.075 3777.722 3568.969 2228.698 1509.192 244.192 115.817 36.597 19.285 13.444 43.648 90.592 111.400 136.793 168.771 207.742 251.951 296.897 335.393 364.863 383.328 388.312 330.725 201.061 145.144 26.209 13.639 6.272 1.739 0.543 0.148 0.030 0.000 0.000 0.000 0.000
277.620 339.963 425.366 531.741 663.872 827.429 1028.574 1273.621 1567.978 1912.703 2300.265 2705.589 3078.270 3362.597 3544.469 3613.620 3428.948 2101.097 1391.927 223.599 103.053 28.264 14.806 10.247 41.805 74.891 93.664 115.982 143.931 177.959 216.347 256.202 292.627 321.415 340.238 347.935 306.188 192.337 134.647 25.713 12.420 5.629 1.581 0.506 0.137 0.028 0.000 0.000 0.000 0.000
249.870 306.390 383.994 480.851 601.515 751.201 935.791 1161.627 1434.168 1756.107 2122.734 2513.550 2883.938 3167.519 3356.586 3431.989 3295.475 2008.923 1290.230 208.640 92.925 22.988 11.131 7.926 50.749 64.582 81.590 101.757 126.946 156.945 190.507 225.575 258.201 284.568 302.620 311.000 279.159 178.686 122.646 24.710 11.242 4.962 1.401 0.462 0.124 0.025 0.000 0.000 0.000 0.000
222.208 272.813 342.362 429.455 538.252 673.663 841.349 1047.219 1296.733 1593.363 1934.857 2306.547 2670.987 2953.366 3152.692 3234.832 3182.718 1969.806 1242.756 199.434 86.909 19.057 8.268 6.048 44.530 56.542 70.948 89.029 111.539 138.106 167.968 199.304 228.438 252.075 268.225 275.897 251.330 164.836 110.648 23.930 10.166 4.386 1.234 0.420 0.113 0.022 0.000 0.000 0.000 0.000
194.868 239.750 301.604 379.199 476.428 598.027 749.396 936.281 1164.088 1436.254 1751.455 2098.459 2447.769 2736.931 2949.681 3032.630 3069.782 1932.174 1213.384 192.820 84.410 17.177 6.863 4.953 37.407 47.970 60.673 76.661 96.336 119.634 146.187 174.397 200.849 222.251 236.783 243.860 224.466 148.488 98.857 22.121 9.098 3.888 1.102 0.385 0.105 0.021 0.000 0.000 0.000 0.000
166.143 205.077 258.867 326.597 411.856 519.031 653.509 821.552 1029.590 1282.524 1580.553 1914.204 2256.718 2557.490 2778.129 2864.822 2904.924 1954.419 1198.263 186.859 81.271 15.580 5.827 4.099 30.839 39.880 50.762 64.483 81.367 101.579 124.924 150.144 174.286 193.915 207.473 214.455 197.832 129.276 86.785 17.710 7.907 3.352 0.958 0.345 0.094 0.019 0.000 0.000 0.000 0.000
136.458 169.124 214.394 271.632 343.929 435.193 550.320 695.263 877.180 1103.592 1379.962 1703.078 2052.050 2381.399 2619.466 2744.024 2788.443 2150.654 1219.375 189.473 80.731 14.209 4.833 3.272 24.490 32.010 41.042 52.420 66.525 83.633 103.685 125.762 147.445 165.195 177.933 184.889 171.642 109.900 74.443 12.383 6.630 2.761 0.809 0.299 0.081 0.017 0.000 0.000 0.000 0.000
106.851 133.071 169.623 216.066 275.021 349.821 444.615 564.709 716.539 907.844 1147.239 1441.661 1787.778 2151.848 2461.213 2657.854 2707.999 2465.096 1287.665 199.014 83.259 13.572 4.022 2.542 18.639 24.602 31.796 40.871 52.236 66.233 82.918 101.703 120.768 136.535 148.403 155.271 146.046 91.370 62.173 10.212 5.355 2.140 0.665 0.251 0.068 0.015 0.000 0.000 0.000 0.000
79.355 99.303 127.261 162.994 208.663 266.952 341.324 436.139 556.820 710.325 904.987 1150.178 1454.596 1818.833 2211.225 2528.184 2681.712 2717.797 1672.078 509.060 106.276 17.091 3.723 1.949 13.425 17.815 23.358 30.267 39.042 50.015 63.346 78.728 94.856 108.869 120.043 126.601 122.838 75.976 50.619 8.256 4.186 1.535 0.523 0.202 0.054 0.013 0.000 0.000 0.000 0.000
57.034 71.427 91.605 117.468 150.656 193.291 247.943 317.958 407.686 522.609 669.697 857.670 1096.660 1396.873 1761.607 2166.971 2505.185 2644.472 2619.539 1315.241 190.225 60.245 6.267 1.616 6.073 11.846 16.062 21.008 27.379 35.505 45.634 57.713 70.969 83.430 93.537 99.353 101.044 63.411 40.911 6.631 3.276 1.074 0.400 0.157 0.043 0.011 0.000 0.000 0.000 0.000
39.766 50.664 66.011 85.676 110.607 142.138 182.164 232.970 297.466 379.328 483.359 615.654 784.561 1000.619 1276.011 1616.964 2008.683 2360.835 2517.057 2101.038 745.424 107.625 13.328 1.911 0.898 7.321 10.135 13.438 17.736 23.310 30.443 39.311 49.653 60.200 69.010 74.645 77.290 51.576 32.424 5.208 2.598 0.836 0.317 0.120 0.034 0.000 0.000 0.000 0.000 0.000
19.436 26.299 36.379 49.812 67.672 91.122 121.483 161.005 212.344 278.722 364.135 473.145 609.842 779.182 986.770 1241.964 1555.824 1925.868 2298.965 2510.308 2472.303 864.345 96.259 9.136 1.186 1.933 5.265 7.424 9.997 13.389 17.822 23.516 30.562 38.550 45.786 51.276 54.507 38.769 23.789 3.770 1.900 0.621 0.249 0.098 0.026 0.000 0.000 0.000 0.000 0.000
3.926 5.714 8.632 13.019 19.598 29.440 44.061 64.941 94.206 134.756 190.302 265.836 368.656 507.032 690.484 928.608 1230.058 1610.211 2075.881 2595.570 3038.182 3177.846 1947.319 241.925 100.825 17.486 2.294 3.307 4.577 6.312 8.648 11.742 15.737 20.640 25.994 30.676 33.629 25.752 15.525 2.368 1.172 0.423 0.178 0.070 0.020 0.000 0.000 0.000 0.000 0.000
0.355 0.534 0.837 1.313 2.058 3.226 5.057 7.925 12.421 19.465 30.503 47.795 74.875 117.277 183.596 286.956 443.756 670.957 995.809 1462.365 2128.924 2967.895 3837.293 4606.122 5291.989 860.311 1.001 1.418 1.935 2.637 3.584 4.848 6.503 8.597 11.069 13.595 15.775 14.385 8.063 1.210 0.553 0.227 0.111 0.045 0.014 0.000 0.000 0.000 0.000 0.000
0.000 0.000 0.000 0.000 0.000 0.000 0.000 0.000 0.000 0.000 0.000 0.000 0.000 0.000 0.013 0.017 0.023 0.032 0.043 0.059 0.080 0.109 0.148 0.200 0.272 0.369 0.499 0.673 0.905 1.211 1.609 2.115 2.739 3.472 4.255 5.059 5.761 4.710 2.128 0.397 0.173 0.103 0.060 0.028 0.010 0.000 0.000 0.000 0.000 0.000
0.000 0.000 0.000 0.000 0.000 0.000 0.000 0.000 0.000 0.000 0.000 0.000 0.000 0.000 0.000 0.000 0.012 0.017 0.023 0.031 0.042 0.057 0.077 0.104 0.140 0.189 0.256 0.344 0.462 0.614 0.807 1.040 1.303 1.569 1.834 2.052 2.207 1.226 0.222 0.107 0.066 0.046 0.028 0.016 0.000 0.000 0.000 0.000 0.000 0.000
0.000 0.000 0.000 0.000 0.000 0.000 0.000 0.000 0.000 0.000 0.000 0.000 0.000 0.000 0.000 0.000 0.000 0.000 0.011 0.016 0.021 0.029 0.039 0.053 0.072 0.098 0.133 0.179 0.240 0.319 0.421 0.542 0.674 0.797 0.904 0.977 0.783 0.494 0.079 0.042 0.030 0.022 0.015 0.000 0.000 0.000 0.000 0.000 0.000 0.000
0.000 0.000 0.000 0.000 0.000 0.000 0.000 0.000 0.000 0.000 0.000 0.000 0.000 0.000 0.000 0.000 0.000 0.000 0.000 0.000 0.000 0.014 0.019 0.026 0.035 0.048 0.065 0.088 0.119 0.159 0.211 0.275 0.348 0.416 0.473 0.507 0.308 0.153 0.036 0.021 0.016 0.012 0.000 0.000 0.000 0.000 0.000 0.000 0.000 0.000
0.000 0.000 0.000 0.000 0.000 0.000 0.000 0.000 0.000 0.000 0.000 0.000 0.000 0.000 0.000 0.000 0.000 0.000 0.000 0.000 0.000 0.000 0.000 0.012 0.016 0.022 0.031 0.041 0.056 0.074 0.098 0.127 0.159 0.190 0.218 0.239 0.131 0.030 0.015 0.011 0.000 0.000 0.000 0.000 0.000 0.000 0.000 0.000 0.000 0.000
0.000 0.000 0.000 0.000 0.000 0.000 0.000 0.000 0.000 0.000 0.000 0.000 0.000 0.000 0.000 0.000 0.000 0.000 0.000 0.000 0.000 0.000 0.000 0.000 0.000 0.010 0.014 0.020 0.026 0.035 0.047 0.060 0.074 0.087 0.097 0.104 0.058 0.018 0.000 0.000 0.000 0.000 0.000 0.000 0.000 0.000 0.000 0.000 0.000 0.000
0.000 0.000 0.000 0.000 0.000 0.000 0.000 0.000 0.000 0.000 0.000 0.000 0.000 0.000 0.000 0.000 0.000 0.000 0.000 0.000 0.000 0.000 0.000 0.000 0.000 0.000 0.000 0.000 0.012 0.016 0.021 0.027 0.034 0.040 0.045 0.043 0.025 0.000 0.000 0.000 0.000 0.000 0.000 0.000 0.000 0.000 0.000 0.000 0.000 0.000
0.000 0.000 0.000 0.000 0.000 0.000 0.000 0.000 0.000 0.000 0.000 0.000 0.000 0.000 0.000 0.000 0.000 0.000 0.000 0.000 0.000 0.000 0.000 0.000 0.000 0.000 0.000 0.000 0.000 0.000 0.000 0.012 0.014 0.017 0.019 0.018 0.011 0.000 0.000 0.000 0.000 0.000 0.000 0.000 0.000 0.000 0.000 0.000 0.000 0.000
0.000 0.000 0.000 0.000 0.000 0.000 0.000 0.000 0.000 0.000 0.000 0.000 0.000 0.000 0.000 0.000 0.000 0.000 0.000 0.000 0.000 0.000 0.000 0.000 0.000 0.000 0.000 0.000 0.000 0.000 0.000 0.000 0.000 0.000 0.000 0.000 0.000 0.000 0.000 0.000 0.000 0.000 0.000 0.000 0.000 0.000 0.000 0.000 0.000 0.000
0.000 0.000 0.000 0.000 0.000 0.000 0.000 0.000 0.000 0.000 0.000 0.000 0.000 0.000 0.000 0.000 0.000 0.000 0.000 0.000 0.000 0.000 0.000 0.000 0.000 0.000 0.000 0.000 0.000 0.000 0.000 0.000 0.000 0.000 0.000 0.000 0.000 0.000 0.000 0.000 0.000 0.000 0.000 0.000 0.000 0.000 0.000 0.000 0.000 0.000
0.000 0.000 0.000 0.000 0.000 0.000 0.000 0.000 0.000 0.000 0.000 0.000 0.000 0.000 0.000 0.000 0.000 0.000 0.000 0.000 0.000 0.000 0.000 0.000 0.000 0.000 0.000 0.000 0.000 0.000 0.000 0.000 0.000 0.000 0.000 0.000 0.000 0.000 0.000 0.000 0.000 0.000 0.000 0.000 0.000 0.000 0.000 0.000 0.000 0.000
0.000 0.000 0.000 0.000 0.000 0.000 0.000 0.000 0.000 0.000 0.000 0.000 0.000 0.000 0.000 0.000 0.000 0.000 0.000 0.000 0.000 0.000 0.000 0.000 0.000 0.000 0.000 0.000 0.000 0.000 0.000 0.000 0.000 0.000 0.000 0.000 0.000 0.000 0.000 0.000 0.000 0.000 0.000 0.000 0.000 0.000 0.000 0.000 0.000 0.000
0.000 0.000 0.000 0.000 0.000 0.000 0.000 0.000 0.000 0.000 0.000 0.000 0.000 0.000 0.000 0.000 0.000 0.000 0.000 0.000 0.000 0.000 0.000 0.000 0.000 0.000 0.000 0.000 0.000 0.000 0.000 0.000 0.000 0.000 0.000 0.000 0.000 0.000 0.000 0.000 0.000 0.000 0.000 0.000 0.000 0.000 0.000 0.000 0.000 0.000
0.000 0.000 0.000 0.000 0.000 0.000 0.000 0.000 0.000 0.000 0.000 0.000 0.000 0.000 0.000 0.000 0.000 0.000 0.000 0.000 0.000 0.000 0.000 0.000 0.000 0.000 0.000 0.000 0.000 0.000 0.000 0.000 0.000 0.000 0.000 0.000 0.000 0.000 0.000 0.000 0.000 0.000 0.000 0.000 0.000 0.000 0.000 0.000 0.000 0.000
0.000 0.000 0.000 0.000 0.000 0.000 0.000 0.000 0.000 0.000 0.000 0.000 0.000 0.000 0.000 0.000 0.000 0.000 0.000 0.000 0.000 0.000 0.000 0.000 0.000 0.000 0.000 0.000 0.000 0.000 0.000 0.000 0.000 0.000 0.000 0.000 0.000 0.000 0.000 0.000 0.000 0.000 0.000 0.000 0.000 0.000 0.000 0.000 0.000 0.000
0.000 0.000 0.000 0.000 0.000 0.000 0.000 0.000 0.000 0.000 0.000 0.000 0.000 0.000 0.000 0.000 0.000 0.000 0.000 0.000 0.000 0.000 0.000 0.000 0.000 0.000 0.000 0.000 0.000 0.000 0.000 0.000 0.000 0.000 0.000 0.000 0.000 0.000 0.000 0.000 0.000 0.000 0.000 0.000 0.000 0.000 0.000 0.000 0.000 0.000
0.000 0.000 0.000 0.000 0.000 0.000 0.000 0.000 0.000 0.000 0.000 0.000 0.000 0.000 0.000 0.000 0.000 0.000 0.000 0.000 0.000 0.000 0.000 0.000 0.000 0.000 0.000 0.000 0.000 0.000 0.000 0.000 0.000 0.000 0.000 0.000 0.000 0.000 0.000 0.000 0.000 0.000 0.000 0.000 0.000 0.000 0.000 0.000 0.000 0.000
0.000 0.000 0.000 0.000 0.000 0.000 0.000 0.000 0.000 0.000 0.000 0.000 0.000 0.000 0.000 0.000 0.000 0.000 0.000 0.000 0.000 0.000 0.000 0.000 0.000 0.000 0.000 0.000 0.000 0.000 0.000 0.000 0.000 0.000 0.000 0.000 0.000 0.000 0.000 0.000 0.000 0.000 0.000 0.000 0.000 0.000 0.000 0.000 0.000 0.000
0.000 0.000 0.000 0.000 0.000 0.000 0.000 0.000 0.000 0.000 0.000 0.000 0.000 0.000 0.000 0.000 0.000 0.000 0.000 0.000 0.000 0.000 0.000 0.000 0.000 0.000 0.000 0.000 0.000 0.000 0.000 0.000 0.000 0.000 0.000 0.000 0.000 0.000 0.000 0.000 0.000 0.000 0.000 0.000 0.000 0.000 0.000 0.000 0.000 0.000
0.000 0.000 0.000 0.000 0.000 0.000 0.000 0.000 0.000 0.000 0.000 0.000 0.000 0.000 0.000 0.000 0.000 0.000 0.000 0.000 0.000 0.000 0.000 0.000 0.000 0.000 0.000 0.000 0.000 0.000 0.000 0.000 0.000 0.000 0.000 0.000 0.000 0.000 0.000 0.000 0.000 0.000 0.000 0.000 0.000 0.000 0.000 0.000 0.000 0.000
0.000 0.000 0.000 0.000 0.000 0.000 0.000 0.000 0.000 0.000 0.000 0.000 0.000 0.000 0.000 0.000 0.000 0.000 0.000 0.000 0.000 0.000 0.000 0.000 0.000 0.000 0.000 0.000 0.000 0.000 0.000 0.000 0.000 0.000 0.000 0.000 0.000 0.000 0.000 0.000 0.000 0.000 0.000 0.000 0.000 0.000 0.000 0.000 0.000 0.000
0.000 0.000 0.000 0.000 0.000 0.000 0.000 0.000 0.000 0.000 0.000 0.000 0.000 0.000 0.000 0.000 0.000 0.000 0.000 0.000 0.000 0.000 0.000 0.000 0.000 0.000 0.000 0.000 0.000 0.000 0.000 0.000 0.000 0.000 0.000 0.000 0.000 0.000 0.000 0.000 0.000 0.000 0.000 0.000 0.000 0.000 0.000 0.000 0.000 0.000
0.000 0.000 0.000 0.000 0.000 0.000 0.000 0.000 0.000 0.000 0.000 0.000 0.000 0.000 0.000 0.000 0.000 0.000 0.000 0.000 0.000 0.000 0.000 0.000 0.000 0.000 0.000 0.000 0.000 0.000 0.000 0.000 0.000 0.000 0.000 0.000 0.000 0.000 0.000 0.000 0.000 0.000 0.000 0.000 0.000 0.000 0.000 0.000 0.000 0.000
0.000 0.000 0.000 0.000 0.000 0.000 0.000 0.000 0.000 0.000 0.000 0.000 0.000 0.000 0.000 0.000 0.000 0.000 0.000 0.000 0.000 0.000 0.000 0.000 0.000 0.000 0.000 0.000 0.000 0.000 0.000 0.000 0.000 0.000 0.000 0.000 0.000 0.000 0.000 0.000 0.000 0.000 0.000 0.000 0.000 0.000 0.000 0.000 0.000 0.000
0.000 0.000 0.000 0.000 0.000 0.000 0.000 0.000 0.000 0.000 0.000 0.000 0.000 0.000 0.000 0.000 0.000 0.000 0.000 0.000 0.000 0.000 0.000 0.000 0.000 0.000 0.000 0.000 0.000 0.000 0.000 0.000 0.000 0.000 0.000 0.000 0.000 0.000 0.000 0.000 0.000 0.000 0.000 0.000 0.000 0.000 0.000 0.000 0.000 0.000
