tests/test_03/output6/DepositFile_____final.dat
NCOLS    50
NROWS    50
XLLCORNER    -2289770.000
YLLCORNER     2591270.000
CELLSIZE        2000.000       2000.000
NODATA_VALUE -9999.
[rows 0 to 34 of 50, columns 0 to 49 of 50]
11.657603 14.029257 17.090651 20.767952 25.195702 30.445906 36.632294 43.785110 51.884087 60.798500 70.332878 80.249725 90.211304 99.619904 107.955833 114.739983 119.525375 122.736412 125.093040 126.741486 128.251221 129.907562 131.898956 134.083221 136.291260 138.606064 140.412979 141.547668 141.737366 140.236816 136.873749 131.004517 122.400398 111.657394 98.772041 84.717674 68.971062 47.154659 27.247032 17.407934 4.875301 1.506890 0.564736 0.120823 0.026025 0.004531 0.000550 0.000052 0.000003 0.000000
10.929924 13.158772 16.056625 19.575943 23.791168 28.823559 34.788769 41.696674 49.537884 58.155514 67.400047 77.002686 86.675171 95.889793 103.897354 109.988663 113.888634 116.252655 117.535400 118.327393 119.391487 121.006355 123.280884 126.167198 129.437668 132.911621 136.290268 139.091980 141.092453 141.511108 139.845291 135.512024 127.686470 117.669907 104.830254 90.362801 74.177109 51.095486 29.588751 19.028179 5.529786 1.659368 0.625229 0.135804 0.029333 0.005134 0.000631 0.000060 0.000003 0.000000
11.217460 13.510400 16.511940 20.127636 24.476383 29.704315 35.879269 43.050945 51.228035 60.198414 69.782547 79.598831 89.434303 98.826263 106.878830 112.523239 115.297798 116.315277 116.257103 115.787704 116.014648 117.126457 119.122650 122.025948 125.667946 129.739532 134.051071 138.002106 141.108978 142.832535 142.475525 139.298203 132.744080 123.337822 110.826813 96.396141 80.073792 55.757168 32.502499 21.092804 6.418357 1.861780 0.709353 0.155739 0.033677 0.005922 0.000735 0.000070 0.000004 0.000000
11.069664 13.341011 16.311096 19.918417 24.284925 29.502453 35.681187 42.911682 51.160801 60.219704 69.826813 79.617859 89.277000 98.343758 105.917686 110.714546 111.924301 111.418175 109.185646 107.508598 106.726425 107.072609 108.718941 111.718590 115.903992 120.893333 126.248337 131.536728 136.296600 139.658005 141.064346 139.458420 134.269272 125.998497 114.298943 100.345039 84.361176 59.509399 34.848198 22.722734 7.095101 2.028488 0.782026 0.173086 0.037713 0.006685 0.000839 0.000080 0.000004 0.000000
10.905870 13.131181 16.092785 19.695494 23.991722 29.181782 35.354588 42.576092 50.817783 59.890865 69.484245 79.061813 88.377609 96.999817 103.980179 107.711426 106.938126 104.187477 99.909912 96.470833 94.822563 94.404724 95.679901 98.683380 103.238525 108.872734 115.074219 121.677383 127.904213 133.070679 136.267181 136.642578 133.097473 126.263443 115.665649 102.501793 87.046928 62.153866 36.689758 24.091263 7.686436 2.166140 0.841268 0.188244 0.041608 0.007434 0.000941 0.000091 0.000005 0.000000
10.623365 12.770964 15.680997 19.190083 23.448729 28.586514 34.622364 41.748817 49.884190 58.963211 68.384811 77.713097 86.538864 94.626793 100.751762 103.466225 100.187660 95.092392 88.604744 83.642265 80.199593 79.074501 80.183807 83.225800 87.931953 93.952888 101.050766 108.903511 116.482254 123.306374 128.384872 130.658386 129.081787 123.895241 114.694145 102.679581 88.095230 63.596169 37.805225 24.997883 8.165173 2.272305 0.887369 0.200466 0.044906 0.008100 0.001037 0.000101 0.000006 0.000000
10.323233 12.409101 15.229507 18.615320 22.771280 27.746450 33.699402 40.684006 48.665108 57.525719 66.749443 75.894966 84.179482 91.597443 97.028404 98.660515 93.104469 85.095367 76.338753 69.599251 64.961380 63.519230 64.318794 67.217323 72.008934 78.352753 85.912369 94.404266 103.176964 111.500603 118.235687 122.354584 122.720566 119.450851 111.869537 101.119377 87.593727 63.996853 38.216625 25.389233 8.490339 2.341052 0.925765 0.211063 0.047367 0.008630 0.001119 0.000109 0.000006 0.000000
10.029770 12.043399 14.761728 18.101234 22.133373 26.955137 32.711594 39.508545 47.323326 56.006496 65.060463 73.806892 81.583778 88.348961 93.160347 93.854156 86.004372 75.104256 64.412254 55.315544 50.390106 48.632431 49.271927 52.018013 56.760418 63.173836 70.976311 79.925980 89.421524 98.637268 106.818344 112.541885 114.659508 113.285034 107.422104 98.091721 85.708916 63.353802 38.040459 25.303793 8.646903 2.367032 0.944492 0.217813 0.049297 0.009044 0.001184 0.000117 0.000007 0.000000
9.721585 11.660256 14.328321 17.542208 21.433996 26.129309 31.785730 38.392570 45.970787 54.413120 63.325043 71.800629 79.278442 85.350830 89.532806 89.716881 80.155739 66.264297 53.642570 42.431877 37.530563 36.161724 36.808586 39.408634 43.918770 50.124363 57.817951 66.747978 76.452782 86.352585 95.284447 102.214378 105.804657 105.966751 101.763245 93.893661 82.716522 61.886490 37.392418 24.796522 8.669382 2.348364 0.942982 0.220888 0.050562 0.009352 0.001233 0.000122 0.000007 0.000000
9.385074 11.266795 13.822898 16.955721 20.735620 25.328770 30.746204 37.144356 44.585655 52.863708 61.460346 69.789543 76.858200 82.611328 86.163170 86.082397 75.433655 58.988396 45.033619 31.867949 27.632801 26.625088 27.483706 30.101297 34.347816 40.117695 47.367371 55.949680 65.459053 75.300713 84.639023 92.224503 96.890579 98.226051 95.453438 88.897720 78.933022 59.701649 36.373745 24.051786 8.614486 2.299757 0.927431 0.220066 0.050993 0.009480 0.001263 0.000126 0.000007 0.000000
9.046275 10.851902 13.340671 16.342754 20.017672 24.458586 29.738628 36.035023 43.223385 51.211952 59.810974 67.883766 74.708588 80.018806 83.165695 82.756760 71.616020 52.985008 38.367332 24.096994 20.539791 19.883421 21.227657 23.956774 28.011309 33.372738 40.002106 47.877834 56.774414 66.192886 75.303711 83.124443 88.397659 90.565971 88.938431 83.500183 74.642471 57.035351 35.075237 23.110394 8.519597 2.232818 0.904668 0.216747 0.050571 0.009473 0.001271 0.000127 0.000007 0.000000
8.685825 10.436594 12.809478 15.721742 19.283371 23.543110 28.681129 34.735104 41.733166 49.692261 58.000607 65.922203 72.591835 77.606064 80.266914 79.952919 68.391258 48.904232 33.136383 18.830036 15.512403 15.420927 17.128189 19.970955 23.890533 28.891947 34.988140 42.189373 50.366375 59.107807 67.702759 75.260994 80.619804 83.253273 82.451958 77.905022 70.131561 54.104061 33.561123 22.051115 8.370492 2.151016 0.876493 0.212322 0.049751 0.009364 0.001262 0.000127 0.000007 0.000000
8.303810 9.981831 12.277096 15.099388 18.475725 22.613770 27.589571 33.433334 40.312717 47.979111 56.230988 64.248642 70.783478 75.530090 78.071869 77.724464 66.049278 45.734653 29.483841 15.241784 12.290041 12.569843 14.499542 17.382343 21.122122 25.758816 31.344887 37.907925 45.365833 53.402100 61.366432 68.479668 73.602821 76.469780 76.127007 72.313080 65.522804 50.940495 31.876726 20.886189 8.165633 2.057072 0.843029 0.206637 0.048583 0.009176 0.001241 0.000125 0.000007 0.000000
7.921509 9.520320 11.735349 14.394234 17.692730 21.689915 26.459894 32.166298 38.806484 46.365795 54.509491 62.506775 69.172867 74.073944 76.425247 76.111839 64.749962 43.244911 26.849014 12.764972 10.346150 10.820332 12.772610 15.549453 19.043808 23.308510 28.413616 34.397121 41.200008 48.556740 55.880478 62.484390 67.335655 70.201279 70.103561 66.848152 60.871185 47.656246 30.067165 19.621822 7.900569 1.951578 0.804351 0.199687 0.047040 0.008902 0.001208 0.000122 0.000007 0.000000
7.507078 9.054564 11.133368 13.720247 16.873808 20.681746 25.312128 30.821344 37.308662 44.681450 52.704884 60.845043 67.713867 72.811234 75.319855 75.554962 64.503708 41.954247 25.569481 10.887967 9.090380 9.587333 11.456139 14.043555 17.255785 21.149805 25.799587 31.246792 37.443310 44.159657 50.872494 56.958706 61.524937 64.257690 64.337090 61.486534 56.205463 44.288403 28.119251 18.281050 7.572043 1.835278 0.760212 0.191237 0.045139 0.008554 0.001165 0.000118 0.000007 0.000000
7.097948 8.541290 10.549080 13.012379 16.006163 19.695799 24.153093 29.522148 35.838707 43.119812 51.211212 59.424580 66.678734 72.047379 75.090530 75.832787 66.357933 42.078411 25.366602 9.799899 8.209327 8.590689 10.313399 12.676327 15.595303 19.127594 23.343388 28.281300 33.899128 39.993275 46.098701 51.660370 55.904495 58.459850 58.665371 56.161228 51.462963 40.800995 26.067949 16.875517 7.173471 1.709208 0.712025 0.181634 0.042902 0.008147 0.001114 0.000113 0.000007 0.000000
6.643221 8.013784 9.910933 12.220651 15.088899 18.604580 22.908911 28.109394 34.304214 41.593975 49.763519 58.376255 66.405212 72.140640 75.743454 76.757874 71.054451 44.319298 26.107168 9.282196 7.518986 7.714247 9.249377 11.380220 14.012644 17.198048 20.999887 25.452644 30.517542 36.010258 41.515724 46.545486 50.420116 52.797375 53.060047 50.856133 46.660526 37.191906 23.940504 15.426002 6.707458 1.576260 0.660296 0.170684 0.040363 0.007686 0.001055 0.000108 0.000006 0.000000
6.137300 7.420081 9.173748 11.355742 14.044750 17.367027 21.461733 26.439274 32.527863 39.764427 48.142368 57.316269 66.401939 73.503029 77.958664 79.032516 76.991180 51.268642 29.518429 9.087176 6.992868 6.900023 8.229733 10.130024 12.484232 15.334150 18.736458 22.721067 27.251543 32.160606 37.077454 41.577381 45.074276 47.232346 47.511368 45.573124 41.847446 33.568653 21.751678 13.945620 6.189645 1.437885 0.605932 0.158740 0.037561 0.007168 0.000989 0.000102 0.000006 0.000000
5.563556 6.728115 8.351831 10.354710 12.835445 15.919212 19.703512 24.422171 30.220995 37.291355 45.760685 55.558643 66.162743 75.899269 82.306458 84.934311 83.440964 66.167778 36.211567 10.652485 6.746036 6.153701 7.252710 8.925982 11.010729 13.536362 16.552071 20.083141 24.095171 28.435883 32.776283 36.756287 39.878948 41.797550 42.078327 40.383549 37.074051 29.938171 19.545212 12.453068 5.643222 1.296757 0.549720 0.146101 0.034637 0.006627 0.000918 0.000095 0.000006 0.000000
4.938281 5.993214 7.438277 9.229548 11.461888 14.222301 17.651182 21.910206 27.185810 33.755402 41.818485 51.613762 63.127300 75.649139 87.027870 93.873398 94.755470 89.755943 50.203720 20.418608 7.276087 5.624507 6.333402 7.771716 9.596139 11.809804 14.453421 17.547447 21.058641 24.848587 28.628798 32.107738 34.856636 36.559196 36.810307 35.333515 32.411816 26.339344 17.327396 10.952825 5.080620 1.155304 0.492297 0.132711 0.031478 0.006037 0.000842 0.000088 0.000005 0.000000
4.237350 5.178672 6.467434 8.067622 10.056691 12.509783 15.553130 19.323664 24.020334 29.815275 37.006104 45.894470 56.760582 69.964340 84.736763 98.803978 107.609787 108.333214 91.796074 45.432678 9.824553 6.244095 5.537481 6.674694 8.246099 10.161577 12.449800 15.126597 18.159328 21.422262 24.668781 27.668951 30.059504 31.552973 31.765221 30.465498 27.919695 22.840824 15.157073 9.494039 4.503271 1.015247 0.435580 0.118689 0.028261 0.005450 0.000765 0.000080 0.000005 0.000000
3.273893 4.103442 5.230186 6.635874 8.381105 10.553315 13.260127 16.620346 20.790325 25.971436 32.336349 40.221798 50.011127 61.986790 76.489479 93.401245 110.899712 123.150215 124.596443 95.915642 41.235458 8.882166 5.211436 5.660676 6.964709 8.594835 10.544867 12.824994 15.403442 18.167326 20.913557 23.457491 25.516895 26.793360 26.953560 25.850504 23.634966 19.464836 13.062254 8.097678 3.934894 0.878209 0.379543 0.104933 0.025030 0.004844 0.000685 0.000072 0.000004 0.000000
1.715269 2.301046 3.122821 4.204477 5.612932 7.398765 9.681462 12.599188 16.266562 20.883831 26.688732 33.855564 42.721283 53.651295 67.050446 83.471687 103.237633 125.154404 144.983490 153.442139 141.759171 61.172691 10.033046 5.312840 5.802428 7.125721 8.755226 10.661337 12.812643 15.108864 17.391541 19.511185 21.254236 22.317364 22.425461 21.490854 19.603008 16.253298 11.070931 6.804043 3.382203 0.750502 0.325309 0.091496 0.021874 0.004244 0.000606 0.000064 0.000004 0.000000
0.377260 0.551233 0.814070 1.202716 1.771082 2.604615 3.789594 5.435027 7.704914 10.821190 15.023396 20.679197 28.227917 37.971542 50.501984 66.182663 85.898567 110.650185 139.878006 172.490768 200.081924 209.590744 151.706970 55.275391 11.913410 6.790165 7.103364 8.662949 10.419691 12.286060 14.146464 15.881368 17.324457 18.178799 18.248940 17.465660 15.899690 13.266628 9.197182 5.611326 2.839937 0.646896 0.274636 0.078560 0.018864 0.003689 0.000531 0.000057 0.000004 0.000000
0.043761 0.063521 0.094177 0.140376 0.210623 0.317139 0.479250 0.727081 1.107489 1.689571 2.581185 3.954057 6.067984 9.303051 14.211062 21.585388 32.575211 48.046810 70.179871 101.746185 144.565872 198.126389 253.704803 300.196808 326.327728 55.394135 5.600789 6.844824 8.243695 9.722972 11.204922 12.599180 13.759448 14.429910 14.475640 13.841158 12.564245 10.546341 7.469868 4.534134 2.333770 0.557463 0.227171 0.066642 0.016036 0.003164 0.000461 0.000049 0.000003 0.000000
0.007890 0.009971 0.012883 0.016624 0.021427 0.027586 0.035474 0.045573 0.058488 0.074997 0.096071 0.122962 0.157251 0.200935 0.256532 0.327229 0.417030 0.531000 0.675402 0.858062 1.088668 1.378862 1.742646 2.196014 2.756455 3.441215 4.263334 5.224820 6.304615 7.442475 8.590100 9.683943 10.582656 11.099222 11.128717 10.623579 9.611648 8.108429 5.888150 3.572766 1.874482 0.477875 0.183571 0.055345 0.013344 0.002663 0.000394 0.000042 0.000003 0.000000
0.004608 0.005906 0.007729 0.010098 0.013171 0.017152 0.022301 0.028955 0.037538 0.048601 0.062836 0.081144 0.104659 0.134822 0.173483 0.222970 0.286268 0.367088 0.470120 0.601265 0.767735 0.978421 1.243824 1.576205 1.988978 2.495138 3.104673 3.818687 4.619965 5.464616 6.323818 7.153314 7.819505 8.200576 8.213631 7.828486 7.071508 5.986717 4.471385 2.760874 1.474633 0.409607 0.144434 0.045115 0.010852 0.002189 0.000329 0.000036 0.000002 0.000000
0.002377 0.003098 0.004118 0.005464 0.007235 0.009561 0.012611 0.016604 0.021822 0.028628 0.037492 0.049019 0.063980 0.083364 0.108450 0.140869 0.182685 0.236516 0.305708 0.394418 0.507882 0.652429 0.835703 1.066636 1.354921 1.710197 2.139572 2.643650 3.209401 3.809393 4.425497 5.023483 5.494532 5.755937 5.754845 5.473920 4.951925 4.210576 3.242676 2.088606 1.122856 0.352514 0.110731 0.035813 0.008578 0.001739 0.000267 0.000029 0.000002 0.000000
0.001056 0.001403 0.001900 0.002567 0.003461 0.004655 0.006248 0.008367 0.011182 0.014911 0.019842 0.026351 0.034920 0.046183 0.060959 0.080297 0.105558 0.138482 0.181286 0.236770 0.308455 0.400670 0.518655 0.668508 0.856983 1.090684 1.374515 1.708661 2.083545 2.486591 2.904300 3.304221 3.613662 3.776600 3.763056 3.581659 3.246583 2.783564 2.207537 1.508631 0.819592 0.304666 0.083590 0.027458 0.006530 0.001329 0.000208 0.000023 0.000002 0.000000
0.000398 0.000540 0.000746 0.001028 0.001413 0.001938 0.002652 0.003622 0.004935 0.006708 0.009097 0.012308 0.016612 0.022368 0.030045 0.040262 0.053821 0.071763 0.095440 0.126573 0.167354 0.220517 0.289400 0.377914 0.490411 0.631177 0.803422 1.007197 1.236393 1.487132 1.749356 1.993022 2.174437 2.260810 2.247346 2.142588 1.953738 1.695757 1.381720 1.000370 0.583703 0.248351 0.063830 0.020206 0.004773 0.000981 0.000158 0.000018 0.000001 0.000000
0.000126 0.000174 0.000244 0.000343 0.000480 0.000672 0.000939 0.001309 0.001822 0.002530 0.003504 0.004842 0.006674 0.009178 0.012588 0.017222 0.023493 0.031958 0.043338 0.058569 0.078867 0.105778 0.141201 0.187411 0.246961 0.322388 0.415535 0.526363 0.652459 0.791798 0.936788 1.064296 1.152696 1.192851 1.183752 1.127862 1.036673 0.906435 0.749306 0.566327 0.366329 0.173601 0.047971 0.013599 0.003249 0.000696 0.000115 0.000013 0.000001 0.000000
0.000037 0.000051 0.000072 0.000102 0.000145 0.000204 0.000288 0.000407 0.000573 0.000807 0.001135 0.001595 0.002238 0.003135 0.004385 0.006121 0.008528 0.011847 0.016408 0.022643 0.031118 0.042570 0.057941 0.078387 0.105225 0.139811 0.183153 0.235170 0.295197 0.361864 0.426765 0.478494 0.511494 0.523465 0.514234 0.485947 0.439049 0.379573 0.312185 0.240472 0.161453 0.079074 0.026432 0.007067 0.001843 0.000442 0.000077 0.000009 0.000001 0.000000
0.000010 0.000014 0.000019 0.000028 0.000039 0.000056 0.000080 0.000113 0.000161 0.000228 0.000323 0.000459 0.000650 0.000920 0.001302 0.001840 0.002596 0.003656 0.005137 0.007198 0.010054 0.013981 0.019344 0.026607 0.036323 0.049091 0.065399 0.085284 0.108537 0.133993 0.155394 0.170241 0.176819 0.173981 0.163528 0.147105 0.124441 0.101713 0.078644 0.055854 0.032895 0.014539 0.004526 0.002045 0.000765 0.000232 0.000046 0.000006 0.000000 0.000000
0.000002 0.000003 0.000005 0.000007 0.000010 0.000014 0.000020 0.000029 0.000041 0.000059 0.000084 0.000121 0.000172 0.000245 0.000348 0.000496 0.000703 0.000996 0.001406 0.001980 0.002775 0.003876 0.005383 0.007432 0.010182 0.013812 0.018470 0.024158 0.030739 0.036900 0.041202 0.043346 0.041858 0.038064 0.032830 0.026725 0.020207 0.014739 0.010129 0.005975 0.002877 0.001362 0.000844 0.000497 0.000251 0.000094 0.000024 0.000004 0.000000 0.000000
0.000001 0.000001 0.000001 0.000002 0.000002 0.000003 0.000005 0.000007 0.000010 0.000014 0.000021 0.000030 0.000042 0.000060 0.000086 0.000122 0.000173 0.000244 0.000344 0.000481 0.000670 0.000928 0.001280 0.001754 0.002384 0.003205 0.004244 0.005446 0.006556 0.007251 0.007290 0.006860 0.006155 0.005314 0.004479 0.003607 0.002750 0.001987 0.001286 0.000740 0.000443 0.000314 0.000220 0.000141 0.000080 0.000036 0.000010 0.000002 0.000000 0.000000
