tests/test_03/output6/DepositFile_____final.dat
NCOLS    50
NROWS    50
XLLCORNER    -2289770.000
YLLCORNER     2591270.000
CELLSIZE        2000.000       2000.000
NODATA_VALUE  0.000
[rows 0 to 49 of 50, columns 0 to 49 of 50]
11.658 14.029 17.091 20.768 25.196 30.446 36.632 43.785 51.884 60.799 70.333 80.250 90.211 99.620 107.956 114.740 119.525 122.736 125.093 126.741 128.251 129.908 131.899 134.083 136.291 138.606 140.413 141.548 141.737 140.237 136.874 131.004 122.400 111.657 98.772 84.718 68.971 47.155 27.247 17.408 4.875 1.507 0.565 0.121 0.026 0.000 0.000 0.000 0.000 0.000
10.930 13.159 16.057 19.576 23.791 28.824 34.789 41.697 49.538 58.156 67.400 77.003 86.675 95.890 103.897 109.989 113.889 116.253 117.535 118.327 119.391 121.006 123.281 126.167 129.438 132.912 136.290 139.092 141.092 141.511 139.845 135.512 127.686 117.670 104.830 90.363 74.177 51.095 29.589 19.028 5.530 1.659 0.625 0.136 0.029 0.000 0.000 0.000 0.000 0.000
11.217 13.510 16.512 20.128 24.476 29.704 35.879 43.051 51.228 60.198 69.783 79.599 89.434 98.826 106.879 112.523 115.298 116.315 116.257 115.788 116.015 117.126 119.123 122.026 125.668 129.739 134.051 138.002 141.109 142.832 142.475 139.298 132.744 123.338 110.827 96.396 80.074 55.757 32.502 21.093 6.418 1.862 0.709 0.156 0.034 0.000 0.000 0.000 0.000 0.000
11.070 13.341 16.311 19.918 24.285 29.502 35.681 42.912 51.161 60.220 69.827 79.618 89.277 98.344 105.918 110.715 111.924 111.418 109.186 107.509 106.726 107.073 108.719 111.719 115.904 120.893 126.248 131.537 136.297 139.658 141.064 139.458 134.269 125.998 114.299 100.345 84.361 59.509 34.848 22.723 7.095 2.028 0.782 0.173 0.038 0.000 0.000 0.000 0.000 0.000
10.906 13.131 16.093 19.695 23.992 29.182 35.355 42.576 50.818 59.891 69.484 79.062 88.378 97.000 103.980 107.711 106.938 104.187 99.910 96.471 94.823 94.405 95.680 98.683 103.238 108.873 115.074 121.677 127.904 133.071 136.267 136.643 133.097 126.263 115.666 102.502 87.047 62.154 36.690 24.091 7.686 2.166 0.841 0.188 0.042 0.000 0.000 0.000 0.000 0.000
10.623 12.771 15.681 19.190 23.449 28.587 34.622 41.749 49.884 58.963 68.385 77.713 86.539 94.627 100.752 103.466 100.188 95.092 88.605 83.642 80.200 79.074 80.184 83.226 87.932 93.953 101.051 108.903 116.482 123.306 128.385 130.658 129.082 123.895 114.694 102.680 88.095 63.596 37.805 24.998 8.165 2.272 0.887 0.200 0.045 0.000 0.000 0.000 0.000 0.000
10.323 12.409 15.230 18.615 22.771 27.746 33.699 40.684 48.665 57.526 66.749 75.895 84.179 91.597 97.028 98.660 93.104 85.095 76.339 69.599 64.961 63.519 64.319 67.217 72.009 78.353 85.912 94.404 103.177 111.501 118.236 122.355 122.721 119.451 111.869 101.119 87.594 63.997 38.217 25.389 8.490 2.341 0.926 0.211 0.047 0.000 0.000 0.000 0.000 0.000
10.030 12.043 14.762 18.101 22.133 26.955 32.712 39.509 47.323 56.007 65.060 73.807 81.584 88.349 93.160 93.854 86.004 75.104 64.412 55.316 50.390 48.632 49.272 52.018 56.760 63.174 70.976 79.926 89.421 98.637 106.818 112.542 114.659 113.285 107.422 98.092 85.709 63.354 38.040 25.304 8.647 2.367 0.944 0.218 0.049 0.000 0.000 0.000 0.000 0.000
9.722 11.660 14.328 17.542 21.434 26.129 31.786 38.393 45.971 54.413 63.325 71.801 79.278 85.351 89.533 89.717 80.156 66.264 53.643 42.432 37.531 36.162 36.809 39.409 43.919 50.124 57.818 66.748 76.453 86.353 95.284 102.214 105.805 105.967 101.763 93.894 82.716 61.886 37.392 24.797 8.669 2.348 0.943 0.221 0.051 0.000 0.000 0.000 0.000 0.000
9.385 11.267 13.823 16.956 20.736 25.329 30.746 37.144 44.586 52.864 61.460 69.790 76.858 82.611 86.163 86.082 75.434 58.988 45.034 31.868 27.633 26.625 27.484 30.101 34.348 40.118 47.367 55.950 65.459 75.301 84.639 92.224 96.891 98.226 95.453 88.898 78.933 59.702 36.374 24.052 8.614 2.300 0.927 0.220 0.051 0.000 0.000 0.000 0.000 0.000
9.046 10.852 13.341 16.343 20.018 24.459 29.739 36.035 43.223 51.212 59.811 67.884 74.709 80.019 83.166 82.757 71.616 52.985 38.367 24.097 20.540 19.883 21.228 23.957 28.011 33.373 40.002 47.878 56.774 66.193 75.304 83.124 88.398 90.566 88.938 83.500 74.642 57.035 35.075 23.110 8.520 2.233 0.905 0.217 0.051 0.000 0.000 0.000 0.000 0.000
8.686 10.437 12.809 15.722 19.283 23.543 28.681 34.735 41.733 49.692 58.001 65.922 72.592 77.606 80.267 79.953 68.391 48.904 33.136 18.830 15.512 15.421 17.128 19.971 23.891 28.892 34.988 42.189 50.366 59.108 67.703 75.261 80.620 83.253 82.452 77.905 70.132 54.104 33.561 22.051 8.370 2.151 0.876 0.212 0.050 0.000 0.000 0.000 0.000 0.000
8.304 9.982 12.277 15.099 18.476 22.614 27.590 33.433 40.313 47.979 56.231 64.249 70.783 75.530 78.072 77.724 66.049 45.735 29.484 15.242 12.290 12.570 14.500 17.382 21.122 25.759 31.345 37.908 45.366 53.402 61.366 68.480 73.603 76.470 76.127 72.313 65.523 50.940 31.877 20.886 8.166 2.057 0.843 0.207 0.049 0.000 0.000 0.000 0.000 0.000
7.922 9.520 11.735 14.394 17.693 21.690 26.460 32.166 38.806 46.366 54.509 62.507 69.173 74.074 76.425 76.112 64.750 43.245 26.849 12.765 10.346 10.820 12.773 15.549 19.044 23.308 28.414 34.397 41.200 48.557 55.880 62.484 67.336 70.201 70.104 66.848 60.871 47.656 30.067 19.622 7.901 1.952 0.804 0.200 0.047 0.000 0.000 0.000 0.000 0.000
7.507 9.055 11.133 13.720 16.874 20.682 25.312 30.821 37.309 44.681 52.705 60.845 67.714 72.811 75.320 75.555 64.504 41.954 25.569 10.888 9.090 9.587 11.456 14.044 17.256 21.150 25.800 31.247 37.443 44.160 50.872 56.959 61.525 64.258 64.337 61.487 56.205 44.288 28.119 18.281 7.572 1.835 0.760 0.191 0.045 0.000 0.000 0.000 0.000 0.000
7.098 8.541 10.549 13.012 16.006 19.696 24.153 29.522 35.839 43.120 51.211 59.425 66.679 72.047 75.091 75.833 66.358 42.078 25.367 9.800 8.209 8.591 10.313 12.676 15.595 19.128 23.343 28.281 33.899 39.993 46.099 51.660 55.904 58.460 58.665 56.161 51.463 40.801 26.068 16.876 7.173 1.709 0.712 0.182 0.043 0.000 0.000 0.000 0.000 0.000
6.643 8.014 9.911 12.221 15.089 18.605 22.909 28.109 34.304 41.594 49.764 58.376 66.405 72.141 75.743 76.758 71.054 44.319 26.107 9.282 7.519 7.714 9.249 11.380 14.013 17.198 21.000 25.453 30.518 36.010 41.516 46.545 50.420 52.797 53.060 50.856 46.661 37.192 23.940 15.426 6.707 1.576 0.660 0.171 0.040 0.000 0.000 0.000 0.000 0.000
6.137 7.420 9.174 11.356 14.045 17.367 21.462 26.439 32.528 39.764 48.142 57.316 66.402 73.503 77.959 79.033 76.991 51.269 29.518 9.087 6.993 6.900 8.230 10.130 12.484 15.334 18.736 22.721 27.252 32.161 37.077 41.577 45.074 47.232 47.511 45.573 41.847 33.569 21.752 13.946 6.190 1.438 0.606 0.159 0.038 0.000 0.000 0.000 0.000 0.000
5.564 6.728 8.352 10.355 12.835 15.919 19.704 24.422 30.221 37.291 45.761 55.559 66.163 75.899 82.306 84.934 83.441 66.168 36.212 10.652 6.746 6.154 7.253 8.926 11.011 13.536 16.552 20.083 24.095 28.436 32.776 36.756 39.879 41.798 42.078 40.384 37.074 29.938 19.545 12.453 5.643 1.297 0.550 0.146 0.035 0.000 0.000 0.000 0.000 0.000
4.938 5.993 7.438 9.230 11.462 14.222 17.651 21.910 27.186 33.755 41.818 51.614 63.127 75.649 87.028 93.873 94.755 89.756 50.204 20.419 7.276 5.625 6.333 7.772 9.596 11.810 14.453 17.547 21.059 24.849 28.629 32.108 34.857 36.559 36.810 35.333 32.412 26.339 17.327 10.953 5.081 1.155 0.492 0.133 0.031 0.000 0.000 0.000 0.000 0.000
4.237 5.179 6.467 8.068 10.057 12.510 15.553 19.324 24.020 29.815 37.006 45.894 56.761 69.964 84.737 98.804 107.610 108.333 91.796 45.433 9.825 6.244 5.537 6.675 8.246 10.162 12.450 15.127 18.159 21.422 24.669 27.669 30.059 31.553 31.765 30.465 27.920 22.841 15.157 9.494 4.503 1.015 0.436 0.119 0.028 0.000 0.000 0.000 0.000 0.000
3.274 4.103 5.230 6.636 8.381 10.553 13.260 16.620 20.790 25.971 32.336 40.222 50.011 61.987 76.489 93.401 110.900 123.150 124.596 95.916 41.235 8.882 5.211 5.661 6.965 8.595 10.545 12.825 15.403 18.167 20.914 23.457 25.517 26.793 26.954 25.850 23.635 19.465 13.062 8.098 3.935 0.878 0.380 0.105 0.025 0.000 0.000 0.000 0.000 0.000
1.715 2.301 3.123 4.204 5.613 7.399 9.681 12.599 16.267 20.884 26.689 33.856 42.721 53.651 67.050 83.472 103.238 125.154 144.983 153.442 141.759 61.173 10.033 5.313 5.802 7.126 8.755 10.661 12.813 15.109 17.392 19.511 21.254 22.317 22.425 21.491 19.603 16.253 11.071 6.804 3.382 0.751 0.325 0.091 0.022 0.000 0.000 0.000 0.000 0.000
0.377 0.551 0.814 1.203 1.771 2.605 3.790 5.435 7.705 10.821 15.023 20.679 28.228 37.972 50.502 66.183 85.899 110.650 139.878 172.491 200.082 209.591 151.707 55.275 11.913 6.790 7.103 8.663 10.420 12.286 14.146 15.881 17.324 18.179 18.249 17.466 15.900 13.267 9.197 5.611 2.840 0.647 0.275 0.079 0.019 0.000 0.000 0.000 0.000 0.000
0.044 0.064 0.094 0.140 0.211 0.317 0.479 0.727 1.107 1.690 2.581 3.954 6.068 9.303 14.211 21.585 32.575 48.047 70.180 101.746 144.566 198.126 253.705 300.197 326.328 55.394 5.601 6.845 8.244 9.723 11.205 12.599 13.759 14.430 14.476 13.841 12.564 10.546 7.470 4.534 2.334 0.557 0.227 0.067 0.016 0.000 0.000 0.000 0.000 0.000
0.000 0.000 0.013 0.017 0.021 0.028 0.035 0.046 0.058 0.075 0.096 0.123 0.157 0.201 0.257 0.327 0.417 0.531 0.675 0.858 1.089 1.379 1.743 2.196 2.756 3.441 4.263 5.225 6.305 7.442 8.590 9.684 10.583 11.099 11.129 10.624 9.612 8.108 5.888 3.573 1.874 0.478 0.184 0.055 0.013 0.000 0.000 0.000 0.000 0.000
0.000 0.000 0.000 0.010 0.013 0.017 0.022 0.029 0.038 0.049 0.063 0.081 0.105 0.135 0.173 0.223 0.286 0.367 0.470 0.601 0.768 0.978 1.244 1.576 1.989 2.495 3.105 3.819 4.620 5.465 6.324 7.153 7.820 8.201 8.214 7.828 7.072 5.987 4.471 2.761 1.475 0.410 0.144 0.045 0.011 0.000 0.000 0.000 0.000 0.000
0.000 0.000 0.000 0.000 0.000 0.000 0.013 0.017 0.022 0.029 0.037 0.049 0.064 0.083 0.108 0.141 0.183 0.237 0.306 0.394 0.508 0.652 0.836 1.067 1.355 1.710 2.140 2.644 3.209 3.809 4.425 5.023 5.495 5.756 5.755 5.474 4.952 4.211 3.243 2.089 1.123 0.353 0.111 0.036 0.000 0.000 0.000 0.000 0.000 0.000
0.000 0.000 0.000 0.000 0.000 0.000 0.000 0.000 0.011 0.015 0.020 0.026 0.035 0.046 0.061 0.080 0.106 0.138 0.181 0.237 0.308 0.401 0.519 0.669 0.857 1.091 1.375 1.709 2.084 2.487 2.904 3.304 3.614 3.777 3.763 3.582 3.247 2.784 2.208 1.509 0.820 0.305 0.084 0.027 0.000 0.000 0.000 0.000 0.000 0.000
0.000 0.000 0.000 0.000 0.000 0.000 0.000 0.000 0.000 0.000 0.000 0.012 0.017 0.022 0.030 0.040 0.054 0.072 0.095 0.127 0.167 0.221 0.289 0.378 0.490 0.631 0.803 1.007 1.236 1.487 1.749 1.993 2.174 2.261 2.247 2.143 1.954 1.696 1.382 1.000 0.584 0.248 0.064 0.020 0.000 0.000 0.000 0.000 0.000 0.000
0.000 0.000 0.000 0.000 0.000 0.000 0.000 0.000 0.000 0.000 0.000 0.000 0.000 0.000 0.013 0.017 0.023 0.032 0.043 0.059 0.079 0.106 0.141 0.187 0.247 0.322 0.416 0.526 0.652 0.792 0.937 1.064 1.153 1.193 1.184 1.128 1.037 0.906 0.749 0.566 0.366 0.174 0.048 0.014 0.000 0.000 0.000 0.000 0.000 0.000
0.000 0.000 0.000 0.000 0.000 0.000 0.000 0.000 0.000 0.000 0.000 0.000 0.000 0.000 0.000 0.000 0.000 0.012 0.016 0.023 0.031 0.043 0.058 0.078 0.105 0.140 0.183 0.235 0.295 0.362 0.427 0.478 0.511 0.523 0.514 0.486 0.439 0.380 0.312 0.240 0.161 0.079 0.026 0.000 0.000 0.000 0.000 0.000 0.000 0.000
0.000 0.000 0.000 0.000 0.000 0.000 0.000 0.000 0.000 0.000 0.000 0.000 0.000 0.000 0.000 0.000 0.000 0.000 0.000 0.000 0.010 0.014 0.019 0.027 0.036 0.049 0.065 0.085 0.109 0.134 0.155 0.170 0.177 0.174 0.164 0.147 0.124 0.102 0.079 0.056 0.033 0.015 0.000 0.000 0.000 0.000 0.000 0.000 0.000 0.000
0.000 0.000 0.000 0.000 0.000 0.000 0.000 0.000 0.000 0.000 0.000 0.000 0.000 0.000 0.000 0.000 0.000 0.000 0.000 0.000 0.000 0.000 0.000 0.000 0.010 0.014 0.018 0.024 0.031 0.037 0.041 0.043 0.042 0.038 0.033 0.027 0.020 0.015 0.010 0.000 0.000 0.000 0.000 0.000 0.000 0.000 0.000 0.000 0.000 0.000
0.000 0.000 0.000 0.000 0.000 0.000 0.000 0.000 0.000 0.000 0.000 0.000 0.000 0.000 0.000 0.000 0.000 0.000 0.000 0.000 0.000 0.000 0.000 0.000 0.000 0.000 0.000 0.000 0.000 0.000 0.000 0.000 0.000 0.000 0.000 0.000 0.000 0.000 0.000 0.000 0.000 0.000 0.000 0.000 0.000 0.000 0.000 0.000 0.000 0.000
0.000 0.000 0.000 0.000 0.000 0.000 0.000 0.000 0.000 0.000 0.000 0.000 0.000 0.000 0.000 0.000 0.000 0.000 0.000 0.000 0.000 0.000 0.000 0.000 0.000 0.000 0.000 0.000 0.000 0.000 0.000 0.000 0.000 0.000 0.000 0.000 0.000 0.000 0.000 0.000 0.000 0.000 0.000 0.000 0.000 0.000 0.000 0.000 0.000 0.000
0.000 0.000 0.000 0.000 0.000 0.000 0.000 0.000 0.000 0.000 0.000 0.000 0.000 0.000 0.000 0.000 0.000 0.000 0.000 0.000 0.000 0.000 0.000 0.000 0.000 0.000 0.000 0.000 0.000 0.000 0.000 0.000 0.000 0.000 0.000 0.000 0.000 0.000 0.000 0.000 0.000 0.000 0.000 0.000 0.000 0.000 0.000 0.000 0.000 0.000
0.000 0.000 0.000 0.000 0.000 0.000 0.000 0.000 0.000 0.000 0.000 0.000 0.000 0.000 0.000 0.000 0.000 0.000 0.000 0.000 0.000 0.000 0.000 0.000 0.000 0.000 0.000 0.000 0.000 0.000 0.000 0.000 0.000 0.000 0.000 0.000 0.000 0.000 0.000 0.000 0.000 0.000 0.000 0.000 0.000 0.000 0.000 0.000 0.000 0.000
0.000 0.000 0.000 0.000 0.000 0.000 0.000 0.000 0.000 0.000 0.000 0.000 0.000 0.000 0.000 0.000 0.000 0.000 0.000 0.000 0.000 0.000 0.000 0.000 0.000 0.000 0.000 0.000 0.000 0.000 0.000 0.000 0.000 0.000 0.000 0.000 0.000 0.000 0.000 0.000 0.000 0.000 0.000 0.000 0.000 0.000 0.000 0.000 0.000 0.000
0.000 0.000 0.000 0.000 0.000 0.000 0.000 0.000 0.000 0.000 0.000 0.000 0.000 0.000 0.000 0.000 0.000 0.000 0.000 0.000 0.000 0.000 0.000 0.000 0.000 0.000 0.000 0.000 0.000 0.000 0.000 0.000 0.000 0.000 0.000 0.000 0.000 0.000 0.000 0.000 0.000 0.000 0.000 0.000 0.000 0.000 0.000 0.000 0.000 0.000
0.000 0.000 0.000 0.000 0.000 0.000 0.000 0.000 0.000 0.000 0.000 0.000 0.000 0.000 0.000 0.000 0.000 0.000 0.000 0.000 0.000 0.000 0.000 0.000 0.000 0.000 0.000 0.000 0.000 0.000 0.000 0.000 0.000 0.000 0.000 0.000 0.000 0.000 0.000 0.000 0.000 0.000 0.000 0.000 0.000 0.000 0.000 0.000 0.000 0.000
0.000 0.000 0.000 0.000 0.000 0.000 0.000 0.000 0.000 0.000 0.000 0.000 0.000 0.000 0.000 0.000 0.000 0.000 0.000 0.000 0.000 0.000 0.000 0.000 0.000 0.000 0.000 0.000 0.000 0.000 0.000 0.000 0.000 0.000 0.000 0.000 0.000 0.000 0.000 0.000 0.000 0.000 0.000 0.000 0.000 0.000 0.000 0.000 0.000 0.000
0.000 0.000 0.000 0.000 0.000 0.000 0.000 0.000 0.000 0.000 0.000 0.000 0.000 0.000 0.000 0.000 0.000 0.000 0.000 0.000 0.000 0.000 0.000 0.000 0.000 0.000 0.000 0.000 0.000 0.000 0.000 0.000 0.000 0.000 0.000 0.000 0.000 0.000 0.000 0.000 0.000 0.000 0.000 0.000 0.000 0.000 0.000 0.000 0.000 0.000
0.000 0.000 0.000 0.000 0.000 0.000 0.000 0.000 0.000 0.000 0.000 0.000 0.000 0.000 0.000 0.000 0.000 0.000 0.000 0.000 0.000 0.000 0.000 0.000 0.000 0.000 0.000 0.000 0.000 0.000 0.000 0.000 0.000 0.000 0.000 0.000 0.000 0.000 0.000 0.000 0.000 0.000 0.000 0.000 0.000 0.000 0.000 0.000 0.000 0.000
0.000 0.000 0.000 0.000 0.000 0.000 0.000 0.000 0.000 0.000 0.000 0.000 0.000 0.000 0.000 0.000 0.000 0.000 0.000 0.000 0.000 0.000 0.000 0.000 0.000 0.000 0.000 0.000 0.000 0.000 0.000 0.000 0.000 0.000 0.000 0.000 0.000 0.000 0.000 0.000 0.000 0.000 0.000 0.000 0.000 0.000 0.000 0.000 0.000 0.000
0.000 0.000 0.000 0.000 0.000 0.000 0.000 0.000 0.000 0.000 0.000 0.000 0.000 0.000 0.000 0.000 0.000 0.000 0.000 0.000 0.000 0.000 0.000 0.000 0.000 0.000 0.000 0.000 0.000 0.000 0.000 0.000 0.000 0.000 0.000 0.000 0.000 0.000 0.000 0.000 0.000 0.000 0.000 0.000 0.000 0.000 0.000 0.000 0.000 0.000
0.000 0.000 0.000 0.000 0.000 0.000 0.000 0.000 0.000 0.000 0.000 0.000 0.000 0.000 0.000 0.000 0.000 0.000 0.000 0.000 0.000 0.000 0.000 0.000 0.000 0.000 0.000 0.000 0.000 0.000 0.000 0.000 0.000 0.000 0.000 0.000 0.000 0.000 0.000 0.000 0.000 0.000 0.000 0.000 0.000 0.000 0.000 0.000 0.000 0.000
0.000 0.000 0.000 0.000 0.000 0.000 0.000 0.000 0.000 0.000 0.000 0.000 0.000 0.000 0.000 0.000 0.000 0.000 0.000 0.000 0.000 0.000 0.000 0.000 0.000 0.000 0.000 0.000 0.000 0.000 0.000 0.000 0.000 0.000 0.000 0.000 0.000 0.000 0.000 0.000 0.000 0.000 0.000 0.000 0.000 0.000 0.000 0.000 0.000 0.000
0.000 0.000 0.000 0.000 0.000 0.000 0.000 0.000 0.000 0.000 0.000 0.000 0.000 0.000 0.000 0.000 0.000 0.000 0.000 0.000 0.000 0.000 0.000 0.000 0.000 0.000 0.000 0.000 0.000 0.000 0.000 0.000 0.000 0.000 0.000 0.000 0.000 0.000 0.000 0.000 0.000 0.000 0.000 0.000 0.000 0.000 0.000 0.000 0.000 0.000
0.000 0.000 0.000 0.000 0.000 0.000 0.000 0.000 0.000 0.000 0.000 0.000 0.000 0.000 0.000 0.000 0.000 0.000 0.000 0.000 0.000 0.000 0.000 0.000 0.000 0.000 0.000 0.000 0.000 0.000 0.000 0.000 0.000 0.000 0.000 0.000 0.000 0.000 0.000 0.000 0.000 0.000 0.000 0.000 0.000 0.000 0.000 0.000 0.000 0.000
