tests/test_03/output6/DepositFile_010.00hrs.dat
NCOLS    50
NROWS    50
XLLCORNER    -2289770.000
YLLCORNER     2591270.000
CELLSIZE        2000.000       2000.000
NODATA_VALUE  0.000
[rows 0 to 34 of 50, columns 0 to 49 of 50]
10.799268 13.060283 15.980226 19.494562 23.734608 28.768564 34.705727 41.571163 49.338634 57.870674 66.964355 76.374237 85.754021 94.496567 102.071793 107.989586 111.791557 113.889908 114.992317 115.234467 115.178452 115.105339 115.202271 115.331657 115.339752 115.343964 114.790215 113.606293 111.658760 108.409912 104.005371 98.233223 90.958015 82.427879 72.594009 61.715763 50.036236 35.112049 20.722364 13.313904 4.086344 1.268369 0.485997 0.107497 0.023456 0.000000 0.000000 0.000000 0.000000 0.000000
10.332140 12.472638 15.255933 18.641064 22.699005 27.546928 33.295765 39.949978 47.494019 55.764179 64.603340 73.734329 82.859489 91.440605 98.717148 103.968056 106.905197 108.169556 108.201973 107.581604 107.061699 106.911583 107.233749 107.984238 108.955452 110.003326 110.884644 111.205894 110.886673 109.364677 106.464859 102.046936 95.441711 87.536903 77.745667 66.479317 54.344379 38.342449 22.706795 14.655097 4.652925 1.402428 0.540123 0.121376 0.026540 0.000000 0.000000 0.000000 0.000000 0.000000
10.715422 12.928696 15.826108 19.318745 23.521969 28.577772 34.549210 41.480526 49.374226 58.011349 67.204720 76.564049 85.866508 94.638519 101.972603 106.787491 108.607422 108.530151 107.223183 105.338768 103.972000 103.298241 103.308884 104.029747 105.309540 106.871758 108.579605 109.920647 110.554321 110.161407 108.376671 104.917625 99.461319 92.043617 82.556763 71.361931 59.045998 42.046551 25.141361 16.340918 5.400826 1.578918 0.615424 0.139800 0.030580 0.000000 0.000000 0.000000 0.000000 0.000000
10.681389 12.883884 15.762877 19.261122 23.497007 28.558205 34.550106 41.557800 49.541988 58.286976 67.523422 76.877983 86.024475 94.491287 101.365974 105.350746 105.620461 104.030869 100.556877 97.466446 95.083122 93.623863 93.250618 94.019150 95.777893 98.174057 100.817741 103.362846 105.490425 106.550415 106.321190 104.220207 99.991371 93.581551 84.853928 74.163422 62.125153 44.811172 26.977633 17.579733 5.911182 1.717590 0.678646 0.155522 0.034286 0.000000 0.000000 0.000000 0.000000 0.000000
10.584843 12.749306 15.629693 19.134230 23.311867 28.358873 34.359528 41.374447 49.368996 58.147369 67.390350 76.552460 85.377426 93.422272 99.726074 102.666939 100.973473 97.157127 91.652794 86.808395 83.556694 81.320312 80.552269 81.287849 83.362129 86.328438 89.721504 93.459473 96.905083 99.592796 100.947350 100.606155 97.863144 92.765854 85.059868 75.186935 63.612274 46.454941 28.281225 18.552052 6.311185 1.825094 0.727820 0.168952 0.037830 0.000000 0.000000 0.000000 0.000000 0.000000
10.360065 12.454060 15.291798 18.712755 22.864241 27.871950 33.750217 40.686321 48.592506 57.396313 66.488297 75.423355 83.782135 91.317589 96.791130 98.740089 94.565407 88.426239 80.728790 74.371246 69.328568 66.380882 65.432495 66.177818 68.357170 71.645615 75.850212 80.729164 85.390457 89.568344 92.605118 93.935287 92.974747 89.399750 82.981445 74.276176 63.509148 46.899010 28.836895 19.062513 6.574060 1.899035 0.763134 0.179290 0.040751 0.000000 0.000000 0.000000 0.000000 0.000000
10.094070 12.132180 14.887797 18.194099 22.252739 27.109118 32.917484 39.726547 47.494968 56.098572 65.012955 73.787735 81.629593 88.520844 93.327301 94.221382 87.796204 78.768227 68.823746 60.707397 54.483398 51.226383 49.966709 50.553879 52.787231 56.348576 60.946335 66.374687 72.112946 77.640656 82.147614 85.101120 85.873245 84.071625 79.144180 71.699203 61.931652 46.325825 28.668816 19.062267 6.668001 1.934035 0.790064 0.187663 0.042800 0.000000 0.000000 0.000000 0.000000 0.000000
9.826027 11.796720 14.456637 17.724203 21.667925 26.381290 32.005138 38.640194 46.257877 54.701920 63.466805 71.864998 79.223846 85.488937 89.703995 89.688896 80.999298 69.108971 57.256344 46.808220 40.319504 36.765541 35.357090 35.792072 37.961460 41.559841 46.349388 52.164478 58.529354 64.820396 70.606300 74.955589 77.263733 77.193748 73.829475 67.764275 59.074478 44.745865 27.897409 18.595392 6.591847 1.925570 0.796830 0.191827 0.044278 0.000000 0.000000 0.000000 0.000000 0.000000
9.537102 11.436722 14.051662 17.200006 21.011034 25.606985 31.141399 37.598808 44.994583 53.214836 61.857147 70.006371 77.090363 82.689049 86.303047 85.808403 75.439278 60.590595 46.841698 34.312828 27.880375 24.744818 23.368319 23.673809 25.615877 28.995689 33.646637 39.391216 45.890076 52.758801 59.149548 64.512970 68.078560 69.375114 67.499237 62.807472 55.249245 42.388054 26.633837 17.724443 6.375733 1.872032 0.782952 0.191924 0.045050 0.000000 0.000000 0.000000 0.000000 0.000000
9.217126 11.063204 13.570798 16.643688 20.349611 24.851582 30.156858 36.417366 43.690125 51.762230 60.107811 68.131729 74.830170 80.135689 83.148224 82.420219 70.998047 53.633022 38.590637 24.147100 18.420816 15.685392 14.557746 14.913561 16.616587 19.572216 23.773291 29.143246 35.395622 42.124546 48.801003 54.647388 59.082561 61.370510 60.749554 57.242428 50.794994 39.407246 24.995270 16.641752 6.079581 1.788887 0.754613 0.187833 0.044952 0.000000 0.000000 0.000000 0.000000 0.000000
8.893139 10.666211 13.110647 16.057907 19.665075 24.022409 29.199528 35.369305 42.402084 50.199883 58.565544 66.353462 72.831299 77.720161 80.357430 79.334908 67.458672 47.949982 32.290081 16.789145 11.788767 9.453122 8.859866 9.374701 10.928186 13.508000 17.106123 21.767706 27.382488 33.634262 39.989449 45.922146 50.774918 53.710106 54.039562 51.502190 46.028515 36.077641 23.129221 15.399879 5.742297 1.688522 0.718858 0.180940 0.043966 0.000000 0.000000 0.000000 0.000000 0.000000
8.546502 10.267539 12.599948 15.462130 18.961828 23.145088 28.188736 34.126331 40.981037 48.763832 56.855797 64.512383 70.858200 75.477959 77.660172 76.768150 64.511604 44.192596 27.432865 11.950132 7.246435 5.534994 5.365989 6.056479 7.534700 9.807255 12.913025 16.923500 21.820295 27.369898 33.144192 38.693890 43.462063 46.682789 47.631611 45.819508 41.262260 32.632313 21.129473 14.092246 5.357512 1.575233 0.677708 0.172741 0.042559 0.000000 0.000000 0.000000 0.000000 0.000000
8.177471 9.828463 12.086899 14.863597 18.183500 22.251711 27.141150 32.878239 39.625984 47.130066 55.182152 62.954540 69.189087 73.569000 75.664459 74.776154 62.448452 41.349972 24.161293 8.802552 4.529649 3.258754 3.385009 4.191167 5.565900 7.546793 10.207390 13.631170 17.840389 22.689507 27.800039 32.813583 37.197277 40.475292 41.678783 40.415573 36.641190 29.151030 19.064981 12.740891 4.937706 1.453306 0.631646 0.163109 0.040789 0.000000 0.000000 0.000000 0.000000 0.000000
7.807629 9.381983 11.563656 14.181199 17.428461 21.362169 26.053556 31.662720 38.182720 45.593636 53.554291 61.326298 67.715988 72.278885 74.217484 73.402016 61.431870 39.193211 21.916668 6.780673 3.112642 2.114214 2.345969 3.133153 4.352808 6.052714 8.319332 11.241186 14.857603 19.065935 23.538910 27.985031 31.974466 35.079311 36.327538 35.422600 32.220787 25.739899 17.011116 11.362528 4.486919 1.325425 0.582168 0.152342 0.038646 0.000000 0.000000 0.000000 0.000000 0.000000
7.405265 8.930784 10.979599 13.529269 16.636663 20.387341 24.946720 30.367947 36.746330 43.984417 51.841457 59.776356 66.392654 71.180359 73.310219 73.083084 61.469528 38.239140 21.034189 5.370084 2.401837 1.513078 1.754984 2.452035 3.494324 4.932631 6.853238 9.342460 12.443624 16.081726 19.979591 23.886791 27.497053 30.312485 31.532465 30.824020 28.058617 22.450699 14.953321 9.990788 4.009536 1.192646 0.529548 0.140732 0.036196 0.000000 0.000000 0.000000 0.000000 0.000000
7.007774 8.431552 10.412601 12.842685 15.795211 19.433613 23.827297 29.117426 35.336113 42.495991 50.437443 58.465549 65.491158 70.578636 73.276901 73.597084 63.607101 38.701462 21.232744 4.756209 2.077972 1.166849 1.365285 1.948551 2.815932 4.018590 5.636703 7.747413 10.391933 13.512006 16.875015 20.275326 23.484911 25.982992 27.123421 26.543007 24.112328 19.275331 12.921007 8.644400 3.516716 1.057297 0.475260 0.128707 0.033487 0.000000 0.000000 0.000000 0.000000 0.000000
6.564264 7.917588 9.791135 12.071500 14.903240 18.373526 22.621424 27.751785 33.859520 41.041225 49.076866 57.523907 65.348022 70.830620 74.122269 74.754929 68.584412 41.279686 22.376221 4.716818 1.952348 0.953495 1.074976 1.548234 2.261227 3.258406 4.612571 6.392209 8.633555 11.287974 14.158532 17.083502 19.871037 22.061766 23.063950 22.553850 20.397270 16.224968 10.957703 7.341628 3.000967 0.922322 0.420184 0.116013 0.030565 0.000000 0.000000 0.000000 0.000000 0.000000
6.069092 7.336861 9.069949 11.226313 13.883395 17.165916 21.211128 26.127071 32.139034 39.280331 47.539951 56.567142 65.471107 72.347366 76.525391 77.257629 74.797371 48.562576 26.188126 4.999890 1.993356 0.808857 0.842102 1.216668 1.796717 2.615362 3.736886 5.222877 7.105303 9.341241 11.762710 14.248529 16.636669 18.499029 19.346668 18.872725 16.942333 13.389123 9.089006 6.098042 2.473461 0.789245 0.364969 0.102960 0.027482 0.000000 0.000000 0.000000 0.000000 0.000000
5.505561 6.657231 8.263254 10.244056 12.697246 15.746651 19.488098 24.153330 29.885572 36.873009 45.239120 54.908752 65.353546 74.892609 81.055389 83.381454 81.516747 63.788143 33.275108 7.038072 2.311007 0.732717 0.657014 0.943543 1.409726 2.074425 2.992131 4.217466 5.779141 7.638487 9.651503 11.737332 13.754791 15.293315 15.987478 15.533019 13.776485 10.802008 7.351187 4.931664 1.955583 0.660601 0.310439 0.089729 0.024385 0.000000 0.000000 0.000000 0.000000 0.000000
4.889910 5.933972 7.364079 9.136652 11.345615 14.076809 17.469173 21.682583 26.901228 33.399731 41.374138 51.058872 62.434811 74.785683 85.952332 92.535164 93.092651 87.693573 47.651428 17.267885 3.398063 0.868598 0.527113 0.721548 1.089938 1.623578 2.365518 3.362534 4.640214 6.164143 7.810287 9.538280 11.207335 12.468081 12.998353 12.535133 10.928118 8.474440 5.780467 3.851365 1.471605 0.539104 0.257382 0.076585 0.021192 0.000000 0.000000 0.000000 0.000000 0.000000
4.197908 5.130245 6.406621 7.991285 9.960899 12.389616 15.402432 19.134733 23.783556 29.518637 36.634621 45.429466 56.178833 69.237068 83.828415 97.670700 106.197662 106.576363 89.614861 42.731602 6.489634 2.140766 0.510190 0.548223 0.828917 1.251438 1.844797 2.646046 3.675938 4.904651 6.232812 7.642728 8.996863 10.009507 10.385588 9.877872 8.430969 6.446894 4.402430 2.896724 1.047725 0.427810 0.207572 0.063496 0.018070 0.000000 0.000000 0.000000 0.000000 0.000000
3.242607 4.064908 5.181636 6.574738 8.304148 10.456481 13.138327 16.467203 20.597849 25.729610 32.032654 39.840580 49.532856 61.387135 75.738243 92.461098 109.724670 121.683777 122.769707 93.645546 38.422935 5.409933 0.942544 0.439086 0.618640 0.943597 1.409613 2.044722 2.862462 3.835052 4.891536 6.020670 7.103001 7.884419 8.107195 7.582561 6.293686 4.730891 3.226179 2.069913 0.707092 0.327864 0.161261 0.051037 0.015047 0.000000 0.000000 0.000000 0.000000 0.000000
1.691300 2.271402 3.085316 4.157056 5.553003 7.323064 9.585886 12.478575 16.114422 20.692015 26.447008 33.551098 42.338017 53.169128 66.444321 82.710487 102.282890 123.958748 143.488724 151.577560 139.439911 58.298317 6.486185 0.958712 0.490879 0.697234 1.052003 1.543279 2.180152 2.934901 3.762914 4.647583 5.490433 6.064373 6.151897 5.603861 4.519536 3.327124 2.269050 1.380512 0.457844 0.242057 0.120148 0.039444 0.012210 0.000000 0.000000 0.000000 0.000000 0.000000
0.359682 0.529380 0.786278 1.167396 1.726223 2.547677 3.717366 5.343457 7.588890 10.674263 14.837438 20.443981 27.930567 37.595909 50.027832 65.584732 85.145424 109.702942 138.688873 171.001282 198.221161 207.274033 148.835159 51.734932 7.577312 1.522128 0.767154 1.137413 1.619927 2.190920 2.830400 3.509825 4.146896 4.530537 4.510204 3.961900 3.109412 2.238540 1.516889 0.827034 0.286561 0.171985 0.085892 0.029002 0.000000 0.000000 0.000000 0.000000 0.000000 0.000000
0.031550 0.048238 0.074610 0.115348 0.178636 0.276289 0.427124 0.660618 1.022802 1.581744 2.443987 3.779615 5.846344 9.021644 13.854059 21.132915 32.002396 47.322662 69.266083 100.595840 143.121857 196.319763 251.453842 297.407227 322.894440 51.205093 0.543132 0.816724 1.173196 1.592726 2.073537 2.585251 3.047597 3.280374 3.174676 2.689465 2.048193 1.446024 0.942758 0.437105 0.189020 0.115590 0.057771 0.020567 0.000000 0.000000 0.000000 0.000000 0.000000 0.000000
0.000000 0.000000 0.000000 0.000000 0.000000 0.000000 0.000000 0.000000 0.000000 0.000000 0.000000 0.000000 0.000000 0.000000 0.000000 0.000000 0.000000 0.000000 0.000000 0.000000 0.012358 0.024309 0.045339 0.080706 0.138272 0.229238 0.367103 0.563553 0.820731 1.121105 1.469731 1.843198 2.157147 2.281062 2.119801 1.723000 1.277179 0.890537 0.517468 0.205579 0.120516 0.073320 0.036225 0.013887 0.000000 0.000000 0.000000 0.000000 0.000000 0.000000
0.000000 0.000000 0.000000 0.000000 0.000000 0.000000 0.000000 0.000000 0.000000 0.000000 0.000000 0.000000 0.000000 0.000000 0.000000 0.000000 0.000000 0.000000 0.000000 0.000000 0.000000 0.012258 0.024407 0.046368 0.083593 0.143401 0.235080 0.367795 0.544426 0.755499 1.001563 1.266547 1.460209 1.498005 1.318068 1.026327 0.745745 0.493050 0.231340 0.108402 0.072197 0.042988 0.020921 0.000000 0.000000 0.000000 0.000000 0.000000 0.000000 0.000000
0.000000 0.000000 0.000000 0.000000 0.000000 0.000000 0.000000 0.000000 0.000000 0.000000 0.000000 0.000000 0.000000 0.000000 0.000000 0.000000 0.000000 0.000000 0.000000 0.000000 0.000000 0.000000 0.012322 0.024515 0.046291 0.083133 0.141600 0.227496 0.341911 0.482881 0.648417 0.828636 0.938165 0.914584 0.764002 0.569516 0.413008 0.223503 0.093379 0.061998 0.040345 0.023385 0.011485 0.000000 0.000000 0.000000 0.000000 0.000000 0.000000 0.000000
0.000000 0.000000 0.000000 0.000000 0.000000 0.000000 0.000000 0.000000 0.000000 0.000000 0.000000 0.000000 0.000000 0.000000 0.000000 0.000000 0.000000 0.000000 0.000000 0.000000 0.000000 0.000000 0.000000 0.012255 0.024320 0.045363 0.080045 0.132817 0.204157 0.294764 0.400023 0.507080 0.556200 0.507510 0.400448 0.297220 0.192447 0.079802 0.047904 0.032903 0.020554 0.011525 0.000000 0.000000 0.000000 0.000000 0.000000 0.000000 0.000000 0.000000
0.000000 0.000000 0.000000 0.000000 0.000000 0.000000 0.000000 0.000000 0.000000 0.000000 0.000000 0.000000 0.000000 0.000000 0.000000 0.000000 0.000000 0.000000 0.000000 0.000000 0.000000 0.000000 0.000000 0.000000 0.011321 0.022749 0.042343 0.072547 0.113859 0.168480 0.233468 0.287871 0.295397 0.251025 0.189923 0.135075 0.067491 0.033634 0.024202 0.016125 0.000000 0.000000 0.000000 0.000000 0.000000 0.000000 0.000000 0.000000 0.000000 0.000000
0.000000 0.000000 0.000000 0.000000 0.000000 0.000000 0.000000 0.000000 0.000000 0.000000 0.000000 0.000000 0.000000 0.000000 0.000000 0.000000 0.000000 0.000000 0.000000 0.000000 0.000000 0.000000 0.000000 0.000000 0.000000 0.010686 0.020983 0.037488 0.060950 0.091518 0.126174 0.145958 0.136205 0.109988 0.082218 0.048027 0.021689 0.016273 0.011449 0.000000 0.000000 0.000000 0.000000 0.000000 0.000000 0.000000 0.000000 0.000000 0.000000 0.000000
0.000000 0.000000 0.000000 0.000000 0.000000 0.000000 0.000000 0.000000 0.000000 0.000000 0.000000 0.000000 0.000000 0.000000 0.000000 0.000000 0.000000 0.000000 0.000000 0.000000 0.000000 0.000000 0.000000 0.000000 0.000000 0.000000 0.000000 0.017666 0.030168 0.046863 0.061273 0.063622 0.055982 0.044222 0.030912 0.016130 0.000000 0.000000 0.000000 0.000000 0.000000 0.000000 0.000000 0.000000 0.000000 0.000000 0.000000 0.000000 0.000000 0.000000
0.000000 0.000000 0.000000 0.000000 0.000000 0.000000 0.000000 0.000000 0.000000 0.000000 0.000000 0.000000 0.000000 0.000000 0.000000 0.000000 0.000000 0.000000 0.000000 0.000000 0.000000 0.000000 0.000000 0.000000 0.000000 0.000000 0.000000 0.000000 0.013095 0.020811 0.024946 0.024168 0.020187 0.015757 0.000000 0.000000 0.000000 0.000000 0.000000 0.000000 0.000000 0.000000 0.000000 0.000000 0.000000 0.000000 0.000000 0.000000 0.000000 0.000000
0.000000 0.000000 0.000000 0.000000 0.000000 0.000000 0.000000 0.000000 0.000000 0.000000 0.000000 0.000000 0.000000 0.000000 0.000000 0.000000 0.000000 0.000000 0.000000 0.000000 0.000000 0.000000 0.000000 0.000000 0.000000 0.000000 0.000000 0.000000 0.000000 0.000000 0.000000 0.000000 0.000000 0.000000 0.000000 0.000000 0.000000 0.000000 0.000000 0.000000 0.000000 0.000000 0.000000 0.000000 0.000000 0.000000 0.000000 0.000000 0.000000 0.000000
0.000000 0.000000 0.000000 0.000000 0.000000 0.000000 0.000000 0.000000 0.000000 0.000000 0.000000 0.000000 0.000000 0.000000 0.000000 0.000000 0.000000 0.000000 0.000000 0.000000 0.000000 0.000000 0.000000 0.000000 0.000000 0.000000 0.000000 0.000000 0.000000 0.000000 0.000000 0.000000 0.000000 0.000000 0.000000 0.000000 0.000000 0.000000 0.000000 0.000000 0.000000 0.000000 0.000000 0.000000 0.000000 0.000000 0.000000 0.000000 0.000000 0.000000
