tests/test_03/output6/DepositFile_____final.dat
NCOLS    50
NROWS    50
XLLCORNER    -2289770.000
YLLCORNER     2591270.000
CELLSIZE        2000.000       2000.000
NODATA_VALUE  0.000
[rows 0 to 34 of 50, columns 0 to 49 of 50]
11.657603 14.029257 17.090651 20.767952 25.195702 30.445904 36.632294 43.785110 51.884087 60.798496 70.332870 80.249718 90.211296 99.619904 107.955833 114.739983 119.525375 122.736412 125.093040 126.741493 128.251221 129.907562 131.898956 134.083221 136.291260 138.606064 140.412964 141.547653 141.737350 140.236816 136.873734 131.004501 122.400391 111.657387 98.772034 84.717674 68.971062 47.154663 27.247032 17.407936 4.875304 1.506890 0.564736 0.120823 0.026025 0.000000 0.000000 0.000000 0.000000 0.000000
10.929924 13.158773 16.056625 19.575943 23.791168 28.823559 34.788769 41.696674 49.537884 58.155514 67.400047 77.002686 86.675171 95.889793 103.897354 109.988663 113.888634 116.252663 117.535408 118.327400 119.391495 121.006363 123.280891 126.167198 129.437683 132.911621 136.290268 139.091980 141.092453 141.511108 139.845276 135.512024 127.686470 117.669899 104.830246 90.362801 74.177109 51.095490 29.588753 19.028179 5.529790 1.659368 0.625229 0.135804 0.029333 0.000000 0.000000 0.000000 0.000000 0.000000
11.217460 13.510400 16.511940 20.127636 24.476383 29.704317 35.879269 43.050945 51.228035 60.198414 69.782547 79.598831 89.434303 98.826263 106.878838 112.523239 115.297806 116.315285 116.257118 115.787720 116.014664 117.126465 119.122658 122.025955 125.667953 129.739532 134.051086 138.002106 141.108978 142.832535 142.475510 139.298187 132.744080 123.337822 110.826805 96.396141 80.073792 55.757175 32.502502 21.092806 6.418362 1.861781 0.709353 0.155739 0.033677 0.000000 0.000000 0.000000 0.000000 0.000000
11.069665 13.341011 16.311098 19.918419 24.284925 29.502453 35.681187 42.911682 51.160801 60.219704 69.826820 79.617859 89.277008 98.343765 105.917694 110.714554 111.924309 111.418190 109.185661 107.508614 106.726440 107.072617 108.718948 111.718597 115.903999 120.893341 126.248344 131.536728 136.296600 139.658005 141.064346 139.458420 134.269272 125.998497 114.298943 100.345039 84.361176 59.509407 34.848202 22.722736 7.095107 2.028488 0.782027 0.173086 0.037713 0.000000 0.000000 0.000000 0.000000 0.000000
10.905871 13.131182 16.092785 19.695494 23.991724 29.181784 35.354591 42.576096 50.817783 59.890865 69.484253 79.061821 88.377609 96.999825 103.980186 107.711441 106.938141 104.187492 99.909927 96.470848 94.822578 94.404739 95.679916 98.683395 103.238533 108.872749 115.074226 121.677391 127.904221 133.070679 136.267181 136.642578 133.097473 126.263451 115.665657 102.501793 87.046936 62.153873 36.689766 24.091267 7.686442 2.166140 0.841269 0.188245 0.041608 0.000000 0.000000 0.000000 0.000000 0.000000
10.623365 12.770965 15.680998 19.190084 23.448730 28.586515 34.622368 41.748821 49.884193 58.963215 68.384811 77.713097 86.538872 94.626801 100.751770 103.466240 100.187675 95.092407 88.604759 83.642281 80.199608 79.074516 80.183823 83.225815 87.931961 93.952896 101.050774 108.903519 116.482262 123.306374 128.384872 130.658386 129.081787 123.895241 114.694153 102.679588 88.095238 63.596180 37.805237 24.997887 8.165179 2.272305 0.887369 0.200466 0.044906 0.000000 0.000000 0.000000 0.000000 0.000000
10.323233 12.409101 15.229508 18.615322 22.771280 27.746452 33.699406 40.684006 48.665112 57.525723 66.749451 75.894966 84.179489 91.597450 97.028412 98.660530 93.104485 85.095383 76.338768 69.599266 64.961395 63.519245 64.318810 67.217339 72.008942 78.352768 85.912376 94.404274 103.176971 111.500610 118.235695 122.354591 122.720573 119.450851 111.869545 101.119377 87.593735 63.996864 38.216637 25.389236 8.490346 2.341052 0.925765 0.211064 0.047368 0.000000 0.000000 0.000000 0.000000 0.000000
10.029771 12.043400 14.761730 18.101234 22.133375 26.955139 32.711597 39.508549 47.323330 56.006500 65.060471 73.806900 81.583786 88.348969 93.160355 93.854172 86.004379 75.104271 64.412270 55.315559 50.390118 48.632442 49.271938 52.018021 56.760422 63.173843 70.976318 79.925987 89.421524 98.637268 106.818352 112.541885 114.659515 113.285034 107.422112 98.091728 85.708923 63.353809 38.040466 25.303799 8.646909 2.367032 0.944493 0.217813 0.049297 0.000000 0.000000 0.000000 0.000000 0.000000
9.721586 11.660257 14.328322 17.542210 21.433998 26.129311 31.785732 38.392574 45.970791 54.413128 63.325047 71.800629 79.278450 85.350845 89.532814 89.716896 80.155754 66.264313 53.642582 42.431889 37.530575 36.161732 36.808590 39.408638 43.918774 50.124367 57.817955 66.747978 76.452782 86.352585 95.284447 102.214378 105.804657 105.966759 101.763252 93.893669 82.716530 61.886501 37.392429 24.796528 8.669388 2.348365 0.942983 0.220888 0.050562 0.000000 0.000000 0.000000 0.000000 0.000000
9.385074 11.266796 13.822900 16.955723 20.735622 25.328772 30.746208 37.144360 44.585659 52.863712 61.460354 69.789551 76.858208 82.611343 86.163177 86.082405 75.433670 58.988407 45.033634 31.867956 27.632809 26.625092 27.483709 30.101299 34.347820 40.117695 47.367371 55.949680 65.459053 75.300713 84.639023 92.224503 96.890579 98.226051 95.453438 88.897728 78.933029 59.701660 36.373753 24.051790 8.614491 2.299758 0.927431 0.220066 0.050993 0.000000 0.000000 0.000000 0.000000 0.000000
9.046276 10.851903 13.340672 16.342756 20.017673 24.458588 29.738632 36.035027 43.223389 51.211956 59.810982 67.883774 74.708595 80.018814 83.165703 82.756775 71.616035 52.985020 38.367344 24.097002 20.539795 19.883423 21.227657 23.956774 28.011309 33.372734 40.002106 47.877831 56.774410 66.192886 75.303711 83.124443 88.397659 90.565979 88.938438 83.500191 74.642479 57.035362 35.075249 23.110399 8.519603 2.232819 0.904669 0.216747 0.050571 0.000000 0.000000 0.000000 0.000000 0.000000
8.685826 10.436595 12.809479 15.721743 19.283373 23.543112 28.681133 34.735107 41.733170 49.692268 58.000614 65.922211 72.591843 77.606079 80.266922 79.952927 68.391273 48.904240 33.136395 18.830040 15.512405 15.420928 17.128189 19.970953 23.890532 28.891947 34.988140 42.189369 50.366375 59.107807 67.702759 75.260994 80.619804 83.253281 82.451958 77.905029 70.131569 54.104073 33.561131 22.051121 8.370499 2.151017 0.876493 0.212322 0.049751 0.000000 0.000000 0.000000 0.000000 0.000000
8.303810 9.981832 12.277097 15.099390 18.475727 22.613771 27.589573 33.433338 40.312721 47.979115 56.230995 64.248642 70.783485 75.530098 78.071877 77.724472 66.049294 45.734661 29.483849 15.241787 12.290042 12.569843 14.499541 17.382341 21.122120 25.758814 31.344885 37.907921 45.365833 53.402096 61.366428 68.479660 73.602821 76.469788 76.127014 72.313080 65.522812 50.940506 31.876736 20.886194 8.165639 2.057073 0.843029 0.206637 0.048583 0.000000 0.000000 0.000000 0.000000 0.000000
7.921509 9.520321 11.735350 14.394235 17.692732 21.689917 26.459896 32.166302 38.806488 46.365799 54.509495 62.506779 69.172874 74.073952 76.425255 76.111847 64.749969 43.244919 26.849022 12.764975 10.346151 10.820332 12.772609 15.549452 19.043806 23.308508 28.413614 34.397118 41.200005 48.556736 55.880474 62.484390 67.335655 70.201279 70.103569 66.848160 60.871193 47.656254 30.067175 19.621826 7.900575 1.951578 0.804351 0.199687 0.047040 0.000000 0.000000 0.000000 0.000000 0.000000
7.507079 9.054564 11.133368 13.720248 16.873808 20.681747 25.312130 30.821346 37.308666 44.681454 52.704891 60.845047 67.713875 72.811241 75.319862 75.554970 64.503716 41.954254 25.569487 10.887969 9.090380 9.587333 11.456138 14.043554 17.255785 21.149803 25.799585 31.246790 37.443306 44.159653 50.872490 56.958702 61.524940 64.257690 64.337097 61.486542 56.205471 44.288410 28.119261 18.281054 7.572048 1.835279 0.760213 0.191237 0.045139 0.000000 0.000000 0.000000 0.000000 0.000000
7.097949 8.541290 10.549080 13.012380 16.006165 19.695801 24.153095 29.522150 35.838711 43.119816 51.211216 59.424583 66.678741 72.047386 75.090538 75.832794 66.357941 42.078419 25.366608 9.799899 8.209327 8.590689 10.313398 12.676326 15.595302 19.127592 23.343386 28.281298 33.899128 39.993275 46.098698 51.660374 55.904495 58.459854 58.665375 56.161236 51.462971 40.801006 26.067959 16.875523 7.173476 1.709209 0.712025 0.181634 0.042902 0.000000 0.000000 0.000000 0.000000 0.000000
6.643222 8.013784 9.910933 12.220652 15.088900 18.604582 22.908911 28.109396 34.304214 41.593979 49.763523 58.376259 66.405220 72.140640 75.743454 76.757881 71.054459 44.319305 26.107174 9.282197 7.518986 7.714246 9.249376 11.380220 14.012643 17.198046 20.999887 25.452644 30.517542 36.010254 41.515724 46.545486 50.420116 52.797379 53.060051 50.856140 46.660534 37.191914 23.940512 15.426005 6.707462 1.576261 0.660297 0.170684 0.040363 0.000000 0.000000 0.000000 0.000000 0.000000
6.137300 7.420082 9.173748 11.355742 14.044751 17.367027 21.461735 26.439276 32.527863 39.764427 48.142372 57.316273 66.401939 73.503029 77.958672 79.032524 76.991188 51.268650 29.518433 9.087177 6.992868 6.900023 8.229733 10.130024 12.484231 15.334150 18.736458 22.721067 27.251543 32.160606 37.077454 41.577381 45.074276 47.232349 47.511372 45.573128 41.847454 33.568665 21.751688 13.945623 6.189650 1.437886 0.605933 0.158740 0.037561 0.000000 0.000000 0.000000 0.000000 0.000000
5.563556 6.728115 8.351831 10.354711 12.835446 15.919212 19.703514 24.422173 30.220995 37.291359 45.760689 55.558643 66.162750 75.899277 82.306465 84.934319 83.440964 66.167786 36.211571 10.652487 6.746036 6.153700 7.252710 8.925982 11.010729 13.536362 16.552071 20.083141 24.095169 28.435883 32.776283 36.756287 39.878952 41.797554 42.078335 40.383553 37.074055 29.938181 19.545219 12.453073 5.643226 1.296758 0.549720 0.146101 0.034637 0.000000 0.000000 0.000000 0.000000 0.000000
4.938281 5.993214 7.438277 9.229548 11.461888 14.222302 17.651184 21.910208 27.185812 33.755402 41.818485 51.613762 63.127300 75.649139 87.027870 93.873405 94.755478 89.755951 50.203728 20.418612 7.276088 5.624506 6.333402 7.771716 9.596139 11.809803 14.453421 17.547447 21.058640 24.848587 28.628799 32.107742 34.856640 36.559200 36.810310 35.333519 32.411823 26.339352 17.327402 10.952828 5.080624 1.155304 0.492297 0.132711 0.031479 0.000000 0.000000 0.000000 0.000000 0.000000
4.237350 5.178672 6.467434 8.067622 10.056691 12.509783 15.553130 19.323664 24.020334 29.815275 37.006104 45.894470 56.760582 69.964340 84.736763 98.803978 107.609795 108.333221 91.796082 45.432682 9.824553 6.244095 5.537481 6.674694 8.246099 10.161577 12.449800 15.126597 18.159328 21.422262 24.668783 27.668953 30.059507 31.552977 31.765226 30.465504 27.919703 22.840832 15.157080 9.494041 4.503274 1.015247 0.435580 0.118689 0.028261 0.000000 0.000000 0.000000 0.000000 0.000000
3.273893 4.103442 5.230186 6.635874 8.381105 10.553315 13.260127 16.620346 20.790325 25.971436 32.336349 40.221798 50.011127 61.986790 76.489479 93.401245 110.899712 123.150215 124.596443 95.915642 41.235458 8.882166 5.211436 5.660676 6.964709 8.594835 10.544867 12.824994 15.403443 18.167328 20.913559 23.457493 25.516899 26.793364 26.953566 25.850510 23.634972 19.464844 13.062260 8.097681 3.934897 0.878210 0.379543 0.104933 0.025030 0.000000 0.000000 0.000000 0.000000 0.000000
1.715269 2.301046 3.122821 4.204477 5.612932 7.398765 9.681462 12.599188 16.266562 20.883831 26.688732 33.855564 42.721283 53.651295 67.050446 83.471687 103.237633 125.154404 144.983490 153.442139 141.759171 61.172691 10.033046 5.312840 5.802428 7.125721 8.755226 10.661338 12.812643 15.108865 17.391541 19.511187 21.254238 22.317368 22.425465 21.490860 19.603014 16.253304 11.070936 6.804046 3.382206 0.750502 0.325309 0.091496 0.021874 0.000000 0.000000 0.000000 0.000000 0.000000
0.377260 0.551233 0.814070 1.202716 1.771082 2.604615 3.789594 5.435027 7.704914 10.821190 15.023396 20.679197 28.227917 37.971542 50.501984 66.182663 85.898567 110.650185 139.878006 172.490768 200.081924 209.590759 151.706970 55.275391 11.913411 6.790165 7.103364 8.662949 10.419692 12.286061 14.146466 15.881370 17.324459 18.178801 18.248943 17.465666 15.899694 13.266633 9.197186 5.611329 2.839940 0.646897 0.274636 0.078560 0.018864 0.000000 0.000000 0.000000 0.000000 0.000000
0.043761 0.063521 0.094177 0.140376 0.210623 0.317139 0.479250 0.727081 1.107489 1.689571 2.581185 3.954057 6.067984 9.303051 14.211062 21.585388 32.575211 48.046810 70.179871 101.746185 144.565872 198.126389 253.704803 300.196808 326.327728 55.394135 5.600790 6.844824 8.243696 9.722973 11.204924 12.599182 13.759451 14.429913 14.475644 13.841162 12.564250 10.546346 7.469872 4.534136 2.333771 0.557464 0.227171 0.066642 0.016036 0.000000 0.000000 0.000000 0.000000 0.000000
0.000000 0.000000 0.012883 0.016624 0.021427 0.027586 0.035474 0.045573 0.058488 0.074997 0.096071 0.122962 0.157251 0.200935 0.256532 0.327229 0.417030 0.531000 0.675402 0.858062 1.088668 1.378862 1.742646 2.196015 2.756455 3.441215 4.263334 5.224821 6.304615 7.442476 8.590101 9.683945 10.582658 11.099224 11.128721 10.623582 9.611651 8.108433 5.888153 3.572768 1.874483 0.477875 0.183571 0.055345 0.013344 0.000000 0.000000 0.000000 0.000000 0.000000
0.000000 0.000000 0.000000 0.010098 0.013171 0.017152 0.022301 0.028955 0.037538 0.048601 0.062836 0.081144 0.104659 0.134822 0.173483 0.222970 0.286268 0.367088 0.470120 0.601265 0.767735 0.978421 1.243824 1.576205 1.988979 2.495138 3.104673 3.818687 4.619966 5.464617 6.323819 7.153315 7.819507 8.200578 8.213633 7.828490 7.071512 5.986720 4.471387 2.760875 1.474634 0.409607 0.144434 0.045115 0.010852 0.000000 0.000000 0.000000 0.000000 0.000000
0.000000 0.000000 0.000000 0.000000 0.000000 0.000000 0.012611 0.016604 0.021822 0.028628 0.037492 0.049019 0.063980 0.083364 0.108450 0.140869 0.182685 0.236516 0.305708 0.394418 0.507883 0.652429 0.835703 1.066636 1.354921 1.710198 2.139573 2.643651 3.209402 3.809394 4.425498 5.023484 5.494533 5.755939 5.754847 5.473922 4.951927 4.210578 3.242677 2.088607 1.122856 0.352515 0.110731 0.035813 0.000000 0.000000 0.000000 0.000000 0.000000 0.000000
0.000000 0.000000 0.000000 0.000000 0.000000 0.000000 0.000000 0.000000 0.011182 0.014911 0.019842 0.026351 0.034920 0.046183 0.060959 0.080297 0.105558 0.138482 0.181286 0.236770 0.308455 0.400670 0.518655 0.668508 0.856983 1.090684 1.374515 1.708661 2.083546 2.486592 2.904301 3.304222 3.613664 3.776602 3.763058 3.581661 3.246585 2.783566 2.207539 1.508632 0.819593 0.304666 0.083590 0.027458 0.000000 0.000000 0.000000 0.000000 0.000000 0.000000
0.000000 0.000000 0.000000 0.000000 0.000000 0.000000 0.000000 0.000000 0.000000 0.000000 0.000000 0.012308 0.016612 0.022368 0.030045 0.040262 0.053821 0.071763 0.095440 0.126573 0.167354 0.220517 0.289400 0.377915 0.490411 0.631177 0.803422 1.007197 1.236393 1.487133 1.749357 1.993023 2.174438 2.260811 2.247347 2.142589 1.953739 1.695758 1.381721 1.000371 0.583703 0.248351 0.063830 0.020206 0.000000 0.000000 0.000000 0.000000 0.000000 0.000000
0.000000 0.000000 0.000000 0.000000 0.000000 0.000000 0.000000 0.000000 0.000000 0.000000 0.000000 0.000000 0.000000 0.000000 0.012588 0.017222 0.023493 0.031958 0.043338 0.058569 0.078867 0.105778 0.141201 0.187411 0.246961 0.322388 0.415535 0.526363 0.652459 0.791799 0.936788 1.064296 1.152696 1.192852 1.183753 1.127863 1.036674 0.906436 0.749307 0.566328 0.366330 0.173602 0.047971 0.013599 0.000000 0.000000 0.000000 0.000000 0.000000 0.000000
0.000000 0.000000 0.000000 0.000000 0.000000 0.000000 0.000000 0.000000 0.000000 0.000000 0.000000 0.000000 0.000000 0.000000 0.000000 0.000000 0.000000 0.011847 0.016408 0.022643 0.031118 0.042570 0.057941 0.078387 0.105225 0.139811 0.183153 0.235170 0.295197 0.361864 0.426765 0.478494 0.511494 0.523466 0.514234 0.485948 0.439049 0.379573 0.312186 0.240473 0.161453 0.079074 0.026432 0.000000 0.000000 0.000000 0.000000 0.000000 0.000000 0.000000
0.000000 0.000000 0.000000 0.000000 0.000000 0.000000 0.000000 0.000000 0.000000 0.000000 0.000000 0.000000 0.000000 0.000000 0.000000 0.000000 0.000000 0.000000 0.000000 0.000000 0.010054 0.013981 0.019344 0.026607 0.036323 0.049091 0.065399 0.085284 0.108537 0.133993 0.155394 0.170241 0.176819 0.173981 0.163528 0.147105 0.124441 0.101713 0.078644 0.055854 0.032895 0.014539 0.000000 0.000000 0.000000 0.000000 0.000000 0.000000 0.000000 0.000000
0.000000 0.000000 0.000000 0.000000 0.000000 0.000000 0.000000 0.000000 0.000000 0.000000 0.000000 0.000000 0.000000 0.000000 0.000000 0.000000 0.000000 0.000000 0.000000 0.000000 0.000000 0.000000 0.000000 0.000000 0.010182 0.013812 0.018470 0.024158 0.030739 0.036900 0.041202 0.043347 0.041858 0.038064 0.032830 0.026725 0.020207 0.014739 0.010129 0.000000 0.000000 0.000000 0.000000 0.000000 0.000000 0.000000 0.000000 0.000000 0.000000 0.000000
0.000000 0.000000 0.000000 0.000000 0.000000 0.000000 0.000000 0.000000 0.000000 0.000000 0.000000 0.000000 0.000000 0.000000 0.000000 0.000000 0.000000 0.000000 0.000000 0.000000 0.000000 0.000000 0.000000 0.000000 0.000000 0.000000 0.000000 0.000000 0.000000 0.000000 0.000000 0.000000 0.000000 0.000000 0.000000 0.000000 0.000000 0.000000 0.000000 0.000000 0.000000 0.000000 0.000000 0.000000 0.000000 0.000000 0.000000 0.000000 0.000000 0.000000
