tests/test_03/output6/DepositFile_010.00hrs.dat
NCOLS    50
NROWS    50
XLLCORNER    -2289770.000
YLLCORNER     2591270.000
CELLSIZE        2000.000       2000.000
NODATA_VALUE  0.000
[rows 0 to 49 of 50, columns 0 to 49 of 50]
10.799 13.060 15.980 19.495 23.735 28.769 34.706 41.571 49.339 57.871 66.964 76.374 85.754 94.497 102.072 107.990 111.792 113.890 114.992 115.234 115.178 115.105 115.202 115.332 115.340 115.344 114.790 113.606 111.659 108.410 104.005 98.233 90.958 82.428 72.594 61.716 50.036 35.112 20.722 13.314 4.086 1.268 0.486 0.107 0.023 0.000 0.000 0.000 0.000 0.000
10.332 12.473 15.256 18.641 22.699 27.547 33.296 39.950 47.494 55.764 64.603 73.734 82.859 91.441 98.717 103.968 106.905 108.170 108.202 107.582 107.062 106.912 107.234 107.984 108.955 110.003 110.885 111.206 110.887 109.365 106.465 102.047 95.442 87.537 77.746 66.479 54.344 38.342 22.707 14.655 4.653 1.402 0.540 0.121 0.027 0.000 0.000 0.000 0.000 0.000
10.715 12.929 15.826 19.319 23.522 28.578 34.549 41.481 49.374 58.011 67.205 76.564 85.867 94.639 101.973 106.787 108.607 108.530 107.223 105.339 103.972 103.298 103.309 104.030 105.309 106.872 108.580 109.921 110.554 110.161 108.377 104.918 99.461 92.044 82.557 71.362 59.046 42.047 25.141 16.341 5.401 1.579 0.615 0.140 0.031 0.000 0.000 0.000 0.000 0.000
10.681 12.884 15.763 19.261 23.497 28.558 34.550 41.558 49.542 58.287 67.523 76.878 86.024 94.491 101.366 105.351 105.620 104.031 100.557 97.466 95.083 93.624 93.251 94.019 95.778 98.174 100.818 103.363 105.490 106.550 106.321 104.220 99.991 93.582 84.854 74.163 62.125 44.811 26.978 17.580 5.911 1.718 0.679 0.156 0.034 0.000 0.000 0.000 0.000 0.000
10.585 12.749 15.630 19.134 23.312 28.359 34.360 41.374 49.369 58.147 67.390 76.552 85.377 93.422 99.726 102.667 100.973 97.157 91.653 86.808 83.557 81.320 80.552 81.288 83.362 86.328 89.721 93.459 96.905 99.593 100.947 100.606 97.863 92.766 85.060 75.187 63.612 46.455 28.281 18.552 6.311 1.825 0.728 0.169 0.038 0.000 0.000 0.000 0.000 0.000
10.360 12.454 15.292 18.713 22.864 27.872 33.750 40.686 48.593 57.396 66.488 75.423 83.782 91.318 96.791 98.740 94.565 88.426 80.729 74.371 69.329 66.381 65.432 66.178 68.357 71.646 75.850 80.729 85.390 89.568 92.605 93.935 92.975 89.400 82.981 74.276 63.509 46.899 28.837 19.063 6.574 1.899 0.763 0.179 0.041 0.000 0.000 0.000 0.000 0.000
10.094 12.132 14.888 18.194 22.253 27.109 32.917 39.727 47.495 56.099 65.013 73.788 81.630 88.521 93.327 94.221 87.796 78.768 68.824 60.707 54.483 51.226 49.967 50.554 52.787 56.349 60.946 66.375 72.113 77.641 82.148 85.101 85.873 84.072 79.144 71.699 61.932 46.326 28.669 19.062 6.668 1.934 0.790 0.188 0.043 0.000 0.000 0.000 0.000 0.000
9.826 11.797 14.457 17.724 21.668 26.381 32.005 38.640 46.258 54.702 63.467 71.865 79.224 85.489 89.704 89.689 80.999 69.109 57.256 46.808 40.319 36.766 35.357 35.792 37.961 41.560 46.349 52.164 58.529 64.820 70.606 74.956 77.264 77.194 73.829 67.764 59.074 44.746 27.897 18.595 6.592 1.926 0.797 0.192 0.044 0.000 0.000 0.000 0.000 0.000
9.537 11.437 14.052 17.200 21.011 25.607 31.141 37.599 44.995 53.215 61.857 70.006 77.090 82.689 86.303 85.808 75.439 60.591 46.842 34.313 27.880 24.745 23.368 23.674 25.616 28.996 33.647 39.391 45.890 52.759 59.149 64.513 68.079 69.375 67.499 62.807 55.249 42.388 26.634 17.724 6.376 1.872 0.783 0.192 0.045 0.000 0.000 0.000 0.000 0.000
9.217 11.063 13.571 16.644 20.350 24.852 30.157 36.417 43.690 51.762 60.108 68.132 74.830 80.136 83.148 82.420 70.998 53.633 38.591 24.147 18.421 15.685 14.558 14.914 16.617 19.572 23.773 29.143 35.396 42.125 48.801 54.647 59.083 61.370 60.750 57.242 50.795 39.407 24.995 16.642 6.080 1.789 0.755 0.188 0.045 0.000 0.000 0.000 0.000 0.000
8.893 10.666 13.111 16.058 19.665 24.022 29.200 35.369 42.402 50.200 58.566 66.353 72.831 77.720 80.357 79.335 67.459 47.950 32.290 16.789 11.789 9.453 8.860 9.375 10.928 13.508 17.106 21.768 27.382 33.634 39.989 45.922 50.775 53.710 54.040 51.502 46.028 36.078 23.129 15.400 5.742 1.689 0.719 0.181 0.044 0.000 0.000 0.000 0.000 0.000
8.547 10.268 12.600 15.462 18.962 23.145 28.189 34.126 40.981 48.764 56.856 64.512 70.858 75.478 77.660 76.768 64.512 44.193 27.433 11.950 7.246 5.535 5.366 6.056 7.535 9.807 12.913 16.923 21.820 27.370 33.144 38.694 43.462 46.683 47.632 45.819 41.262 32.632 21.129 14.092 5.358 1.575 0.678 0.173 0.043 0.000 0.000 0.000 0.000 0.000
8.177 9.828 12.087 14.864 18.184 22.252 27.141 32.878 39.626 47.130 55.182 62.955 69.189 73.569 75.664 74.776 62.448 41.350 24.161 8.803 4.530 3.259 3.385 4.191 5.566 7.547 10.207 13.631 17.840 22.689 27.800 32.814 37.197 40.475 41.679 40.416 36.641 29.151 19.065 12.741 4.938 1.453 0.632 0.163 0.041 0.000 0.000 0.000 0.000 0.000
7.808 9.382 11.564 14.181 17.428 21.362 26.054 31.663 38.183 45.594 53.554 61.326 67.716 72.279 74.217 73.402 61.432 39.193 21.917 6.781 3.113 2.114 2.346 3.133 4.353 6.053 8.319 11.241 14.858 19.066 23.539 27.985 31.974 35.079 36.328 35.423 32.221 25.740 17.011 11.363 4.487 1.325 0.582 0.152 0.039 0.000 0.000 0.000 0.000 0.000
7.405 8.931 10.980 13.529 16.637 20.387 24.947 30.368 36.746 43.984 51.841 59.776 66.393 71.180 73.310 73.083 61.469 38.239 21.034 5.370 2.402 1.513 1.755 2.452 3.494 4.933 6.853 9.342 12.444 16.082 19.980 23.887 27.497 30.312 31.532 30.824 28.059 22.451 14.953 9.991 4.010 1.193 0.530 0.141 0.036 0.000 0.000 0.000 0.000 0.000
7.008 8.432 10.413 12.843 15.795 19.434 23.827 29.117 35.336 42.496 50.437 58.466 65.491 70.579 73.277 73.597 63.607 38.701 21.233 4.756 2.078 1.167 1.365 1.949 2.816 4.019 5.637 7.747 10.392 13.512 16.875 20.275 23.485 25.983 27.123 26.543 24.112 19.275 12.921 8.644 3.517 1.057 0.475 0.129 0.033 0.000 0.000 0.000 0.000 0.000
6.564 7.918 9.791 12.072 14.903 18.374 22.621 27.752 33.860 41.041 49.077 57.524 65.348 70.831 74.122 74.755 68.584 41.280 22.376 4.717 1.952 0.953 1.075 1.548 2.261 3.258 4.613 6.392 8.634 11.288 14.159 17.083 19.871 22.062 23.064 22.554 20.397 16.225 10.958 7.342 3.001 0.922 0.420 0.116 0.031 0.000 0.000 0.000 0.000 0.000
6.069 7.337 9.070 11.226 13.883 17.166 21.211 26.127 32.139 39.280 47.540 56.567 65.471 72.347 76.525 77.258 74.797 48.563 26.188 5.000 1.993 0.809 0.842 1.217 1.797 2.615 3.737 5.223 7.105 9.341 11.763 14.249 16.637 18.499 19.347 18.873 16.942 13.389 9.089 6.098 2.473 0.789 0.365 0.103 0.027 0.000 0.000 0.000 0.000 0.000
5.506 6.657 8.263 10.244 12.697 15.747 19.488 24.153 29.886 36.873 45.239 54.909 65.354 74.893 81.055 83.381 81.517 63.788 33.275 7.038 2.311 0.733 0.657 0.944 1.410 2.074 2.992 4.217 5.779 7.638 9.651 11.737 13.755 15.293 15.987 15.533 13.776 10.802 7.351 4.932 1.956 0.661 0.310 0.090 0.024 0.000 0.000 0.000 0.000 0.000
4.890 5.934 7.364 9.137 11.346 14.077 17.469 21.683 26.901 33.400 41.374 51.059 62.435 74.786 85.952 92.535 93.093 87.694 47.651 17.268 3.398 0.869 0.527 0.722 1.090 1.624 2.366 3.363 4.640 6.164 7.810 9.538 11.207 12.468 12.998 12.535 10.928 8.474 5.780 3.851 1.472 0.539 0.257 0.077 0.021 0.000 0.000 0.000 0.000 0.000
4.198 5.130 6.407 7.991 9.961 12.390 15.402 19.135 23.784 29.519 36.635 45.429 56.179 69.237 83.828 97.671 106.198 106.576 89.615 42.732 6.490 2.141 0.510 0.548 0.829 1.251 1.845 2.646 3.676 4.905 6.233 7.643 8.997 10.009 10.386 9.878 8.431 6.447 4.402 2.897 1.048 0.428 0.208 0.063 0.018 0.000 0.000 0.000 0.000 0.000
3.243 4.065 5.182 6.575 8.304 10.456 13.138 16.467 20.598 25.730 32.033 39.841 49.533 61.387 75.738 92.461 109.725 121.684 122.770 93.646 38.423 5.410 0.943 0.439 0.619 0.944 1.410 2.045 2.862 3.835 4.892 6.021 7.103 7.884 8.107 7.583 6.294 4.731 3.226 2.070 0.707 0.328 0.161 0.051 0.015 0.000 0.000 0.000 0.000 0.000
1.691 2.271 3.085 4.157 5.553 7.323 9.586 12.479 16.114 20.692 26.447 33.551 42.338 53.169 66.444 82.710 102.283 123.959 143.489 151.578 139.440 58.298 6.486 0.959 0.491 0.697 1.052 1.543 2.180 2.935 3.763 4.648 5.490 6.064 6.152 5.604 4.520 3.327 2.269 1.381 0.458 0.242 0.120 0.039 0.012 0.000 0.000 0.000 0.000 0.000
0.360 0.529 0.786 1.167 1.726 2.548 3.717 5.343 7.589 10.674 14.837 20.444 27.931 37.596 50.028 65.585 85.145 109.703 138.689 171.001 198.221 207.274 148.835 51.735 7.577 1.522 0.767 1.137 1.620 2.191 2.830 3.510 4.147 4.531 4.510 3.962 3.109 2.239 1.517 0.827 0.287 0.172 0.086 0.029 0.000 0.000 0.000 0.000 0.000 0.000
0.032 0.048 0.075 0.115 0.179 0.276 0.427 0.661 1.023 1.582 2.444 3.780 5.846 9.022 13.854 21.133 32.002 47.323 69.266 100.596 143.122 196.320 251.454 297.407 322.894 51.205 0.543 0.817 1.173 1.593 2.074 2.585 3.048 3.280 3.175 2.689 2.048 1.446 0.943 0.437 0.189 0.116 0.058 0.021 0.000 0.000 0.000 0.000 0.000 0.000
0.000 0.000 0.000 0.000 0.000 0.000 0.000 0.000 0.000 0.000 0.000 0.000 0.000 0.000 0.000 0.000 0.000 0.000 0.000 0.000 0.012 0.024 0.045 0.081 0.138 0.229 0.367 0.564 0.821 1.121 1.470 1.843 2.157 2.281 2.120 1.723 1.277 0.891 0.517 0.206 0.121 0.073 0.036 0.014 0.000 0.000 0.000 0.000 0.000 0.000
0.000 0.000 0.000 0.000 0.000 0.000 0.000 0.000 0.000 0.000 0.000 0.000 0.000 0.000 0.000 0.000 0.000 0.000 0.000 0.000 0.000 0.012 0.024 0.046 0.084 0.143 0.235 0.368 0.544 0.755 1.002 1.267 1.460 1.498 1.318 1.026 0.746 0.493 0.231 0.108 0.072 0.043 0.021 0.000 0.000 0.000 0.000 0.000 0.000 0.000
0.000 0.000 0.000 0.000 0.000 0.000 0.000 0.000 0.000 0.000 0.000 0.000 0.000 0.000 0.000 0.000 0.000 0.000 0.000 0.000 0.000 0.000 0.012 0.025 0.046 0.083 0.142 0.227 0.342 0.483 0.648 0.829 0.938 0.915 0.764 0.570 0.413 0.224 0.093 0.062 0.040 0.023 0.011 0.000 0.000 0.000 0.000 0.000 0.000 0.000
0.000 0.000 0.000 0.000 0.000 0.000 0.000 0.000 0.000 0.000 0.000 0.000 0.000 0.000 0.000 0.000 0.000 0.000 0.000 0.000 0.000 0.000 0.000 0.012 0.024 0.045 0.080 0.133 0.204 0.295 0.400 0.507 0.556 0.508 0.400 0.297 0.192 0.080 0.048 0.033 0.021 0.012 0.000 0.000 0.000 0.000 0.000 0.000 0.000 0.000
0.000 0.000 0.000 0.000 0.000 0.000 0.000 0.000 0.000 0.000 0.000 0.000 0.000 0.000 0.000 0.000 0.000 0.000 0.000 0.000 0.000 0.000 0.000 0.000 0.011 0.023 0.042 0.073 0.114 0.168 0.233 0.288 0.295 0.251 0.190 0.135 0.067 0.034 0.024 0.016 0.000 0.000 0.000 0.000 0.000 0.000 0.000 0.000 0.000 0.000
0.000 0.000 0.000 0.000 0.000 0.000 0.000 0.000 0.000 0.000 0.000 0.000 0.000 0.000 0.000 0.000 0.000 0.000 0.000 0.000 0.000 0.000 0.000 0.000 0.000 0.011 0.021 0.037 0.061 0.092 0.126 0.146 0.136 0.110 0.082 0.048 0.022 0.016 0.011 0.000 0.000 0.000 0.000 0.000 0.000 0.000 0.000 0.000 0.000 0.000
0.000 0.000 0.000 0.000 0.000 0.000 0.000 0.000 0.000 0.000 0.000 0.000 0.000 0.000 0.000 0.000 0.000 0.000 0.000 0.000 0.000 0.000 0.000 0.000 0.000 0.000 0.000 0.018 0.030 0.047 0.061 0.064 0.056 0.044 0.031 0.016 0.000 0.000 0.000 0.000 0.000 0.000 0.000 0.000 0.000 0.000 0.000 0.000 0.000 0.000
0.000 0.000 0.000 0.000 0.000 0.000 0.000 0.000 0.000 0.000 0.000 0.000 0.000 0.000 0.000 0.000 0.000 0.000 0.000 0.000 0.000 0.000 0.000 0.000 0.000 0.000 0.000 0.000 0.013 0.021 0.025 0.024 0.020 0.016 0.000 0.000 0.000 0.000 0.000 0.000 0.000 0.000 0.000 0.000 0.000 0.000 0.000 0.000 0.000 0.000
0.000 0.000 0.000 0.000 0.000 0.000 0.000 0.000 0.000 0.000 0.000 0.000 0.000 0.000 0.000 0.000 0.000 0.000 0.000 0.000 0.000 0.000 0.000 0.000 0.000 0.000 0.000 0.000 0.000 0.000 0.000 0.000 0.000 0.000 0.000 0.000 0.000 0.000 0.000 0.000 0.000 0.000 0.000 0.000 0.000 0.000 0.000 0.000 0.000 0.000
0.000 0.000 0.000 0.000 0.000 0.000 0.000 0.000 0.000 0.000 0.000 0.000 0.000 0.000 0.000 0.000 0.000 0.000 0.000 0.000 0.000 0.000 0.000 0.000 0.000 0.000 0.000 0.000 0.000 0.000 0.000 0.000 0.000 0.000 0.000 0.000 0.000 0.000 0.000 0.000 0.000 0.000 0.000 0.000 0.000 0.000 0.000 0.000 0.000 0.000
0.000 0.000 0.000 0.000 0.000 0.000 0.000 0.000 0.000 0.000 0.000 0.000 0.000 0.000 0.000 0.000 0.000 0.000 0.000 0.000 0.000 0.000 0.000 0.000 0.000 0.000 0.000 0.000 0.000 0.000 0.000 0.000 0.000 0.000 0.000 0.000 0.000 0.000 0.000 0.000 0.000 0.000 0.000 0.000 0.000 0.000 0.000 0.000 0.000 0.000
0.000 0.000 0.000 0.000 0.000 0.000 0.000 0.000 0.000 0.000 0.000 0.000 0.000 0.000 0.000 0.000 0.000 0.000 0.000 0.000 0.000 0.000 0.000 0.000 0.000 0.000 0.000 0.000 0.000 0.000 0.000 0.000 0.000 0.000 0.000 0.000 0.000 0.000 0.000 0.000 0.000 0.000 0.000 0.000 0.000 0.000 0.000 0.000 0.000 0.000
0.000 0.000 0.000 0.000 0.000 0.000 0.000 0.000 0.000 0.000 0.000 0.000 0.000 0.000 0.000 0.000 0.000 0.000 0.000 0.000 0.000 0.000 0.000 0.000 0.000 0.000 0.000 0.000 0.000 0.000 0.000 0.000 0.000 0.000 0.000 0.000 0.000 0.000 0.000 0.000 0.000 0.000 0.000 0.000 0.000 0.000 0.000 0.000 0.000 0.000
0.000 0.000 0.000 0.000 0.000 0.000 0.000 0.000 0.000 0.000 0.000 0.000 0.000 0.000 0.000 0.000 0.000 0.000 0.000 0.000 0.000 0.000 0.000 0.000 0.000 0.000 0.000 0.000 0.000 0.000 0.000 0.000 0.000 0.000 0.000 0.000 0.000 0.000 0.000 0.000 0.000 0.000 0.000 0.000 0.000 0.000 0.000 0.000 0.000 0.000
0.000 0.000 0.000 0.000 0.000 0.000 0.000 0.000 0.000 0.000 0.000 0.000 0.000 0.000 0.000 0.000 0.000 0.000 0.000 0.000 0.000 0.000 0.000 0.000 0.000 0.000 0.000 0.000 0.000 0.000 0.000 0.000 0.000 0.000 0.000 0.000 0.000 0.000 0.000 0.000 0.000 0.000 0.000 0.000 0.000 0.000 0.000 0.000 0.000 0.000
0.000 0.000 0.000 0.000 0.000 0.000 0.000 0.000 0.000 0.000 0.000 0.000 0.000 0.000 0.000 0.000 0.000 0.000 0.000 0.000 0.000 0.000 0.000 0.000 0.000 0.000 0.000 0.000 0.000 0.000 0.000 0.000 0.000 0.000 0.000 0.000 0.000 0.000 0.000 0.000 0.000 0.000 0.000 0.000 0.000 0.000 0.000 0.000 0.000 0.000
0.000 0.000 0.000 0.000 0.000 0.000 0.000 0.000 0.000 0.000 0.000 0.000 0.000 0.000 0.000 0.000 0.000 0.000 0.000 0.000 0.000 0.000 0.000 0.000 0.000 0.000 0.000 0.000 0.000 0.000 0.000 0.000 0.000 0.000 0.000 0.000 0.000 0.000 0.000 0.000 0.000 0.000 0.000 0.000 0.000 0.000 0.000 0.000 0.000 0.000
0.000 0.000 0.000 0.000 0.000 0.000 0.000 0.000 0.000 0.000 0.000 0.000 0.000 0.000 0.000 0.000 0.000 0.000 0.000 0.000 0.000 0.000 0.000 0.000 0.000 0.000 0.000 0.000 0.000 0.000 0.000 0.000 0.000 0.000 0.000 0.000 0.000 0.000 0.000 0.000 0.000 0.000 0.000 0.000 0.000 0.000 0.000 0.000 0.000 0.000
0.000 0.000 0.000 0.000 0.000 0.000 0.000 0.000 0.000 0.000 0.000 0.000 0.000 0.000 0.000 0.000 0.000 0.000 0.000 0.000 0.000 0.000 0.000 0.000 0.000 0.000 0.000 0.000 0.000 0.000 0.000 0.000 0.000 0.000 0.000 0.000 0.000 0.000 0.000 0.000 0.000 0.000 0.000 0.000 0.000 0.000 0.000 0.000 0.000 0.000
0.000 0.000 0.000 0.000 0.000 0.000 0.000 0.000 0.000 0.000 0.000 0.000 0.000 0.000 0.000 0.000 0.000 0.000 0.000 0.000 0.000 0.000 0.000 0.000 0.000 0.000 0.000 0.000 0.000 0.000 0.000 0.000 0.000 0.000 0.000 0.000 0.000 0.000 0.000 0.000 0.000 0.000 0.000 0.000 0.000 0.000 0.000 0.000 0.000 0.000
0.000 0.000 0.000 0.000 0.000 0.000 0.000 0.000 0.000 0.000 0.000 0.000 0.000 0.000 0.000 0.000 0.000 0.000 0.000 0.000 0.000 0.000 0.000 0.000 0.000 0.000 0.000 0.000 0.000 0.000 0.000 0.000 0.000 0.000 0.000 0.000 0.000 0.000 0.000 0.000 0.000 0.000 0.000 0.000 0.000 0.000 0.000 0.000 0.000 0.000
0.000 0.000 0.000 0.000 0.000 0.000 0.000 0.000 0.000 0.000 0.000 0.000 0.000 0.000 0.000 0.000 0.000 0.000 0.000 0.000 0.000 0.000 0.000 0.000 0.000 0.000 0.000 0.000 0.000 0.000 0.000 0.000 0.000 0.000 0.000 0.000 0.000 0.000 0.000 0.000 0.000 0.000 0.000 0.000 0.000 0.000 0.000 0.000 0.000 0.000
0.000 0.000 0.000 0.000 0.000 0.000 0.000 0.000 0.000 0.000 0.000 0.000 0.000 0.000 0.000 0.000 0.000 0.000 0.000 0.000 0.000 0.000 0.000 0.000 0.000 0.000 0.000 0.000 0.000 0.000 0.000 0.000 0.000 0.000 0.000 0.000 0.000 0.000 0.000 0.000 0.000 0.000 0.000 0.000 0.000 0.000 0.000 0.000 0.000 0.000
0.000 0.000 0.000 0.000 0.000 0.000 0.000 0.000 0.000 0.000 0.000 0.000 0.000 0.000 0.000 0.000 0.000 0.000 0.000 0.000 0.000 0.000 0.000 0.000 0.000 0.000 0.000 0.000 0.000 0.000 0.000 0.000 0.000 0.000 0.000 0.000 0.000 0.000 0.000 0.000 0.000 0.000 0.000 0.000 0.000 0.000 0.000 0.000 0.000 0.000
0.000 0.000 0.000 0.000 0.000 0.000 0.000 0.000 0.000 0.000 0.000 0.000 0.000 0.000 0.000 0.000 0.000 0.000 0.000 0.000 0.000 0.000 0.000 0.000 0.000 0.000 0.000 0.000 0.000 0.000 0.000 0.000 0.000 0.000 0.000 0.000 0.000 0.000 0.000 0.000 0.000 0.000 0.000 0.000 0.000 0.000 0.000 0.000 0.000 0.000
